22254
95118
90783
71227
69530
30009
35600
57973
40770
96174
19877
53452
54798
48507
91032
58911
68527
79172
45587
71092
40835
65664
13332
56256
8544
36973
76237
37579
4526
40885
49807
34012
51485
72484
18323
21703
38217
9827
78593
44358
53298
21922
76223
5605
42341
33148
83901
26763
49634
97186
31181
26601
9450
62847
69625
20144
77368
75381
48044
55183
66687
40308
26445
62767
40687
20875
73129
65359
18779
5139
48256
44612
5630
88959
70942
28471
64676
86947
46636
45016
89805
73194
2091
92795
17280
19149
19915
91501
28416
16520
72088
86571
12114
34072
42524
67895
25462
89453
56258
69904
77760
48936
73868
69791
16077
94114
55721
2227
22416
60564
9455
29532
30554
82299
74488
8291
53494
36389
24063
17876
91275
12573
65509
60791
684
42967
84397
35304
20915
80756
13887
57512
93503
41146
74591
80279
234
12529
53455
32234
65356
97785
9204
23658
42004
5748
92960
97246
28661
63591
290
15180
94699
83141
30873
24503
94828
41490
84677
77007
48981
68418
55921
89739
55949
57415
15287
56799
74592
3510
93336
92749
10197
95126
18307
41091
83024
22431
82196
26424
25237
29763
77616
85674
13553
49262
72680
71499
39362
34996
63944
88
3200
95409
46085
42523
94481
16323
72700
44118
52739
29886
72868
4682
29413
75690
4929
86369
88404
32795
83469
31883
6646
31508
69734
26307
96708
9989
14266
28758
42811
78372
88398
5260
45835
82973
71504
6291
92720
31123
61780
95235
61242
30156
22300
76036
28206
72243
33076
47178
83932
46842
29605
57946
33683
82499
9280
80283
58406
58628
39022
12697
35774
50774
50407
15834
31364
75440
10412
12888
7554
92066
45281
8392
17630
33709
31125
36756
43483
36529
88819
87270
25545
81732
11950
33940
57823
13439
40761
76828
24203
17161
47768
19114
51215
30755
20550
23511
86932
82712
81221
29165
60693
11152
95650
83432
53626
81828
5697
38135
28061
73210
22951
875
15037
60515
83830
18962
4367
39113
43906
31236
91244
13341
97683
71637
86235
13637
78880
43712
72697
23128
64698
18488
57980
84271
76786
92630
9762
18379
75172
21992
35423
84581
6949
23270
30130
37440
87918
40961
94858
83447
25383
96170
97849
82096
84115
77040
56113
63398
12144
98156
97455
63067
44545
75370
64012
87226
93941
5789
41305
73984
91838
48176
66355
8709
43059
5951
24902
93820
67290
73002
51328
55679
96313
52779
12246
39533
7996
45204
96547
22928
81802
21131
39070
94826
93802
63802
25567
57835
33712
1296
11594
17101
69464
66186
6540
77918
