16038
12008
21521
6106
15482
19774
4431
26303
13253
7377
14573
17725
18715
22250
9968
18113
2606
16432
11489
25766
9525
26423
12847
4445
18946
26172
17739
23153
22351
20117
22512
1581
8718
8283
7621
10864
20812
4708
11981
17248
6917
10526
19789
13955
5854
13663
11567
10857
14701
12939
22992
16482
14073
26531
18331
11809
16882
3176
2235
12015
8512
6517
21389
7133
7048
3809
24584
2665
25418
9298
11451
7440
3896
25660
1139
1272
649
6940
3381
7690
18449
11006
11100
21750
14934
26569
9143
4962
3089
21886
3364
4596
16969
23390
12405
12089
4259
665
10525
6954
25469
12179
18626
2787
25444
5540
18969
9029
28
18844
26309
24203
18329
18701
22021
3758
18823
19442
19909
10244
19837
2744
15976
21563
13596
22899
14833
3970
19832
4476
17275
12454
704
19477
11094
13160
4694
8621
10765
14616
9786
9252
25741
1903
21134
11726
25537
8064
1231
5053
3516
19419
5678
801
25557
25239
14078
23763
9309
13948
803
12705
2246
1522
2508
4388
7011
18494
22293
6085
11298
14011
4622
3480
5153
3075
16750
14135
14393
12783
10691
9510
3921
19583
11953
15340
20736
2212
23035
10519
18295
11461
9706
7587
6176
4018
2677
4185
5759
23934
21425
16614
12584
26651
18259
18723
6466
8523
24434
6782
19476
14802
14585
2795
11217
22584
6446
23692
6183
12549
457
6726
19498
4607
25084
7503
23455
17286
19483
17596
22748
6709
1459
24793
16972
6655
1034
2395
19794
10327
1701
9469
5215
3548
12310
7237
3094
4992
1758
19975
22063
578
16535
26031
13230
15343
9980
23086
15679
17550
26287
7766
12950
4537
19918
10970
8687
1426
7574
3513
18815
25736
5090
8948
12439
16404
16256
24974
13104
4041
20514
9657
8893
19079
22251
1161
16444
14322
4151
11947
13506
23827
23096
12959
12180
15254
4683
15694
14015
26079
19489
11173
4655
20267
19366
13751
12338
2433
21808
4263
16692
12142
20307
14325
20517
26381
264
16824
23339
5318
262
12044
8279
18853
3966
17589
1403
3521
13397
23821
520
13914
19045
26590
20035
26040
435
13260
9263
24379
5700
18630
7642
8829
15275
17149
19484
287
17574
1591
5359
18061
9947
17038
3600
18628
24032
18526
21696
7791
20363
21185
574
24777
25720
18420
19454
9686
10643
12817
5983
12298
22037
14536
24159
2550
19711
10997
7108
4168
21438
18737
25830
14280
12852
26492
14535
4652
22678
17409
19760
1703
8109
24076
21518
8656
11112
22393
14742
6694
5491
7714
7458
6521
18168
17916
3015
8568
10912
18282
9455
17902
1471
20838
22152
8677
11656
1279
12274
16827
6738
17640
21046
18972
2700
23956
25993
1774
24849
9458
3229
13058
16050
23886
5559
16325
22120
6827
830
22102
1484
6483
15524
9826
14576
17758
24989
24384
20435
4506
7480
24162
14975
21862
16348
26268
22116
25901
18401
4910
9807
1020
1796
8189
13036
19785
24016
19005
24798
2586
17886
13107
16129
15209
14881
23742
7189
21344
19430
17582
14601
11641
17432
16660
19452
883
3540
14461
22415
11066
1921
7654
15886
3442
4969
25724
25145
14777
7854
24396
15434
11255
12424
11325
7819
16319
4849
7422
26372
25427
17182
22921
14681
25703
13701
9687
25586
21973
21690
9010
21505
15485
4757
26207
20504
20771
11789
5054
14935
13633
19668
22014
23656
25767
13085
11454
21796
19960
18784
816
17987
8872
22906
26430
6756
1030
7660
10465
12894
15712
21489
133
12568
15331
22427
14494
4558
21056
621
24260
14065
22737
18194
14080
17062
12606
10964
11866
2076
4448
19575
19219
18007
541
5515
4580
9142
7939
7531
3331
16961
23103
1832
5388
3508
2493
17704
13653
17946
3660
21061
7134
22
2993
17766
14922
8424
7667
3108
22040
26316
24293
9008
13314
6623
4781
19188
22834
3190
17396
1212
18898
7865
23832
26386
15502
5017
17926
22972
22246
13962
13290
4217
14350
7547
6555
24391
9923
23930
3289
357
16109
800
21190
4190
12493
17464
24143
15914
22553
14594
21818
9401
2
10236
6450
2138
14749
20076
23659
6558
17314
25405
6162
10079
2044
17150
17080
13974
16321
24019
8043
18698
25401
12787
21217
4333
602
15100
23473
331
24428
13194
5661
6305
19273
21478
18572
20361
11351
1175
226
12962
9467
11507
15233
24204
4251
311
2220
688
12403
21637
11781
14556
6890
5763
8325
9448
3851
2647
7942
14514
23330
6633
13879
21587
4527
11397
13887
513
3059
11696
6353
24546
20169
8618
573
9559
14597
5561
4308
14767
1828
14474
22602
17052
15705
16107
4645
940
11797
15746
6824
1432
5826
23576
1367
12569
26182
21822
5118
10889
24718
23633
18794
20385
5720
26634
13859
25774
3565
3506
22288
8052
18091
8201
22463
11889
7843
9585
10163
26408
6795
17962
10923
5640
22716
9066
23044
10179
14738
9672
20913
409
11990
24102
15196
2865
3271
17358
3211
12107
17521
2307
15223
10845
18262
2124
4028
15719
2158
3728
24114
19133
17176
15969
15460
25457
21258
23889
19754
21263
22168
1150
23354
19883
7626
1776
26054
17734
19383
17303
10452
7418
14455
14645
20687
12453
12940
16052
3995
713
21310
17784
17948
11295
17110
26209
19700
14522
14543
5783
19433
11153
23857
491
13951
25342
8695
19981
15333
15995
26417
14478
26620
15797
14026
12854
22006
10737
14236
15775
24355
25613
2874
9468
7907
10312
21116
6128
18537
16219
15327
22471
21203
18437
17504
16728
5931
12745
21791
25882
1974
509
6082
1252
21072
11915
24626
16937
15271
14525
21483
6207
7563
12348
17059
9050
19969
2211
5290
26571
26349
14964
9530
13191
10500
20605
3158
12256
1670
25580
10111
16927
21632
8035
8114
5481
12778
3969
25804
25525
1927
4273
11615
20232
17783
3569
1872
10434
9069
2882
15685
10239
15438
26398
8228
21052
24833
15620
25437
16330
12034
21047
2601
13805
18596
7559
20084
5665
2078
20071
2783
18777
9942
25923
6484
25521
25542
11748
18
26281
13975
8188
19722
26523
3263
20240
22238
21208
15688
14069
22134
6691
21147
19213
140
19846
11788
22485
26143
3559
25609
17684
3667
19009
2127
12031
18509
21338
24629
18574
15373
19861
13886
4220
431
22196
19923
14449
22731
8209
18503
26585
6004
10214
217
15599
20115
25003
19434
6773
5669
999
1514
24675
23275
24118
20669
6284
21974
19662
19246
18012
12550
16063
9938
10591
21834
5195
868
1119
13420
20392
1629
18915
24368
23132
17143
8534
17637
24191
9100
5912
17155
7909
14518
17523
9638
7612
14296
23885
15510
20635
17234
20041
1720
4060
5035
26247
22162
8513
18604
11598
20795
23971
17410
24510
20556
5975
4904
24462
106
19193
4367
22879
3202
14547
1810
9317
24991
4635
19921
4745
23033
17431
17984
16756
22996
21865
11870
13419
23745
2681
14885
15378
9660
18360
6246
13471
14700
3092
7643
7795
22253
13577
4630
18315
16965
8196
332
10178
1615
1156
17801
18908
2120
1865
22308
21097
19737
5304
12586
13869
6041
10337
20436
23121
7269
15486
7387
9112
12816
23202
20846
4297
11000
20238
12490
5670
21494
1914
13097
8226
12756
12842
112
22816
25393
10710
13270
23721
16925
21007
10838
6662
20165
11898
25277
12924
6291
10090
23177
363
5713
16622
2735
7926
5446
5936
25059
17048
10447
5549
4374
5626
16455
13928
25101
3884
6981
22749
4090
25118
17775
14854
18333
13671
6319
13594
6025
19418
12579
26399
17469
7623
7242
11480
15330
2260
18860
13164
18511
251
15260
13399
10023
15491
4973
20728
5576
25983
15107
15837
5899
25577
19320
15729
12671
11252
2835
234
25076
6438
21298
13389
24041
4996
9886
20741
21256
355
6960
3905
9974
26583
10733
25507
759
3906
23482
392
3050
14500
24527
15119
25069
14992
13943
17512
15965
25452
14849
15731
9621
10418
5507
22781
16668
16885
10558
17903
7624
897
21874
7832
17460
11051
415
19658
26067
2105
20725
13477
19432
16688
19511
22627
6452
24514
7204
2234
9187
19362
10435
6134
244
2219
23248
26570
13862
2917
6718
17722
6956
26191
8295
2143
3992
23371
24332
12128
11468
5455
17794
7539
21792
3249
17411
11233
13919
23636
4541
12996
13639
2797
20866
2252
26122
13911
12092
20320
18198
24688
9456
20113
6052
17316
19915
24489
4697
11416
19414
21846
481
7460
4137
9343
7357
19540
15015
25948
24163
10147
17961
9153
8731
18804
1418
19043
5791
4035
350
6476
8055
15060
16127
7111
10518
8263
2784
8294
4520
11960
7278
4122
22559
3867
17487
16245
21590
13173
6427
2532
16239
8721
14091
10726
25743
24098
12665
19070
7661
7754
22504
2335
24376
3877
14092
1110
18193
25526
6939
8806
11014
14305
10515
8000
20631
17618
12963
14912
17415
22015
16340
18069
13139
5292
22142
16215
6650
11630
3949
22982
6364
12905
18530
25492
19865
25328
14861
6053
18661
17079
11590
2592
792
13087
14579
9742
19576
14020
16949
13961
23229
303
13558
13083
25905
4909
14172
26418
12072
9437
25911
7785
16781
9813
26476
510
15253
12370
24576
3858
2884
2222
21972
7246
21465
4269
5140
18104
24951
23723
18124
6593
15680
22169
12764
3159
19355
19812
5736
3477
2021
7348
2895
15654
16588
1539
11353
18161
10590
13538
2274
25055
14117
18704
23909
18654
4420
12602
16826
23233
5817
9683
17485
14427
25103
22082
16641
4110
2816
10975
6708
24640
1439
10527
12061
2006
9941
23425
329
8014
20690
13729
23902
6774
10290
14426
2515
12139
2668
4001
24188
24313
22429
10786
18958
25956
21499
13218
10973
23997
14470
22789
14609
5010
7078
9533
14618
15457
12631
19567
18451
20518
9787
8319
21330
8562
18591
26073
25734
6880
14707
16120
4809
15297
1678
7131
23246
26470
11683
11344
6688
7045
2719
1365
18231
11967
1419
12243
17693
5571
19164
19031
12632
15913
17210
17106
26466
26019
17086
9500
19369
1435
1912
16229
8343
10067
4536
542
1205
16104
14339
2820
5003
23030
22635
16521
26312
17101
2640
16689
18230
24889
24956
261
6149
1504
10300
16491
6706
4357
11575
3532
25662
14989
14654
9601
11655
23386
23472
21900
13487
3853
16616
20607
25143
18396
19849
23772
21469
19066
17472
18399
21101
15827
19231
18729
20284
5413
23945
5992
10022
10486
9780
18863
20625
10156
985
21766
16741
12245
16293
1355
21174
16791
19585
5159
14951
26227
14868
11269
20407
12679
22768
18479
3580
3183
6605
22642
16281
23460
25740
8348
21608
310
11092
24614
25335
3874
4436
1438
19470
2796
24562
8455
14534
12252
9735
11002
22859
17786
17714
18119
22265
22951
15274
10134
3045
22462
25833
21633
16914
25347
26277
19901
11546
5333
19123
5094
2300
10625
13706
13559
2556
20813
183
21813
5080
8409
14095
8158
6892
19085
18517
7537
7118
22960
16934
15575
20850
642
21157
9327
20327
9576
26124
15269
1506
346
18756
12735
8422
14633
22556
13157
13550
13828
7941
3076
23470
19560
15091
23000
8440
9173
2949
1032
5240
2256
5939
805
22252
10105
4418
4583
25029
16091
5681
21349
20902
17429
6540
23015
23672
20526
21085
5798
21540
4938
1136
8077
14067
7615
8563
18417
25695
6003
20577
17702
2846
24033
395
20523
10955
22304
3499
23591
8874
13250
9410
13604
23188
11570
19834
23173
20769
24333
22101
1907
25627
9092
23627
1356
22638
14178
5028
17708
17044
1466
19337
2003
20432
20916
18793
1902
24136
20858
3718
18866
6336
15425
20995
4857
22363
12111
20608
12095
11994
18189
22971
21412
8284
3483
16831
6368
14090
11843
19631
26425
9242
10791
6671
1664
2233
2323
10495
8021
6656
13719
10698
11729
5108
25182
11743
19437
8877
10350
9292
6226
25500
8949
25839
11746
5436
24817
17321
24874
11046
1645
26389
5894
13430
8390
13625
14764
15960
21944
6936
10862
16913
5944
3657
9418
23877
21516
5137
10626
22794
4600
13304
1248
18583
25410
1598
471
13057
20262
4141
17392
10959
11705
4737
1806
22590
21571
15173
10697
4290
16807
19795
7068
17261
25717
10924
11730
11431
10494
22641
2196
1406
16952
1729
14785
5068
9155
25615
23420
5275
9023
9204
4856
12193
5866
2691
8374
16711
16266
9691
15540
7400
5316
26306
17919
15881
7110
10876
15188
3104
12928
13593
7153
23931
4584
21714
11105
24451
18055
3607
24505
9509
19078
8835
15567
5744
21918
8638
20788
9203
15412
454
14772
1950
14418
25208
6349
21652
3595
7199
21707
15671
10656
10271
13373
13854
15193
1654
7998
16652
12301
11009
13795
14603
25105
7638
19360
20586
641
7801
12869
3464
1273
1531
4947
21868
26136
10164
8370
4275
977
4242
22846
20550
16079
22342
22488
22910
15979
7027
4967
24035
10461
25010
6859
15604
1923
18786
22887
20195
2683
18726
18719
3795
18895
12300
13571
8984
11804
26578
1352
4369
18631
26489
9483
10877
20409
7152
15168
3147
1768
8939
3113
7776
22491
20402
4232
25650
5062
3401
18802
20098
19905
6617
580
2717
2333
10684
12807
21957
4199
8642
5160
13515
5
8499
24170
8162
11331
13401
6845
757
21143
11640
9358
20981
24370
4712
26474
1407
7775
3025
5070
19783
7218
8917
19907
3048
1368
3175
14152
18216
8354
2934
13814
22062
7927
12395
17818
13358
13168
18984
14683
17667
10288
23834
2479
7592
8574
17257
12502
17443
3361
6899
25682
14676
23318
20525
21381
17043
20237
6036
5074
2675
23716
24665
20747
24426
11307
18801
4407
2850
21717
1955
20835
3378
19997
2621
19717
23342
8464
3350
16112
8438
4753
865
4761
16154
21764
22261
21744
4447
4767
13720
20281
4542
2054
3126
18215
3574
14747
22036
4925
13029
25890
21986
24575
24826
18728
4330
13003
6569
782
11588
25336
4339
12197
16758
20372
1246
6556
17994
24194
9379
19902
10346
14354
3310
21042
22534
4813
6941
8246
23866
18033
8659
4021
2241
4349
3169
23921
21091
7761
19526
6314
14362
1878
23432
13327
6849
3416
15821
15444
11141
16583
21686
8885
13292
25012
55
3567
18030
632
23267
18821
8879
8380
18253
20347
22965
19028
2981
4464
18054
19358
22400
7811
26528
13171
23200
16460
5692
17447
13056
1681
4262
2918
20674
7522
18130
16486
22926
20383
20120
14713
24499
14506
11379
24923
2866
4196
10109
18871
12449
20173
15642
7694
18857
7702
6204
12958
7871
25067
25264
17232
6271
15876
14119
5377
22592
14162
1195
4051
9293
7083
3539
13744
9506
25897
5774
14567
17536
4451
4429
367
558
6966
12308
12417
20884
10721
18681
10245
18547
4482
12225
5847
2073
10712
18412
14947
16596
22918
24453
9477
15389
19617
10180
14116
9727
10725
20496
14721
806
20293
23917
26500
22572
7363
23617
25959
6179
14063
23447
911
23683
12343
10338
21511
3866
26444
10554
13391
19920
11638
12265
4549
20849
7987
23210
13287
20573
4293
16067
19934
26394
25322
9009
25421
6201
15151
22695
13242
3256
9305
12356
13935
2985
2531
14612
7144
12115
6832
17243
178
23346
25674
18525
19992
10892
17310
1689
15887
16462
7428
13769
25518
17985
23184
13838
19463
8219
21118
25969
19435
8145
7046
25864
8254
212
25990
4153
9413
13915
21093
12565
12199
17307
11852
8002
535
2607
14832
6067
11369
12477
13668
22697
7265
1126
7955
5303
16430
14381
12775
16819
22207
6014
8596
1859
11621
3476
18856
25487
10784
16307
24189
21997
21011
13798
25503
4966
247
17066
25109
20406
9425
17827
15760
13892
17639
16506
16362
11647
13897
26477
19550
10409
4685
16568
4812
24017
10740
23329
15169
10473
17111
12501
10377
9404
6348
651
26437
2382
24015
12387
13614
25286
8749
19958
23774
211
25575
240
14811
10017
19956
25635
20209
9002
5475
21936
2013
25757
12659
11447
1779
20965
19745
2062
13636
25378
5222
2450
22576
20855
6181
11543
2726
5399
976
20989
16143
23925
16298
5299
1972
19245
10088
5627
3491
18546
3952
16251
21961
2817
19196
25601
15325
13067
9479
633
17759
7856
12174
6679
12697
5636
9450
15883
281
20548
16821
5355
2170
6482
20566
6462
18208
25214
12713
13499
12987
2578
6111
19602
3213
14351
13972
18472
22676
16887
9814
11128
8164
10539
16806
1827
11020
23665
8092
25380
20042
25031
9264
13522
25497
11305
24161
23561
23105
25706
19512
888
16867
19561
8288
275
1607
2622
13349
7544
8215
7551
23910
14401
8691
12345
22623
16211
4659
19420
7097
6065
5220
13937
1080
25957
16871
10423
16717
26186
11672
16700
13528
1595
5782
17599
17238
7327
6536
14551
10868
7513
9662
4579
13005
2810
9478
6550
4379
14729
19671
10744
18467
7010
25520
9432
23166
6190
21672
19565
12564
2359
18498
18870
13989
21733
15811
15313
7914
26516
17850
12400
8320
5739
15703
13734
172
13444
5185
12741
6949
11646
9957
13843
22164
4608
17285
18257
17188
8318
21826
18219
16177
21336
19114
9436
22740
99
25972
5772
492
1409
6804
18610
780
26488
16221
24994
2010
4959
13829
22778
9251
22360
12059
17964
3873
19310
926
8068
24612
1700
482
2942
25071
20373
8398
21756
10149
24676
964
15553
17822
19222
18611
13864
12489
17939
7404
18912
3072
3374
23779
9299
17586
17659
25491
14887
24831
7395
26215
10241
760
15943
25565
1317
3870
23734
23973
16433
9880
15499
22840
15299
14688
17770
21951
23625
24248
20889
4916
3662
22310
9772
25523
10748
6866
4679
3994
23312
25441
20121
10467
24920
4554
14
20542
10833
4800
12237
1087
5816
7685
18173
15780
10743
16540
13579
18010
1143
1137
18811
18067
4327
4587
3458
5527
18349
3652
15612
13566
21005
12352
2722
26597
17420
21108
5765
12970
4298
4394
20737
24758
8339
16074
13825
1640
3689
2146
21192
14484
15133
21492
629
3487
2206
10875
3953
6467
19738
24716
22924
15471
8239
11160
15949
13783
16358
11819
10454
24235
11336
12286
2023
25215
26598
1849
5506
8923
10969
9332
10557
17757
4824
6921
12465
15895
18700
2081
5828
1287
6893
6971
5404
502
2800
20653
7686
26611
6254
19440
3775
4671
1350
14395
6049
1167
105
23677
2083
7176
8557
5745
20103
10402
22276
11067
10679
4861
14548
21074
24750
2001
9940
10847
152
11077
9695
14883
3342
7455
24373
552
13698
18763
4646
2587
17664
21619
1762
15447
5460
9191
9474
1747
6361
9842
18522
26038
21271
5933
12109
13464
18403
13481
11547
19439
16691
17897
15717
22554
1534
21416
25692
4649
5307
22855
24786
23894
25338
2135
17312
6583
15528
8467
689
12857
11220
22398
22601
25730
22307
25652
22087
10678
2666
6215
3486
8030
19363
2000
4007
5628
2203
3160
7024
14858
21897
17720
3170
8826
11938
18321
21836
3494
25595
18515
24680
3141
11117
16034
21115
15725
9929
16195
26145
26053
23198
16264
2184
5804
26358
8657
6329
21684
22704
21510
9908
4971
16147
10084
22872
21970
8066
2995
4351
1658
10569
20183
17175
9656
15776
21129
1617
23023
16209
15700
2152
15379
24799
8637
3942
8911
717
12113
16361
17095
26467
6964
21838
20341
17319
9796
25126
10822
6056
20463
15849
4200
10375
5276
16666
25384
18305
9013
8737
24410
4059
4883
15424
18109
18166
17455
1191
6066
23924
5505
12537
19216
9367
2902
17532
21365
7225
16612
23884
4562
610
4077
24747
67
11134
7319
23055
25064
22459
12463
3747
2613
10071
26603
2548
64
14134
7315
26322
11201
12563
9900
18232
11253
17381
11675
21145
21832
21911
24548
5181
22052
16715
5986
12001
7664
16188
14627
11247
6010
20252
24436
7426
10463
17007
14045
17628
2612
9047
9135
22430
23501
24347
19589
4551
10836
18405
7332
5079
15113
997
22202
18648
24420
17423
20672
8922
3527
24662
26373
20342
14388
15977
24007
12904
6703
12062
20745
21199
15708
3172
12754
5761
7143
23852
14988
11592
22594
26610
16822
25939
17999
24960
19244
19644
24132
18386
808
2721
15951
3035
8857
17326
1939
7446
1125
7475
24557
24108
17952
6429
24524
4015
18486
19
18040
20270
18476
25935
21675
12596
13196
8342
24207
6603
11607
20287
16202
13184
20201
20418
3734
23605
2996
25233
19942
7452
12371
13334
26035
15541
1009
12999
4119
20242
17845
5019
1811
22619
17975
10675
6711
5129
19932
2238
12684
2427
4882
7346
349
5893
8204
12733
12419
3288
17839
25
23999
12922
18266
22114
8653
12848
12912
13151
10827
10863
8381
16414
6332
12878
19487
20830
4738
3520
11714
300
25431
3618
7781
18831
4470
18506
11072
22325
25658
10124
2741
7170
15963
25079
4889
600
19948
16801
24832
25223
21754
25964
16770
2263
2620
12670
14492
3991
9212
8921
12858
16356
6455
6465
16994
2724
12574
8616
7196
396
21844
14314
25745
13284
1259
9507
16210
10221
12567
8233
3987
194
328
4498
14207
19562
2789
26391
18270
14776
17131
6967
15142
25801
25836
24018
6853
20870
11903
13857
19643
18029
12360
16964
8554
20362
15321
26162
7240
7715
12306
16872
11315
23461
11123
14568
3528
10095
12368
13448
17301
7919
9906
5900
10962
26093
932
22145
25331
4191
9748
5871
11287
8436
6392
4245
26090
26116
177
19910
8210
6354
5542
8013
16948
12891
23110
1599
11216
17098
908
5796
3323
3799
14800
26558
11587
5385
23040
16093
23352
14260
9246
18149
12578
23586
12798
3352
17051
7687
20543
17893
1113
10177
4795
23530
12599
13474
16635
21854
17
23122
7700
13794
11268
15675
14035
15145
13409
1969
5887
1103
10498
22672
8181
8823
9514
25088
17698
16553
1585
18590
6498
23847
19752
7252
6567
6422
18568
20935
9610
21551
8827
22300
18773
13065
10142
20331
25219
10609
12002
11503
4129
19348
19303
854
3380
2209
13381
22464
2499
16341
19645
11427
9867
10596
22934
24236
11159
16546
15335
5488
3368
23038
13612
26594
18561
21146
12751
13834
23977
9156
18659
14595
4704
21372
21490
20841
12809
24008
6407
22051
22326
23206
22454
15962
17107
20343
16935
9178
17145
23557
1095
9618
6318
21615
22217
7841
768
6155
11413
18847
12913
22500
14824
6013
11925
13125
26341
13574
14217
17271
835
24905
5690
8225
20896
16288
4906
25132
7556
16971
11572
26300
10362
16240
20428
15012
23457
24964
3973
7282
1283
7352
167
17148
21433
9970
307
25288
15839
3665
5207
2598
6578
26502
18296
753
21456
9752
6565
24480
3672
9269
17258
20177
19776
18897
20536
6042
24862
7392
19780
7202
20222
2808
648
15305
9955
3196
15383
10855
8471
14795
6072
2524
7179
25822
21083
13833
2167
19064
14943
2599
10509
1763
18665
18485
19927
3358
11377
13655
24873
25172
17221
2237
12149
24553
10933
6091
6322
11517
8536
24266
2412
3321
5502
8824
8031
268
3386
11876
2451
7954
1400
6178
16866
4575
22733
18538
20147
9208
19712
10507
16646
13215
21978
25593
20507
4841
10103
9548
20208
26317
10032
8556
2862
15207
5501
15356
19321
14569
253
21800
10846
20879
10091
16601
8757
11104
761
1761
22460
596
5438
5059
19974
10428
15392
25667
23585
16510
2520
18564
17652
20119
5126
2226
135
22329
7187
11223
24415
8846
19654
23738
16366
15250
25887
1060
249
895
6951
59
7287
19002
3901
17837
7671
18214
969
3963
8340
24412
12581
14718
2743
3611
12032
21759
7786
7576
5152
8815
22508
5145
18581
23129
21715
4135
25353
5158
16054
22170
23671
11945
4235
20247
25733
1924
5996
8227
23241
7823
9014
20018
3143
20627
17380
4765
6894
23180
2361
19725
18717
7921
25931
626
8997
716
20735
23649
23675
1959
1512
19059
18491
15082
9943
9067
5085
11976
1656
235
15222
24697
12758
18394
7496
22995
886
8606
5953
12156
14586
24704
14183
12181
12888
1066
5756
24912
18301
6973
6591
734
13682
10351
8332
19505
6330
25167
5603
16204
8683
10256
23537
20246
25455
2963
1517
16223
13438
7780
6557
2314
5008
4508
17228
18828
21917
650
3976
4989
17138
7995
15122
13677
5120
19588
12421
7057
15531
16589
10490
13544
26347
17653
10986
7812
19735
19647
11834
18670
6643
3024
21067
9370
2947
23553
9326
3531
19012
18302
25447
10664
21507
8375
15011
1698
5382
26458
24472
8671
23221
9349
24022
2351
9931
19050
7958
21255
23666
9322
4022
7519
17980
232
15134
7142
12552
3199
1989
3694
17923
4863
19817
16547
3138
24853
18204
5064
3077
22613
9042
12327
26149
3940
8584
11161
10953
20215
24811
15280
433
8178
8311
19866
4510
16643
11132
12571
19429
25062
150
5128
4380
1911
14483
26154
1063
13815
16592
1099
18845
25027
12882
9963
17207
16687
24380
3570
825
19307
20799
14380
13418
17211
7157
2545
22226
22009
8674
6935
25485
6388
9936
8172
11241
15857
23014
22413
14057
3819
12530
3040
8362
943
26021
21713
20970
18955
2595
9868
7023
23417
7221
25808
388
8630
1233
20875
6634
18328
8869
14184
890
7100
15199
24694
24140
2177
15206
12188
24673
53
8564
7515
3042
1920
1082
5322
24081
22343
16537
7058
21247
2150
10497
7864
10612
17832
5655
16960
7720
10358
9573
1288
6692
8772
15885
16064
4995
19475
6525
10100
10353
2200
19728
15529
19929
14446
2061
22649
8328
1538
5610
13992
25693
25271
2189
5794
19959
22667
13808
20294
12282
19276
672
2706
9646
16013
5754
8054
21175
12516
6637
13112
765
423
18446
10222
21794
6884
10790
1478
5077
15362
11120
5535
4078
21109
18369
12796
2749
22501
23906
23485
20893
3218
155
15198
20350
22679
12313
13010
9225
22612
9649
17014
20057
13188
3541
5793
3997
23752
22527
20218
24696
4225
246
18316
8928
24934
15429
3109
23700
26198
3318
23513
5047
10342
13061
14919
20842
4644
420
297
13198
9861
17569
9756
25398
4484
5433
10589
12018
2431
12517
22843
15255
18175
18684
14105
24468
26401
21003
23638
2496
23540
8784
13894
15996
1100
1666
3820
26084
1987
590
14366
21364
1061
20992
24312
165
13089
21464
550
1566
8805
21023
5102
26633
6843
23065
18236
14722
17332
916
3098
8794
26464
24327
16296
13021
12203
17598
8392
6287
12828
11558
22221
4933
12065
3099
14744
13584
8065
5805
8900
5538
5368
10113
25841
13510
18378
8262
15899
560
8101
4669
25036
9271
5151
18023
18103
21529
1211
16640
10053
8700
3002
18954
25052
434
5154
15864
8955
4034
16488
19468
9403
15823
16273
10415
20424
21964
17404
1936
10374
7345
24977
18155
12192
25758
11846
11973
358
25014
1919
2393
1214
7070
12068
16437
10669
6745
8716
1473
21332
4682
7399
17335
25114
22223
6477
14431
7003
4634
8920
10408
17120
22425
10739
15888
14139
3811
21730
8751
10457
10159
15628
5418
3914
9536
7608
10044
14252
26336
19063
4050
4462
7598
9019
22991
11798
2962
19198
8012
16991
10082
3360
4884
11885
21863
17672
25179
2855
12231
13153
11896
18789
2516
13626
15072
25499
5397
7868
221
5021
26527
12603
19661
6770
19350
20934
7396
8268
22927
25019
22423
16424
12187
512
25128
4254
2670
26311
10522
8138
19595
11919
17566
26139
7178
7113
11921
8763
3582
3599
24156
22286
8878
23138
5174
10800
10396
17070
8050
3614
12865
12791
26379
19543
18260
4299
3917
6166
10332
10140
15909
7210
19993
10860
7792
417
11811
16470
12413
9353
22606
13339
19018
168
20129
12618
5658
9211
4056
16285
21171
6102
22034
12647
2094
9027
2827
14995
19352
1961
19544
14622
7573
2117
1601
19922
2009
9037
11591
15018
9774
22720
7739
25676
17249
5187
18006
13016
1254
17440
5623
2676
3847
24393
2195
24597
19022
6925
10158
14372
26175
2602
23629
24997
22209
7248
18433
25207
5752
5994
15139
11515
11698
25018
19081
20062
2968
23245
5687
7093
15905
26441
20332
16681
15127
20984
23603
16077
25705
2557
19719
18829
8127
11496
21789
14577
20600
22309
26345
8651
23496
17304
25290
14331
7436
4769
24543
5861
18156
1006
14664
18552
13776
19627
13949
4130
7900
8825
10945
1587
18343
24603
17665
24650
25458
3335
12204
11375
24863
3367
19807
763
13600
2997
23898
16237
16830
15116
24843
20859
6667
1548
5682
14755
21514
18499
25250
19545
19996
4309
2495
26189
17441
23647
20872
1382
2440
2864
10265
24627
18367
16985
14815
2518
3872
20964
5891
14757
22016
13632
16407
19536
15004
14326
13645
5654
14807
5767
13333
25688
5746
11121
16662
5850
24764
20809
5117
666
18885
15339
1180
10341
19329
3455
22291
18673
2650
20912
4023
19510
25531
22531
22687
4460
25166
11902
16153
23618
111
18960
8353
13965
12804
1979
6437
9783
202
11741
2662
13044
21910
606
4256
6358
9714
18245
7228
13779
4525
17828
13756
24419
4150
14661
9788
20024
20936
9818
16278
10621
10284
8084
12384
26529
5860
6683
21598
19331
6137
16752
2588
3070
1421
21426
18836
24036
23278
22648
3727
16146
18781
23545
18176
6762
10673
9596
10805
8086
7406
947
23981
10792
19603
13365
3844
20828
12982
746
8307
6302
10302
14360
5970
13987
23315
9245
12827
23950
20317
8599
3621
3026
16040
16442
13473
4666
25056
9296
22589
20546
25778
8924
25020
15781
18347
5551
19174
25817
21741
7129
9584
7818
10470
9892
9190
23728
13555
8063
20760
1922
8551
5176
4114
4155
5567
18042
20007
5693
25302
6257
12154
9078
25294
19247
6970
305
15097
14691
9693
11005
12722
9168
2162
5337
24037
10802
19952
9095
25496
21884
23964
11346
17158
23616
4919
9839
22596
2411
22977
20798
16744
24909
25344
25913
24172
19628
16743
22957
6419
4443
7320
18905
1151
7205
19104
8317
15664
7296
21811
1682
23913
21132
23570
11678
20005
10114
25798
8946
13739
16230
723
5444
22529
2490
18617
18929
18584
23767
26174
10259
20900
16686
8758
20959
3886
3054
438
23094
17397
24113
12689
23937
3036
18597
24744
4264
18325
15294
11684
22071
17929
4497
967
25579
13332
1281
19513
1510
9333
6588
23492
12843
4336
3651
10326
12433
7109
8169
4748
1788
525
13380
18279
5288
10620
25587
7257
13648
10385
15697
5423
24796
15890
4005
5608
14025
14540
23298
22625
18687
920
10195
5331
13374
7284
5451
24754
13533
23230
15880
16738
4219
9846
5762
22838
7229
18545
4729
14932
15090
14682
13077
26630
2136
19781
23334
12589
5688
23381
22629
24257
23794
8509
23611
3676
15291
7290
13753
6906
2038
7713
20621
696
24334
2731
26099
14396
12716
20457
25459
7156
24328
17402
4243
17674
8403
13750
10528
1429
23191
7498
11036
20770
18473
13410
8211
16453
26131
7743
9133
17953
10453
23512
3529
17417
9705
16302
20722
348
3336
3332
24400
2990
20955
2204
21407
12399
14075
20448
8468
11432
23114
12070
14121
15959
14996
5764
8497
19863
20713
22442
12752
5598
16100
10628
12488
6823
23203
10226
16778
2604
7681
7639
21515
8174
12103
5578
16380
24681
17785
5247
1887
530
9107
4282
21804
14839
7336
1363
17848
14793
17214
1791
15400
2522
23395
18052
24878
22108
5407
8991
243
9453
11349
4435
10781
16633
9651
14939
1606
21409
14699
15673
4923
15778
3112
17461
10238
4045
14853
17541
3188
10161
4149
16086
3774
22375
6132
4514
3065
19525
13595
14588
19373
6278
10599
18135
20767
8750
6870
16762
15648
12404
18383
7122
11387
7301
24925
3654
4446
15240
19625
16586
22901
26432
15346
9274
18332
17289
5089
869
7796
16620
12968
14368
16095
16873
762
7674
5269
2271
16189
24467
7014
20164
11095
16494
8603
16868
9904
3593
16923
7817
9022
11538
9972
3743
12147
25922
15869
812
19015
9801
9414
1852
18085
16268
19894
12160
7263
26224
12314
14805
13050
20452
16605
7931
12699
6381
21871
11500
5248
14600
21662
18348
8315
125
2975
10002
11098
17216
24646
1433
20581
3639
24810
10954
24054
8094
8645
6212
16813
6805
20831
12349
12148
5285
2186
20843
11510
19390
22451
15021
2181
25308
10024
6913
25680
20413
23452
21763
20060
1217
8395
6873
25170
14176
5942
12856
4890
7373
12750
10283
22615
18752
1271
26293
5668
16371
25768
10728
14163
3542
17595
17005
6751
10108
8359
10768
19229
16374
15928
9863
13977
17466
16051
17414
10057
22497
15474
22817
13282
25921
13306
9201
25678
4410
24343
8664
878
10325
18882
24784
16115
8817
25776
7025
23148
10998
17160
23207
15868
22469
2463
24371
25699
2935
25063
20312
18395
2774
6533
8075
13860
10143
4181
12213
3530
987
2564
13771
22784
15573
6133
24023
18353
13187
3286
12837
21362
22767
19481
14533
26201
3490
26439
16504
5672
10992
24476
17368
7155
23231
21384
16716
15302
3757
16920
9572
3772
16399
23667
7830
25075
19532
9346
3206
4892
5809
24116
5362
7191
18877
15927
15838
22597
1938
10582
1575
4433
18832
26210
4246
9045
6788
19582
14812
19818
3181
2472
8722
19054
8323
667
19984
25486
10025
25781
2460
25614
18463
19237
3624
11937
10126
498
9896
12297
10035
14930
18817
9512
1582
19095
5634
17065
2435
1829
10330
15224
256
7619
18497
23321
5884
8703
7276
22056
1328
23189
21280
22929
13222
17164
8396
5127
10985
5050
20827
4127
11700
17604
532
8041
13103
20534
16786
1462
6217
1168
3462
22610
4449
3661
13905
18741
1965
4280
13364
4249
12595
22073
21971
17622
7771
16580
15767
23218
7106
14915
14361
4098
15512
5750
393
18167
26495
23948
7487
34
13223
12171
23396
22084
16250
20416
9438
13793
22277
1333
7929
6573
23388
11985
11302
8711
8759
13497
8400
5769
12029
10478
9056
25406
3261
24753
2839
1339
687
2468
17940
12350
22365
24748
2483
20214
20202
13877
18699
18199
18300
3247
19405
20174
5562
25041
18060
6485
6822
13519
9198
5293
7330
1465
5901
5544
20441
10804
9495
13747
17921
24884
18211
17557
26565
14558
20158
16391
11758
16667
15832
24112
12536
25697
7119
25269
24973
10340
17345
4322
20259
17322
18941
12749
4572
18269
950
11580
6628
3242
5294
6394
2288
21564
22707
11167
5435
11473
8150
7906
18225
3362
3806
15487
6363
21866
25654
3613
18623
577
5649
3354
5078
16041
5637
2191
11686
9260
15527
2836
15558
8894
2301
5251
26540
10749
21566
1257
17834
19167
23347
18842
15820
13728
21276
8781
24294
4835
23307
21793
19964
8623
13823
3296
24534
25355
9729
24926
38
6408
24286
19701
14038
14264
21532
25519
891
22573
4504
25386
13163
20551
22724
10501
9616
23796
5379
19666
19315
22080
5086
20929
17836
17102
3357
15030
23498
25365
18077
16645
14566
12108
14153
20264
12868
4109
23119
9161
7307
24267
13001
22808
19110
2919
14465
11979
21401
21777
15369
3923
10699
4358
22312
9591
2854
16502
1592
10152
22539
12919
20500
18350
2819
9952
17577
22408
4851
3414
25192
25646
6544
20273
25445
15542
9240
17788
23946
11576
25953
14194
15739
10320
1631
21274
8725
22177
15092
7849
12916
143
21470
13417
24000
18594
11452
15753
24077
2056
17084
15
3828
25782
2654
19913
18978
18937
10086
20065
5015
16088
8060
6568
8344
23564
20269
26034
8529
21963
15388
8005
14132
15407
8393
8139
1993
11292
13526
26333
5311
4260
3572
22412
21968
9555
2192
3371
23839
5245
13731
8180
4610
25869
81
4461
3706
21702
17369
12612
4428
8736
20794
17350
26117
5148
7517
22962
23800
26616
12992
7701
18101
21076
8466
20257
22350
17298
5731
373
11825
18560
26041
14220
3748
4715
6819
23333
21795
12447
11154
24924
3908
12478
23068
13241
2149
26327
11676
9927
16905
1693
8042
21497
7799
18735
25222
20008
2178
5346
26446
7879
17147
15445
7922
4673
22396
6119
2416
276
5184
13040
9541
24551
8182
9151
10063
11525
25350
3913
22234
2938
11342
20899
13267
26360
25411
1396
603
16771
3843
5810
2248
17199
17193
26183
9097
23696
11760
16024
19982
21138
10796
10308
15812
25138
26027
17025
6721
8391
6611
18795
5038
274
23440
18625
25894
16517
5580
13322
7617
15561
22321
21337
7318
11464
16385
13204
7898
15422
24238
22183
20236
24830
19080
20675
11136
25628
9853
17648
26428
14801
22443
8007
5818
8958
19367
23614
17181
6376
9728
19236
3273
13830
5093
432
21915
7054
12451
11493
11163
2413
22631
3053
7733
3898
24359
16900
1477
11951
8965
17890
699
18184
1555
24423
9893
22270
4754
24295
14387
24690
13210
25827
26004
16057
14022
13908
7558
10931
13283
12795
13576
11484
13524
22920
12186
16198
24101
24828
18731
3768
18927
10458
21749
10885
15630
19811
4509
17559
24596
11256
20473
2973
14072
18150
2694
17694
9407
15556
10799
14998
4768
22769
7494
15477
21708
12691
24660
17731
1242
4406
2901
4176
11908
10474
23444
20971
25760
10154
19635
25394
19571
26286
1173
22702
2328
5459
21275
14077
21019
7410
9
12886
21660
344
12630
8640
16277
16695
10623
25093
23529
14910
15609
24351
16304
1653
2991
98
21774
12083
3702
11492
10277
4964
1505
3626
25773
9121
25906
11109
20641
7416
18374
14479
6791
10058
13446
24096
7507
17825
14059
21293
25285
10874
7599
10570
360
1808
25788
9580
22693
26319
8706
6225
16037
15355
26051
18226
11643
14294
14880
14168
20511
15077
8437
7891
3150
18410
22904
7699
16217
13956
18019
8465
1743
5785
4663
7645
523
10059
14332
24418
20712
23985
17328
11417
8192
5723
8524
25184
15235
13434
5716
20580
19904
22786
21383
13475
13300
5726
19682
12452
2778
14831
11611
1130
3341
22109
1669
3359
10196
21853
25502
7354
9976
1766
3780
19581
4657
2739
11441
19806
19149
15160
23320
26473
24303
24377
23264
3712
17451
11511
1643
5178
15761
23414
1834
2577
22664
18304
25763
11004
16549
16220
505
14728
14407
123
13146
5583
4210
2161
13266
2566
9785
11139
24677
1842
5190
13337
3783
3564
680
11566
9547
8796
555
25430
17518
20651
6447
24943
13177
21113
12575
3428
15549
25821
16610
12153
807
7682
25078
20387
2546
9614
17858
10695
1546
9134
14405
16305
11969
9538
19469
17331
19381
13394
544
14625
14190
16124
11723
8505
9643
23465
22802
2809
20139
4321
20146
7085
2330
14409
3930
21991
17140
13122
20149
9848
23699
365
22456
10217
17085
18819
18078
8119
22273
818
25900
5194
3105
15932
18143
3005
24107
475
11808
9875
10064
627
23896
15358
18881
23544
2786
17242
5539
693
13504
24034
6624
3612
9282
12504
2922
190
24854
25262
9642
13634
4311
18840
20105
12580
6214
6627
3258
11221
522
17992
8650
24955
3305
4175
2445
11297
3090
4717
10116
15816
526
11783
902
7008
21919
10531
19392
23634
13573
11928
10944
13340
4472
22763
17846
25639
1564
14179
13898
5995
20250
6486
24823
12185
8356
4093
17632
7009
25739
17697
22138
10248
5167
14041
7481
9472
17013
3398
6297
7903
9556
26617
9723
11037
11045
8220
15991
5560
14877
12766
8970
11995
23872
12379
3967
11127
20481
2269
21136
20922
13657
4734
5957
380
9557
7465
2183
19622
25275
5646
19962
23093
9485
25068
6343
10197
12437
19210
19968
24190
19985
11038
12930
12538
5236
26237
20180
3649
10296
5012
4843
23535
6944
21739
20346
85
20914
19493
23376
11636
11518
26264
26258
19412
909
810
8157
11982
14835
7401
14564
13748
3497
13686
23137
21546
25343
3955
13503
10229
11668
1850
21077
7635
2908
17789
4758
14182
23325
25185
13561
21926
8884
19293
4833
2528
24948
14196
21223
18409
20521
21057
5113
2292
7521
5536
12619
8918
7869
6654
17627
7629
13299
14367
10604
14415
12393
9087
11552
26405
12849
6815
4651
11771
8506
24029
842
6826
4636
7425
24378
19336
12060
22779
3638
25224
15638
23998
14565
26285
7813
6731
18422
3484
20469
12706
4885
16483
14660
19845
8821
5394
15967
26608
6755
20958
25698
2254
6235
1235
15085
19353
21028
6151
4040
12084
23005
4072
6323
23158
5922
24157
6115
4071
4771
23558
19389
14445
9339
8033
9018
837
22165
21
15053
8490
24722
2045
18734
843
2729
4980
6685
17324
10450
836
19502
22480
21908
25620
16379
17300
7753
7112
5631
3749
17203
11313
16722
19091
11395
26251
6487
6309
19283
4195
7148
23524
12229
14986
19499
6865
951
23845
18004
21582
18551
23514
3248
20
18159
13921
4133
4653
107
15521
17488
10888
22357
14100
12458
15970
1861
1876
3507
25718
8552
14924
12534
21985
15555
24516
2570
23102
14537
16159
6265
14242
19773
17390
13934
23706
7920
23835
4985
4832
18990
9902
2232
21544
26158
13532
20806
23527
23478
14554
13836
15384
5839
26130
9345
12064
3627
192
18864
20823
5570
3687
13428
983
6950
26584
15514
21860
17047
14098
3038
8675
12572
3302
4267
15924
22411
11832
9402
2065
21687
9757
1963
26101
8517
19284
19947
9119
1892
5414
14732
20617
13993
8987
2250
9277
6749
15589
26310
26033
19391
11935
4776
446
1091
11358
11389
1448
6232
1094
7000
7230
13996
9258
1104
22449
25562
10732
7649
6713
24867
10427
14703
16779
2258
23844
3577
3019
13745
2299
22815
19491
18096
25153
18690
45
20181
22200
25997
20734
23163
13913
5789
9719
5968
11312
26080
26231
7099
1864
2077
17955
13650
25672
18207
719
25442
1401
11612
12986
17957
12834
16200
24110
24121
7353
6093
2414
12226
24893
6229
6744
4953
4274
12525
16178
12707
24816
26236
23413
7026
7335
22099
25127
20755
9759
14000
8484
3304
5718
4198
6883
17606
21519
12104
8724
11772
17556
6659
7975
15154
10153
15088
12057
4373
25212
14672
15772
3454
10916
24738
23805
16558
14304
6148
6750
21829
10819
17496
22945
12462
7698
1977
26393
15625
20154
3620
18309
18808
3433
16419
20663
1863
23865
13143
322
24408
587
15661
2999
6016
2615
9967
2126
13819
23653
10505
452
18020
24502
11524
6539
9992
16447
24768
16565
6765
1049
12879
7161
21912
18730
4526
1597
25949
22663
23407
9085
16802
6248
19274
19147
13315
15101
2685
19302
4544
25037
17341
9682
7911
20762
19824
4735
9268
13683
16355
21183
19852
44
24013
26253
3022
7972
15829
21394
18500
11732
7572
19747
3522
7952
1661
12734
25162
23701
4315
17393
24392
8579
10566
13424
23548
14870
14321
17329
14872
13680
7688
25006
19820
20354
24872
10333
11635
24050
10297
19457
7683
14857
3339
12318
1377
22993
4268
3536
26269
22499
26078
17197
2230
260
19327
10368
23161
14003
11769
320
13527
11080
10012
25785
5172
24256
15711
16458
16979
16258
2086
25152
7740
15218
8709
1436
8789
23789
20696
17993
10251
11544
7857
9206
18314
19844
1687
26636
5305
23439
11339
6937
935
614
21502
8723
17057
17553
10891
7364
19299
10634
11260
14469
3272
14893
21955
21903
23051
12840
12240
14592
10043
8733
6008
5234
18600
9321
4404
12790
21269
17333
5119
10481
5569
4286
24438
23541
19524
23104
20050
6851
16373
2657
847
24911
4654
4848
17346
25316
22680
15602
7174
17040
14803
11887
3208
11064
2404
18429
15702
605
17338
2320
286
12765
382
17398
22117
7124
18519
1379
5000
11357
8672
1325
26030
21873
1216
26587
18945
21440
6897
12547
9710
7485
216
8459
980
14694
7047
12942
24245
4094
22505
3786
4125
24916
17896
18820
25737
14624
11814
23282
10854
19027
18092
22696
17751
2093
23809
8242
19553
3432
2690
13025
26592
5134
10903
4112
14208
10232
7224
1716
6606
12337
11680
11849
18097
22157
18238
7859
11890
18221
20932
14822
5369
26545
19128
13888
24375
9883
19089
14079
19506
2627
10455
11869
2469
9571
2644
115
4801
10559
26299
8588
11690
21825
26639
8276
5467
14714
22379
8548
8023
8187
8561
15750
4533
25102
15769
2986
18063
9771
6398
2747
19924
295
24691
17259
3023
6891
6642
10764
26626
8397
23938
23932
22665
7695
14702
1042
6168
3007
11812
2679
7591
2888
13547
17241
2455
21691
5287
23349
22000
12521
22871
11179
1891
8406
8525
5352
19610
20987
21216
470
25711
13939
195
22744
17539
14413
9396
684
21220
4424
18086
20746
7017
5566
7580
25165
22525
5360
12640
22394
10644
23197
6037
25952
9526
14582
12346
22119
16255
9021
5166
13257
26586
19252
14987
20128
16533
18641
3149
11055
8585
12134
1411
17853
16271
13629
6712
24914
24982
24746
19784
24529
3148
280
14705
24498
8166
3489
1496
7967
19226
1120
14985
8282
4513
7549
4503
4399
17037
4414
1492
23582
21434
7594
15143
5892
14481
8231
735
25713
972
12223
770
18357
14377
11736
19766
4143
22053
5107
24962
16808
14330
24877
15191
10758
23787
19256
20454
6038
15205
1871
23546
14689
17130
8446
24225
6761
5677
8071
19989
3293
2102
22093
19507
6269
20569
23523
1349
24739
3385
7244
25915
6903
13845
11501
9953
15490
25585
9342
23070
17644
22118
11466
20461
9217
24513
3825
9907
14955
9800
16834
7181
8015
26456
1675
15428
18855
7774
9496
13128
18785
561
13064
15872
6784
16857
7462
25947
19586
3180
9024
20047
2759
18708
18213
20655
7787
4732
9382
872
12163
18896
24395
12088
1058
1176
1226
4106
11082
12332
5272
754
23468
26604
10441
12442
6474
12990
13208
11642
13251
26612
21170
4276
3488
7029
26196
24285
6732
19793
15590
24988
24600
24169
24433
14438
25689
19990
21724
8470
7947
2322
449
24586
10286
20075
3182
1450
15500
445
20289
25535
6994
25888
4144
20515
428
22149
18048
11089
9460
4417
25472
18697
8708
23722
13066
8832
8058
23849
14723
3807
15825
21807
22126
24672
14344
10976
316
20351
20061
24778
11735
12105
18203
17449
15875
23160
22306
15831
9644
2168
6741
8230
1951
3375
19142
5579
18442
11385
16395
24803
2089
17630
17093
21850
6109
9836
14319
26194
8847
6615
16554
16837
15807
15194
18942
18434
10766
25751
13775
8559
21388
6360
19061
1856
16387
16613
6579
23332
10850
12724
15112
16160
19218
18133
3309
13074
15897
20832
748
8045
24648
26284
23883
14298
15051
17756
10560
21304
6958
10065
16083
9034
15432
15483
20271
11745
16682
7407
7279
9617
6161
6734
17990
14696
3863
18273
13770
11864
9631
7135
23316
8702
22946
3136
4592
14021
8205
3688
14214
24128
9688
18118
7895
26315
13922
3197
146
3091
14961
25633
23598
16
2457
14670
10906
19823
20379
22489
13466
7588
2792
17002
20592
4531
9996
11513
16003
1784
1393
24935
1715
21539
7445
2317
13109
11717
23254
12455
10373
15770
9465
1576
3788
10219
18082
18909
5918
12361
25618
24240
3592
26208
10795
24208
3643
26505
8790
9944
26148
8597
24944
2565
8762
10475
13563
26490
25908
9318
20381
1345
12305
1659
24969
9287
23761
6916
16420
18838
9879
11632
19243
23542
26416
9640
4582
5619
24158
11289
1895
4352
10492
15354
2399
14118
9581
19601
11827
24461
22372
16427
6118
7235
25759
26087
6449
22999
19813
17710
2074
11731
24111
4495
12955
19073
19250
2091
8798
4894
25673
16855
14136
9713
22337
8880
6508
5886
17562
22959
14158
3419
4312
16260
7043
6887
22655
14629
8364
18337
11404
12881
6911
13923
8417
21817
18692
24931
23507
21123
18487
21977
5732
12739
15536
15651
545
1270
6260
21558
21877
24518
14905
12616
3725
6233
24273
22230
5098
2822
21622
15810
24686
7554
24052
22645
16174
12991
5392
12738
22163
20994
9594
21020
25879
30
10048
3287
26165
258
19312
26463
12806
19778
25630
26043
15148
12440
866
744
10395
1458
11933
15001
15399
21530
14860
9028
20886
11075
3927
2907
3135
6518
1638
22231
3430
3587
18027
20216
23291
12976
17681
3088
6242
15747
82
13013
24845
15783
6050
17727
19101
20080
3121
3250
9692
22055
14735
14171
3266
13071
16536
26469
3200
10674
7258
20039
11838
23963
10485
22026
25203
21439
23185
6345
14010
3557
7466
17791
23620
13998
12526
15570
10993
10555
21165
5042
9754
26375
4789
1186
3907
24401
14674
5147
2087
5055
8368
18233
5309
14284
6931
12964
9247
22698
531
11393
18923
9361
13500
21355
19023
22721
15884
10696
13615
17533
2415
13376
5026
4177
16137
17073
24141
23243
14024
14151
5443
9563
17239
3194
5071
2160
3295
20661
12093
12119
5755
14154
4935
12050
26482
24848
241
15480
14929
4419
14440
5218
10788
21907
14424
6714
21819
19991
24869
16846
15617
9150
11226
2659
1312
21894
1232
15931
15446
18613
21169
7673
7601
4187
6943
9315
24507
6027
26544
22225
12715
20499
25237
14337
24642
20150
24262
19692
11419
9850
547
21268
24535
10183
19163
7292
996
15315
7860
20587
15758
2439
12071
25438
16194
25317
15999
15603
10861
4085
23680
15268
1354
11199
16661
23878
20051
24106
3653
13800
2678
13248
25592
25199
4432
20285
22208
2776
5602
22515
22675
4124
2707
19839
3382
7033
20131
21553
10013
24073
18593
26377
2155
772
15736
11026
10592
17679
1746
8986
11054
8809
4676
3173
14516
8022
2584
1479
1179
23146
389
13530
6504
11474
2967
7584
25205
6920
11116
16175
11681
26108
9059
13114
12416
18637
643
7367
21363
24417
7053
15282
7186
19946
22969
18045
17412
25402
24427
2745
15696
1329
20030
6453
16451
19875
11833
8305
13141
543
17379
8445
25204
12267
20403
18303
25987
21090
25574
5372
2711
13220
25332
19051
10301
7755
15569
23176
3475
20634
5358
25626
22192
26422
16543
12207
16208
14302
13396
26499
20680
3929
10292
17156
26025
14813
23232
24605
11563
12984
16664
4002
4026
12776
25655
10388
14436
1971
9645
9043
16852
11015
20382
771
10935
625
17800
17913
26249
9036
21126
22335
18209
4009
21706
23324
15084
3191
7963
8950
10542
11871
10538
26609
2302
14515
8698
6661
19641
3067
9289
24664
5390
3561
11970
21630
6632
14871
20069
21303
19710
26328
2352
21668
5281
16939
5934
9116
2340
14286
7912
5556
26443
19319
22187
19017
6885
12406
15633
21952
19379
16928
1711
11355
11815
2542
17976
2727
6087
19557
5908
9812
8590
10336
10856
1773
10261
19605
9613
14113
3472
7448
5976
22367
9567
10907
5020
3101
722
16280
12897
12644
19026
26593
21607
10952
3275
1480
18601
10359
271
12657
8128
13610
14066
473
24578
19129
4411
18603
22764
8696
7716
26222
23145
26305
7596
9517
21041
9966
12560
23187
5029
23788
11944
24020
12818
2904
25541
15462
23724
12933
20679
23494
14708
3257
11791
11665
2597
11115
4316
15896
14335
11251
8494
23095
10898
11774
7340
4067
2878
16683
15172
9619
22370
2458
19636
4324
22256
14876
24587
12627
7708
2147
25976
13758
10736
21888
7935
19529
8565
9383
19421
19552
18987
19384
23074
9987
1628
19931
2099
9409
3555
19145
21586
1023
3756
9249
12649
540
25823
2881
19596
5261
17997
25304
7672
18711
24044
24193
18481
15341
1245
10524
7226
23164
12441
17173
22891
3552
20400
22979
10869
22546
5903
8131
12969
12786
14268
15337
11176
20248
23453
3343
7259
16916
22315
23194
6723
16053
22750
21287
19052
11334
7934
5468
13704
14693
2544
10281
13964
13938
21278
19062
24394
4722
21318
11062
2501
4047
3033
14652
26552
20268
8774
25867
18243
5095
24733
13478
22907
102
17843
4772
9717
3125
12934
8163
18267
9120
7447
11202
23481
17593
8477
9017
8476
25326
4238
15026
22637
16671
1280
19456
3729
8931
7468
11502
21654
20328
21004
2157
19305
9194
2171
13245
16478
2927
16591
23021
12500
21728
21095
23059
25280
16303
22948
4178
7577
7826
72
3868
23801
15786
8016
13320
21500
23521
26042
17561
3395
12268
14965
21983
3985
15733
23182
2723
15035
11895
3210
7560
7121
24763
4931
18474
13978
10192
4502
594
8200
4574
23368
2201
17760
11056
13369
23709
2247
14032
2357
2217
17829
20380
2358
5225
14006
25253
514
9182
7464
787
20688
16999
18154
6193
13124
945
17021
13162
16745
25657
17018
8822
23824
18465
12303
2828
7382
4957
10665
23897
1535
17427
15195
11773
15623
21557
12467
6425
5962
352
22477
13211
1295
8434
19762
26520
7359
21288
18407
22030
20554
9606
23418
18822
11440
10381
22932
4063
20059
12432
13618
10061
892
1361
11211
17039
3156
7764
2262
26119
851
7662
175
3424
11535
8739
17798
4070
22683
17563
22809
7158
3800
20975
15106
20466
11707
25083
8413
24726
18120
13895
10390
20646
21333
8251
24861
7298
5568
26548
12085
13606
10460
6369
4710
16205
23863
3234
8604
22659
26001
14345
13675
16990
24705
23959
26187
24731
6497
9378
18571
18869
10345
25283
13797
2807
15847
4640
26596
22928
3014
781
8049
17912
9025
6490
21798
7365
6577
17498
2487
17293
12457
8212
22586
12099
24079
21703
23589
20243
7372
21605
7022
414
15361
21152
24030
4332
25240
25164
24362
5146
10928
16891
8635
22799
6220
11048
23053
16045
17280
9889
22054
4201
15744
16197
7783
5601
16002
14874
9430
7414
6121
23828
9819
20433
11914
15044
4271
6195
8123
21461
24297
20194
732
14634
16425
9809
23976
23783
3003
118
13723
8214
6479
9721
16282
1489
25045
24788
23306
19138
929
11437
3876
5241
20960
23355
10062
19211
24319
18470
2441
5060
15220
5641
21150
2762
20167
653
20477
21053
13425
7833
22681
11528
4403
21641
7855
4999
17793
6316
3925
21772
24179
13345
10089
22070
11222
22378
26248
25017
24709
14508
19648
21593
23073
21585
11826
23454
25147
22988
486
19443
3308
24897
22047
14720
11949
14408
18047
24630
13990
21248
26614
938
17742
5450
19764
20753
9244
299
4279
10034
21649
16383
9794
21369
16567
17986
18248
22076
19930
18382
10844
22005
20613
14382
13709
3911
15966
12487
13782
23768
15653
1069
20283
8990
10978
21922
497
24883
21942
11755
15836
24288
24486
18195
21722
20969
22753
10578
23258
10831
16575
15903
7965
14237
12334
2519
17966
25569
16252
18640
20939
15843
7973
18460
15513
2954
21781
25217
3503
14334
24835
18265
4791
23175
25345
20086
12272
4556
14771
7689
26324
16141
9000
24442
5771
4846
23526
16966
1018
21305
9104
17716
18471
3857
7360
995
21857
11364
17278
22593
7299
25799
10660
20895
1672
21788
25555
6794
21692
14371
25918
17179
10069
18679
12946
10225
829
16522
2634
14917
23904
24354
8461
9004
21054
10937
6695
6099
25780
13273
22123
8432
12158
12006
4167
3883
8072
7948
24448
25136
7476
10984
14993
23590
18516
18986
16436
12037
23193
9914
23944
22493
1044
6674
15581
1423
15835
17026
6526
16609
15952
24494
670
12480
26098
14942
8173
15720
20609
8535
3717
6867
2555
4721
21325
14817
25135
21680
16947
17185
22884
22798
23935
24773
1775
18746
17862
1612
21314
515
18582
6253
3251
1847
5497
19537
2692
18627
2060
25227
3753
26070
15427
9811
16650
19546
21898
6259
3740
6719
1147
19294
11265
23916
25473
21904
1144
2945
22295
5799
15941
24615
867
11070
5742
13347
23843
15419
5122
12040
18768
14963
20221
8229
19642
24199
15926
3961
16474
26504
21775
4516
26622
18496
4329
9531
822
11290
16774
5454
18528
2849
18364
2349
13491
25493
18548
18764
339
25564
24980
12321
16603
9918
13925
22723
25973
1976
15756
3153
26367
17253
25379
9750
1632
18676
25899
6590
12151
26203
9930
9764
2661
20258
25840
764
21445
10987
25241
13167
4250
9799
5714
16720
26438
2176
4375
19995
26195
1402
12217
20528
22833
13670
15056
1769
10996
6081
5453
19402
20718
25033
15578
16429
25155
15019
13570
25307
21044
5327
7375
8934
9207
21688
15078
3093
5201
2697
15993
2631
6766
239
14203
2055
7427
23967
17904
7474
4561
21533
7937
16505
10512
9828
11381
23009
1374
19555
26071
12448
4328
2052
17978
5815
12748
23573
19835
12234
10667
11434
4774
8345
22828
13929
13654
1057
13498
18370
11526
13041
25146
7236
9020
4908
14458
9444
1185
20700
23467
16354
7165
4647
6696
8224
1772
24039
5821
20833
5045
1897
24011
11816
18952
5997
12887
846
11495
2159
17580
461
23851
21200
19551
18338
19549
855
13442
5096
21902
23107
14491
23058
17920
12464
12695
18251
13247
8567
3177
4878
9302
4865
60
9486
6523
15627
9991
26409
3879
19464
19767
21159
14425
3201
24771
14926
3133
24886
3590
10575
1316
4372
25278
19944
6420
20768
7960
14599
13134
14384
2824
695
18780
3437
26161
15534
18298
24791
5198
19986
25941
8904
4157
18662
18745
3106
15286
26325
12435
26213
19515
25301
25287
8475
19634
7632
20699
15576
18361
9854
19330
19556
21535
12947
24708
26556
17359
13179
11956
14472
2385
6829
13959
19508
26173
7056
7636
8867
3648
20723
4031
15295
22377
24406
25106
6239
5749
9627
1062
18462
14281
3096
21610
2491
3239
10419
5691
1158
10724
21639
14898
1022
12020
23263
9653
11581
7271
18995
2535
1909
22439
10491
17053
18334
8684
15737
22135
14056
982
6070
23012
23567
18483
20462
15752
14759
2436
19542
5725
24253
14706
10663
20852
14297
16658
20068
15038
7295
15922
15303
11361
10615
20796
7971
19177
9894
24221
19083
13635
25787
6017
24671
14966
17979
19742
13991
25619
21830
10363
7500
13841
8594
14053
15751
1649
11948
15087
23975
11392
17743
2264
17399
1500
25873
16888
9490
20178
5226
26388
4335
25920
9331
6924
4381
2379
19664
24268
6792
4577
26433
14439
9275
11283
13822
5354
23619
5969
2760
10948
24403
20398
9540
18997
19574
10315
4301
20368
22020
20399
17195
7050
10307
16539
25932
17689
15640
17262
11930
20010
17847
14838
6581
6980
13608
19843
19503
14410
7793
13689
18431
1294
23364
17860
18979
10686
14099
4253
3119
8191
5662
26091
16545
5858
17191
24042
20520
990
6769
16514
7285
9074
24590
4008
2712
15923
2714
6015
12013
17456
1740
15105
2098
12587
26185
1948
4613
4306
2373
26133
16665
15430
7328
19191
15652
16845
17799
17950
21225
6771
18894
22876
1013
7289
12394
6535
23720
21640
9399
10814
25681
19388
22139
7647
13880
8707
16782
8930
13521
25462
16656
18346
10117
13456
9476
12330
3578
13673
23099
14468
25806
2845
24092
1781
20420
15670
18757
12653
10213
2674
1749
11481
21545
2242
6969
12112
4958
6505
6211
17520
7512
19341
13598
25389
15800
14166
6365
14909
11319
25148
1045
25323
17555
14918
6126
23199
17434
1790
7555
18263
5776
15504
21761
16659
13034
19563
24745
22877
10829
16359
11304
13931
26014
7147
12815
24812
804
4951
2547
25016
8808
148
14155
896
16747
4459
1092
9041
5470
6777
20224
19967
10160
24475
26204
22140
17677
6256
5058
17583
2752
1996
9815
23739
9529
5374
26095
10299
5447
11328
17082
19406
7268
22341
3083
9784
1344
15656
6561
21621
8944
11259
12625
14147
11506
3390
19898
13531
18488
23871
21995
21180
20891
9806
516
381
6584
22511
18144
7846
2224
26396
302
18312
11021
12789
17905
12542
16878
26532
20126
5831
8980
26127
11657
24330
2005
14258
22558
2538
14245
20950
16788
20096
7847
25034
20529
12936
15450
17001
5007
12233
25395
3881
4546
16023
8735
9276
22090
20982
17446
26370
20715
4437
5865
16069
9105
18944
12874
10835
10843
23427
25722
1826
2671
17503
24220
6057
18702
21071
7777
24975
20471
16975
23297
13839
13305
20179
11053
25260
2032
15616
6236
10376
2603
14892
6379
15935
2461
21782
22418
25962
12676
14435
13043
14177
2327
22987
24611
5133
20426
2964
4377
22685
24144
5321
14933
18031
10468
904
3722
8493
13662
23658
2342
9213
13296
25439
19842
1121
4859
10050
10815
20389
2892
6378
25694
19119
20144
15391
18000
8410
26645
4344
8449
6748
9950
187
9202
15350
25113
17205
12016
20691
4385
5925
8179
14145
5036
18087
19333
8508
18026
23579
23223
9499
15660
4756
14062
4709
4850
19877
22837
6290
4044
21013
10797
17972
1511
11856
4740
15915
11512
18051
12861
18875
15436
6796
18790
1343
1165
11663
23113
5801
14127
19425
9235
24561
698
9497
20802
25007
5639
26518
21628
19086
4601
10289
7114
14229
7648
924
12753
13631
20280
11540
13119
4950
15544
10344
8156
12100
1399
21148
3060
10322
11271
22173
18779
4684
24311
2154
10989
2825
3645
21603
14657
705
23495
7834
12078
22130
22911
4911
21430
24851
25340
16031
5741
16111
10316
3979
267
9464
23412
15667
23010
20999
8676
13354
10328
10685
11719
24478
25556
20643
24205
16279
20596
5031
21178
14724
19548
13676
20429
23660
24620
11384
5863
23829
2418
13482
26260
21307
20422
9098
10661
20130
5924
17878
24978
21244
7990
25082
26652
5950
22272
8502
2710
22155
20972
22296
9709
22161
20816
2278
12123
4493
20171
22650
16829
4930
25802
26177
12681
17161
1870
23517
15426
19696
11749
3353
2863
24360
9843
8034
5565
25506
16951
11230
7751
25163
22097
465
10014
21378
1565
16876
21673
20188
3389
21272
752
20359
17136
25396
4637
13932
8647
5937
18053
8365
156
9122
18229
1748
6629
15552
16639
17668
16997
4422
25258
21504
5473
7606
19871
7988
9158
12129
14358
18480
25848
10521
20459
17576
11875
17723
23893
1228
23867
7434
12971
12948
26259
2223
22381
5952
1394
19572
22361
3538
19893
25876
21616
25857
8609
4362
10230
1296
23856
9294
9146
6063
15155
23626
8450
5456
19260
24028
25960
23858
11049
23090
2125
466
26170
22538
9971
18639
20821
19139
2642
15522
9909
12135
12664
23011
2958
11879
8099
22611
10223
2432
25089
19184
4922
708
24887
7721
11435
15420
7368
11626
3947
16944
11449
8456
20761
11911
5902
5751
25399
25982
5258
13927
10882
5943
13129
5477
12087
19404
25306
3848
12382
4011
3010
12966
11031
4675
13090
15415
4086
16840
9504
15086
9073
8919
11520
24641
5615
952
15777
9872
8866
24573
19117
14373
7905
19107
19685
7586
21033
13213
25965
16457
23344
26036
23
7892
80
25803
12918
3709
686
8910
24966
9163
19517
6684
21650
427
2277
9566
11573
1164
20468
25150
19411
5138
25508
26301
14731
22819
24363
22774
25832
6786
7126
14873
5733
1437
13945
19455
5616
23276
17527
7413
10676
25200
5049
3074
15906
1777
13947
8387
23048
19978
13026
9933
5402
25249
18686
23262
21281
11198
23362
24740
12051
21542
24930
17982
17348
8940
13346
21656
23252
4751
16648
7469
24435
26638
3581
23744
10349
5044
23474
2575
23399
7590
3933
26525
9969
11196
23490
11782
21393
11571
4029
20369
12522
20724
26397
9234
22017
23903
25311
4004
16068
11133
22857
8861
7180
2926
24402
14394
17949
2289
21890
12821
13291
4003
8293
23172
12307
21646
3377
26648
20956
21657
1908
19879
880
10257
21501
20868
9388
25850
24541
21163
164
8418
2785
5819
5529
9371
6147
7691
10280
20968
26012
24728
3751
10131
8451
19936
16723
5329
3203
21194
11691
20219
9958
11702
11801
11332
24563
16487
24713
10909
23952
3568
18335
17046
9052
5339
13004
6636
4416
6197
20091
19261
11523
22841
15292
1524
24122
22122
6857
17746
25354
1813
15089
11799
7207
1237
14174
25195
17022
26452
16435
14047
13910
6549
20997
17971
22966
18171
23323
62
7798
1785
13174
17619
15290
5411
17894
20837
26128
25129
11433
9301
15989
488
10005
20227
3922
12615
17482
15663
13068
14235
4632
13541
15709
14756
8004
3544
8777
4895
16011
12634
23732
3220
8699
22807
15557
26588
6146
11659
3904
8898
25513
6280
23287
22909
9007
13111
6963
21577
14052
2285
7607
8761
15683
23097
4902
8330
13387
21934
8053
10334
21946
13152
17114
23793
19423
21604
24308
16441
25303
21681
12316
3684
8144
17128
25158
10311
2971
6006
7326
9884
17309
13461
8697
16663
17645
25936
826
22875
7317
24065
20310
1128
18614
6670
19132
18809
18100
17931
12532
4871
16275
18311
15893
4836
7039
16787
19410
3518
22184
25186
12244
15742
15029
20003
12803
21103
19591
18772
20883
1771
97
20927
17849
26535
15027
5541
12459
12910
16117
20925
19597
19900
23150
20792
25197
23147
10532
6962
18899
12813
15115
21618
2998
14289
18540
3333
19006
1149
6286
22048
12541
11806
24003
3324
19036
2259
2704
16904
7032
2525
4401
10811
209
16982
17809
14356
19980
19466
16773
23766
4519
23310
12427
4347
10456
21279
9816
22060
22630
23357
1203
3379
14743
24320
4614
13437
12900
17560
18938
8027
14678
2387
1580
1857
5550
15157
4907
18114
17477
20658
63
2500
4660
9157
23220
15277
4486
17620
22603
7260
25563
12830
6507
1068
4012
22689
24374
4629
17416
9862
26225
7984
24103
15009
9062
26077
1129
16332
26436
13488
8496
16020
3686
3240
2280
4869
10370
10118
26289
21740
18307
6648
17387
21436
4425
1770
3849
1840
17623
26103
12771
3731
25561
13301
18671
13757
5621
9984
20597
1182
736
2761
5874
18039
20910
18323
24214
19528
13572
17226
14819
21720
8998
4548
3545
2965
19882
3852
14509
1837
4937
13507
11337
13940
1225
26049
17490
13786
15247
16049
11409
16901
2020
21010
12294
17282
18079
5005
20125
14774
7550
5033
17516
11296
3262
26075
10616
16183
347
961
5588
24607
9827
19878
10130
8076
10499
1578
16853
23879
4590
12081
8037
664
7800
19740
8110
25361
13263
21815
10798
3167
20230
24425
24609
3646
1263
21106
13445
755
1845
5233
3680
23477
16126
22373
3154
22085
4258
7104
2016
14001
2467
5703
21421
8258
10832
22178
11836
14122
21238
23270
13893
15066
19694
11593
3642
4230
2812
24082
366
23260
14884
20300
2103
15501
5237
22836
6456
11629
21982
24570
662
18834
9138
11246
5904
9795
13317
11555
4744
10352
17967
10716
959
18240
12173
17375
1593
1671
5186
16828
13999
13966
13048
10305
1117
22684
18805
10584
1001
13578
10577
26547
6580
15582
24485
26378
15360
27
2898
6288
2420
1644
4287
18932
14583
15871
21704
181
9546
17041
1683
18622
18083
15232
6571
2214
25476
6404
25375
6864
7567
8836
6737
611
14206
6060
11372
17454
8292
13525
24284
23208
11374
11516
24446
12529
19983
4511
11923
1713
7080
17124
385
23075
2367
25467
14605
16224
24045
3030
15180
18720
12461
18002
23459
4074
8165
24729
5990
8945
24947
13297
17305
11137
4565
19155
3790
11854
25566
12428
20401
122
21000
24604
7705
22275
6653
15394
16894
5951
10360
4690
23630
12397
2871
970
20013
4880
8373
3246
18644
26164
11275
25324
17567
12436
317
1554
5966
17500
3387
2779
16352
13236
6649
17220
17172
18557
24968
14673
19116
26223
25080
9072
5911
21414
15359
2350
6355
14497
25871
11499
17581
6984
4808
4788
19803
19713
2002
26449
23331
5564
6007
9311
26199
20291
23037
25511
20124
6221
7848
8681
8443
23888
10194
23003
12261
21066
1712
24855
8947
7881
6335
19856
14070
24577
5657
21273
3478
13679
306
21166
8347
20754
12429
22285
6982
19521
12283
17981
17534
7885
14794
13060
18227
598
12558
15668
21144
12591
19841
3685
6874
15408
13470
10961
15075
2629
7233
11309
23610
4169
17096
21264
11704
5291
11455
12200
21177
18200
24389
14157
26052
2366
7355
18172
17395
19495
2132
3691
13144
17337
7552
3824
11601
16998
6001
13121
17186
12648
22718
22386
20693
5371
8595
11085
3764
1357
24388
6401
20197
1163
116
13135
25623
21676
17602
25929
18475
11855
2794
15948
3456
16322
18862
6682
4570
1609
24552
19048
16415
20172
21346
20349
21334
19413
2313
12896
8259
3039
6244
14096
7472
23528
6626
4970
3793
2728
25363
1803
7411
20298
939
3926
4113
12759
6300
2834
17453
8752
7222
23045
21233
8591
23378
379
20228
16475
17797
8161
25319
11857
11964
147
21648
23994
12980
18814
22806
14786
15479
25198
4285
13802
24751
313
23032
26082
11894
3238
9215
13933
6602
13079
21849
6730
11316
23116
436
24806
9423
5023
7693
15033
3178
21848
12660
15879
8802
21495
9841
1070
18769
26065
19008
14192
17223
14008
16879
26179
495
21096
24933
10946
12024
22956
6780
13766
14978
21653
7827
5843
4118
20926
15243
16192
8386
19759
4116
9516
11285
8582
1261
15867
24756
1253
13329
2296
19208
13388
5988
19207
16784
5494
22057
9722
10185
13404
19291
259
21989
13669
1619
8770
2805
8486
23703
19077
4639
18426
18244
8533
13095
10701
22004
19976
14447
17033
8838
26376
4960
15759
11787
22935
13321
23753
23707
26218
21891
15494
6778
25909
7940
17269
3514
22653
11130
5694
13039
7164
15958
7712
6366
26126
2673
21043
26152
2442
20758
13646
18650
13582
16150
19518
6170
7669
5306
9420
13721
18185
21920
10871
5629
10365
5534
13190
9921
18674
4241
18981
20038
15212
19669
25944
553
25665
10682
21128
8113
16066
26178
2709
21477
11147
21058
25043
12157
740
8818
21361
10803
25752
25828
1728
14773
21213
18115
3383
24084
10913
15676
19055
24200
2703
7145
13820
17885
10681
20160
31
22248
20375
7098
9962
15588
5964
17483
19181
6803
3500
19197
10911
5246
4148
16968
11076
12901
5920
25425
9648
20638
10303
8447
13127
15342
12161
9429
17019
16161
13790
1385
22368
19199
17713
24766
20453
4457
22094
12110
5356
12836
8690
7901
25943
24653
3794
21435
4532
5123
11779
6673
11784
188
10449
20938
8237
22524
16369
21347
22981
21045
71
2438
19399
21806
9965
2025
12899
9197
26160
22313
9873
5243
12152
10096
15061
16131
25369
3957
22299
18107
12941
11235
19451
2610
21172
1851
14200
20414
6125
16755
17480
17474
14762
2312
18237
5825
13742
10047
16897
23491
11170
12605
9385
1516
3854
12570
25891
5724
21736
26465
26560
13375
17813
14890
25515
21498
13501
25044
24669
4049
12505
1015
25968
4202
15020
5929
22366
1873
3505
4237
15451
21149
18933
10823
4076
1160
11984
1073
15080
16909
13367
21602
14087
24227
25791
1604
12829
1449
7729
1002
16226
20043
15904
22224
5403
23855
25812
23519
4475
26448
25368
14971
24479
6838
718
11649
1390
14215
11371
8613
25551
18865
16599
24949
15973
19497
10666
17004
9267
14846
12468
20552
21475
9823
8717
1794
12853
9608
13293
14739
23319
13422
11946
1223
25392
14315
15316
728
8435
3814
20671
19678
15669
13611
8271
9667
1415
12528
7211
1029
4986
6107
8090
22289
16463
25382
11877
26023
22844
10920
7538
9611
6252
17438
12669
10886
12870
6321
19166
5856
10414
272
23240
9283
22563
8431
9628
6359
22796
3999
3434
23751
26627
19653
14378
20162
15467
16010
23120
20862
10968
103
6848
18132
19734
13359
12010
15153
14928
18977
18602
7272
5457
16760
19046
19343
19693
10629
21015
21462
1014
22242
5442
9433
9106
19416
12045
12577
1313
25104
12518
524
13098
20094
17208
1893
22783
12718
1733
14507
1071
10020
13707
22873
7528
1798
15449
16679
19361
13361
24414
20384
17486
21125
21112
23305
2568
17499
2502
21289
18903
14513
22738
15495
17192
15203
3900
21391
6512
3264
15538
23284
6938
19579
18022
9633
12339
8297
7867
2024
19757
10840
14740
8951
1684
1162
26022
476
5425
7535
9312
12812
79
17032
20097
8516
19821
17671
19919
1603
15907
13741
19144
12893
10004
14093
9054
3971
9761
22709
25270
11639
20133
12509
24618
12600
9623
9523
13685
25434
1633
1304
15525
4089
6342
22279
16400
18818
23607
25926
5683
25408
15535
13917
5018
18365
12682
21555
26390
24594
15167
22416
25583
10659
9265
7745
949
15716
7117
11800
26549
25712
23953
14126
11498
9650
2983
7933
3300
3744
17108
18145
24120
292
13480
10135
2733
10761
17715
15063
333
273
7765
16454
5461
15796
11709
18607
6144
2818
5689
16213
23661
9986
10298
6156
20184
11763
4852
20217
14055
25479
5647
323
8586
7763
17213
16785
7031
2851
14957
19076
19422
820
11367
13621
3063
3110
21642
1169
13536
10910
26029
17643
18605
6733
16030
18888
5277
13342
8580
20052
24470
16008
11716
18835
7021
18529
3204
14875
13467
10657
23052
15396
4539
16276
11383
24712
5532
18310
3668
11270
15852
11354
12814
6403
3571
20140
22519
7757
12513
22864
10622
12479
7141
24183
16962
5813
14719
870
6431
19707
24150
22622
13202
15076
13858
21771
6046
9689
19519
24168
22431
12242
9394
3588
9501
11999
19650
22820
17458
25081
13973
23428
10466
7082
21810
17029
14180
3327
20765
16248
18330
1962
4096
19370
7195
14698
21880
8742
24530
12744
2559
11747
6677
21397
2376
10155
24243
23235
6009
20642
17374
2229
14369
6055
20193
7073
25777
6189
6658
8639
15042
7536
25814
8056
16702
17174
10535
6902
17109
14412
22537
9685
11405
10272
8102
20786
16016
19851
18345
2022
7087
19720
15584
16986
10382
10960
9945
21267
913
24932
14341
2523
13983
10092
24730
26646
21596
16135
10193
25878
23249
850
981
26114
15248
10611
22506
25005
6500
25420
1527
2507
12949
3720
14953
13785
23594
25177
16796
14218
13502
13641
9108
26374
266
22674
16943
2940
21449
25255
789
10915
12351
1730
17074
4284
2830
2205
5101
10713
8795
13764
18478
14945
8891
7668
24422
15706
24885
23516
10925
1054
14544
23072
12690
2823
21064
1004
19593
19892
25998
13556
26643
18733
4006
13355
22777
22190
11858
17097
6933
364
20012
16350
22144
16392
12519
8407
22894
16351
14589
19953
13053
25481
16629
16950
12125
23578
19769
17206
1107
3445
1255
15120
1351
24058
24202
25793
4319
25320
3703
10404
13117
17608
17750
14927
21351
16168
775
17865
16465
6088
7061
25914
14983
5851
11456
10801
24053
8255
20825
6020
6852
4797
26339
724
17132
18482
8355
11853
11929
6064
17045
21867
14761
23126
9977
19486
5193
11845
11531
8788
9228
11322
9670
17452
7088
15997
2543
16618
23140
15263
11024
20026
8286
21875
18953
20492
4353
7925
18939
2174
411
9162
2736
18411
5676
20748
6609
18264
25356
4368
10462
4529
5552
4371
25201
440
20272
23681
25087
22478
10094
14610
7044
13432
24714
19011
4944
9216
12617
25512
3589
20584
22848
17571
2909
25468
3426
9347
7524
12066
24983
4760
7874
11158
14165
25902
6875
15741
12482
9405
2966
6444
22775
18454
13353
25065
13161
19148
3073
15454
10963
5073
15281
20562
24770
17879
5081
9781
5609
11988
11284
26350
26537
8203
13206
17821
1467
17570
1877
2267
23134
7052
5954
18660
10642
3103
22682
24445
3629
14486
13027
1515
10572
9340
12957
24060
16113
10072
24173
9369
24411
24444
21179
1464
14994
12811
20316
26320
1497
7899
21626
13804
5845
14313
15873
612
15605
18961
24556
25846
10600
13767
8274
6693
3632
20750
19251
13624
25946
21135
11688
24540
13902
19004
9172
16312
18056
7300
9890
10051
654
17701
1077
14896
5429
1452
13047
6173
21139
18803
17795
21697
2653
24341
9266
2240
1767
14042
23984
1127
16981
15267
5024
18755
20339
5223
13844
22811
8383
15844
12460
14562
8346
4517
18404
13899
19209
3608
21082
25624
5260
8555
18352
263
14110
4661
4665
6192
14414
1331
16103
12325
17267
5712
9169
15762
24938
12597
3139
25834
26331
18655
25547
24279
10206
18477
21030
26200
426
9829
25422
19137
11035
16772
25463
12520
26366
6928
20820
14102
24659
13851
11737
19195
16236
21548
22741
10348
567
8549
342
7852
6904
18025
2346
24580
14792
17747
19458
443
1469
12333
12860
7438
10773
13472
8628
16489
6208
16043
15287
24228
10205
15613
5336
3207
12543
12762
15385
3043
19554
5945
13172
4879
7949
17320
10102
18037
4405
4864
6825
4247
26503
25397
6273
13302
18651
13665
1881
26480
16892
16157
12329
19925
12344
9551
20782
23422
19374
8851
5323
3155
8275
21948
23874
1904
15715
26346
11340
12178
6725
4609
24663
506
12636
3944
21949
5614
2428
4620
49
23688
582
8753
24940
26618
9325
8186
15666
3066
4165
23525
22636
24197
14916
9684
18342
12895
22990
16582
9769
18935
21460
14952
20637
6616
17687
25893
5230
1083
23392
6377
11488
5063
22865
10932
758
23195
13755
23216
16145
26037
1795
15784
319
4180
19973
25225
22494
2833
22621
6514
14750
3984
4806
6847
6062
19368
12023
21768
24574
9605
8913
19071
11905
22517
2756
5516
15802
12875
9822
9810
16316
25388
7391
1138
11188
25242
8521
4820
26307
4940
12137
14584
15507
5780
25637
7243
10981
15918
569
21776
4266
18028
1424
1820
5301
1751
928
9270
24062
4088
15645
14561
14869
17588
22863
24324
11603
11682
2403
25209
25545
22579
1146
20442
14903
15227
23336
23980
10753
23715
16732
7291
20853
15129
18469
25252
2386
3594
18366
4272
1213
576
3082
14979
21561
16116
15565
18956
3633
4082
447
9205
2270
18852
15938
10476
25934
19535
2961
24090
16678
16838
24707
19396
13000
14094
26096
22228
20998
2383
2906
13054
12614
26387
9126
3459
16749
2291
23405
24519
8617
12366
11310
23850
16865
6914
21787
9539
7511
26221
21631
26581
18005
26534
6610
12677
4356
9747
1290
13950
25149
923
24239
19679
7752
13867
14312
15096
7366
16538
17615
12335
9954
6986
15595
16726
12048
11872
697
2007
22216
21371
11920
19044
11032
10483
4211
18294
8314
9888
9575
17313
22880
13575
26181
6666
1999
10677
19248
887
12098
22419
20205
15126
1348
7183
24210
4398
7850
22893
12556
4134
7884
25440
14797
7529
24217
163
4990
25116
7308
20308
2708
25305
26013
17776
14310
14030
7390
6375
1305
15382
8963
1440
9675
1215
6929
20302
10355
1818
4463
20626
19651
10422
2852
21513
26625
4868
20333
25670
19663
20148
22902
17334
15144
25604
11258
8379
9484
182
11901
26061
23296
14730
4152
21265
1236
23001
13735
25243
13113
1742
13696
17343
4092
18450
6400
2699
19169
11810
24820
11228
23421
15304
14402
478
10389
10593
16765
2626
21537
19677
4617
26296
22608
19224
1614
17027
20297
1
21120
26421
14632
4121
16119
18886
14186
1709
8715
5476
4010
1738
61
21976
2049
21283
912
24337
13831
18762
5853
14191
8458
23112
7684
14058
9725
3670
5259
20493
21366
19194
6976
17686
3517
2614
881
13118
4103
994
17373
10655
8154
18580
26589
22019
13652
23951
4867
8235
5065
24917
7334
21924
9994
8981
90
1048
15326
19296
12496
17564
11727
154
21329
1008
23043
1102
2145
5917
16446
16270
8120
16832
26524
3314
15320
13832
5877
10506
10873
6227
12810
14417
21783
14044
5498
23285
23238
2803
8776
26219
16642
15975
11388
1613
766
17790
20624
12548
10172
17717
3365
25352
24263
229
11796
18001
5987
224
8472
24192
20508
3993
23819
7316
6032
1941
10756
21645
9654
11577
9583
24005
9932
12220
15917
11276
1508
3279
7482
1530
4346
14271
19855
15954
10652
21186
23046
23083
25955
22914
9102
16995
22548
4564
9058
3406
16492
22068
4487
20660
460
7059
7212
21235
1430
8972
4365
9210
378
823
7968
20947
10028
8863
8290
16118
13325
1899
14272
20141
25874
13015
10430
18065
18287
5607
18014
19408
5855
26011
5496
5196
11394
24109
10588
3650
25853
18798
17882
24617
16017
5711
3394
3011
9065
5490
7888
16704
15045
16084
23036
15672
17462
7206
480
8803
14650
7477
10198
631
8412
13411
20686
24282
18578
14864
21634
6589
16140
12381
7208
1822
5898
17991
20326
26062
26266
22311
24876
20557
19125
3776
14109
11280
23451
21049
12683
546
8018
9592
12909
8744
856
6968
24449
19230
23674
8360
8560
19534
24006
24608
23358
1662
16291
10648
24196
9461
6213
22318
5807
17008
24089
7616
21227
13158
4392
22818
15349
26257
15805
15548
3255
5430
7006
5596
16630
21734
5909
24004
2265
10021
16508
1037
26512
15547
14016
11957
3615
301
2600
3750
469
2193
2484
13667
6367
14226
18182
11293
16228
24495
5786
3675
14948
11184
8088
13132
17546
1819
23643
22900
23250
13483
14432
21089
18455
10268
7163
4061
26176
24569
26510
871
23817
11527
17956
10647
5363
23383
18680
8444
2036
18186
6509
8792
1277
7430
22229
16098
26076
14487
21065
21411
16733
242
12133
23974
635
24621
279
6834
3144
20585
1093
21574
13941
25916
12951
23568
17826
20022
12777
6418
2886
20286
21360
16551
893
6048
2529
19289
10295
21315
10371
20710
22336
16123
4691
9442
19787
24057
22127
20575
1310
17729
3396
7746
14879
19736
4164
10782
5387
6480
7840
17056
20857
11828
12635
5775
20152
5273
5653
14780
7253
6630
17812
5268
12336
20978
4792
4900
23870
14820
11991
876
24824
23069
17497
11401
16527
12155
26112
22092
391
5846
6996
4828
6972
6299
3808
14658
24698
26125
8553
14480
16152
16542
21443
5526
1944
6104
23274
12838
4345
26365
14357
9171
10227
2109
11689
22746
5032
10451
10510
14499
5888
20261
3235
17963
10576
7768
16344
4633
21855
21506
24219
24836
1335
50
7381
16234
18080
6871
3205
21488
15755
2104
17091
25366
5802
1953
11968
20058
1805
18925
10070
13030
6631
18595
11582
25107
24525
12862
7986
22414
3259
4111
21299
15597
11795
10207
10809
3796
12288
14799
13930
8070
11912
15788
26542
2474
4619
318
3990
12042
1561
12271
24846
23295
159
19263
6198
13271
11617
5808
1206
13324
18827
6282
25818
4166
21386
6596
15518
17597
24700
5667
24504
10151
9139
5114
19699
19084
25339
5704
21250
18710
13545
10533
11277
2129
2720
14552
12495
17233
23462
25974
4158
4943
5784
5441
21837
9416
9320
10999
14452
11910
19756
10006
23256
12235
21459
6747
11654
15364
14591
9755
16848
17874
11805
3735
2303
8960
2639
12825
2498
6945
14309
2251
15128
21589
16410
2141
3511
20805
23151
18217
7514
9542
16721
22670
6164
11224
12026
2767
11693
1568
1112
19118
3551
21527
11457
4840
16898
8643
8429
5832
14959
6117
6698
12408
11274
11208
15179
5896
15757
22652
9229
2937
12774
23002
6790
13714
537
15818
5941
5589
25054
25061
16485
3975
4763
24314
408
19397
8834
2218
24296
6471
22436
4337
19471
17868
7506
17901
3166
10988
11378
21556
1573
6083
23253
18504
13341
21124
10658
4593
25453
19264
20067
21038
20885
19826
23348
24822
338
2533
13553
3411
25527
3047
18202
4523
15764
8841
19427
17493
223
18292
8260
19800
8855
17377
17811
10741
25090
22334
13035
25178
5554
16393
20137
26472
24185
4535
15433
19819
2377
24644
9278
17437
14205
19371
17673
8371
3697
17020
7534
23088
8773
9314
21624
18326
17436
26045
19281
21606
9152
19127
2489
15634
10939
5398
18432
10731
8678
12782
13712
21476
14648
1718
6820
7918
2859
11152
1010
7540
2130
1338
19885
25765
26100
180
9381
25967
2249
13730
7810
3782
10767
2391
13400
4081
26563
15073
1123
2814
7944
956
20325
12672
6809
9415
6371
19172
12184
10397
7035
8729
17833
9882
22812
8313
3978
16926
6301
15005
3320
17572
11343
10436
327
1445
10479
16764
5046
9308
15990
20352
3163
24913
2664
1563
2802
19282
1238
12251
250
7380
24941
17675
12822
12340
19316
22049
2173
22973
21340
663
24783
25816
2360
23760
1807
18693
9219
24350
15727
16638
1204
19280
12415
17616
6223
7862
6074
14855
15986
7342
4915
23859
1353
12004
23382
10033
24687
23860
12845
11403
21214
23244
13761
15497
21698
21930
6989
2560
22424
6389
16516
1906
3439
5660
3407
1958
13014
13740
19829
22826
20807
11143
4625
3792
1641
19751
14553
16346
6089
8185
16244
23538
21312
20210
22348
8266
22064
12291
11648
25035
14277
19445
7609
19349
9574
6704
7670
18425
8249
298
6736
4766
22889
2905
9895
18340
7527
4720
26088
9061
22444
24474
9236
20213
2924
13754
17236
1170
11778
4361
18658
21059
18770
13863
8474
22598
20962
16959
21767
15892
2088
24787
4173
13344
5862
4726
12191
14282
7016
484
15988
19436
10030
7275
21629
24409
21799
19053
4032
3137
16327
130
2119
1454
18400
18112
1101
14710
20901
23261
6199
5935
26044
21231
9661
1918
14851
2370
18275
20904
3663
6599
20444
20186
21856
25538
16412
21958
1463
11820
25729
10252
8032
12685
16783
17792
17078
889
20973
21251
10066
6000
13916
1227
22690
18839
5165
17240
8937
19301
8019
1256
9997
9164
17851
24958
21765
5830
13496
2646
24632
464
5479
14204
17171
25721
7820
9390
18609
12076
11345
15257
26068
11420
11927
19830
11822
8510
4736
13678
19465
5310
2939
24119
20530
22495
20319
10775
5312
5482
14806
11829
3192
26055
973
16299
3225
8999
16426
1282
17419
26340
12911
1646
12931
7759
5182
4827
13069
14836
937
22199
17153
17376
5982
24819
10614
25390
7978
3277
15401
10813
13585
819
5868
8907
8785
8882
11012
17265
20940
21620
14275
16917
19288
21809
16608
2046
16406
18645
12544
24582
8871
2112
11450
5875
9699
18299
8969
14837
4386
8463
3421
2643
7015
1292
13661
6152
16082
26526
13623
23624
10410
4494
2903
9978
4628
11662
8992
3658
14639
11391
6781
25042
20434
9857
24421
6033
12732
23899
10534
5779
14475
8786
11807
15921
19933
20666
1823
12096
17113
24813
18778
2133
24511
2737
9086
25490
18206
24631
2080
24469
13516
4615
24593
7484
25855
13774
24998
19624
18408
26536
17908
16058
21176
20848
26106
375
3713
13216
10270
14687
17548
14308
1634
20116
25895
16735
22967
14580
5267
16980
16766
23006
20475
18675
17551
6390
12885
25744
20692
9760
16231
11487
6435
21835
3683
21463
26214
19122
25489
12052
19311
13080
24859
13511
24623
3869
17543
20187
23635
9773
16163
19950
17270
6597
13981
23694
25289
15754
1665
413
22694
24661
26072
9280
11776
1456
12005
3573
17514
25015
15543
15310
26577
4713
6687
18072
13126
25621
10919
22827
13224
20404
16627
15649
219
9372
8416
22711
18657
22570
14504
16525
24616
4818
4594
8622
16942
7041
1470
3056
25023
104
22526
1079
9919
12378
19378
19295
25373
9428
16382
10036
9588
236
20623
25573
7605
9341
5325
23397
4384
16795
7889
15658
8247
25533
20079
25669
2113
5100
5500
25191
10001
11548
551
13589
15458
13811
14250
9434
17817
8207
58
5348
12116
20472
10269
22881
5043
2994
21847
11532
13765
23861
2108
17230
17763
2616
9167
24928
20440
23890
1901
54
5879
3636
8766
16915
20151
22167
4413
20620
7964
11138
23345
5735
6443
15946
26334
19162
21664
13052
7303
25942
13255
22792
17624
5824
10380
6900
14784
7151
18567
1809
4595
11813
14557
14630
5648
19417
18076
3417
11149
17467
8602
9297
17092
20612
12960
25594
16337
23438
23807
14717
9876
19796
20531
11998
8442
2122
23612
15185
10508
1202
5822
2649
3960
15308
16349
25761
17244
16911
22091
17876
15723
17506
7816
25602
22937
13298
21710
7116
22244
13227
12295
19988
12450
25596
12557
556
6186
6289
7614
22895
12117
14375
20732
15197
17362
6417
12880
2175
6720
6831
13288
197
2648
22974
20073
17922
1302
24970
9634
14501
15266
4552
2885
19775
17932
18742
17869
741
5594
22547
4956
7245
1364
9515
9424
5213
26329
18587
1843
4033
14450
14495
11541
26330
16631
15357
3741
20111
1381
25732
3546
17049
6836
3769
22660
3467
18274
17547
25819
8057
1096
13408
19994
962
22585
19788
20698
15064
19687
15749
20318
5840
8480
18371
25478
13716
10785
13924
8765
120
21786
15851
14423
13009
24678
3817
4844
12354
4692
21197
9797
18050
26479
10870
25120
6441
2608
3673
3329
4545
18308
11906
15601
19111
4834
9851
4146
21778
7215
10706
14076
9513
15972
18598
8514
3111
18656
24382
18668
9255
3840
4499
13788
24875
1299
18444
5972
22730
20253
7533
10087
16121
9071
21257
18090
19714
26455
8971
2562
390
23179
8112
16776
12711
25188
9602
8020
1886
3260
1704
16128
25125
10190
13020
20089
19729
9032
4218
18512
18520
2172
18727
23271
3625
7883
16062
233
3732
5664
19792
7499
3298
13564
12553
7803
10041
5981
10439
9924
11564
10777
5115
12826
8666
5466
9859
7837
21666
16712
26647
21679
23757
19474
6267
24898
17279
14906
25600
5069
20545
16649
21933
6530
25300
1378
7397
6210
11756
21006
729
17899
19038
8967
1841
17342
18718
23436
22923
23920
2894
2306
15586
3328
6856
18074
25446
13875
17273
2763
15374
10727
5880
5105
26159
24891
3004
16903
19220
3915
15944
6613
11873
23691
9560
8522
22058
10904
16389
8425
19467
1148
22942
10254
3069
14219
26595
13557
8324
1719
22113
3833
1152
17712
8264
20763
2253
18797
19763
24237
4816
652
11321
19607
2033
13136
24634
832
13826
3100
581
18081
9847
26511
1992
22237
19459
19175
3609
15632
3655
22952
13008
1210
19869
16578
14834
1752
13447
23311
16634
6934
5393
11329
6855
799
11380
4483
7736
8710
25653
7172
8308
19176
21246
749
17505
21584
11479
22392
11653
1134
19874
19646
21048
7913
571
6663
8093
4530
13348
3602
25483
9148
16081
16792
18502
22330
1362
14856
9114
8978
25051
15456
15695
7201
8956
14383
17724
15509
23170
26102
20329
1194
8304
26353
25057
23534
20260
13312
15387
5674
6272
19504
10821
25687
7086
19848
9597
10309
6339
4786
24466
20211
15665
19033
20482
23171
11022
10848
15074
1600
15713
4234
11715
4991
1441
1391
8701
16261
9482
19212
15833
16477
7004
23266
22332
20001
21840
25661
7175
22067
26582
23907
22420
25009
23034
2705
24301
11460
20045
18830
11529
24105
14019
16317
3214
4979
12355
6878
17356
1284
6022
25482
10668
26058
10670
17489
22742
14668
24490
15611
26235
2899
17272
1326
16794
26141
15789
9426
22198
15901
26498
13192
25640
24160
16328
8067
6270
675
6433
20656
20254
6101
22540
18826
11177
15735
19903
26018
4455
1696
18284
1519
18513
26460
24666
18153
1605
11083
4759
25704
875
8775
10329
15397
2972
24588
17558
14084
1153
18994
8883
9064
24088
463
24715
2329
22382
12873
10632
2111
23969
10552
4553
14907
2095
7613
14248
15242
10896
4465
14023
25008
21392
23372
19279
6039
15916
21466
7091
22925
24137
7442
22465
12210
18413
21342
16976
6424
1544
17317
20644
16541
5604
6139
21677
7146
5675
7839
325
20494
1792
7077
6205
936
2482
23808
15718
12043
8321
4948
8583
26568
5340
25772
5136
12323
25631
11237
7394
14254
20851
10186
14765
26574
8482
10266
13884
24834
162
11620
5478
8887
26233
24795
13328
22333
2590
26239
22550
23654
6858
6439
17735
14520
20321
6337
10003
25844
4212
20345
10774
24259
9421
5177
23443
17749
9337
15643
11257
13876
5350
12410
13997
20787
8860
13362
21111
8270
3714
5605
25364
19621
5219
9820
6460
10746
17152
20011
15691
11738
4065
22095
6165
3549
21087
18629
26629
23830
25522
24971
23257
10400
5084
3012
17590
11722
13486
3832
11041
5928
7890
23608
21998
18456
1016
9441
16398
991
18038
13457
668
16754
6660
15468
19501
14908
16108
16759
5365
25475
18125
20867
335
15031
4318
15693
24564
16812
13265
4762
12299
5427
18165
20619
23881
12820
16746
16182
18714
16047
3842
15592
19527
19380
10842
2687
3027
12983
14270
1596
10199
11637
13231
26424
4231
20394
22800
11206
9652
4162
19215
10393
18848
20685
8748
21141
19300
20579
7333
9077
26632
208
5820
374
2552
15417
24860
25838
12728
9391
24212
15707
975
13569
15520
22086
21016
21301
5635
324
3813
10204
2974
26491
5547
17274
12377
20630
4780
20535
7081
17123
5463
12414
19599
11710
12714
10493
3046
19112
9035
3118
8048
22878
16861
15288
19259
24492
23289
12341
25992
17118
19238
8024
3964
7255
23813
6105
22903
20707
9319
16532
18094
3746
8349
19716
5405
1250
26290
18859
4068
4222
22023
20941
11172
20108
10367
26649
16736
20665
19304
7992
5067
20739
22832
15745
24178
8485
11278
22403
26157
18983
13385
13183
21638
4139
7028
10123
22739
5440
6481
19365
24223
24287
7453
12688
5191
9411
12326
774
25668
13239
3408
19731
18416
248
11157
17075
23322
13690
7979
1880
12102
1627
26202
24808
25429
10905
2348
592
1817
6182
918
16173
16800
13154
15094
12793
1833
12304
19940
18140
25529
11627
23957
17824
13789
3563
9503
10115
22614
22575
8326
8388
20582
1089
4872
4338
14083
20123
1521
1526
4126
25168
12407
21617
14086
3830
10547
5424
4364
8629
22961
17719
2775
22714
8593
5250
12202
2609
12892
13817
24215
511
2766
2273
16763
6948
21738
9127
1376
1937
7878
6638
8029
5620
5110
989
10250
15099
24353
3280
13509
24171
4854
14686
17201
3034
12720
18573
17575
22892
22236
16164
25028
21524
15824
15256
9990
946
26410
17544
15252
24001
1513
7923
13818
4456
15563
42
13413
8730
26167
595
3724
9934
1685
5013
9821
15093
5422
22359
779
18242
17256
20572
1994
101
11365
10278
16314
22482
20611
2732
6869
11320
1135
4479
12945
8361
8296
7737
8153
23237
24252
12611
2539
10608
19514
21300
4314
23101
6224
14173
1301
14131
6862
1860
5870
25050
24554
19478
19428
25022
5401
25636
21285
20946
18824
13907
23135
1346
26564
3936
10101
21597
11868
22947
2153
16402
2913
2582
5206
24247
10982
7473
2946
3890
20431
19873
8994
5857
20578
14488
2791
1888
19003
19691
13630
24322
14088
11977
25903
16710
21402
2286
1332
15138
10583
24864
6276
23092
4905
19723
9835
2110
11148
17083
11699
2345
13073
2308
23356
15940
11958
25831
16375
17777
7065
9981
1896
13688
4468
20512
20348
22025
6298
616
11744
6990
421
15841
6987
12312
19870
14002
860
11674
5673
16870
24404
18379
3292
10934
16572
15704
7655
13856
5328
4123
9951
5844
6094
20775
9639
11697
12353
12164
14505
22510
15216
25263
10420
18713
11182
4881
3501
6203
21755
3765
12423
17565
1928
13226
16595
24024
16334
14613
9176
3996
2419
26602
11119
21230
24508
24186
16799
7722
8649
23130
6534
12
25605
13806
660
565
17294
2636
26278
4886
21373
12033
8316
10246
11472
220
22081
12481
8520
5202
2790
20299
21018
19298
1801
3882
11291
16734
2658
6338
17421
3307
26298
22131
22486
957
14114
18452
23078
15889
12965
9598
20419
12309
15572
17629
18901
1973
397
19249
16606
20920
11721
17112
21895
4025
15103
6746
23780
14028
17069
401
15298
5958
20844
19029
13912
11650
18034
25784
3107
2921
6047
22970
22194
20560
6729
9793
225
12953
17442
18816
2369
24072
8925
24723
3837
8598
22557
22535
9295
20046
9789
9740
3351
25710
20034
25387
25261
17925
2375
11308
20306
5428
11986
13281
17840
24424
24249
5289
17803
10715
8686
23277
499
2618
22160
9647
13225
20176
3619
6045
13726
16520
26551
3954
910
10253
20279
23434
11142
6538
3217
26267
20196
974
16306
13398
11003
17895
24506
10866
24152
11010
22518
2406
26369
11360
6898
965
8627
18812
13601
5263
18843
3934
2989
23719
8160
10165
20974
8977
4711
1388
400
23338
3312
4083
11311
4240
19257
882
8797
3189
3785
1741
8976
10386
6188
10690
8491
26440
18505
7150
19032
24182
9803
20991
9160
10936
19822
21131
6598
1594
4616
4695
24299
11645
22543
19672
5458
6274
20559
23939
7154
25257
7845
13200
4557
2341
20501
8661
1934
15200
16842
8713
10561
14968
2231
26506
2988
11103
9380
20040
40
17609
5940
1557
10015
16411
17330
22521
19385
15830
16767
12038
7209
19943
14338
15050
24775
16621
6002
24762
23192
4670
14333
2236
7393
2630
19200
16548
12975
22088
1108
8074
10627
21201
14348
14779
13687
885
2826
2872
20127
13537
23949
10820
11734
14187
12673
19655
24987
8481
12576
3875
503
5967
12794
1200
25742
14123
11370
25449
23039
3695
24067
2448
22997
13368
8039
20323
3941
15002
23292
9874
10323
14571
21437
149
10049
2593
13037
23067
11616
1650
6315
5204
17089
14323
16708
2623
23366
1778
18706
20017
12524
23831
25151
18095
11382
20099
16841
20778
8336
25133
18160
7541
16106
13450
21583
8532
26244
14692
14441
9214
21211
17323
9130
3429
7007
8576
11560
2838
22176
22264
3142
16297
20495
1802
26255
701
4733
26484
5162
19278
23992
24398
10651
17898
2625
15165
23806
15381
23077
25849
8146
11175
9480
17918
9103
751
8298
11415
5465
11338
13433
15698
20873
21296
9562
13452
16364
10262
10399
10783
25032
25870
19697
4667
22765
11373
23509
13106
14311
22562
21295
3311
21573
23441
15211
16790
12362
794
533
25783
23269
2321
17780
20303
18356
26015
13656
16748
2365
1258
21198
3515
26621
25049
6397
5156
13549
15109
10026
15585
16397
1894
13540
7200
7651
15898
10516
15655
21716
2478
48
4987
13763
19619
22814
1035
18252
11178
3533
21290
15285
21575
19570
4295
1890
6012
12585
13443
7149
24743
25072
19970
24080
24781
25572
16335
10383
24922
113
20668
12211
10407
10314
419
1686
23698
15763
15377
21731
2573
2858
22853
12466
207
7457
6793
8303
4623
10168
8547
3827
23775
22628
9261
18996
3165
18099
16254
22171
24785
7159
15870
7424
11341
23711
11847
19604
7486
23456
5091
24264
14222
20110
23239
16731
1076
4317
5139
11348
6352
25346
19157
8408
21377
3558
4171
2402
23673
15596
9926
21536
7356
14306
18788
3945
24906
14984
25276
12347
23280
7677
2672
10425
16967
15587
23901
2371
2282
18121
9637
572
7217
2856
966
18164
16526
2867
1055
25221
9993
9363
15594
968
1371
15184
12122
25310
8973
3802
21927
1560
20527
3285
17166
22850
11765
3440
15998
26642
12850
17198
6699
7977
12389
5518
5889
3485
4688
10817
6306
19914
2261
1116
2318
3400
5366
24950
9665
17910
6842
14830
17353
7492
21683
2492
14251
3831
6919
6807
14133
18453
6473
17765
20606
8376
5249
25647
23109
296
12391
3161
228
11234
13023
26273
12009
9377
8527
10890
1033
14602
9231
21705
14911
9259
16530
15238
19398
4292
19531
16233
25374
2356
7402
14644
609
14149
18887
1028
4524
10908
5524
5009
19060
1460
23144
19698
17678
2948
11240
10343
21562
24890
13865
9046
16158
15390
11841
22260
11780
6243
22549
658
10055
8184
5963
19977
21399
17612
18254
22074
933
15798
12396
21661
21711
16844
26297
2027
14291
16005
17361
1359
26404
17960
6459
24789
16706
18041
6995
14778
14269
2295
477
11579
25119
22346
10943
24493
14170
8881
11586
5520
9989
5180
14734
11239
21205
15865
3888
26635
10514
14283
24283
25510
2695
25539
2879
15738
22805
16600
20412
16235
25108
5999
2085
6776
18883
8996
1940
16184
20142
3080
15806
6478
11400
10201
9195
19462
15853
17709
25659
11840
19409
11249
10234
3972
24503
507
13393
8241
25274
1306
26483
22564
13193
22445
25330
4662
4442
17537
4441
4058
10282
19049
20588
4208
4540
16132
21614
19652
24695
14712
24454
16739
13609
9864
6372
22453
5722
10789
8828
14051
15058
22280
11614
13049
19098
21002
18375
575
7697
17351
15785
405
9384
11333
12890
11453
1192
25359
22566
20930
10881
13276
10742
25775
16818
7951
7962
13485
4389
16033
10929
12275
23508
24085
14300
5643
14976
19867
25377
26252
906
1369
16274
16130
10587
1952
17142
21517
8175
16265
20365
26419
10412
26166
17867
7277
9026
10772
13046
24531
21382
21406
1874
22146
7030
1327
25403
19201
21209
19214
14137
4693
15834
7985
15854
18368
8812
19182
23115
12841
15773
10060
21356
10107
12623
22374
9137
10357
1885
9745
12551
3123
24383
915
25313
13138
20446
13994
3227
2554
1027
9001
7917
25273
25755
20568
1765
6411
5787
9118
23008
13505
22125
18796
21805
6142
5878
8253
370
8873
16472
26024
5345
20456
22760
13246
11754
6614
4705
26005
22316
23595
17144
25829
26081
17781
19326
21956
21239
23991
23804
22065
2931
3730
23771
11569
20780
12036
6341
25160
13149
5367
2497
3397
20817
24865
14009
15344
721
21297
23587
17076
11016
4214
22470
1525
1188
5111
20659
23328
4974
18527
3693
6877
14665
21008
412
26382
25351
4739
4837
25004
21701
13681
1764
19069
6993
1731
2923
7461
22958
16924
25161
4288
992
15110
11408
2164
1193
16874
14510
8350
24794
13331
22755
23583
13835
9192
16022
3962
19272
24545
22580
17370
19357
16009
8252
25963
3920
23251
12214
10074
3821
26493
11830
745
14199
16669
25137
8108
14925
579
25516
17748
10878
18589
4340
21509
26411
20081
13076
3120
20282
9180
21914
5132
634
5163
14899
14511
10825
2051
4656
19744
3950
7351
22159
23915
15161
4602
8221
5721
2221
25684
12995
21522
25589
16283
18239
8726
13850
12412
3895
22671
13115
8151
9006
20421
20388
17573
21723
25030
709
4627
3376
10650
15363
7234
4932
9915
11963
17349
12444
2505
1422
10760
20093
1109
22532
11687
5480
14148
673
12106
11459
25251
24801
8420
1064
8098
8488
16946
18387
16021
12114
21491
18902
7656
22719
7321
12167
26519
6018
4188
2829
9136
22657
22473
1427
9284
7726
19387
2842
22405
1714
23754
8941
13169
24645
24520
25296
17530
8385
3009
14865
25571
9406
14816
8082
26245
26406
14946
23770
8489
18624
21785
8129
15981
15003
7449
26135
141
12743
11225
10120
8291
2011
18534
17418
19426
11553
6436
9375
22646
14788
23448
2750
24622
18736
5577
23960
22066
23972
19446
6652
14958
7896
1395
16151
12661
278
17634
2040
17864
9417
597
5833
16507
6068
26064
5882
17522
13773
23024
23429
1142
203
5766
19912
20697
12385
6717
11366
4928
18965
8078
13142
17126
7136
19183
18256
11407
2689
15519
6619
1090
277
22708
21219
8441
6496
8299
4982
14844
10258
24487
25348
29
20083
16623
11471
14798
16644
21206
12903
1383
24908
25977
8478
18293
21814
25282
21415
4325
3291
21966
23833
5313
14560
7530
9488
2955
24689
12561
14027
15000
821
23394
10513
6258
20486
3031
3418
12055
11019
4790
23025
25859
7194
1848
8107
19987
13436
24727
15930
6373
19761
6553
14825
21375
11470
7398
8769
8573
3470
15135
15506
16918
23940
1583
17036
7079
6779
18220
12077
25210
5048
10433
6135
17340
2843
6410
21487
16740
23125
10424
9449
13780
17517
3818
25723
10304
23622
21670
8357
15192
23042
4062
8245
18359
5326
3897
24996
934
9681
17194
6758
185
14745
2297
16338
10403
3085
11317
22284
22328
4467
18306
5280
6983
24484
5587
838
13343
12663
9454
14617
23840
24460
14071
12236
22949
108
10437
23309
11323
24087
22581
12527
21909
1814
682
15503
12583
601
12259
13455
9015
6672
14328
12872
4785
10263
18906
8310
7831
11013
12328
2510
23880
9279
8473
22290
691
1219
4917
18892
18841
11236
21423
11883
11430
1266
2107
15402
6096
25815
8419
21899
10112
1695
6515
8896
12675
15215
17306
23918
16199
8646
14239
20078
17094
26151
20784
637
16945
25236
12742
24386
18556
23749
15621
3297
4934
16365
7495
2216
16509
3021
20513
2757
22245
17996
87
4485
25719
2589
21887
8302
7313
7970
3041
25448
591
10897
24302
21154
7405
3919
1495
22912
12443
5221
8778
5396
26250
14293
15692
21099
25536
22939
14733
24055
20865
10189
19887
21484
1642
326
20336
18017
14651
11254
18381
739
16992
19695
16803
21142
4936
5872
20931
7311
25735
1442
11267
18652
13881
37
16919
26211
17655
13262
14318
16466
3553
18377
1178
12302
3399
19815
12319
23604
11713
14921
16289
11604
13100
15300
9535
8017
8322
19702
14662
15189
11047
14216
12159
21291
1159
19096
8995
7706
9082
2959
11102
12797
23020
1307
8148
15259
12908
14638
13055
22883
15560
3715
6123
6445
23304
21357
18738
9336
7072
19255
5612
13920
372
16196
26567
8498
13285
25060
18327
23215
13495
8399
371
26265
21379
15453
15730
6080
9777
11888
3168
2660
24559
8658
12284
7444
11514
22888
2951
14587
18510
25298
10240
17212
21802
8503
5349
7450
7281
22954
7409
18837
1571
1264
2978
15440
16877
23054
20006
25664
21092
11327
15332
16004
15920
16561
19808
7213
3610
9751
14647
26089
22455
12974
10717
19768
15352
6889
18286
17190
15351
3534
585
8334
14937
16933
19037
19092
12124
5841
874
1124
22046
3690
94
24619
16059
8194
25231
11065
20766
4752
18566
2464
5991
9049
24710
13463
7679
2912
20134
19395
24477
23990
18980
3049
8849
9545
26607
711
13326
19665
22867
9550
11281
5618
24230
25702
16725
16125
16469
4783
6098
22577
9609
9711
5432
14329
8626
2446
12932
7770
13762
5633
5471
18393
24399
13195
23750
22447
7018
17852
18319
3151
12598
8853
11559
13837
9519
20355
13551
22654
7805
2114
22027
11227
23599
15201
22274
4978
21636
25590
5472
4775
24482
15413
448
9446
14349
11017
26522
21820
10680
4914
2101
17509
11219
25611
4066
5449
16241
18008
3348
22747
1626
16267
22249
8902
9911
16097
23480
1229
11658
11011
13827
9620
22104
5495
13378
25790
11679
26431
6171
14049
12515
23476
1929
16714
5209
22352
25176
14621
16090
22644
10580
9694
19999
26459
5376
22677
13903
14546
5581
12411
18634
8654
4313
8363
12656
25460
6501
12390
14889
22401
19109
3696
16963
2465
25608
17028
15748
8804
14574
8610
21967
11943
2309
3834
16339
10763
19057
24790
18646
11318
20225
4707
10769
17808
16085
10145
14626
23639
20408
18261
2893
4638
6331
24206
21457
7821
20223
25708
13784
20025
8329
22001
15386
24581
2980
16481
8791
12704
3986
22112
11347
8743
20314
4147
15398
19297
12770
10645
25581
2121
22258
13613
20563
24429
900
8577
1991
22151
7750
26442
1782
1949
13809
17888
9700
11628
979
2716
25769
1341
15945
2134
13872
2082
20049
1710
15228
993
737
3701
17771
656
2511
8528
6130
4160
21580
354
4179
20410
5161
4323
23941
6231
13853
25985
1705
5169
19265
17473
24720
14213
13539
25884
3132
24430
10231
22856
21916
3682
12101
12967
25794
6813
13458
26434
22658
4099
16353
4261
26575
7376
24624
25532
17819
9537
13451
14185
5131
2652
25284
3745
14646
9586
26462
23986
1417
18493
25058
5511
26481
2058
24115
7806
2426
25852
7663
21094
5926
19891
6031
24880
14397
5487
11539
24769
12646
19838
4581
2066
16377
6728
5522
25461
11406
21341
1230
5092
4334
8423
11667
20356
2925
6753
13602
22980
1490
26137
6846
23212
18018
22358
13866
21496
9094
11739
18620
19344
22303
16496
10818
16698
21588
19233
6451
15631
16751
1547
9522
17471
12761
13607
10291
17255
10637
12392
5979
23475
21554
19204
11187
487
8142
18913
11997
7120
16805
22626
6564
8906
4477
14655
6828
14559
4862
24364
23815
12206
24357
24491
8615
15848
3784
18806
22772
3102
4444
8198
12372
7338
75
22978
17676
15452
13508
12772
2754
11122
23022
9960
26338
3370
19801
2452
19615
17538
26006
17405
4811
25927
15721
23816
18272
9779
18577
620
17296
1663
958
13415
7618
5144
9629
2151
23139
25362
11164
1499
23710
1639
10354
14411
26344
17225
16833
17281
674
8428
22018
3444
13363
2459
566
20996
12531
25820
710
15546
19376
2378
6841
25858
10550
11584
23300
10
24339
3345
21689
18492
11904
9338
17115
1486
3412
18999
26337
16452
2384
6511
13275
18137
5351
4559
3601
19724
16394
7641
14810
21889
14473
24104
14074
3128
3836
24352
21039
1122
25663
25675
25272
9291
13070
26413
20541
9253
442
11837
18928
18288
8010
19016
25530
13063
13617
14060
14234
18247
7741
26533
12175
5052
13988
1754
25292
21140
25140
11542
12492
3965
16560
24628
2166
3438
6754
10900
9878
20249
19097
1688
3699
725
22523
1830
231
3560
14619
22560
20933
9983
19030
9412
19509
11034
790
25731
2194
22143
12555
18579
18057
8905
22916
26580
25141
16563
9175
12041
4355
7437
7996
15108
24348
6742
24915
942
10413
17299
25616
11423
15301
20386
14257
21988
25039
6872
14775
15054
17947
7479
21996
24397
18235
14363
9521
7946
21839
1967
7565
12012
20869
14033
4140
23797
5037
9577
15568
7725
9845
971
2128
2148
21790
21471
15608
4860
12127
9508
20595
9666
22686
15974
14034
19941
3216
13957
17364
20944
24693
4296
22890
24649
26517
430
859
25232
11565
14659
8544
13181
1926
6808
12731
10394
21380
9511
19613
2476
13772
6516
16061
13968
11936
4571
13429
3855
15245
14818
6412
6668
5698
2821
9528
7945
4599
5135
16076
25825
10093
5984
811
3281
17870
11955
26501
10738
20427
25568
22409
1533
12780
23391
17060
4016
6979
2456
18514
21931
7214
7631
25543
22331
5197
22257
11282
3711
1024
19253
16970
13727
23186
14752
15593
20231
11880
6169
18126
3938
3742
7581
3850
16847
23174
16247
14725
7344
10038
15481
20602
16320
7678
9668
1412
25077
9590
12270
7719
24761
24657
23927
17283
5910
10136
2423
11007
18948
23337
2698
