39404
9413
41321
28241
34256
29326
44071
21099
4064
15952
50484
39228
3471
6219
45473
34165
24319
9524
50510
45853
6354
9546
52650
49363
49510
41133
15931
1975
18380
41772
33702
20524
16529
19509
38994
5303
22610
44994
19715
6726
26666
18059
35382
7222
50083
9978
5424
42632
35701
4740
7372
10897
15320
12605
16369
36665
12634
32472
41856
44904
46623
39354
53498
12065
42150
12057
526
11044
45605
46481
52490
45252
12166
21637
33857
29179
36163
25382
31585
13777
12995
30954
50203
6922
4470
4489
45602
21396
5236
21416
21251
50232
4396
8425
53600
29545
6591
27983
8322
40252
31547
34886
27135
51136
20941
1707
26289
25163
43372
10186
36141
51085
20368
3576
10266
52561
47127
33838
5048
5198
47070
18631
18642
35645
51180
32606
50275
39333
32178
20391
31385
16479
24296
27810
14872
25079
13729
45308
35754
35444
5140
12385
14919
36216
25762
20008
25067
10052
39908
26090
19338
18491
10612
50568
21299
53458
19555
10581
26402
17777
38469
40282
21575
26161
42471
20548
39859
38432
35034
42802
15133
7290
438
23965
18665
24836
13151
46216
28845
28883
27442
28137
40649
31201
38275
4436
9433
28548
9734
27097
36575
4418
51385
15422
18463
26148
38859
36844
31594
19244
45992
15991
29396
440
17407
42589
18184
26157
50859
52485
1913
30208
33721
4724
18124
12980
7871
20512
49405
42587
47097
26556
15452
26686
46554
24861
41923
36800
4583
43537
45540
44439
44977
45824
4258
16519
42820
25360
25385
46045
23590
47056
29445
8227
22774
15755
3837
41971
42256
266
40482
31289
41239
1641
18881
14018
35617
18325
50177
15103
45152
50215
13780
40729
3774
21752
26195
10286
41101
15596
19697
46965
31188
51794
69
10534
34433
4881
36197
39462
28268
7166
35078
41565
21391
44440
41275
36031
12533
30094
35782
46265
34100
26152
52449
7315
49678
23634
35895
8301
28773
36429
15393
41099
50934
24536
32598
51212
53627
43830
52624
15313
28870
17019
12054
33737
28120
18610
45953
43846
10187
22648
19410
45239
20701
29827
46835
49524
16883
10597
21686
13952
12125
19759
19855
45385
306
16946
31093
23585
52427
6879
23335
612
7262
29406
14995
6163
6475
49265
6446
29022
4227
42422
21620
41883
15744
25153
12505
21941
43821
35059
1562
12904
19540
35866
13334
38305
36071
3795
22397
42243
6260
9572
4185
38403
3451
4273
40765
9809
45245
36400
38585
42870
14947
26994
2733
20469
52601
36522
30156
8366
36721
43046
25547
5015
51816
31119
21347
28067
46226
19317
362
39099
15836
11040
28685
13851
50174
9701
39048
50079
24780
40668
16530
9832
44079
21829
50647
5427
38849
19238
27306
1859
21321
24560
16971
1917
4484
4959
51597
16505
24884
24930
38916
25223
20090
43047
52154
45487
9594
17411
35414
21564
46813
28770
9816
40501
48753
48746
40404
15856
38577
8431
36188
5039
52556
29069
39449
21303
27569
29785
9981
38779
39248
42279
45948
43273
9222
5102
18164
7977
45097
45291
42436
25642
24814
43694
7379
19923
31204
28491
39229
40544
6715
22519
42563
30216
34941
18577
14971
32166
21300
30020
12408
5307
49261
45445
17585
25119
23534
22708
1560
39454
24194
6366
40275
38682
39362
29859
29224
42771
16266
10736
46035
231
13971
19747
41186
7840
39266
50916
34655
10455
18025
46377
28714
34144
15201
34832
25194
47132
42096
45887
28322
51255
50231
17567
36016
36464
28820
25880
38492
18537
26881
50649
18379
7078
41514
13929
18032
35107
4065
35012
16045
33953
22907
45155
802
8390
17380
10099
1615
39693
52440
34761
49396
35749
51346
12028
7006
20111
26172
8380
28857
18336
29189
34867
14871
36847
7319
33561
29752
29068
23224
35631
6412
19442
30181
9651
41877
26975
35365
26959
6594
22178
29699
7081
51804
29119
45859
4923
6153
34930
20626
24456
53966
44396
15954
7915
1802
21505
27647
35512
1674
20865
4304
7320
22348
43578
270
52549
1845
9946
18237
24557
14052
7417
29168
9318
28310
53608
9792
50521
34469
5389
35581
45301
29216
30052
4329
28302
39296
15830
42297
34716
20630
13288
102
28360
34821
45219
36002
25211
46087
19790
693
41201
35785
11992
7484
41981
23975
17281
53920
30286
32085
46756
24533
53629
52417
45746
18618
295
36445
20657
19568
31533
21690
24868
4757
51776
12394
36100
18404
18026
15188
29941
1125
15538
46234
39433
24369
34998
36303
38900
21807
34924
4099
45393
51682
22103
26538
39010
41862
50924
28157
25984
53683
44316
36295
50172
669
46025
2731
24607
20874
14980
45669
15715
21501
51092
3963
41553
8267
7993
20889
18945
15332
45494
49215
36500
38164
18078
4079
4685
9552
23888
51112
43278
41509
52522
23931
44250
12544
32678
1664
10253
45373
35912
2787
15928
22695
33816
14875
3899
48046
25753
20594
40257
1176
44119
39187
9823
1904
39009
8096
18469
36260
15252
31927
18205
3850
15306
39447
21185
28913
46117
38754
23232
34281
45179
25434
40006
45071
49415
28164
42080
45345
30245
18214
9344
22789
5302
824
1742
18001
15146
19237
5280
12511
20572
34827
20545
45505
35216
26830
20913
19095
27870
43138
31087
9293
18668
51628
13857
1812
29254
1764
19548
4823
36356
19322
34045
28379
19008
30951
42499
12274
46608
10592
13265
4234
26093
9199
15961
7439
9494
41469
34490
24509
39632
17610
35416
19425
41178
27595
15721
1613
21017
90
51237
8110
34727
43463
4964
51409
34634
23618
1643
15496
45838
27110
36468
4872
32039
52204
51239
44392
44261
46514
50341
29039
4383
27994
35348
1824
20116
43019
15423
26512
18879
11084
19002
45013
35956
25651
21867
54018
27432
3980
16259
32112
53918
49614
42601
24912
4731
9459
20173
23384
41626
29061
25210
24881
35832
23866
44947
22846
41793
43035
23858
20493
45298
20908
27183
19704
22702
34053
22385
4989
15061
24928
39331
25060
39740
38472
10301
38313
39685
39072
16277
43195
28572
4655
35269
41478
4498
18321
41863
34829
41286
33612
39225
23531
20363
35327
15565
42822
42225
45735
27957
6923
46556
21813
19888
21621
18044
53611
16264
24417
198
502
10590
47243
18729
50972
31543
41777
5022
445
8284
17650
17836
31538
21327
42647
18284
45408
18225
119
3694
41874
43249
36702
22692
29031
169
44996
19412
18608
331
22715
35662
25645
14079
17804
41758
18115
12097
20909
51130
21029
42874
22864
36347
23872
38289
45770
13218
39830
33957
15797
38593
47000
14095
19283
36238
51019
40934
50466
10259
52600
50650
7335
36000
29246
24599
19374
27568
24047
42406
20261
38938
22524
40925
9400
9926
29097
17338
21585
26112
39147
20719
1885
18875
45694
8034
34296
17981
42537
36291
5137
17601
15483
367
42831
28273
18175
24981
5033
26387
29073
44480
51512
44876
53662
23578
27687
43518
23355
45726
4318
15224
39595
31067
10993
43381
20930
26063
27325
35859
23443
51161
4633
3862
18887
2777
51070
36565
34390
19141
31565
12046
46314
28431
35424
29447
18048
12161
19515
10149
24779
10354
42000
1152
45411
24361
1948
17806
26010
52148
41299
53473
35451
39683
19640
20671
33850
32029
7012
38277
53522
45696
38288
7669
28734
40913
27980
44420
21123
51517
18656
39181
43252
22197
23398
16070
43927
13014
22449
43577
38512
24452
43266
25551
7098
24475
23238
17810
21997
12623
50591
29095
20645
22212
34365
36023
16956
13177
13202
9615
6169
50806
12869
43588
6682
1606
49258
22395
43166
38917
31155
28889
5111
28193
12516
28201
41381
36571
9855
45716
9924
15373
50176
21175
23980
9953
29399
25991
51059
19545
42083
21738
20746
23286
46369
43458
24597
23601
19125
8391
52606
33799
541
43881
49476
29459
52728
15398
22542
10681
34228
29222
36307
51663
48678
42994
10835
29973
21548
18295
41328
51496
52619
13981
46200
43901
38544
22331
7004
32688
387
39253
46086
14953
19062
25297
46321
10655
21577
34542
33566
14888
10312
1184
17360
50607
12026
25643
41522
13252
29048
45324
41864
12314
53804
25440
16350
41512
41906
22446
44895
40403
21642
40351
17492
40336
46196
22299
22586
35974
3799
46228
26599
48774
43438
52612
41799
14950
41802
35278
33980
25532
9998
9957
24026
31178
42276
25246
45182
36621
36181
17418
12727
46637
39977
28367
53815
43028
40400
7351
36829
29281
42266
25765
22314
53578
23231
21506
50141
43663
10595
41112
50285
9721
9616
9246
40443
41599
4312
16539
49669
13713
44938
44118
4485
7386
28823
30023
33489
13723
16896
42910
17762
17779
27694
53418
29487
6396
20920
25149
49306
22370
40905
29226
45755
20411
29244
27747
27748
38127
29896
20533
26778
28210
1862
8226
15216
27237
9342
50775
39337
12898
41603
22593
7118
50218
47119
41873
23607
31546
13227
23915
39025
5025
40263
44096
38458
35536
8117
25423
46907
15571
88
29939
50471
28814
10067
7981
40315
38737
28019
33795
44906
8032
8108
21054
3526
4904
46445
25983
53476
42663
9353
11953
46336
43926
35777
42069
46134
24471
28789
12139
33992
706
5396
15523
34497
34809
26856
18347
49688
1610
3845
31557
46748
1689
50497
24257
15281
35081
20256
33576
17973
22244
29532
39204
47247
16261
27526
10288
29750
48082
50600
53869
32646
12891
21822
44365
26266
44466
22598
52222
19670
10368
21995
10280
30002
4438
10749
24524
29490
17564
50531
28701
38194
24294
31504
6800
32036
51814
19830
24080
1924
6444
48670
12363
38887
15451
9640
38408
24382
27919
18488
31480
419
29327
39503
34142
12434
3598
17985
40696
29733
25928
12947
37
23544
6679
6271
23490
35712
47197
21664
18091
7907
29261
47004
20644
27004
3900
3830
27658
9480
18475
34976
35220
43943
10484
25364
28606
52654
13388
50873
49644
41601
9839
20333
28300
20437
20911
43712
4314
45247
41591
28023
41742
29696
50189
53634
15130
1882
23518
33763
7423
42721
22572
24773
52198
51189
3671
53782
17147
25455
41022
29873
8216
23360
39981
4109
51076
32602
18493
28520
28269
52489
9901
17003
7396
23605
32539
6151
40452
25454
9776
31570
24012
8116
40469
29568
17138
40483
25137
10614
24980
43485
14890
187
777
53959
12627
35537
3575
43392
51574
41609
24583
4603
46039
28546
17648
40484
41926
4267
43288
40885
27577
28944
17238
2752
10106
25362
26545
42669
20348
43491
46273
38582
1863
42701
41440
19641
51264
34616
24193
29513
13641
41163
12404
7766
27855
26097
47101
13779
35165
43077
53744
1870
33571
32187
29536
35183
7349
34489
111
24216
10195
19280
1567
23435
36314
28599
50659
46661
50374
21171
53726
43958
24227
6557
7555
13171
53682
34369
1891
28529
44870
27187
35881
14014
29132
36704
25671
18770
13002
28148
736
52494
39416
34087
16031
4296
36399
34028
52278
28280
5049
48707
25863
50133
35333
9906
7370
48760
6453
40267
18309
19635
33581
41640
16383
26416
29998
22145
25451
22209
10196
31341
13415
44136
20479
34222
42117
26902
17729
21882
41519
24650
40387
10568
25575
53769
39075
28580
22743
19250
17392
31587
43154
19922
15492
16423
3754
21729
34760
1150
30999
12675
45714
43430
29301
45333
13081
10488
3464
33814
21252
4704
7553
1929
52653
39234
6245
34395
50745
36539
25064
46750
36722
36955
1711
24133
33541
7308
43313
31561
20665
12775
29378
22343
7366
13833
3731
42252
38449
17563
28102
40644
46943
9653
18266
25866
24189
26381
19651
4483
18065
44368
29477
36570
30979
17259
16917
25479
39308
28727
1523
49693
19379
21350
6497
19140
22658
27888
7340
46495
28327
3691
447
15254
18814
43411
39528
50468
41177
50893
39244
35679
18553
25036
9753
25507
50257
42957
17121
4087
34519
41244
26990
45300
50281
42009
22845
10704
10292
17112
36431
6963
19471
15750
17971
32476
22649
42039
15294
42460
20586
38425
4472
30008
29763
24460
1583
17946
4575
35935
53516
13215
13546
25919
10823
38902
17943
3634
6889
22458
41899
26317
20885
32088
47187
41441
314
13547
28594
24954
17991
49368
32492
29761
50692
42092
15325
46966
18519
42073
36055
14137
46918
44948
5372
13130
588
25320
8250
42079
52501
3508
801
36613
15319
9454
22059
796
41289
35568
18500
4158
38960
17767
39598
19355
7654
45665
27078
49244
4150
39280
26073
5337
38977
51485
417
28361
50534
27270
12397
43951
35861
34749
1501
6686
48689
235
7187
221
30018
20910
38946
38185
877
36437
53575
1180
35635
25240
51089
51367
36630
15485
5225
17852
36426
6672
42433
41653
6988
5413
28916
22041
1963
17244
10921
49304
41648
9862
38983
4123
18136
21449
50121
10432
24815
34324
17588
42564
44389
12149
21465
53490
41638
40168
42735
38897
5304
18178
24748
50923
40533
44915
3893
4431
29920
51444
23319
3748
25673
40439
4380
53504
24610
19891
45218
51066
16510
44879
30293
12609
7686
19470
50099
41024
17626
29157
34678
13836
28244
22228
20074
12049
6492
12622
25185
1763
28314
17519
46793
51098
34842
1592
34677
49624
10180
29916
38428
28328
12977
45646
28425
25691
13940
10127
12461
13611
15288
12612
40383
19743
42359
34959
40993
22526
53582
30152
11956
38282
35656
18765
35807
21673
27877
29104
31359
18023
30121
8263
4029
9379
40186
21178
21946
25903
47259
17916
28898
10588
13461
34111
41100
13664
35453
50391
6374
5252
9474
25689
12103
26095
15465
51068
42351
7546
9312
25005
19468
36456
35698
6839
18565
40708
50329
44423
21072
26475
26549
4052
41853
33931
43803
50400
19531
44482
17989
49483
40285
9725
40701
21305
39657
35828
29571
44077
49655
10525
17420
24949
10076
6989
5203
34746
39860
46177
9738
46753
48691
20484
19276
11960
50478
24023
596
24920
21390
13629
12224
53505
35458
50518
21766
38588
12871
24072
12929
30009
25059
41946
24585
1541
19107
53640
19701
43107
6705
28207
41538
20171
13329
24999
9947
22800
3971
34051
51322
35981
20233
44251
51578
6653
34434
34558
4100
26015
17592
34612
19578
13932
9996
34526
41168
6804
45693
46301
24493
44217
7330
28931
24494
50950
29854
41717
21093
714
4351
29508
26306
50636
40726
24874
45654
20614
34794
18632
34334
38694
1911
1912
9431
12919
16368
52186
39469
29120
32705
19285
43641
27434
9931
12100
19323
9392
21290
15298
42313
43569
18171
15547
9202
7337
29970
35964
38135
53416
12527
30950
39264
21128
10882
24038
51060
9366
34393
40188
41487
42265
15227
23865
41833
26433
25235
28560
39548
28888
10221
19155
19159
5160
27468
861
53525
45159
22480
7946
34410
46609
53971
6685
52155
46073
20010
25597
50618
38989
23951
34235
34050
39109
45107
15442
7613
42046
50965
50448
130
10251
25236
15805
34094
31471
31465
42660
27249
41836
50749
3983
9272
27203
25221
4976
7903
39941
46484
53412
6250
51632
13414
32585
22312
20901
45591
5353
28589
21860
23284
4130
44188
7902
18150
52560
29144
12335
39476
5326
17586
24000
34439
40844
6276
27831
26815
19201
27271
22214
39500
50596
27738
42128
21059
32050
36255
5156
26780
18070
26115
4835
43242
18973
9600
9305
46744
35003
40169
43523
8123
29220
42591
18922
20652
5056
17835
33808
45690
36315
43551
21713
33786
43274
46431
53587
1505
18508
21904
5152
28751
9835
25767
29368
34179
28440
24027
29364
24661
15243
22334
40557
28892
13370
4711
20624
26452
370
10182
19181
51422
42377
52547
50095
53618
7790
4354
39020
22558
12278
23521
33715
41446
43887
372
20394
29293
12263
12405
4254
33521
34808
13137
44999
27457
36258
26923
38
9315
40451
45419
43337
40294
33855
25081
51289
40966
1564
41880
29570
33578
1737
5335
15696
33971
9805
29289
35555
21699
45628
9522
46555
27656
214
45902
34405
18752
23241
39007
4849
35475
40970
20968
43367
34855
34898
50750
36328
10308
39332
12900
42604
28717
28716
42584
52476
10154
27621
4682
25603
52190
50104
22830
1132
25319
4888
17062
19965
24235
21183
17198
9980
17
29346
51633
30277
45503
44394
24437
18364
44984
30241
1515
20402
24441
42277
33503
31513
6891
18743
4967
28182
53773
43327
45173
19054
3856
23970
40960
4686
32494
35282
32500
36322
27119
31938
19344
30103
31260
238
29693
28058
24605
42020
34672
36948
5047
44167
26444
9621
4559
44121
42032
26322
23359
12909
46383
25078
44892
20302
294
9290
22363
41952
42356
16386
22464
17008
27930
41845
15205
36634
21207
42017
13
4406
51074
34765
23440
34717
15600
22538
18043
51306
33764
7180
51733
25449
4661
23288
10089
20650
14921
50523
29799
28015
6903
44464
53774
46499
27147
29000
18480
53961
21051
34492
7361
39163
14129
25148
12838
50908
46912
50759
36754
30072
38860
40428
24071
13658
12151
16054
3978
17624
7332
48770
10977
50407
17551
39322
16420
19197
25898
12551
