6757
16565
1085
14060
34355
20191
38641
27832
2612
17698
4292
28717
23562
19652
20936
19146
23253
4057
24796
7287
20118
771
29214
37871
17222
12756
6719
2864
3113
20496
23676
32278
9513
26526
3684
4357
22458
15382
11259
35325
5892
20537
3936
33273
40519
16279
12403
11774
39501
13546
8631
24115
38944
34406
19974
32497
11935
373
25595
1634
1083
4791
6470
38027
4137
7318
39642
28505
1277
22863
33556
36022
30472
34205
7897
16423
27720
24298
8986
16725
24614
9942
23483
40537
27895
18563
20590
40367
25237
29491
34685
6855
13055
9299
38166
20973
25151
16188
8622
2827
7717
10587
30131
36458
30838
38286
28720
9564
38945
23374
10130
15283
16233
28158
14686
6378
37650
9937
36639
26876
8290
13134
37911
27659
12718
7807
32127
16389
26131
30185
13407
33400
35292
20006
32785
25946
13778
28597
22454
39131
19161
25049
4889
16975
15831
30860
39759
29137
12087
27704
39301
26175
17890
19429
29684
26978
10345
37451
38646
29807
11355
28430
29366
29663
30701
15148
37305
3315
31743
11501
36328
145
8135
25107
1626
15173
4758
7970
25258
33858
32699
13395
33562
12593
19114
18324
24589
14527
39884
35931
1832
9925
9134
35088
7915
4926
35745
6338
39044
39628
22839
11055
37088
5035
33471
34799
2345
33853
39401
23578
9632
31685
7326
8406
37207
9719
1000
37483
13302
20196
11499
23552
13071
17161
1976
36869
16357
36293
14771
8920
17342
34113
9680
4163
4276
12106
9492
38609
23477
28117
28688
8194
15340
14891
7938
40699
37187
29026
14271
196
34483
5040
34561
37729
16023
11160
26253
30966
15252
11502
34469
25913
33957
32939
6797
24158
2348
16562
11345
26785
21771
21307
470
40028
33560
36900
14954
15247
18169
5096
16610
26405
30197
14536
39299
7679
39736
20751
24191
23249
9609
25556
6539
18736
33161
38718
39771
10933
8655
29131
33398
10438
24608
28138
38972
40618
8479
6486
20898
21934
29447
28475
37011
16144
27836
39454
23298
19299
27842
393
24925
29535
15569
317
26744
4294
38478
36919
4104
31413
14387
21974
32291
14868
27952
23506
25517
15611
7371
31669
40545
30062
24972
30460
14298
9995
9188
21847
253
29257
27267
18825
31837
38953
30242
9715
19890
37663
25137
6751
14231
27626
27268
36239
36430
12935
25359
3447
36351
33490
9708
8310
20233
40811
25442
39712
19888
11402
25314
18683
24510
19884
21368
5045
5483
681
5361
16803
39625
33345
39369
31255
32710
38289
17004
31335
12308
6024
39105
39866
14363
39680
17487
21619
9506
38177
20136
28077
21197
20879
20362
22853
18940
34735
40039
14693
20560
2703
30132
36168
27826
23554
4250
30767
6734
14486
37656
17628
1296
32696
29704
7321
34027
37386
2161
20874
23795
7621
18487
5414
40809
16964
23038
3199
20114
12735
7723
11671
35900
19645
22127
16309
15589
1324
13181
198
31045
15638
23112
19643
35904
38800
36063
1017
4491
28048
10700
2853
15572
38834
6488
13438
5242
25247
13087
17834
19779
19484
8510
14290
13021
6888
6670
23105
11713
14646
36654
3180
14515
30165
32395
37758
1295
14377
629
30444
7677
4371
20008
3793
163
34618
4815
38978
31267
33963
5628
36154
23682
40822
8450
29815
21492
26618
15256
11446
2713
7670
26749
1767
20692
1803
4865
28832
22701
20829
15680
27284
11622
6585
10177
5088
13413
16811
21831
19485
12656
36459
26059
28837
5959
4526
40103
2251
2720
5296
34080
5290
32091
22431
31385
20072
38700
908
33399
19896
20134
16213
27745
7298
14904
30379
40431
27350
35440
9390
395
18836
15136
11656
10926
26042
6762
25916
21098
32282
38869
17284
17056
9102
6275
32065
26063
28037
85
27388
8055
25704
6163
16566
18283
28275
19750
5052
9406
20680
16065
10206
35471
14130
20436
12260
40050
31066
26697
40263
34112
6639
31687
9529
30451
16949
31444
23005
23312
33046
1770
28728
38650
30167
24428
32292
25171
17579
36908
1821
12233
22727
24856
18573
28642
14772
16828
25565
27873
9152
7557
35205
32638
24018
39987
6557
2099
2324
8123
40674
2444
33308
2365
10074
39775
19771
15397
26215
7110
36236
17652
3916
7740
20373
20649
20137
2796
6987
17532
32298
20288
20331
6042
1432
13591
10611
16270
6041
20102
16662
18377
8900
3319
20175
4315
26399
26866
30693
37575
37316
26066
16227
26792
19345
12496
30277
2805
6209
20644
12876
39825
36608
21105
16881
12677
40559
20171
16220
38531
35201
22383
19855
26778
8597
1253
9860
7322
34264
34543
35371
34286
24703
30815
36016
3138
3098
27978
22115
37033
12303
11797
29121
1829
39015
35097
11691
33536
23048
13967
34020
28553
24180
21729
29094
37017
37225
6807
31647
35803
34046
3331
10572
27298
15743
16184
37166
5943
29311
26263
26685
38411
32596
6843
3841
25410
22982
36946
7703
24730
37705
21875
38497
22049
20236
11615
3561
4381
22866
14776
37581
23663
4038
26104
5016
3671
2613
38643
31300
34162
40254
4487
32284
30760
14110
11382
1662
13261
5793
26569
31327
28237
5620
15391
35013
20943
35660
6386
16123
28603
37279
6628
23460
15192
39919
37130
2816
11069
9099
36906
23581
34583
11053
29052
6158
38793
27334
27158
14447
25641
13343
28851
27747
16395
3790
37996
27011
23296
30534
13155
2478
9581
16121
4325
6225
35411
33889
23027
16066
18751
207
40357
17236
33131
31126
13052
19895
33472
8254
11803
15899
27547
35813
13149
28007
34898
26887
15839
20264
29799
23796
17776
31917
786
11477
34845
35648
12548
25257
6449
39288
7420
35302
23039
33032
17294
18797
3034
36125
37842
11077
24178
9409
16540
38622
17816
8713
17110
31673
27637
22451
29746
34511
16172
40701
2772
34646
33188
27337
19014
28577
40763
35845
24200
34856
10908
40455
35502
8522
12097
18732
39762
20034
32400
17207
21310
29469
18218
12898
20651
35122
29445
91
38836
17530
21939
22560
28154
16240
36914
7208
24068
10981
32602
21070
35671
19452
21717
32017
32209
22908
25998
40771
34030
6476
25130
31209
17665
19435
32611
6942
8841
18935
31587
38927
28997
10053
17947
25133
20119
1851
2406
36454
6018
28022
3798
601
40508
486
31940
21554
9992
3876
8945
37959
1988
7853
3896
40234
5726
39818
13003
1671
6460
3474
37067
27495
533
36462
15870
5139
8369
24321
36165
36843
30868
33373
23042
18067
35713
28631
10371
26799
37875
18972
521
30458
1587
6233
15406
39774
32050
20646
22091
8829
18906
37967
10605
24600
34736
30375
6164
8346
18327
10445
9005
3901
25228
32386
33016
24542
19320
7437
38557
423
1633
37913
19694
23998
471
31761
39707
8585
29272
40336
37476
20424
39164
3727
23719
22232
3783
27380
3112
22409
37662
34019
25015
15945
19780
37403
14251
19289
13072
6693
23492
5629
15347
28503
31578
23514
2353
28144
21733
27716
16639
20303
22165
34114
30407
34763
15553
31342
13593
37892
9738
17894
27516
4204
30809
11218
17288
22471
17462
9865
35703
19078
1186
34978
7956
23893
32921
15305
9813
31483
19385
4241
25845
35821
22135
20086
13504
11779
14313
18985
33370
1144
3013
21930
38681
17171
34673
30869
26098
22714
2718
23745
20178
25535
21080
35862
6899
34068
22225
10340
4727
40563
10426
23141
24173
36413
16857
15126
6332
23281
16314
38349
33101
14867
22794
13093
28198
39278
36390
12564
29066
11030
2747
479
11468
8154
26278
1349
38912
20143
34826
24194
9169
19576
733
37898
39068
38474
14434
18559
22940
8101
18363
31960
35008
21813
29875
7266
10956
7411
3993
23054
1682
697
3367
6603
19770
13289
11373
23406
26637
11327
38691
2490
23117
40107
17569
23058
40485
1204
36077
35670
10782
22425
16663
5741
20623
1863
29622
960
33176
34488
37218
13562
21258
32798
18954
4396
13980
29509
10215
4845
27118
28924
19666
17178
24064
26072
30954
11378
40010
38731
33797
23419
5248
11329
25817
20717
15399
30990
26868
28982
26972
13800
7509
30314
33309
17179
25599
31405
4632
20326
25890
17577
26172
10000
2232
27482
365
9449
38228
20035
28459
9558
21404
36238
14559
35017
37290
22133
31622
35357
12469
25924
1532
3364
20970
2996
9430
14751
21685
9135
11015
7946
32951
35121
6967
31603
31570
7299
790
1808
32586
10542
7394
2793
5440
40392
6191
9050
36555
20345
31766
11813
22416
19093
15905
24873
30456
11089
334
15703
12763
11944
6206
35339
7531
2606
31893
7421
852
29606
37286
29196
12347
2836
34740
25011
26996
32097
40062
9859
21343
28283
28319
36625
27457
39497
27026
26331
20468
3842
11994
37742
18444
13839
23063
29391
12667
27568
13776
1659
27310
34694
7571
37136
584
22985
31938
26314
9831
37029
26520
29206
15334
39004
38342
16899
6417
35596
14404
34919
39909
1860
5356
1776
24986
12273
30993
10998
25987
25127
21587
5762
7068
439
22941
5272
35786
23244
34931
3637
923
16150
14183
34031
7785
32984
24515
16002
15708
12527
15082
7270
27494
22475
35624
2068
8068
32304
37283
6212
24107
10210
20216
21493
12337
37982
33863
23322
13725
16774
4224
4730
1885
7926
13200
12388
27483
26222
28201
37540
39993
2294
658
33505
16842
5899
21962
23361
18338
35356
6438
2093
38047
5601
4898
16894
40516
37058
3601
2719
28864
38452
38970
7813
28784
10315
5460
7536
369
2855
8496
18078
26983
38343
13285
24128
35986
2590
40799
4129
38585
34017
30072
23139
18048
27037
40432
18759
29547
25988
3103
38167
6290
14890
27510
11768
36219
11084
7958
35700
35865
38489
6944
38417
16769
16848
5582
22970
413
15044
30176
33627
21213
7819
38328
24702
6116
25563
19849
12369
26800
25886
40643
17501
15043
31700
15804
25513
37198
9821
33459
33589
29353
14095
11901
2616
30563
6564
31694
28119
1510
16525
13164
33129
38813
16781
30821
36318
21508
15745
26436
1971
34552
25787
17969
12638
35232
4929
28935
34601
1577
9951
10016
31179
27917
11742
37091
30899
39196
14524
3959
1859
40467
30645
15087
24418
30582
36027
27815
6909
24999
38983
29299
2035
31488
14316
10066
30943
19739
30002
25438
28650
23883
18615
16057
24657
2433
508
27755
3665
985
10129
2051
26754
26157
33181
16466
11270
1207
22976
33421
11497
28363
34040
17152
4724
22730
35516
30305
13439
24219
31535
29706
16432
26945
27979
40016
24699
3003
26151
12004
27580
19497
9647
38190
14831
3538
1119
736
20519
10240
23845
27538
12160
29519
25318
37718
1457
40506
31416
17873
15777
3875
37770
15388
16226
15691
38000
15817
14749
17884
38711
28983
30694
28051
5773
2157
34292
29240
18298
5707
2212
24811
18756
34485
20957
48
8365
20381
29685
26877
5086
21060
33291
12445
20741
32911
17472
23567
4816
38917
23958
20807
24019
27312
15282
5484
35029
35765
17260
40191
26404
6607
17392
17639
870
37228
16214
8942
19118
1116
18713
1293
33795
26349
6070
36073
33648
40342
9640
9262
26518
35311
14145
14619
340
33766
38220
33924
26033
39700
8196
22716
13786
33573
272
32966
28269
40708
10923
10799
32888
16295
37787
11630
39686
18607
30584
11705
21920
8502
7187
12746
33568
148
15104
10234
32924
32938
34494
16418
28492
26823
17940
2244
27805
32144
25914
39184
24841
22625
7574
39769
34269
18556
22444
19235
5437
11119
33784
36846
28227
22360
17978
15560
27757
28094
35839
22523
22954
31901
4114
40576
25463
19225
32917
10571
21967
19188
33486
23810
4459
35730
6200
17916
35873
40184
14052
40317
21136
27396
29318
39870
9333
34354
21014
853
21692
38292
212
31039
22923
9293
17048
21805
24524
10060
7704
33633
2273
8874
35159
7951
17202
7095
29825
2047
24878
3799
26550
34351
20538
8856
35762
11621
22404
29420
37685
13791
30777
21855
23367
17991
33672
28615
22522
4748
9343
21195
12444
26549
14959
15507
16003
31598
18232
1893
7165
25016
36856
5118
29078
16165
19252
3947
16107
5727
36993
14426
27864
28131
39715
25709
20950
21916
20429
12603
11525
23494
22896
21442
20492
19228
5769
12306
4732
21911
31592
31990
28647
2143
25360
28212
36826
20106
38021
9607
247
2517
16830
2473
23938
34444
10014
4312
33033
35344
11340
5312
6601
9355
663
23921
17895
22872
16278
8864
28629
14918
13610
11182
26824
33294
9927
26853
1548
27680
9625
9251
28530
20637
29951
39570
8847
15248
28692
37427
32760
24017
34505
27486
18585
24328
10364
5643
12103
37246
1236
28285
4728
21542
21775
10655
24923
28537
39236
21683
13714
20687
13691
2330
16370
32023
21182
8341
32656
24004
35026
4069
22187
34096
9844
14303
9427
94
8471
12038
11455
25935
25373
6394
113
23901
19604
28205
34149
39710
27562
11393
5209
37068
28588
31357
17966
32111
23915
29084
12335
12299
39160
3921
32257
22042
31081
11413
35529
6372
1217
15794
21529
25978
6971
34301
25085
17139
28012
19925
221
39828
27971
39373
39992
5710
34679
13170
14880
495
37364
28626
26482
36865
12509
926
19464
16496
21667
31629
7963
26034
730
20088
10296
8476
23626
25312
33605
4844
8579
38807
2638
36725
4610
12792
30329
13369
14911
12463
20536
27342
28372
2995
38618
35754
29417
17749
26692
6349
19549
3912
1329
499
5806
16619
36994
21247
11256
28812
7663
29123
25006
22050
7096
17510
6931
996
4563
35175
23008
11109
23286
18021
34573
22348
23240
39743
13173
6943
7481
32856
21820
975
26564
27995
25386
24423
11553
29248
40833
36621
32971
22711
33395
12657
26737
24670
11737
28842
38820
6805
6266
29404
18129
30636
6534
19173
12183
16289
1257
31926
31992
7748
35692
12914
23661
202
8509
7613
28292
30135
13461
6529
27654
13560
4778
8210
15307
36429
10363
12322
31310
36792
14778
16792
8067
35831
30152
27813
22993
28373
35729
30833
20016
35131
37409
11543
37048
25384
39904
29940
23978
38310
32805
23947
35571
23170
17582
28440
9078
14463
9901
7486
27252
11474
27820
33653
8215
39306
33254
15139
39593
38410
20825
15802
6966
26921
20591
34924
3197
4093
1067
35466
38278
597
25831
40636
4320
40552
36080
14907
12980
28991
40222
33778
12853
15454
31804
5610
17682
35946
9257
14699
22630
3714
26722
4935
27987
7426
18777
21480
35207
24277
1990
28494
23838
30326
8076
5978
39351
6543
3218
7353
33060
5984
21868
19789
30416
416
2664
35910
10514
28127
22429
19527
35876
29079
17009
20061
26705
18435
6993
39098
39329
26286
10860
36544
10958
21940
20514
36206
29030
7930
30257
38407
33281
17344
29395
10780
21878
6526
21794
33927
22378
14720
30280
3505
14270
24241
29572
23668
9826
11200
18502
1484
5450
32259
9126
3402
20584
10137
15374
14974
9567
9808
9981
13638
18315
16245
23224
38890
32666
7447
13807
24687
4940
34727
19377
28903
11782
7558
9377
11587
9775
14678
32178
29944
1068
8122
2792
14320
39012
27996
33677
4837
19817
7196
37608
1297
10879
3338
13233
37064
39567
26540
38677
343
15045
32489
4136
7309
1747
13463
18034
26781
972
24208
32062
22013
8848
12034
32220
16185
25717
37024
17716
12238
18146
40587
15288
9322
11876
24461
481
29037
37991
20764
26380
35243
4975
33478
22876
24329
21999
26727
31317
18092
35583
29702
39587
35462
15038
33089
7516
22816
8838
3769
12919
13857
37728
17993
19720
16062
13688
38809
8804
19628
22488
18138
8504
33156
27048
14431
31063
5307
34138
38371
16916
34752
12109
32157
18809
5348
36552
21964
38595
21216
9730
30914
27421
33883
569
570
3356
19306
27358
29818
5087
9264
17001
1703
22735
4825
26641
18922
3219
36368
414
9783
29722
5314
40386
28977
36360
32614
19667
15224
33986
22672
1551
32664
35025
27492
25828
8507
2347
34085
1004
37613
1429
39563
24562
14327
29715
18795
39633
13103
14677
40347
6758
26332
39601
35798
36806
32662
4257
4763
20195
25516
15596
35430
12530
34663
25993
15549
10487
28509
9786
757
16626
20546
13565
24053
1308
11614
4575
8677
11640
12062
2593
16397
21852
3139
17327
16050
33224
30020
31886
3145
12230
20787
23636
32286
32439
28598
28194
4707
5331
35937
35773
11943
12248
30669
1378
9462
36832
11313
33514
5293
26941
18226
21375
15317
29686
936
8321
37915
22426
6890
27165
19113
32824
24294
38423
5387
24276
18011
33829
2049
21416
6447
28999
14482
13603
37348
13617
13872
38723
13482
40026
6778
32407
4420
4383
5028
34128
8570
11458
695
26633
31188
34170
1846
27765
35519
22902
201
29449
18423
360
32628
27032
7395
38030
3524
30728
834
39662
33691
10232
28272
14838
24077
2311
30010
13904
14149
26566
15551
32428
18814
15489
14539
24141
15144
4494
14127
22340
20165
11880
5267
17217
34907
25246
30978
13664
19638
21577
21778
22269
27635
10629
32912
15642
3170
831
34173
36446
30077
11061
15367
11505
37255
12831
7174
31679
31616
22167
39272
5961
16494
34759
23951
36174
7488
15844
25199
9600
15925
29643
6813
2579
1469
9931
25098
11723
10471
90
26006
31286
39187
29461
38045
6183
15808
16410
6080
29498
21797
2389
7867
36179
35291
38626
40488
30163
37013
37773
1756
39756
39150
31276
31210
9742
20815
28618
25957
37940
19370
6022
19863
23523
27786
24377
19865
22628
3290
19180
39733
4907
16688
35944
16661
9093
31583
12226
33540
774
23136
10720
21899
25715
25484
26733
35259
28306
12960
1057
23173
26440
4270
24465
1777
40803
35100
34462
1409
37006
26470
34939
36796
9526
22253
20927
13288
22840
28682
39917
24757
40850
23797
9675
19664
36746
12782
20655
19325
25403
13437
24469
10040
5132
24169
27742
7634
25462
22617
22026
1999
13517
30027
13639
7757
6474
38105
4394
40239
31825
13608
18654
24364
38889
17015
18150
11617
25697
23843
38682
23437
17591
22568
28378
8757
30093
15767
33024
15197
27428
25900
19129
280
25208
12737
9863
28331
25206
24675
17230
27110
7913
28927
1609
28102
17146
19288
24397
424
4949
10942
11809
7252
34255
2555
9383
5539
38779
13152
30797
301
13580
25354
40229
9452
3885
35522
11556
18296
12780
8069
37822
33417
2065
35572
10083
18141
7713
31496
28439
22322
12754
39860
2852
2564
15918
37177
39672
16954
17914
27287
38031
35899
2148
28370
39985
27975
14722
26536
21203
30980
37182
37273
12383
16186
3979
36767
29047
3613
35967
16906
12654
14332
33583
13542
33461
10307
27552
13399
4377
13506
21689
30067
21250
17612
19619
6766
32128
20293
17450
14960
27647
12890
9393
3610
10899
12082
20830
29140
23149
2654
15211
12353
2762
36505
33525
4134
5048
40446
26045
27111
745
25884
37697
5536
29826
20862
11492
17274
32872
25880
7715
30144
10592
32825
39378
13897
33364
26310
15761
7443
37802
30150
3027
4875
23898
15318
2203
27717
40237
28987
17317
19351
7941
16363
17357
22597
31374
13303
39415
39302
13713
14718
30140
19203
24948
21234
3460
31234
35996
24223
26232
38859
3645
22666
28495
3257
3627
22277
33789
1034
24632
3789
27956
18812
589
33667
33828
21915
24994
3997
23657
11043
10768
2482
644
9141
34214
3185
28845
11606
13328
40778
31500
16032
24710
19279
23467
38503
25317
338
4483
26529
18046
296
37355
13906
35279
5184
38313
18441
36381
16757
24006
36893
27064
29655
33679
16878
21225
31871
6227
5456
6694
1407
3406
23145
238
536
22245
7746
29659
39632
21418
10419
10693
26439
37891
19772
39109
2548
96
5416
5104
7718
9431
40585
36000
30649
28980
9221
19601
2405
13300
18858
24624
21684
31889
8747
40032
39932
39817
21305
7336
15452
9027
6122
29798
8424
8399
2412
6514
8689
19620
35153
2248
587
19217
988
1987
2605
2875
40029
26255
36201
24673
29896
5990
37902
22740
36667
38872
26065
11730
25548
30470
10522
27784
12984
38143
39096
17535
9698
20455
21478
21033
88
22320
17568
38085
30928
38506
38615
32441
20508
35544
6130
8263
11683
15106
25284
18095
9654
16416
36044
33737
5439
23850
20523
18887
26554
8650
17918
34906
31682
14764
1831
3707
39910
9468
7489
7672
25018
39370
38685
33591
19040
19477
28156
39156
1317
17386
1121
3215
21134
22621
19201
16244
36453
13287
17002
5670
10044
9671
8896
10280
8390
5810
35190
7206
28332
10672
638
20394
33731
25036
9764
30616
25557
30256
31768
14888
29274
9570
2335
34975
1991
37501
27292
32579
5599
6677
39393
22260
34169
9725
34720
261
2552
4951
37617
16124
34334
19139
30312
24279
12815
3154
12867
33915
26679
3342
38485
16151
6992
32834
18988
39271
9733
2121
13386
28202
22552
22215
8687
33152
34498
14931
11596
39286
22494
22329
3226
9491
513
12316
6060
32305
2303
17758
6029
4616
20567
15939
30425
32142
28235
12005
18318
2310
24256
36860
15805
10826
4216
32069
9985
38802
28733
29802
13637
39042
38767
5046
4964
27839
16139
29412
40541
11528
24693
23394
10288
8618
5957
31789
40137
23503
29142
31131
17300
16075
23236
27556
8752
31517
38553
38158
35592
25186
20955
28271
6180
39912
22331
27416
21441
26246
18946
39202
34236
23015
6642
31861
32815
28342
36506
22275
19589
11634
20270
984
1082
23456
10165
9344
32294
20869
29820
7543
24229
10397
8668
7582
29742
20737
3818
24001
26900
19794
14659
1420
13225
37082
39319
26808
10104
6088
18633
5777
3148
27528
16773
39038
20639
5871
10392
13635
34884
3132
5239
12991
2558
30009
8224
36477
33415
18125
2741
5980
14192
27335
362
16115
10817
37627
13850
31318
929
9724
12187
35252
39219
29010
33715
7800
3057
15867
18112
37250
5376
5247
8444
32373
36711
10475
4355
4006
26719
14304
24189
11930
24282
8223
38870
1206
28575
9172
34963
31656
5123
36971
16808
23498
26484
701
2686
40061
17243
22308
16393
5974
23646
30418
38461
28580
8764
34604
22891
20353
4378
4801
12371
24931
4617
12539
30095
9026
17808
31513
38355
12205
37518
27464
39007
31612
27869
739
1696
33856
10279
37937
11071
21576
18093
8743
29188
634
18051
9926
27191
31485
35540
32826
5276
15616
15955
39070
566
33668
40421
19158
31190
27381
21167
34058
24798
31308
21885
19580
29226
5417
8723
18347
38975
40363
7054
12583
36529
33261
29345
24988
17887
35434
39782
26386
24808
23458
10239
26394
4367
24085
32350
8603
31557
3570
40817
30813
9058
15515
5765
20917
30840
3750
20887
33227
17227
8928
37905
1954
20018
25973
33617
35632
1693
18699
10032
29737
35316
25005
34901
28113
40249
17996
18575
1156
16721
15444
40163
26092
33657
18062
26194
14003
28675
37133
26787
39960
11579
17913
38099
16277
1097
24370
24553
16693
1889
16394
36490
24025
2598
662
12799
26468
8654
31474
35370
40735
13436
22837
18229
25091
2255
12794
15178
17903
34056
32907
20011
29124
23086
23140
8035
38629
9739
3535
11324
6448
40573
10061
8973
35856
29334
37132
32634
2410
30595
13347
32206
12213
21072
37596
3423
6638
23393
32141
2925
12132
7527
38604
20032
32427
38605
38026
6662
25788
9456
38339
37061
19393
2637
8641
1967
21186
18876
1690
30613
23123
14105
17958
37435
5326
16938
2503
3713
21232
32700
11229
24177
10281
14842
16404
7413
14803
30213
26969
10172
40202
27603
7289
27619
27918
33147
1813
7695
27993
15879
3871
33212
20503
13062
4094
33663
13671
17093
36503
3276
27782
1945
