88236
92992
4066
84591
2448
15246
29831
67542
52365
44900
3139
70884
30265
5451
34272
9513
67171
61860
16055
1415
13826
86637
38006
31531
42844
32333
49303
44949
7437
73898
77657
5904
899
96131
36212
31453
94896
78040
81510
81888
45004
35764
37248
66149
43658
86958
168
54312
49394
87464
51474
77975
91041
3405
14534
38778
48594
88762
7639
6389
51930
67684
84240
74068
54230
15475
3069
60917
6169
88416
46880
49380
71435
69695
17782
14763
22528
9660
41811
32102
55980
47980
93333
97775
73076
66046
71225
74468
87052
86512
8824
11242
88943
64530
18970
37764
10972
67942
3217
16376
97261
37619
51045
42987
4935
77099
63132
71849
85879
36763
15213
2729
40798
61412
71355
40708
82285
48431
31338
48973
35763
95627
76357
53586
52731
23472
73863
86503
11173
1164
10956
87376
54182
19979
46535
64239
25733
66191
53867
83713
53808
79278
20941
85680
54382
91169
44563
82748
94028
21284
62543
94832
85490
71773
33447
22643
65405
62657
65260
45321
12331
60388
29354
28619
44986
44524
21752
6440
60907
52084
71133
64048
88696
20359
39287
94091
28767
84775
62280
69717
2417
85448
3072
87870
9308
98172
39310
84192
32809
82967
32762
78920
39945
18262
89710
19030
19275
74898
3797
95540
47923
18184
57539
73137
20826
10049
68623
59401
3102
44096
43223
12820
74779
65925
97690
95799
6607
41733
570
2414
80964
60901
48986
39508
48186
94110
85392
94809
51020
66456
78114
12849
37257
35222
2263
13213
17722
41127
5251
95597
24631
23785
85032
76394
42310
95349
12404
59472
56867
97019
60760
46796
70224
28471
18805
37090
3933
61908
71975
81115
67830
80684
18628
38190
35548
50295
36485
48496
43865
21618
29968
13755
72936
34246
50777
58078
23125
82077
93654
16530
6772
85061
63695
9947
21285
73136
98018
37928
67607
71624
7694
50076
26461
30292
47088
77190
74729
36358
59424
51170
41170
64921
21301
64906
73313
81235
35716
43029
1707
98177
27998
95372
53693
7246
81454
57669
79926
26305
78840
52271
79718
6257
52461
49376
75910
7085
2429
58855
87556
62336
11135
20898
88826
20663
37510
28119
21653
25163
20364
21106
44028
21368
95856
33250
24247
63287
75931
83564
72446
33684
35778
2584
73276
61844
62666
29043
79800
65479
53779
1656
79474
57936
88463
57845
42356
35964
47968
63452
34161
58826
20274
32110
90471
3880
82181
41371
90866
27661
34345
3611
17883
14108
65322
76915
57421
96165
7505
5811
85340
18056
26857
12338
95291
12724
94637
599
14187
81270
10128
8377
84459
6985
42117
61547
13296
27424
66620
26090
26610
25451
28213
51751
34715
56713
2544
42255
21251
82743
38364
76870
45494
71201
42981
30782
38106
45818
90550
23212
34573
30693
95894
53931
89812
77022
25970
46637
78726
54085
87259
16694
82556
81013
23505
49738
96200
37084
72814
26604
16959
10519
29682
61944
20713
4438
2351
10015
681
2345
94066
22871
19363
23133
76607
22691
58280
93098
8278
95161
22758
20738
2657
36392
40934
95070
73730
23061
87265
64183
76657
94353
54293
10975
58601
80427
37997
148
65126
6279
68234
93235
39181
18645
86284
97707
46075
41938
43666
71752
25738
52779
64426
89536
38514
66416
92930
91012
44503
50888
64780
61508
1265
76465
40987
62418
10999
91504
71340
94840
87430
75027
17177
32188
38063
16288
4650
82488
9640
44751
11723
48906
87929
66678
50979
7946
43403
1624
41209
90481
49210
44353
51015
88208
90724
80602
73563
89786
1688
4009
31632
34390
92425
55831
36152
97435
12279
98093
76156
3317
96399
77486
40985
52255
60301
11505
89065
39086
79060
13403
63752
17863
93581
83611
23261
8245
31993
73094
78594
98232
4232
21438
68466
13480
55334
83678
32189
51114
77853
67467
8943
29786
87170
25572
60822
90703
81860
95558
59116
89216
65912
29590
8928
65019
12602
61839
18098
26413
59777
65365
41083
87895
79923
15948
30566
14478
32927
18230
9778
62061
98182
13499
3632
45524
14092
13523
13791
68521
65317
61829
88174
674
28355
11327
38076
55211
72795
56842
23579
31833
73788
13214
41353
20012
56925
19123
6930
18111
2941
66111
67138
3766
44316
80469
62812
71350
29346
6459
30325
1818
56840
33489
46622
84901
76650
75390
91864
93166
27737
71304
88411
24674
77798
90100
6382
96444
64259
11739
71505
50003
56609
95695
44660
55460
13238
6210
89424
86778
76594
19808
64984
22236
75956
49184
15713
53711
74680
1664
74221
74355
73639
5398
96884
81346
43364
437
41919
13974
84340
62801
8906
43434
46632
48334
48279
39680
93846
59615
91538
79170
21287
38603
98251
21070
13253
42292
80457
40420
79143
40149
6761
16790
3502
47777
55355
88024
74522
46810
23962
78829
57723
43249
33279
49721
90156
76813
62886
96823
88406
17311
77679
56288
33819
23157
17229
23703
85083
19434
17435
86159
73896
56512
53955
66099
22776
12856
45911
85706
82344
5865
53115
38553
8855
19448
1676
60446
71362
16573
60918
38853
5005
57902
9132
83728
15403
60255
56875
85519
45313
27021
93806
3516
72660
61138
13000
2031
2073
62209
