9711
74600
1816
46438
22715
15777
18785
15734
33274
49130
84985
86624
56967
69739
94030
20410
74508
28160
56560
29995
90854
57953
1010
50990
51192
76857
14032
82512
49352
96981
23973
64501
32562
85156
43547
70512
97101
54779
29735
55138
44719
80957
67112
19210
85615
73497
27937
25276
32852
1018
17631
46285
92127
89526
76149
1597
81041
89585
86341
63539
57872
44045
95473
73185
86573
27823
26936
48007
91209
47169
71396
39314
45790
1608
41962
95884
83385
38228
2745
91579
86227
70634
5498
67004
85352
32177
87192
51189
74345
43998
73851
47948
46081
97890
5040
23333
72146
22491
18172
9034
20497
74805
24356
17534
27796
83130
6143
21509
47218
79365
39179
96332
7690
72564
88833
15606
47375
97261
63635
35639
9653
81984
11498
60620
28978
35892
73930
23920
84237
19317
91632
64176
34545
33269
72278
53271
62876
59442
37651
6117
52942
60701
57815
85327
66690
37663
48285
39565
58465
84348
74283
82285
31064
71948
9390
70306
12193
91335
31968
92895
7333
5299
12115
81330
59982
64018
11176
4229
23279
91890
16517
71835
29960
35273
65624
2494
14260
47174
81956
56240
56539
92101
41761
18679
38831
67757
82697
26304
55627
38172
9821
57767
26175
49264
86408
37683
73957
65395
83814
78877
74156
71461
63612
85494
3787
89457
39257
27964
65477
11707
54517
47922
98286
1202
92884
27520
25353
16825
45972
38096
63209
69788
67191
55100
47419
16803
66313
78029
25963
97393
91601
36762
28015
71881
62332
84032
122
86421
54261
9272
88148
18742
69563
52609
124
75833
15852
85365
47518
41666
7639
30207
13728
32091
51496
97982
996
66600
76824
9276
79555
15774
93568
56874
45495
69991
59617
51604
23502
88527
1092
39082
76734
31707
40335
1953
19589
2883
74818
97797
94994
88330
56144
82329
64366
17155
38849
51701
45155
94097
37346
4776
29171
72643
12741
92753
3092
93065
3949
49602
92444
72396
32973
55361
2699
30539
52271
58041
51703
97825
53338
51747
80061
76538
77672
95520
82866
40631
93414
68037
29721
60543
69465
2267
25431
39237
36674
96453
39779
28269
75845
34501
81405
10193
3983
75519
37705
30285
80738
4168
82546
36249
22823
60548
40927
4463
87858
38089
96129
40939
32964
81872
44894
66213
90012
28174
15582
93940
11899
35093
34032
15968
76593
87154
6111
88667
11295
29273
81992
31984
64716
92206
23037
92138
58410
29105
42788
86107
796
21197
52213
89598
81585
74787
19967
62519
45191
39548
25713
41674
84916
81327
62639
11138
30171
76188
66285
50259
46545
92576
87343
21933
32639
57305
80861
4025
56879
24240
74188
7250
9340
21581
50530
82824
58964
89930
30324
1799
57890
89492
24733
34229
81916
83785
28714
21718
84195
95999
67256
47232
30534
75099
19477
1961
72847
45200
94175
47138
49200
97343
51760
96016
91794
58216
9748
77081
26875
93769
71605
65833
68418
67723
93315
22165
38626
56683
48811
94734
14900
64562
88546
23658
49285
76060
68846
72778
51827
66180
79803
86127
65707
33783
9831
41847
39985
34538
9120
71049
74065
65366
44795
59349
8448
91054
63886
69399
19002
6309
60196
62666
8018
9379
46106
34603
93522
71394
30055
57667
66472
18276
15792
24684
71210
84661
69463
18323
48685
10175
12238
80757
31571
24939
8881
18748
36387
54572
14500
48903
75138
60920
35098
2207
79254
56993
51681
96799
20777
70415
29773
86747
88122
25407
24484
77671
85649
45244
52798
97631
55385
94940
33267
48494
91773
22915
26503
57076
21490
71190
27961
62869
90574
18019
6722
57359
70150
11196
41058
33020
25605
36276
30661
93520
72586
93757
27684
17475
16131
75523
61024
93323
67373
23207
41034
25615
34954
19697
71333
88805
62936
64461
67784
85666
23835
27738
80364
61011
1052
24769
41905
53848
26292
50223
7895
23395
5462
12466
2686
94457
86765
85747
6260
86622
93374
1634
59747
84424
45470
19109
34585
97080
65627
73192
9698
45526
92992
64995
52545
45075
76074
88873
21346
46054
89336
87404
66470
47242
25710
23727
22355
88239
46642
48429
51089
50299
36713
4631
42182
32741
85524
25179
82259
78120
47490
78888
13505
4663
67652
74475
13508
60749
88084
36811
9151
51099
66115
27199
44825
63588
28609
63005
94583
54508
31216
6337
16047
82973
16398
64921
27929
76067
46456
26548
1325
38862
1577
16187
97930
79206
67735
75969
44323
74416
78904
39248
87227
3654
68188
22451
14083
71692
46845
84408
98007
84188
21922
43265
94649
89635
23314
67086
92163
52927
44419
6542
47808
62716
87491
67766
21642
7959
50974
48705
72212
14389
65633
55318
15578
70093
31045
90056
66888
85727
48446
952
76637
559
91938
34431
42482
59353
63974
11456
46279
10651
58077
77039
83386
46163
57771
87462
12136
80074
49539
40966
70386
89923
12726
19256
20591
88803
65206
23536
9062
12221
84668
97207
38825
76498
19599
18103
29438
11594
67715
46405
87676
67584
91398
9794
93480
1861
22918
32
90237
47214
2536
84636
54205
70082
4980
51739
19903
83340
8918
7779
78226
89144
59304
34395
75577
73248
66482
48620
64432
20105
55734
1126
58798
33327
90830
95221
12517
66943
65603
19286
17604
64150
83014
38158
77221
95385
13645
86483
52738
6094
57490
94581
9917
8243
80173
65140
55548
55642
87447
81180
85864
2255
5168
64623
39203
18171
48427
93655
91620
86441
5960
11266
63195
50021
57754
70016
6397
23474
75795
17960
36269
9290
53433
9924
29253
39854
9659
36767
76750
1422
39300
60112
25140
8948
11237
17507
30804
24497
64558
24211
53797
68871
66056
80913
1841
79055
31062
58243
51453
96755
66723
81418
73907
40995
60891
62504
12889
12104
23575
88664
10968
96585
42406
31334
75733
83207
9755
82635
88896
78583
1463
56936
51281
90825
86567
54991
18894
51985
92786
72183
84282
2134
30056
75956
31150
90158
1159
18638
20710
42915
12082
32977
63151
91423
77434
30992
82429
52780
20182
32112
1308
20250
47445
70588
79612
43102
22455
72910
93268
9082
82756
37802
19110
12395
49854
37685
5853
9071
60412
62456
81616
42120
88497
40211
80786
30120
97430
22705
54978
73621
81134
42065
84002
52332
24750
67543
1695
44507
24165
67572
73093
19621
7305
41109
69092
86241
72187
46511
13918
82724
1846
13172
28328
66761
70925
59397
86104
35520
93159
85110
84254
24876
36775
54093
24239
51316
65945
70394
60486
21395
85336
24985
8287
23923
64072
71636
52357
7420
10194
89976
92918
35678
92393
51338
47586
67790
3461
21111
40215
4970
75737
42287
53613
81658
81395
16693
36008
55121
1213
95325
82972
80044
35993
79787
94794
27630
37981
11074
35409
98171
55430
90734
230
7079
39680
78347
75453
59157
55416
3191
45554
15493
85370
92903
24955
12490
53805
88352
77812
75485
9709
37725
28694
29495
31682
50274
14866
70967
7268
90617
14168
54940
80743
70314
88847
82371
11638
79292
485
72427
6970
43480
62977
36454
63752
70638
40134
47660
95603
21774
11045
38149
60286
33873
3268
52413
45049
82520
53400
84403
9073
66753
87711
67180
34809
13983
10118
22574
94183
50837
32903
9199
17941
45528
253
96313
34708
10915
28608
21117
66086
60692
35492
55804
51217
45884
91980
14874
74395
88534
60918
32492
53955
45819
14095
5382
96704
73657
42566
42886
54243
87413
40838
24319
63484
42193
43100
97247
28020
2959
79546
93770
56584
28554
89518
37893
92896
13984
22969
89699
29626
35560
20632
92637
2441
60181
94519
9916
31215
49397
94939
87870
15544
73576
87889
17317
74421
18607
12689
73976
65475
32067
58254
40982
95640
37589
63480
67589
57982
83245
88469
83871
69013
86254
80764
78516
41556
68529
50854
16888
3351
57981
54475
10681
62813
33186
32535
32675
7474
32833
81415
5218
1475
7862
13384
38872
61276
82730
58674
92475
90060
55244
44083
54986
41554
23056
12524
30954
63036
38828
22042
45549
86197
84269
10495
95181
38744
95912
81843
28814
8029
46777
78581
29092
16817
89262
79256
29370
59382
52748
40306
7261
32559
15044
42652
43726
45162
25870
34863
11930
92181
65432
33764
72921
47679
86861
93927
89544
417
7360
78479
10139
18983
83200
68079
47408
47763
96725
5999
49056
65408
61097
15518
82292
64770
61015
21439
66368
59488
27939
33627
49255
63168
25810
75498
39002
909
32301
53580
5124
79478
24488
58675
67375
9135
95813
77782
66865
34972
70014
29316
55834
83169
37785
83403
41804
32023
29472
73865
67689
84273
83736
20103
75909
47058
74270
69059
20412
82289
81981
85472
16544
96564
81132
3872
89044
2601
60446
10271
49487
72546
24401
23718
19062
67228
11149
80017
31092
22287
90461
19564
43666
93855
93593
59669
6151
82315
30765
97987
5729
42847
6530
18316
46008
14505
86559
65363
31668
43405
94574
33512
42843
31996
9542
29359
4615
37215
29620
9947
67153
97981
78275
91492
52783
96608
89766
65506
54503
37835
26726
3898
1733
16671
627
22996
7252
38586
31541
36263
7102
86758
83127
90470
44927
92915
40012
43267
41538
35036
28878
15368
39331
51684
91947
49938
15119
19772
6548
69852
93008
18471
25974
12685
96244
29413
70221
28847
12871
41411
45462
56835
76820
70773
40776
54010
62904
38099
70894
21751
64736
78975
92868
14786
82804
1924
15901
5761
20487
82448
95464
18833
81811
86333
66330
4321
30584
21966
87557
55125
80783
8879
22443
86898
20814
30478
81345
6646
51805
63398
70359
22703
12546
26989
60581
91409
57525
7496
18022
50690
38775
46042
8886
89446
20532
71391
44908
85618
12013
8724
66244
24359
8218
57545
58519
33777
80469
26042
55094
23707
73214
95318
47618
42392
74039
9845
7911
57
16499
50061
60191
33125
77614
30784
13905
92120
17431
92827
96070
25962
43411
3118
56991
55954
53799
37766
88269
64167
33678
64970
28637
74111
53887
71061
27094
94573
89325
42499
17362
94391
17666
28992
79171
48618
864
52195
59183
92773
30568
66554
73650
60803
61644
33273
70625
91124
27469
95582
9244
11425
14963
91127
63734
5242
73413
50962
72029
58219
75518
74021
5145
48875
53021
47316
85262
11335
80890
77417
59435
88170
51952
3084
8206
72849
11934
49747
8331
5909
52727
85170
19092
40140
25497
41085
94113
19775
81496
47281
50140
31520
75304
28561
30404
76966
75355
16869
42735
87750
96847
22629
52591
5410
82194
6746
69404
27098
46854
18482
75472
90844
82256
87702
6529
61954
36825
7486
25362
59786
1807
69582
70166
85206
63624
92145
48535
63218
80429
76928
19469
27167
80790
1693
35718
53828
74712
44478
3970
48934
97302
75187
97940
88128
44250
75207
62260
86123
68000
81646
47132
86437
60530
97562
89070
86832
5974
61468
28500
68876
35136
66749
66112
4926
9897
48420
28999
28070
80570
39581
36551
31225
1056
81102
81800
68541
53517
39552
51138
10989
12529
97255
17574
62096
33363
35047
55272
73529
58154
48542
97135
94505
11702
85735
79030
40317
68564
75437
42620
54408
45780
79846
15451
32679
51323
88922
75524
87237
74368
40907
22432
34716
20486
51053
12010
73457
1466
54003
4087
75366
18581
18516
94626
72471
72102
27525
92392
74815
83537
29040
60961
12969
30048
27075
35583
28105
22922
88631
92216
51571
77702
66694
86363
62792
85199
8276
74410
42398
4317
75360
5582
67617
51779
16123
12665
52850
59166
49350
77651
960
74992
72464
52919
51600
72263
5476
79049
47634
69872
60592
47364
29236
79437
73327
6299
18134
15695
72051
28733
88030
96090
41774
75985
59830
56899
84092
32374
58907
54834
83971
72545
41410
59043
22541
57006
58755
23356
38810
28458
95260
64834
27018
28452
50574
97395
90086
26028
55667
24821
3989
79905
50590
52234
72308
19693
95614
4588
578
59412
3745
14971
49830
60360
66005
37889
82310
79259
1533
26169
329
71170
77253
39968
24681
71261
7524
97990
42481
1343
24674
47701
17560
1207
4929
93731
54516
40018
89238
41810
82349
18921
66612
71002
36330
63707
94655
96571
74139
8385
87314
6158
7241
17216
26432
73533
63543
43045
34417
35283
1713
16309
33610
16466
26761
55918
10328
78864
70874
91530
34550
63004
14940
72261
32668
24980
29783
73091
62965
59995
42099
49712
7573
81101
21383
34743
3544
77131
6825
48290
13752
25211
85121
62023
63601
43955
26331
57952
63291
73391
47815
23878
74291
84084
89106
71263
34947
79388
57077
30157
63641
53614
3503
58110
547
59047
46662
43108
81638
27196
55187
51962
32602
46620
83551
18312
52004
59011
74131
85971
77946
23555
8579
44194
50956
9888
33530
63671
44822
60107
70133
48485
75883
47492
38621
49967
81830
49002
55545
22248
55691
74319
70601
37550
5133
84444
65070
44392
19910
44904
47579
56450
94374
13286
74264
95193
56549
23937
58849
72441
74747
89705
4885
33510
8363
10624
68697
93352
65781
53229
53024
62241
38530
43107
72996
57796
30526
80814
81512
44706
52732
66740
729
24942
66177
49088
18431
61209
86755
76405
66416
27194
21115
2251
41228
35846
50008
14749
27142
63788
88108
70555
4778
35751
70541
65982
93074
96234
65967
41135
16437
77347
93401
12896
91534
7091
94117
42600
16745
68788
46655
66923
31570
58338
38445
15513
29310
9386
35139
74090
16134
39984
87851
58094
77350
38860
17061
21749
39424
63545
67927
40168
77587
29528
22998
68872
72167
60377
54911
40240
60340
85434
14616
84924
90899
88135
4305
97088
49693
60435
30835
12459
22282
70856
93719
35699
78000
21594
77450
63143
77457
4762
52871
4760
36644
4935
88231
37778
53563
17524
90211
22147
48499
52255
72060
21913
64383
21202
31321
38214
35593
52418
15575
45296
22698
61125
75113
93811
48786
25849
16094
85034
40126
31742
46967
28127
234
78137
80703
46017
26596
89219
20114
66233
3306
75829
44489
55027
76740
51807
30321
40398
70178
45396
89043
53422
39089
91958
26938
56143
1237
56441
82957
19160
13890
36947
2304
69387
63088
15944
95104
69479
18254
82781
27479
2831
88464
92409
78719
34480
83936
78767
43922
44976
22333
80219
50154
35894
3844
79133
65170
52802
14980
12580
61435
46918
98228
47317
75183
94595
16863
39312
48312
62399
41350
66665
82339
30510
33195
44269
7975
2909
14189
24055
46699
13268
80629
62106
88928
72777
28828
60521
40033
98289
59480
66288
8456
92026
23751
45100
4665
54624
75063
66303
21986
97469
45521
30457
16644
8760
85925
72242
26600
50862
84503
75338
33004
42299
36013
56853
90953
73302
85686
59371
28391
14899
50502
47862
10137
37874
20080
12723
84809
47744
14207
44335
1114
67329
71666
97892
8905
19408
24725
64341
54908
33205
87346
45716
17395
62548
67366
38940
47978
14331
48776
45451
23490
77495
49365
11586
76906
13477
89528
90709
69287
8486
95142
80222
74646
15888
45310
69734
80195
43769
87303
63479
91705
60007
48992
62009
87680
16472
90197
31388
81527
36914
20049
76510
56276
59032
16839
76810
7423
63735
27066
63047
7198
70666
59880
43245
1686
20867
26274
8893
58850
68166
87445
65491
11264
96969
80122
62720
80162
20144
54050
67113
11384
311
60105
13185
27940
1554
97902
60436
11402
83210
69263
16898
92946
59823
30189
15136
70402
64534
14479
46585
81091
70947
18749
6037
42454
86449
90587
14138
37131
92810
72191
14048
69119
47326
39205
14504
58780
52821
12920
73769
68411
36971
52166
89413
56780
41498
7706
87502
13158
80407
26358
62569
88073
86297
59327
94917
44852
53373
89524
26757
64873
56660
20933
53148
74683
84341
4998
95931
237
4701
20269
46669
30565
58542
1555
77299
92185
70766
67230
44518
195
52595
20626
66390
94710
8604
49682
42241
35034
20222
48700
96128
43856
348
75812
46497
94284
45750
3645
35231
45231
78367
56411
733
42271
64943
93810
70964
52886
62248
55333
30603
82298
17411
76011
84991
28339
96082
20329
84391
52403
73933
46399
9787
23742
22951
82666
10326
28662
26532
43580
60210
59791
96701
62556
17565
68042
78703
79582
70740
95471
82570
83144
77794
32781
50519
80840
73898
25263
85900
67233
77647
56916
40850
88419
19163
19899
32743
32075
69528
51052
87784
26124
90554
24143
75754
39169
86223
87400
42649
59834
71290
6274
42234
11293
75089
26446
87025
81626
57965
41227
42177
9013
13683
4676
17005
45660
61784
76935
78435
28290
25378
33399
44607
91568
91500
91014
77628
54203
20850
63137
93372
94730
48366
30921
87769
21679
56618
14128
16541
21126
40002
24533
27193
88614
94048
22300
55639
54815
37247
32415
46027
64730
44757
51098
11020
43241
73672
37428
838
30414
24134
50897
76580
27621
45020
14244
38603
66045
78515
93545
94418
50733
43755
80491
28826
1853
79672
1941
49702
5821
58423
1301
31360
76308
83396
80776
28706
17066
45164
48933
29300
44501
28668
74076
14619
14323
46725
50884
72893
12149
15443
58895
24841
84730
36469
64093
11064
67335
10364
47378
90273
83865
19660
85396
20518
34798
96757
8679
29361
48930
48952
44411
21033
5623
80485
3672
22875
77551
28499
85288
4880
12676
82151
68954
44473
56404
52565
51108
24355
87213
32453
69779
29276
62070
46978
56236
69396
9895
10658
27598
31138
73491
27278
92160
8809
67152
71651
36232
8337
36216
35207
69630
9371
28012
37047
84679
6553
10389
16318
47339
43416
45177
51032
91910
53000
68952
12016
95182
24382
84513
60478
86160
11514
6121
66512
87229
91435
95558
6561
7987
37970
39974
88252
16971
76630
64228
78714
6145
88364
70995
80075
4372
3725
61799
65301
88626
51802
30046
18366
31822
14995
26873
82659
25085
91943
61942
52410
8285
96382
20892
68253
79671
14943
87096
36717
26443
35435
33256
71289
93992
39655
73026
58928
55611
73470
11807
39473
39900
90644
25847
76006
1983
81120
95088
3162
23380
12259
65067
39460
27608
97866
55229
5446
9696
11663
8790
55817
5392
46146
17441
89297
97699
21328
76699
47650
68113
65517
63153
57638
47933
53164
33902
97439
82549
96862
14413
93521
51974
69356
9210
49672
56668
25033
64855
20294
35750
87845
67614
89394
30181
16762
79822
96848
95868
51372
96867
91289
46347
64660
13436
68221
3050
53449
96228
38681
20770
255
60644
87980
76943
37792
62031
11364
47960
36230
66171
90183
36503
66843
28170
66338
81258
56048
39306
48196
80528
80969
86612
87056
40646
6444
58941
20780
73206
1737
92489
10352
30626
7137
19372
63616
43413
87739
47961
2768
70508
54620
86494
29282
70289
85514
66457
2605
55620
60440
31841
67859
71412
35702
52247
4840
15399
63145
54232
41865
41497
9754
92373
25449
92115
25119
12440
54569
91110
11855
21940
3992
72905
4379
54841
72388
39574
94084
86590
34462
1109
75438
74011
82590
10636
39836
14647
95159
86826
9084
69835
63019
69011
66680
93696
94422
17593
70032
26275
30430
67161
86243
89956
68366
81627
97423
8347
97759
33949
5593
17364
67998
76490
72240
16096
56943
71173
69551
45755
61731
492
67415
86176
64978
81053
51011
36407
91463
73061
29170
89851
67405
72577
27110
39756
74697
68169
33123
68683
87472
69614
52717
51742
56828
27845
29270
49036
93425
67656
10763
84651
19677
73820
91214
81030
64539
31824
86786
65591
35221
15678
12106
35914
9288
8976
52033
37650
9524
80026
23927
46384
43947
81573
36844
72367
39105
22116
39417
30331
11628
98265
67297
82040
54021
19889
15318
32248
52829
33521
60325
9225
63367
64528
94604
90958
88485
78890
26449
59758
59013
47422
6989
50759
22498
93177
12715
63708
4300
82616
9880
82136
9853
51330
63814
8939
65765
46526
11408
36436
59126
3267
84357
71010
55330
12098
54959
19450
13589
44590
63217
4641
28739
67911
83590
30513
95418
37884
12367
27561
61925
33662
49457
75879
50222
65447
8777
13125
41356
32205
40635
2833
88018
17230
65905
63805
41447
23632
946
21390
43626
8558
69590
32536
85296
95292
41864
61149
68944
75979
32225
57121
53917
87670
43750
93455
53644
78611
13054
95135
67912
34278
69959
30218
32300
55366
64768
24298
78165
50706
18640
65020
86182
78310
3936
74831
11440
96489
81135
35464
892
18265
67374
78534
43071
94822
63121
73060
54606
19838
68688
64080
34376
89330
27055
68049
89893
74151
32025
70505
5774
63811
86120
19726
43214
12600
48747
41049
97070
64106
88698
44012
63757
70005
54315
74862
82628
51590
18405
91954
753
28546
80836
11102
3624
1849
18455
74800
49470
47457
70965
953
96966
83669
40339
30436
81158
2467
45319
67884
22710
28994
52138
39636
29658
50266
42128
47879
64756
39755
70272
9458
60785
42422
78566
22105
20972
67740
5513
56931
78040
29694
52984
20143
64548
30446
36772
91557
87900
2118
60448
59597
25443
3061
20746
64533
77449
14008
33121
72823
90239
82305
95883
63376
75268
57150
86202
81195
98238
23265
39341
63159
63855
23969
32567
65017
16463
77791
56682
72544
82728
31969
7945
66066
551
43538
34034
56034
38450
83433
96206
75196
30966
84784
79420
54215
2969
40512
40429
66589
75095
41850
54386
61492
70305
76867
85675
68921
23436
49855
39667
67322
73202
8241
96524
5319
60418
64088
67486
49187
29193
12331
86110
61124
77759
8160
92137
5411
73023
45360
81613
80942
73842
9160
18327
56433
89231
88230
27850
27589
69194
46311
95571
16477
43147
45418
25647
71091
2019
41925
95944
4817
33144
27739
52204
4989
60791
30039
26986
10347
95322
92985
73858
25044
69839
6243
6705
55215
14867
43078
51504
25959
21154
5332
72106
70377
96504
71823
28461
19124
33911
64552
83993
42879
36035
25233
3999
16197
18612
58209
542
22756
77225
27205
4368
64340
39385
58962
82265
86311
15571
24764
63710
88077
95055
83979
17105
4811
69844
6569
91
401
60561
27734
68796
35258
55635
73799
83226
75284
78935
69906
37282
60011
6610
72153
53492
14499
70157
39147
69192
65436
4986
46111
12767
8768
28355
4860
75286
83622
6920
32486
68893
19598
7543
9982
67716
10760
76576
44192
23381
65125
66831
86493
80143
93110
51203
36826
17275
73119
36494
60055
33553
96172
73472
25551
23703
19695
20670
15002
10052
69115
91844
83934
97292
61690
40650
36205
40261
18218
67544
20488
59145
29340
1102
53263
57885
54522
37938
63587
28496
50702
77597
82687
23823
80286
66951
84625
95009
32250
12973
14565
56189
13314
16020
37013
13750
6189
77339
79458
93359
74102
19250
41431
58981
17027
33718
86817
91560
72303
85395
23672
94308
27916
3143
85313
1317
39418
80821
80410
65178
38153
93904
16823
28610
37449
15609
58730
34093
20694
22284
19457
74069
47626
22103
72874
13322
64144
7575
76166
95331
81995
71506
16354
13117
62736
27217
61174
73968
19570
7751
11840
46283
22825
74677
9086
29312
8610
25430
38339
48671
70268
83887
95664
3941
68292
31197
65587
73254
90027
1501
67114
23475
74874
55166
49976
50760
72132
76255
61171
43600
33806
78066
64611
1901
40504
91698
19863
74703
64257
90651
85819
48689
26616
58807
43379
70554
73847
13850
69318
90616
77516
72177
54568
20738
80116
92442
10430
83849
54922
22850
14173
51862
50249
34472
46368
51852
56607
64239
17264
70663
89091
30456
59224
31589
65075
86357
80112
17653
69140
80269
7545
93353
53764
7167
84093
65197
32770
61725
28916
56254
13382
42974
4047
55101
97376
29143
48679
77695
9409
42606
3877
71986
76518
85562
37819
20826
79824
42802
81732
61567
69817
12739
2156
47534
8818
39792
38140
38925
8765
20376
75501
30619
58882
4369
15599
11124
35734
32406
1415
13
73508
4959
58998
81969
36129
19555
60984
63970
21445
74504
2648
13542
41414
85420
96286
27163
12324
40714
66542
49008
23504
5518
75729
4288
41877
18573
22206
41677
37197
5399
82820
92010
78160
46324
37466
86944
7767
68819
72681
67725
45307
15593
95353
51236
75074
85362
24199
92939
67787
22763
54547
97194
42799
80272
71238
91347
97404
94413
95191
78436
43420
50808
37934
8859
70718
75306
70342
27491
10680
81153
11884
62717
61832
41786
67699
87160
455
44236
66907
16993
52548
24713
70675
33643
34535
9200
40967
34445
49314
49191
17508
86501
96159
47346
78751
50584
35180
31047
86600
11206
53366
61675
56348
9372
57282
61226
52573
76508
60000
93556
41416
45830
61263
11210
63198
20074
54881
73103
92621
46755
62292
84977
60612
85863
60980
11698
95553
84808
56283
61220
72670
38584
44134
36199
79845
20430
77552
37081
85943
95544
61862
82063
96931
38080
20505
4101
20733
84969
69573
86281
11612
10493
56965
12063
1768
52885
63758
38879
96338
86439
70664
31591
62719
4863
60299
1998
48842
34019
15347
26143
82968
45523
2045
80618
36934
65606
45227
95845
58527
51786
30492
89658
31798
75455
34279
38998
49809
90904
38443
49261
82185
67641
53918
70676
58147
59998
43937
89117
14959
77162
10363
60513
58198
30470
63608
28918
45891
65169
82591
23294
38246
37642
62364
96603
89319
68238
70043
87645
4054
89914
15328
2379
65024
23082
91977
53091
30216
80105
88320
38661
71829
38227
87681
57584
84276
20361
887
43251
49820
62075
20609
49816
74290
86508
55973
77233
23024
40262
24756
15762
53893
84147
8357
28247
55067
18780
94956
90458
91297
27601
40431
15074
10990
79019
60231
48472
49723
58788
29188
66188
36078
78956
12187
34190
18504
87137
57993
49357
93631
44542
98036
9841
88338
93636
39164
54511
83312
33626
48571
37534
1855
6719
4799
4152
81935
72286
72087
25613
70713
77985
75540
10631
89174
61960
4960
24074
966
68540
95831
86866
22643
5088
83307
41437
12210
29065
29844
69131
97943
12147
68997
25699
15083
88968
3442
73891
31665
17125
48764
839
86587
92627
28133
62344
92720
49104
47112
34936
53715
