25703
25238
28095
37808
17950
46
39975
31353
18820
2969
1587
12331
30216
2136
14028
20785
18149
25136
34318
36072
38282
37582
9363
9971
5000
16052
16817
16728
21835
22425
628
35784
12588
4841
28206
5622
30395
7022
39420
2739
25604
23016
22146
9651
27432
3804
40611
30960
3267
23755
27104
28202
6537
1185
3444
20104
17883
24142
25608
33787
1638
24610
32821
11152
30477
10237
38944
10030
35073
8512
33516
20673
29741
17468
6469
17443
15361
24760
28929
2569
7968
21860
28238
11084
36961
35230
17361
6274
6192
27906
39657
9326
26327
20944
33478
17268
13297
12074
3724
35161
15517
13719
8362
7731
36989
8382
23955
22645
4490
39100
36226
12504
37353
27482
38850
20197
19470
21557
13878
9315
20524
37644
8488
5425
19410
40330
22801
5881
20652
7475
15333
37763
38592
39321
30668
33217
16124
1603
23859
24185
17642
32377
14553
5179
35558
23231
30023
16891
5152
32577
24676
12934
31062
38873
12035
39244
24225
13526
5778
33729
15864
7159
33847
35460
10454
33509
24575
3555
36202
40406
32874
38293
8015
39268
10335
23550
20952
34337
12242
20451
39383
24333
4401
32779
32206
27963
39368
18722
11453
16956
8336
23574
27111
11893
5950
6104
17382
4617
23345
7703
30773
11357
3219
34684
19531
23565
32395
3423
20980
24902
14823
16605
6028
36345
12041
12604
10635
12387
22353
35468
33353
39838
27187
12021
20053
17863
5991
17656
3905
17321
9590
24885
26941
36973
24978
6237
9215
22888
34833
39531
33060
5471
4164
16744
40414
5349
36709
456
21789
39561
8762
38527
21818
22566
13338
38869
6847
40778
3392
24141
20141
11449
34672
6279
1714
26729
24773
37764
19104
17462
1542
2707
950
34844
4254
28160
36918
29304
13135
5960
7964
27778
21318
897
32329
37111
10689
3324
25019
9340
11477
10795
1337
40396
25213
33139
30912
22021
17928
35990
9918
18336
4043
13867
34420
17602
34706
6383
40062
9720
30514
38961
31412
30929
20386
15289
18644
9679
27292
30589
37304
28137
27861
12780
17727
28280
22336
18903
40090
6019
19607
6169
23935
12625
7663
10761
15906
21739
36252
29812
17670
4197
12768
35700
36729
27259
14669
7019
25202
28574
15464
10999
26393
4614
9598
38395
6655
5299
28702
30520
1716
18675
5332
10159
27884
12293
7176
14473
4055
16523
5479
7718
29081
34338
14531
38392
38882
40476
27168
35167
31049
27913
1423
31703
19604
31966
2721
28040
11630
21311
22578
25863
28889
16495
8000
32058
2676
32481
11897
11336
10369
22755
9921
8676
37037
29646
33117
30101
38783
4563
37693
4274
23178
35222
10069
25573
20900
22404
13734
26239
6920
25742
39966
2005
20992
11673
14098
26197
38988
6853
1573
38123
30405
31479
2314
5302
21123
7038
35593
16623
27942
31144
35277
11984
27438
6898
1361
14953
29419
25552
2984
21527
9993
36503
2312
12019
28246
17630
3831
5216
33949
35514
37514
28415
36146
8486
34931
35793
29544
9056
13004
15635
9530
15682
36471
2310
28532
4541
35798
11569
4144
14941
17965
3257
36898
38731
22990
29784
26029
40024
29138
7803
23775
14331
4672
19682
34564
26412
29312
36214
23354
36117
25366
17092
40100
12637
19051
34757
8256
24237
17548
34255
10427
11524
29733
31195
19543
11684
3964
17298
36153
38148
35749
8549
26165
26909
3567
1955
25133
2730
29192
40249
5600
7717
31492
11447
14952
23263
39416
36118
30223
32718
20329
16396
3187
36305
36806
6100
33102
2171
22548
3604
12741
34476
28723
8629
24442
27147
19180
21910
39302
22992
26902
29479
34954
31669
23036
30129
24989
40004
30303
9871
32244
2027
11306
16802
26944
7624
11691
28413
37979
29578
11264
17227
15241
28659
19148
2309
35443
10773
23904
29234
19657
22735
35311
23638
8719
28764
26259
29498
33415
9548
13999
37005
6264
18269
34947
8813
26208
28059
25727
18813
823
30728
8831
37734
23575
17259
22722
38190
30532
13954
16059
23406
14888
9347
11951
36106
35609
11636
38713
30906
709
31159
14694
10774
12699
7083
23347
12309
40562
25921
12320
23086
32378
13274
14751
19687
17991
21407
5485
6525
2060
7338
37260
25001
5576
32969
19743
34762
25149
38261
5913
27003
20564
18516
32097
18160
35492
11434
4639
16019
28458
40297
28269
21643
8597
22893
7645
5336
26319
26368
34598
921
31726
23654
24090
1872
25368
18921
22389
33742
2654
10402
38526
36461
13895
38092
7242
7350
39423
38542
26119
15124
3416
6203
34818
13968
34388
27263
2337
25402
2631
9890
7332
35959
34315
18564
17316
24649
32018
6807
17595
39497
26352
8904
24149
31022
4290
678
9493
21667
7060
5501
19666
9330
33130
909
8475
19074
15869
10836
27801
28848
32816
9725
13382
16298
14752
24444
5080
37619
366
36353
13831
26888
13639
29573
16128
3145
39114
14161
28218
13749
3193
33926
15351
20397
26520
35792
38327
31145
28996
7894
9494
3883
24717
34621
28333
31023
39849
31889
22911
3664
3440
6062
37428
39325
10035
23986
29177
981
85
15335
37665
28247
24390
22943
23914
33056
23541
17425
818
10503
11726
9221
19519
33843
12235
2243
13625
1604
2424
28581
6445
27761
25255
15929
16448
39409
27018
14856
1944
39643
23212
22191
30467
27058
20710
38819
19593
37407
24566
35508
741
17757
23540
21802
23949
39930
5796
35656
11197
37232
29097
40633
10949
29567
28998
32961
33816
19997
33550
15255
7570
17624
8989
3169
12445
19329
2057
6856
6316
2815
18812
39314
24384
17356
40019
30904
28738
29524
12176
7480
23531
11009
27651
37782
2460
10913
17707
15985
29656
36380
34384
3536
22364
29299
39826
18364
20968
7402
24227
26299
32665
18136
7432
34857
14175
1410
13599
35272
19187
21070
4496
30436
29092
7001
27297
5135
20465
7698
28361
30865
66
30426
26443
35892
19017
846
28891
11704
13055
16398
19646
24841
30059
37974
34936
27534
30398
32033
13042
25823
39439
16653
7435
23566
32745
9108
31031
33156
31111
5490
28569
26876
28892
18874
10770
15807
40346
25587
24021
24953
15817
16349
39780
18783
5078
40575
28847
24151
26235
6693
24310
4708
1344
37243
6106
35061
36762
14702
35852
14905
22934
32974
15647
2398
13239
1298
27491
28281
17828
15487
15677
7096
16300
28977
9400
30136
28709
31583
36040
33028
2789
11154
15792
19230
5441
26559
22155
9153
35102
35433
2951
8784
8262
23035
28812
31594
15070
30893
36993
1939
18366
23584
11182
11476
6296
39576
30054
38970
1082
14024
38057
37995
2222
20748
25554
14527
7231
10535
22374
26793
10465
28488
30038
4275
1174
3462
32979
4927
15441
39878
10669
24864
12643
26613
35869
21453
11129
34924
23024
10146
2040
27821
21607
8901
40398
9230
35371
25860
11039
17103
39876
10672
39598
5828
25961
26523
28358
2378
37850
33954
22682
38934
32217
1059
15223
29803
21065
25517
28111
14364
561
37957
11422
26890
29912
20392
9874
40063
14246
21909
32319
9332
28454
35641
16395
26245
16256
17310
26804
37617
11026
26344
25522
39263
20857
23695
17858
5873
4437
34047
20781
5211
5876
30945
19544
17180
5844
23042
1260
35707
1443
11986
24527
34686
22002
10412
11341
20789
15512
35780
20203
3755
7609
23603
40461
28866
23186
1072
22396
10387
15990
6123
7289
5465
12764
6510
14341
30458
13406
21067
16888
4294
14091
8004
12997
19337
17203
39932
16785
26744
20080
34958
27648
5746
1652
38197
18445
38063
6016
26843
39725
34461
14322
22110
30919
13177
28609
31545
345
18464
39214
16284
33132
4020
38453
17286
10460
39491
3822
23814
15857
16425
25385
13787
30321
18816
40131
317
13732
16025
23707
10801
33382
31408
3906
2302
14510
34554
14072
8547
40465
13449
36979
15234
15232
40627
975
28096
23616
27784
18384
21778
31552
13543
9614
35497
15152
4419
15632
8065
18658
17542
39756
9572
9828
10277
38457
1798
7917
9923
9183
8264
35461
16656
16632
37398
38805
34471
36555
6762
8836
36162
20809
34945
34217
18552
9676
14285
39819
30259
9253
10739
15352
20437
23967
2207
25530
31182
1030
33700
40468
38145
36649
22941
7746
39346
19137
19778
39510
14911
25045
3291
12479
14721
9392
2079
38657
3368
19345
1873
36340
29697
33894
31510
22185
29349
370
33107
2671
39676
38607
38126
26222
11466
28817
29394
3195
18373
22175
15619
3289
3297
38002
1178
10252
24614
3485
29563
15003
6546
353
34627
5404
8915
39004
13101
12921
27031
35313
36766
18504
19953
18650
31069
32931
25944
37783
3609
27581
629
29357
7476
17484
9387
8968
27097
16338
15575
20049
24651
11969
35375
7339
13512
7982
14191
6862
36970
12572
25707
40736
36636
20152
14673
38508
18767
28954
10746
24550
17358
27420
16277
40317
40731
20878
26905
7036
39070
35259
37311
21777
16812
27055
36368
9511
2879
6754
12473
39167
9512
22027
16085
18080
20671
27704
23272
38629
28018
40641
28950
36333
36515
18510
23103
19236
20713
26577
18029
9101
10626
33379
13763
28222
37897
37034
40018
26639
3260
39969
18333
5721
25486
28153
38342
2205
1536
25303
14798
33101
15150
7693
35987
16676
22754
27294
28404
36006
15789
28076
24459
27770
37011
24672
23978
33986
31057
1253
8588
40011
31036
2986
9075
38187
40673
15395
11374
37801
9745
33821
35196
16881
6088
1494
21148
9714
2757
16458
12485
25150
12729
10962
24003
4791
13694
9496
16245
28335
10923
20669
14030
29059
28758
40337
6398
33424
20335
12095
37014
25325
20663
36739
27354
10492
15562
17409
1479
39896
35961
18901
5782
13109
14749
20572
37183
31977
31711
34923
977
12744
9237
14226
7017
37150
35079
21855
14560
20172
16759
39287
35030
13962
40728
37683
6039
16543
24305
27676
28475
16065
39153
27780
10246
15878
10256
25243
19647
10548
25728
16610
27110
15191
22809
894
32963
17327
6003
36009
22515
35382
14305
34758
26878
11720
19093
22187
17851
35571
15550
26004
8229
18558
30508
36860
535
25877
27617
31788
4236
37030
4821
18239
3653
30314
20505
31266
15195
39755
14683
30271
16754
15043
30111
30632
18430
6592
3819
31373
22497
37939
35877
4219
25507
19118
36764
37504
38584
6404
23169
5204
14943
39021
20154
28878
2923
9154
3685
13807
31390
24005
34512
14398
16750
11048
9158
38441
26041
39256
25691
15273
27697
26986
7779
18377
15927
13133
5273
39888
11926
18908
18743
13853
36357
9164
8086
30077
35572
39181
9948
8043
5897
10218
22313
20208
1555
15657
17257
14763
1739
26687
3855
