77280
13439
48589
86724
86241
41004
62495
26847
98250
89752
85784
61382
6094
75138
38213
31236
85374
29078
94518
3596
66023
286
30635
24844
45182
21197
37523
76332
60597
52711
97477
76680
10625
28780
72234
1326
55711
45059
96772
82264
17605
38365
95308
68699
20362
26759
41516
21487
27403
67819
57265
49989
45815
54809
73496
9140
34515
85636
32488
22942
79009
79258
38878
50057
25949
72403
64030
70439
22856
20562
17134
24487
42382
27421
50227
94691
14301
50171
35136
47865
936
65503
64031
15328
62101
36701
43452
80115
9089
61121
36476
56554
97788
23983
95996
24780
48671
72281
87906
44584
49933
1707
21920
29311
2716
16475
69972
90591
31968
70108
27370
1768
74339
74903
82985
83870
40845
59478
8795
1541
35272
49576
30871
6139
71089
70932
89187
23080
68894
61545
8961
1648
83685
96842
92050
23528
13530
18031
9016
37929
60383
81971
30262
76180
10878
72053
7926
69982
15679
56766
66685
65846
26271
79311
54130
94881
19780
10763
29369
78076
77709
68145
13202
50323
26753
22297
4299
49673
95955
7550
49347
40948
24287
16169
94925
62557
13882
16302
47695
11830
77571
12686
926
43955
95176
92137
95367
89967
30128
68289
2821
96009
29420
34385
87704
38833
15629
47081
47135
58838
40878
80133
12472
62322
97022
38292
79204
77028
32424
51805
28395
25038
31049
27692
14088
55478
74064
54616
36764
21243
71470
22895
65434
61483
97041
94457
37491
30299
24520
30517
31818
68455
56731
52751
26658
55286
67752
39324
439
56037
41755
83026
57730
56008
9528
64849
44533
39860
85493
23675
40423
56786
4483
33295
23452
31309
14010
57696
91505
40611
43149
16207
98017
17720
7012
87804
30668
49796
15837
3683
54112
78007
31004
8448
96245
52087
53253
81779
66228
63209
55197
78268
69318
91543
755
66566
80026
83208
64464
83042
9031
37724
26337
13957
81655
23681
26924
90444
10
18504
5955
31619
84468
51279
40540
42119
4134
19909
64296
2921
86375
91741
53293
75584
78896
72953
8911
87106
67731
15951
43614
61696
37143
33343
46612
73258
25312
34492
25529
51424
69416
44249
92605
50864
52554
78014
96965
27873
95435
15280
77942
60729
50159
31822
28710
34897
21223
44271
28400
46001
56252
52894
41986
64533
56921
92595
76155
90822
32066
45237
30929
77455
87052
64699
75151
43990
84758
26573
50199
53831
26466
67529
54882
76668
12397
89014
71425
54782
36893
87942
44465
94315
95625
42883
56838
37131
18877
17135
78499
57130
10363
52513
64709
9894
65932
75753
68560
92779
71966
89583
41346
86943
32411
44049
89613
32468
45849
32179
81985
48510
58053
26400
8935
75149
94692
37106
64873
77459
27994
77870
52889
75155
21312
16049
49419
14391
79680
81334
21741
53475
26656
37027
29949
38861
77610
98154
74059
79355
64250
48608
45185
11786
6585
91931
21222
8359
85186
10359
76440
1525
34630
17547
60493
24036
56150
30143
35233
70522
86961
74106
95749
47908
82720
41563
70001
96209
18695
75718
29879
92848
52874
58031
13269
21726
80046
7429
21170
83749
64876
83416
56955
11931
64022
64975
8366
30165
768
41676
49201
83871
48592
20221
18787
67316
62478
66113
16246
97006
23979
12617
35877
12855
60865
33264
48468
96246
84581
8084
62872
40978
5451
4530
69832
87973
22154
92111
51909
32573
65415
22876
10248
71300
78267
18716
83227
31251
29147
68748
38102
38397
88601
87488
27630
97787
1662
5764
7439
19515
46831
40239
26862
34994
30176
72021
36624
75590
79640
52136
66072
87151
52235
60993
47406
35582
5961
64051
32250
30105
96577
89754
35621
72999
70118
3667
81539
47072
22966
65327
57624
87348
85134
87359
85229
73701
62607
84109
29091
76045
43703
42773
85876
85514
45510
37421
58324
24051
46176
3374
63573
5643
54274
397
56604
54883
30001
21199
51254
24512
17743
11340
69125
52035
374
74804
66774
61003
38203
1496
50281
38512
79421
67425
48370
74022
90690
56278
96580
16318
37961
9221
45019
97107
46353
77129
71462
62779
51187
72857
51852
51127
22494
86095
44377
28682
11076
2498
39777
25708
17210
3605
38665
56119
91978
10710
32688
30710
16101
20530
46932
24720
13546
39103
81170
23694
33283
91138
43945
4787
8052
15176
53525
26273
65569
48565
8233
55868
47021
44150
41886
85781
92172
74254
26281
35687
15527
48436
95353
2492
75763
70925
166
18022
18816
83989
10229
41833
11979
75083
55112
22294
7891
83306
19821
53428
95923
3572
41328
59728
39059
19849
95349
78303
98115
13590
85386
90786
94101
14413
77065
40797
76795
53209
18585
77014
77425
57714
29464
15942
54385
33202
4480
89853
52416
45016
4709
4582
77863
24269
3454
57171
5246
72214
92939
5006
19145
42544
62762
90823
53782
74201
96387
50252
59106
63325
39337
65277
17263
5903
95445
75841
51092
10607
62533
75240
19767
22110
56402
64777
43957
10450
14482
84419
78230
8523
65271
95173
9518
72546
9540
35894
83265
80312
2396
53824
83250
56348
10105
84190
77781
11814
45855
54837
38652
50584
37282
67762
67107
63415
86225
57936
7622
91457
17467
52112
80477
43419
84096
79782
45020
71685
49082
55185
7871
26810
32173
32435
7975
19203
37696
38208
19592
49561
29800
6096
28308
65371
52009
15414
58120
29129
70003
86027
94003
3202
64272
41625
83590
85349
80535
35739
37192
20493
31542
41705
82416
63586
12357
20460
30647
5198
17768
35439
3133
20000
6360
63487
89768
68603
67463
28371
45309
5405
53045
8356
85295
26252
72196
82202
29165
59552
84269
54993
90033
75007
57249
37219
8586
89462
92827
15509
18963
2452
35280
80939
60036
44617
80851
63044
16053
38078
73984
8201
18298
14196
55325
2862
20215
38742
44478
81800
792
93328
21269
83601
14954
54045
36868
79788
71964
14295
41593
53891
91696
30108
52115
81953
89443
76099
93470
93605
73769
46740
7558
75116
70813
8760
22975
14485
81499
227
10616
68971
95786
67312
20747
63861
64112
16239
40011
433
96640
83948
16043
62946
45611
23775
275
15702
80056
17906
83117
91333
14359
95584
67815
15213
4404
74271
67849
12645
85093
88440
58581
62504
2501
81913
38288
18205
59833
94304
29433
45530
77651
54956
27430
15623
90734
86672
85716
19490
55516
28087
59529
10667
71007
30749
13152
68338
17591
47100
97164
10723
37680
91753
8375
87416
47651
27869
1574
83299
81920
65852
19903
94821
53872
32872
15563
38053
61303
48907
60257
64681
80541
34397
74596
1813
49300
25932
24500
3038
95519
64550
18276
5414
22700
6088
49158
95000
68886
83880
11717
38052
27094
69955
41809
68082
55458
11350
51342
83002
96558
51717
6375
54031
20965
94862
81247
32406
31886
86035
90935
384
4697
72931
72200
59849
69814
51193
70698
24886
29629
47931
78394
67411
21855
91500
79064
33839
79892
55760
58456
24044
34377
41133
61055
54144
25
22107
48252
83375
319
95406
3775
68313
91301
21194
83029
67756
34192
20450
94321
18860
71058
82036
74604
81472
87317
21916
86202
83367
14007
39199
41790
29428
11344
71512
78378
34322
2661
2715
17380
59566
51676
27406
97329
28977
20484
92397
1641
15754
81629
12037
56142
58991
2677
63012
70120
5464
95208
22183
66597
43110
75728
1863
8933
29236
20804
90660
4283
20293
27495
86951
61641
45685
12107
30852
80455
71052
8629
5669
39752
86276
92183
52596
55716
90834
10771
44422
58199
37944
65234
31313
5902
53203
50386
29262
81164
90857
34369
68114
30396
8113
5457
70055
8970
73026
36386
49693
34298
30164
81897
70695
83825
10000
18001
34041
5538
95881
18788
16151
40351
27554
74471
15179
76842
10758
94623
62833
36294
58241
44886
77184
44143
76446
8486
73589
4850
98050
42375
20701
65391
96790
59886
87516
38063
21508
2820
72440
5688
95675
72129
73145
39198
31796
42995
18643
8622
81751
18835
7500
90232
56602
3385
23985
82205
13952
79241
11598
22803
88781
39504
93387
38632
54070
57145
33194
12257
96502
24946
16609
74889
73999
96508
63532
63941
96199
45953
22316
65649
37885
55029
13167
69660
92245
70910
76133
19563
52698
69341
91873
94211
11440
94581
17060
16092
39436
7566
60744
96006
55900
1413
30491
52875
41496
8919
97647
46982
83464
16895
70639
34661
16070
70275
21562
58332
32383
21079
63687
77998
97091
67149
69101
30059
13325
59852
3080
62310
16397
73279
45107
51070
2472
23131
12381
65821
74093
64203
83366
94336
54527
24721
43082
56268
57892
93876
23055
11987
56629
3511
16870
22739
21638
90790
21711
3583
93370
88628
4595
7249
91537
27419
43715
15547
93295
31562
51601
92796
36088
40860
34396
45422
7705
60154
44963
53106
77710
44154
32252
27935
95861
67513
72243
87093
10453
61310
46730
57532
33723
29114
40979
51315
21136
28934
63405
75416
13497
56187
15537
25033
49834
984
78561
74635
29956
6679
72379
27634
65239
55270
67543
38849
52706
72286
48354
26029
18918
78821
36246
43917
49249
41307
6964
85047
27912
5147
12869
24929
29376
54575
63418
85198
84571
89423
11226
33172
63987
55037
55173
84529
34083
2686
25117
81230
29475
86689
17359
40734
44686
10907
31036
76952
28918
80527
57053
21721
18037
5823
13209
56843
23530
36519
86363
94887
46390
84601
71221
87899
68997
62214
62427
46716
22127
56990
47581
12247
5981
77189
41540
24250
15708
52647
78677
44889
68596
38832
42736
91940
88141
21873
46207
81420
13181
64050
49352
59692
45241
31421
51614
3139
83859
9847
90000
23254
41561
12872
71888
34419
34430
19363
25596
10810
20435
63737
3954
88696
1685
52481
82509
93587
64236
59715
83039
88888
27967
32150
59562
836
22342
84102
92651
19469
29683
31248
37398
67143
67948
19621
66815
48253
22125
30981
91231
77833
18832
80655
39421
17729
12372
40672
56446
82723
15236
50313
4738
72044
60942
81961
22315
45576
49904
80042
28936
48678
51322
74838
6310
88555
72085
11738
98201
39718
32313
70704
34961
92457
26994
61405
67251
46229
71429
24928
48885
59160
12346
56075
94658
15716
76533
58818
3760
24498
50735
19345
89223
40306
54484
13655
70778
48120
12478
69888
30254
75592
16286
1190
95036
48169
80957
31270
32621
59708
34716
50433
63644
9110
6065
5279
18777
28974
45408
71515
38763
17008
22188
56783
90634
72066
49627
54555
56565
48245
56593
33675
85785
87376
13382
70762
53370
15285
93426
12133
82086
71914
85800
23320
49633
64286
92625
57297
37867
98247
54827
97895
79722
28091
70310
6595
38994
43645
53136
2069
10092
5312
5653
51425
90054
12185
16066
3679
62330
45946
23310
78728
29533
22472
74875
24878
51468
91826
4093
76964
78129
15471
1093
31721
77344
48613
60229
62996
60798
91542
49765
86791
19336
55138
12319
33532
14826
56409
81950
69235
20220
93979
83253
17588
91632
84612
84143
16490
61381
34215
49853
96500
54681
58030
7264
632
1020
95068
85628
81408
72494
11180
62621
17095
94832
54453
97321
66973
28328
35425
7953
89775
17857
53696
44434
96417
66806
24158
29555
79103
48826
73927
80055
67243
9972
97244
28777
4326
27215
5640
51653
84710
73684
20282
20567
54307
27021
51898
55672
37912
7350
68062
18720
26193
62639
30127
68383
13203
51677
15143
3758
29214
88340
97119
28461
10953
56576
279
49858
26110
78115
21364
61652
78201
50585
5947
43226
60385
55096
90166
22982
88411
81725
79909
59353
687
63748
86636
73343
12770
74164
27418
46392
65149
73021
11480
55423
77886
4775
12809
32098
14664
22266
14598
33216
76010
3295
42903
2631
65582
44435
72154
45480
40
28623
78954
97370
42703
21250
20659
61029
57546
81497
42546
17998
32853
45089
73640
66259
3900
5587
27752
31187
96814
97043
63648
46406
43940
48561
35555
48235
85538
19663
90799
72148
45795
40811
57009
78641
91023
38155
34743
96119
94071
83373
44858
50034
16161
45657
15977
50914
17037
20115
58283
2751
43232
9143
3301
96761
9679
36365
36789
37356
8157
73582
90085
27285
5164
9775
82506
70617
91619
54195
83444
3123
87979
48103
33442
38496
51505
24779
94645
93349
17791
51990
79346
50222
11853
13353
27106
76633
12154
28105
9427
15323
66828
84105
14879
61790
51521
57196
39496
30133
87849
31852
45909
9413
49587
49378
83381
68282
10393
38211
76284
14509
55704
13328
23727
13537
35499
16283
38133
74312
61455
18719
13368
35057
70584
28451
81284
83121
9276
10261
67233
91067
89901
80744
43045
53008
43129
32944
78587
64671
52840
62102
38574
59054
46504
17181
2887
38514
15252
46274
3155
39525
66801
96211
43328
55995
29473
83235
29890
35712
22097
18674
19981
82605
7171
46660
96121
13912
51979
76606
17960
93635
42904
42563
20593
2554
71783
84312
80760
42287
7772
10995
36370
29596
58245
75766
71630
10471
65324
48967
18510
64856
72495
14299
52590
69915
66895
91375
68202
40751
34120
74191
43570
22321
81769
37145
4251
21091
83970
72486
76917
84504
37840
93310
67922
6846
11731
50204
58282
85231
86898
53309
92208
82982
56018
85612
25822
82571
66487
19974
77784
37845
69066
84777
52441
55858
12638
15222
90519
12217
31361
91139
8382
15635
65147
63801
85782
37989
84827
31973
69534
95555
17562
90659
80590
45925
78988
3429
78040
36758
94446
82521
91263
25069
70358
8929
78083
47702
73763
69184
19789
32211
6174
52489
35948
40713
30553
47315
62941
96465
38291
35232
61574
52348
56410
68618
2935
29791
85135
77763
11185
7797
23360
95537
3000
56850
36409
53716
87134
56738
25782
8422
22367
81679
36049
95807
3447
93337
74205
15743
71792
44479
14830
57972
33780
39009
23337
19779
52017
16305
11760
79124
5462
39228
87254
94725
18812
17225
35072
71439
8513
66986
13588
1391
89482
85252
69806
49449
52038
8746
69849
19574
21956
66623
10859
26306
10738
44904
91430
52417
6642
43120
31203
61748
66236
23768
1188
77554
96967
85218
76788
84230
96730
60391
95266
82744
28699
59677
13414
23856
28759
93868
25144
22265
2190
13740
87161
37624
7153
15309
85592
10800
49733
69970
77657
25443
53345
19799
39192
68092
37494
9158
72793
27005
62966
76092
41781
85319
93745
4612
76004
16089
23470
78278
38524
56230
98176
29999
43723
64461
14400
1612
57591
21618
18154
67839
42694
64977
50995
35560
34333
3153
76790
25047
44297
1686
3381
2687
1769
27157
86990
15432
3328
31618
60452
48621
41229
91110
71508
47784
76307
81728
61361
41258
20398
37721
15240
72218
81552
69697
34890
81872
27216
27428
4568
77955
87159
20187
45038
44715
51591
87479
25820
83269
94837
67070
44781
94484
26633
54395
31831
666
86301
58665
96819
36052
17338
18397
45711
32653
79397
32320
28062
1654
54300
97450
45570
18263
82892
46700
69274
28221
43123
97525
29562
18965
69252
71446
52638
24459
82325
88022
41655
49514
3053
36396
95109
76805
4997
78644
7015
52467
46987
50856
25274
56595
36508
51221
30754
20350
45976
16752
64035
65747
63696
29763
57988
84192
39392
76774
33455
11496
40796
61524
24059
34122
77674
94934
17706
43578
34731
89053
46685
28335
12475
21338
64474
72678
491
20809
58971
78838
31369
71431
49085
42882
24799
71873
68
75632
90913
56650
40399
66822
87385
86857
23968
61627
69016
91659
13727
96050
875
24428
9936
78493
72543
83654
97743
61989
41423
85786
87722
51428
92173
79810
19428
70063
94686
42970
68739
71215
71547
70828
40246
1586
35200
69084
91020
43517
96005
89188
79427
89598
80372
16816
90693
92553
98053
43864
49565
3854
7437
83098
41272
13520
71434
4366
67892
33499
44432
41101
56373
5747
94958
65628
74710
42765
66060
72428
19855
69733
66235
40769
66134
78200
98082
36326
49656
16728
66814
12412
73737
6342
75785
66146
49891
91712
77433
67501
65264
23816
93827
52439
36761
21013
2603
30011
45586
25784
27622
84674
82005
19152
84367
12132
11207
12448
47737
73530
59143
683
10287
13112
33820
3754
26415
1348
55344
22992
50738
89363
52911
89781
7697
8774
66890
28981
41391
14193
14754
21189
23774
82945
84140
58438
66746
8429
76567
49631
52985
19446
13640
22338
72438
89115
29263
65328
32719
17403
18245
42176
22624
52294
18247
35640
82493
66391
47663
30068
23163
60244
66036
19925
85744
27753
44277
30397
2828
61063
70024
19259
7809
75711
60139
54460
26604
39868
8748
28843
63991
1158
52845
12396
43573
40503
49535
32278
28399
40668
27911
82214
92404
1520
29220
18579
66708
68230
29278
64331
47577
16766
20365
54018
8183
34763
96142
30373
81072
94283
29782
39947
73086
2937
1417
52042
7363
9290
44700
33227
51925
30994
14331
43309
1092
67415
80578
28536
68808
55894
11537
90730
36513
19657
54145
8946
72359
2639
12181
61349
55769
94157
4143
75029
61629
21619
89618
7741
36453
23596
31951
52669
97479
55735
17006
81661
33188
28329
42240
6568
37521
39462
35424
29638
8120
44089
73606
67491
84308
71567
29522
60311
64142
58559
48224
42742
37172
5761
21206
59624
76914
85747
66517
48371
89451
60517
47952
36614
88313
39283
80988
68527
59332
3807
39977
87609
56716
89559
33031
32300
22566
20500
65534
9463
58194
42874
74578
2026
56247
4343
40104
3858
8768
56114
53071
24916
97407
36638
32828
32058
70889
63877
26783
16316
48206
6152
35414
43133
97954
35442
93479
79984
27940
9067
83998
48754
94829
66147
43270
73106
27943
49364
91725
77340
68800
46784
78264
24935
33774
69742
62287
41984
54039
84734
77271
11683
91496
81190
55565
1616
14595
88500
78341
29828
98079
54602
11007
32007
35282
8637
67153
42978
93654
82114
66343
67057
39468
71730
19189
3841
7836
33838
26841
24106
94616
66481
24458
72726
3895
5459
28632
15073
39673
83336
5227
68274
41637
20416
30506
98285
92315
13354
29306
51216
19465
35115
74282
39171
29592
91447
77157
22221
60179
23483
91820
81124
86078
11718
62567
56702
5724
5844
79045
17482
30880
83160
23527
4428
78733
35772
33963
63533
5600
29701
42361
87237
3203
56808
91144
23724
72923
31258
27497
91285
53429
5675
76512
58272
68637
48147
52025
75103
20368
91498
81504
48534
79242
50785
57680
40497
96025
85133
32420
21525
51727
13290
20888
13403
94382
77759
81147
89700
59868
28101
39858
19586
46745
57853
7620
85264
46842
54817
65563
6770
26068
78058
80965
17742
71039
60469
90894
61955
75339
96778
3291
82780
95437
74865
19768
34882
43979
37615
91724
86401
98178
14574
92966
26610
36875
86285
22134
49682
28324
93831
69013
30773
6834
27090
40138
71231
54800
35664
15158
56451
2829
45536
42678
14608
10799
38511
50586
84047
38741
63834
92612
95638
42134
43278
65246
17938
46304
17475
30707
14037
57262
10908
22933
41547
65615
52331
82491
70195
56227
62885
15348
12039
35190
1552
91234
6148
93004
14529
45984
78704
91450
4537
12910
25803
67017
74013
29506
38732
43619
38837
6900
44619
6048
4075
45989
80723
61307
37162
91908
76971
78000
82976
11380
45434
87783
48132
63436
84778
42740
70438
16
60661
41685
75880
59614
62686
68565
11206
7038
17370
88238
62656
17115
8973
9624
63421
87758
59167
5054
71513
173
40126
37082
16149
46327
9692
5619
70458
31668
49407
4181
34460
86540
46568
74455
19083
6886
35261
75072
78449
85152
23161
87574
83255
87221
49609
56027
69123
17430
78608
15762
59080
21900
55500
69266
26605
64884
44405
72706
74323
82606
26106
93066
16013
86698
78692
83220
78918
35130
62725
38188
77749
87232
63256
333
12078
40830
63712
18535
8815
47325
93967
8753
13060
20325
62632
54449
42570
67565
4415
84207
66733
24503
31917
42673
16122
21968
89924
31920
95860
77236
44729
68607
16268
27468
86810
69631
24335
94
78783
22985
10658
39002
78612
88937
91312
58630
79676
7804
58469
93741
46537
97346
1028
43462
42726
42877
58071
49245
24850
9950
71758
83830
62799
8030
49432
78354
95815
32115
58847
60235
21776
14824
68228
25685
71001
47808
80141
69120
83172
7331
60792
49051
81027
55851
4766
75360
34875
8345
50744
41688
71605
66347
747
4232
74909
57599
83071
15622
13219
52327
44199
86068
19889
50575
76089
91206
3465
10142
17692
29972
92629
6876
89868
52277
39174
46218
72164
32083
66057
78276
31142
59735
83272
61899
58407
56422
29045
8810
13123
89430
91818
11177
83502
24971
87285
30159
49125
53082
93627
71310
36373
44972
83388
3221
85890
4208
78266
43831
53227
53160
69962
61729
86676
81854
68328
63930
90597
93158
18357
93473
23364
58063
53157
84798
56723
97551
85563
1507
84212
67030
51268
67682
12512
78359
81285
41501
13612
57600
50160
28770
72230
10018
92160
70602
63483
34123
351
46593
20928
41318
97969
60275
81756
35553
42089
39830
73382
70403
13058
90428
13501
66074
27321
15993
21147
74210
89575
55688
52393
9600
85936
71709
67167
97786
54196
938
32293
40479
7261
82456
62307
72918
1951
50481
80918
46219
21178
1893
13891
72114
35927
54529
33278
22587
9671
91928
18811
36096
64823
72849
20896
63043
29651
70751
54381
30606
84126
74637
63431
73360
49004
61277
235
95061
44945
17397
59959
97140
65222
11023
88359
13286
76467
21770
29525
12955
94414
62189
74691
44182
47522
75278
45073
49718
54016
86884
96882
64765
9953
96627
35487
93250
76965
79499
74822
28098
56096
12540
43994
52578
91602
78017
66192
56810
19361
39242
58070
93760
40290
62000
76183
25700
87253
16559
93541
33234
89035
48479
33787
12286
70165
91040
31355
33042
86003
8297
28320
96093
4293
71055
89290
93593
72755
57341
91789
75485
74796
63584
92090
37795
95981
58977
40704
28067
58493
29340
4573
66369
5327
1784
90455
21
87816
58276
73868
66799
65871
31271
55398
3067
57076
96312
55786
51346
94964
56464
50183
20369
76781
96421
33375
91895
42559
33011
85494
32613
26789
59754
95958
53674
57968
25337
24868
70443
36866
69495
73009
19644
4562
64933
53866
94102
84598
29938
8865
62980
94194
44624
28270
40898
82208
24234
52883
84399
40886
13411
49409
11128
93309
28545
29070
62537
56581
89503
13819
5689
48466
78402
12490
37128
48201
30122
16874
67579
1638
195
68731
28197
97845
12227
47672
64820
74826
17873
29093
25969
2688
41185
88482
19202
82349
3584
39921
19405
91095
78804
51668
90756
22452
1643
31897
53536
94759
78011
72646
13795
44324
9682
79677
22634
17478
94022
24785
73645
93595
14961
65936
15302
92106
87774
54991
17295
95927
24662
64680
74625
4520
21025
43264
44719
77331
35878
9060
14356
42292
9216
32836
21509
93982
49993
14192
51865
44538
30408
58844
4641
21397
42611
39394
66507
12814
78026
44236
35436
50387
89835
91682
50268
95330
46287
95863
28499
33598
2578
53601
57887
37533
30624
23282
16334
66336
59240
22176
21946
68212
25966
47231
70926
1364
66453
70875
58174
19103
39847
12120
50997
3052
95280
89175
31295
88205
38270
69603
19144
72297
27812
20202
61668
13774
47934
66176
91058
80406
31929
10382
11265
73374
30846
88635
54781
58789
91881
57781
69674
21252
32423
19654
9764
53055
13433
28099
56701
81645
89244
73559
57099
6643
45724
22695
91573
6020
79552
51243
90638
8487
52830
85266
16399
22290
26933
53584
89352
63059
19331
62068
9344
12276
62097
90504
61585
7458
54548
92774
77411
19648
844
30374
88939
75317
55889
22848
84551
18774
73591
52928
1517
75105
6708
71318
97583
50080
96836
68639
46084
67068
55997
12470
94856
19630
16353
45165
6356
90587
68859
49735
30936
88519
93739
12193
27256
32434
79082
89851
79061
41568
55687
33628
47561
33392
793
12835
91722
84123
13119
5305
26112
82037
5353
85527
28172
59485
27538
89372
519
97868
19477
3424
18592
44372
56696
82025
72410
71455
22704
53512
69145
1599
70603
30406
76293
49969
57580
76832
20148
75507
88380
69981
41460
62036
962
87540
27354
55781
36535
51181
16160
73936
36484
24302
2401
21981
53809
24488
91480
31759
45318
69921
27400
80569
90346
88181
25804
71657
10912
95907
41723
94176
9792
3315
84676
41199
54818
33747
52732
33127
35311
70708
10651
52541
44398
78497
54393
95866
16716
9626
59444
53575
1251
21340
11959
72344
37445
20146
8372
59158
15501
40783
73282
59313
12208
28034
40140
49346
25864
37033
71109
91694
32305
13575
96068
30603
11954
69157
62075
42275
13340
72086
79520
26707
26890
79703
84759
78958
49763
78605
24923
2112
37181
85443
50694
92776
54099
37605
12440
90398
17184
30759
5086
68663
39104
87414
31557
7634
31656
72716
47620
14712
68986
39066
34348
64949
24075
42808
50835
80402
85444
17305
40921
31120
66665
5442
15669
75290
45674
2625
38592
80941
45731
1843
38960
68824
75447
1002
23143
80766
36919
11105
40442
78754
58826
48488
31235
17113
7609
86582
36109
15453
58180
75509
64826
88269
33038
75082
22244
21179
54374
90516
27246
57470
46954
46712
55848
37646
65469
38570
21032
40537
58652
4596
10807
12182
71859
15919
92571
96436
83112
40846
28294
39709
59490
6102
85887
76852
14204
29775
49807
51564
72583
62136
27107
72398
2723
78844
79964
18762
26150
98214
72301
46378
49762
22681
66634
94260
17601
86011
55578
26140
85217
54329
85322
21289
51467
41867
91778
87743
36697
86750
17083
25726
5905
27709
84226
542
63196
17747
6362
45436
47013
74410
88581
70646
58043
73810
43257
24339
55874
31478
6531
85398
72144
54762
85203
4264
83634
75543
13246
38429
92063
43883
98052
92269
95856
4372
98259
90749
66040
27026
19499
53504
54932
63920
65498
9656
85810
85803
72536
54520
83529
61397
5452
67139
34134
22469
79758
11111
41518
15851
59975
31078
27039
1817
71550
53059
38714
67586
67575
26747
97565
64866
49625
24
1825
17276
8369
5843
9939
15385
75021
17347
73526
9668
80177
74082
57549
82566
16276
17138
19853
4821
46790
67723
21014
61157
15500
37700
32713
12774
90021
84044
64954
90524
31575
8377
18127
30093
21897
9174
37061
44565
42680
11602
34361
44582
33673
55540
12411
96540
1234
18087
77030
31754
37701
55278
53465
96435
17728
33404
20512
2880
58857
65916
61391
95914
41843
18546
26154
49252
71732
47527
78823
17637
1515
90080
64281
35577
90559
18020
1625
19359
52062
4100
70927
30266
61714
4499
15305
89311
13578
5894
52299
24819
12974
81986
29372
47268
62120
34828
54211
12580
92428
93258
6316
32776
61132
76011
79664
32753
13392
89368
86167
74265
47123
54027
59045
37207
72863
11514
17202
25326
16772
89373
51107
94046
69151
51771
70676
9162
80105
62828
66419
44510
16770
77016
39897
43680
37057
33860
50022
83434
13768
88624
89834
41558
78416
65207
33262
98268
70425
9536
16309
23579
26393
23265
78740
53179
81512
76775
6003
87606
15171
72773
49955
37369
27620
20520
7013
11245
98136
77076
59773
18924
41552
59558
63523
46634
41228
58150
61136
34664
68306
56621
87125
76328
9233
40254
12937
30048
31394
38649
33282
73565
9175
32551
42797
60081
15012
21762
83471
82735
76622
66430
72493
89444
19965
73532
27485
1922
78628
38519
65625
60954
50392
48881
41336
56707
19595
83785
42188
29141
82665
12353
60390
87707
71048
22185
58486
52083
97460
51082
77758
2684
85131
67865
7078
34867
57127
47407
67308
17452
7683
30377
9310
75432
47905
31627
25500
46859
81829
70628
57597
39694
43980
30013
83273
24956
7270
2463
92188
52507
5172
94206
47300
80943
63745
95979
95802
17649
32032
77944
3280
83665
93507
71235
17463
67182
89210
35648
52821
4696
10668
96158
98111
33252
11247
47562
48835
94815
65749
34989
83993
33493
41056
94411
22325
42358
74154
28
94822
28075
20392
27306
40894
93212
57755
46563
13602
10385
13266
53226
47842
32735
24200
6235
42744
43777
79018
25242
40012
42609
36587
8587
1255
40538
10069
46542
84072
17892
28406
52860
73607
13089
77960
73155
61258
84974
33239
94746
47427
61185
78569
59829
47787
67255
9580
71905
22446
63071
19590
51723
83092
3079
60725
63318
26953
37049
15199
44831
33022
89908
32582
44734
18941
61078
67548
33832
37689
32684
71628
20518
22675
5611
73162
52536
96278
69586
7818
67062
61378
37865
97781
94516
93850
33976
21430
49843
13168
62456
80403
13299
20122
85255
93780
56714
70406
33281
22928
27076
468
88531
31504
29731
46322
31433
5793
92488
49685
3028
97705
77962
41880
60895
35871
37150
25224
13495
63201
1793
78408
70649
73485
18442
29874
51100
56122
78649
15996
41930
96193
21695
96092
79914
1691
70930
76430
15741
43564
95853
49559
32330
25426
95667
7827
47271
1076
49777
82761
48426
7151
67493
50536
58514
43510
26342
65480
10609
39415
59183
38841
22131
86967
19070
977
7837
92778
44954
47584
43360
24722
74979
66194
11658
96922
43875
35836
84985
21951
26015
64455
49092
73931
95114
47337
65473
28232
1483
40815
94419
85824
69761
48780
13718
31031
96805
5435
85794
41938
35469
32745
53769
3356
11785
66563
10292
71413
69798
34996
39314
97142
64052
51136
83498
825
66975
79729
97520
68949
3222
80227
55896
40056
32680
38986
4635
82675
22476
18821
21822
91260
3602
91964
50362
9691
48775
41661
75611
55494
52308
9592
61490
39156
65949
35363
95804
89370
96981
92220
24789
36511
93659
40286
57976
17185
93038
23473
35680
30259
4807
38604
58517
19973
3130
34831
74309
1220
22044
93462
1209
60760
63697
5986
20159
7134
893
5496
15037
19703
95107
12236
59384
96011
73217
86396
1039
6352
50473
28126
53079
50055
7025
46641
91950
52892
7949
51954
80871
29573
41744
37572
29135
60786
45798
85256
18930
35429
72952
81558
40178
19335
76647
46835
84261
38603
43744
82779
19764
88329
43185
84805
70455
63743
47025
59483
34114
81701
93704
15913
63924
29276
89236
94424
72135
55125
46399
95289
84314
26346
68075
38727
18191
82365
40170
91197
62568
66289
95917
32755
57388
34310
62158
17952
302
5196
48174
61238
25067
81869
96927
45746
39529
14919
29125
87642
53019
77842
61739
57457
87839
86804
54
73557
36464
85766
70546
91800
94849
85288
21008
70961
81901
88459
53115
57871
68874
5973
54133
97866
64666
57917
23232
25025
49921
34744
60076
11629
69179
76349
67116
9903
1950
3831
93439
2540
42247
18435
22483
44997
19303
54270
50905
61208
3505
81026
4771
66137
4381
71535
95246
75152
94524
16429
50565
11062
31868
73649
92087
16962
2289
70374
67020
61352
64115
69574
51130
24466
35831
9313
78528
46416
69195
24648
72569
22690
38045
80296
58244
65806
10431
70359
45034
10338
83846
50202
64549
50303
18124
7611
52671
81613
68682
85053
61504
57791
97664
23369
75944
41865
94451
39271
75808
16244
87105
26118
54037
46580
7610
97439
82702
65387
234
814
11187
60641
83835
51105
85647
66804
96660
45847
927
51233
34034
70916
65570
4257
92786
29623
59264
67587
23687
92940
96782
25744
57450
5095
40243
42167
77306
83551
12238
28592
90416
72648
54288
83441
23714
4237
42013
74956
56258
40549
60013
5560
46938
23495
5238
47032
38077
17907
97564
44842
14032
23606
56568
64139
55766
57787
90170
66573
83994
33218
38740
23572
27201
80005
24148
93995
60606
63311
94033
90244
30286
16969
24507
70097
62767
31128
5402
1983
57579
84631
47354
80883
89166
53062
67961
87573
42993
36125
97260
63634
4238
49228
80552
24529
91287
73904
90887
10052
28082
67589
70272
78451
86284
64285
92855
21849
84779
8695
25387
38586
62113
44295
46971
34735
67453
87004
67998
54596
94919
57993
97715
97437
45109
714
66317
29446
48866
96552
1773
86255
71548
57560
70137
56130
73441
20547
11219
78869
58862
14707
58592
93071
84472
35626
39500
81154
32018
73288
66224
47986
33200
45307
15640
63424
29363
15054
48057
61556
69227
74296
63215
98099
21654
24495
90833
292
6603
23211
66715
34494
45403
31283
27616
12030
20121
9478
17213
64579
76333
40986
45332
87612
14252
97323
84051
72957
19982
61290
51126
16174
30043
55607
85048
96623
54826
28715
27662
57486
91512
47192
98012
19970
37557
90946
8799
92877
70401
52296
89470
23109
11663
19638
69204
16828
46595
91185
29490
95383
14495
14662
97941
86641
5220
49183
13738
93553
58551
84714
49277
30934
82991
70791
4685
83379
73968
56721
43005
13171
30316
42885
14370
70141
86522
10182
76500
20338
39836
36954
25807
4841
57662
69654
53746
5066
85119
85340
66832
60911
57394
91894
29449
97789
30812
41093
40029
32051
37550
94613
43259
70838
74799
35181
60598
72723
85606
46991
64716
86147
7906
39567
24835
73114
49055
33359
1333
60184
57224
47437
12896
61953
26196
54502
25648
72051
70755
14551
32439
27467
27150
57156
55910
6040
32215
73248
86015
55315
20616
68660
62622
40790
96452
87920
63654
30089
74284
15599
79685
89129
1036
49412
2482
23963
89789
79092
44970
64184
10759
11910
63145
77686
83449
33642
53046
9807
54283
54029
6250
95767
33637
31712
81658
44403
72949
23089
55606
7035
57910
83129
19299
56256
97363
94482
23324
95071
97681
90049
91079
87002
5572
75413
78106
26511
13239
23389
45614
82373
34652
11533
23186
35673
26620
61074
1699
26357
17253
87368
39594
12791
45501
51435
87881
80060
73420
57354
23489
70508
35891
87726
91653
46332
85571
80987
24998
75789
15992
55411
73447
37706
69127
93891
40482
65680
33676
18471
73180
13237
74292
11800
94961
3823
27655
73812
90187
50760
26801
81555
5539
92031
63061
73569
64475
32765
35678
736
1909
21955
76721
47104
48875
79861
62927
27489
31678
23376
36612
37460
41214
84163
9966
69543
86449
77133
38638
22054
72056
56060
50450
69455
40038
89718
96314
56861
57494
39802
16413
95444
66914
92816
14785
63792
69670
42438
72533
97054
76685
13260
97619
75209
9426
14327
26121
11971
51056
39776
11935
15834
30047
15317
23935
74514
4555
47142
65225
89731
62034
35825
21795
8858
11886
73427
12135
89240
71352
3112
12811
57263
29861
24649
50364
25764
42905
53200
6050
30609
24359
58378
28357
71774
20855
46242
29123
87403
35679
77321
66542
2093
73919
77855
14726
75814
58615
1994
52167
87022
25329
22986
2307
22402
73960
58138
72512
26457
31709
72534
59988
77924
717
86740
18509
55568
56272
85169
35221
83774
23758
69187
16047
24114
96284
91399
33299
93602
33316
77192
56622
46381
78331
73888
16331
7816
56302
55796
65641
65775
10191
24558
29528
94789
88611
49857
69045
49519
2370
43892
31501
19340
2191
11215
40994
65466
1414
83082
10028
77266
12947
31228
50915
50447
41577
28052
80081
55128
71172
50969
60059
84640
16612
67687
7874
69753
80192
26169
74212
80550
52556
87822
71120
3570
17595
85651
26521
82324
93239
51272
13142
95072
22280
52726
29178
17739
23828
72463
34176
29487
78173
9602
27529
53029
25647
25139
42344
9637
81911
1218
9933
35969
81461
37562
62
10649
91869
42926
78664
53553
29474
21002
79071
8259
37283
62298
35735
92016
73771
38844
29925
85862
97920
76201
4586
6276
70826
63456
65300
76482
75408
69714
93848
47352
30550
4564
44681
22930
93934
91426
9329
47057
9430
28768
14860
66639
46204
62283
5391
59871
8044
33956
41481
94272
29722
87146
7922
52346
48070
36895
86927
93533
29049
8839
12526
25636
44250
53790
9037
32764
78165
57772
64966
41459
7913
5634
64868
68511
53344
16173
63619
20563
23233
80333
97029
88216
22789
25248
55905
75966
93949
20232
79047
88769
67701
7844
95249
4459
50439
89609
68057
81383
39874
10158
77089
55299
52442
8667
40401
9767
83173
19034
40864
67151
32070
11792
90554
613
68207
26200
13893
24714
48610
62947
85070
26124
50748
12710
90011
6924
41465
20420
97099
88738
59775
72580
81542
65738
91532
6324
42614
35886
6616
53814
95765
15589
17350
59942
17629
91870
27718
60736
35395
28439
47833
96150
8993
14742
43633
38908
71957
7679
32221
77431
40716
65344
33298
33620
22898
17772
35757
97905
23782
41295
78746
62577
22636
37880
78544
10353
26168
89819
443
7385
82582
81273
11145
42420
88739
19038
71107
54463
46409
96837
38751
44222
2337
11024
36907
78695
74515
6949
49395
29058
45367
15961
78957
71551
67317
35652
54321
87294
37446
40233
68487
54464
69368
90134
29113
35977
65306
58476
54518
84521
90318
80879
36531
72365
62145
35234
56634
31834
58552
91726
66508
52942
80266
22143
2691
60734
80299
59382
41247
8578
64660
30542
55181
28311
33027
819
32447
14412
55311
28291
83750
40146
44116
44944
62035
21121
33230
46418
82304
81151
85545
14146
91370
2600
88458
17319
53275
30385
42289
79784
13803
79368
29243
17149
85301
28533
94019
54679
36361
82670
95293
70153
80603
84761
97152
38553
24380
19065
33461
67614
43922
84291
4044
19210
29300
13138
11576
70920
75348
59809
34213
35047
79203
64684
69750
92196
52324
93509
16491
6785
4437
30663
49278
81810
82240
90096
72116
19562
43932
49712
13319
91340
16867
42007
46124
44884
41797
76081
84108
40521
40661
54659
91119
67502
90414
11665
83429
10239
61016
71464
63351
58166
44857
46937
42663
40229
44673
91856
21175
85568
35821
88101
59266
530
68467
31441
15621
48030
23833
24701
68398
21054
95187
27880
39530
67387
97615
12326
46143
56968
67047
14027
19697
64547
82514
18341
61278
20519
45007
74335
69472
81039
66374
75725
74519
35408
42793
40911
43656
91098
7314
44531
26601
70058
13118
68681
7169
2043
18902
81850
55883
6596
97441
72895
67785
47070
24267
24803
26901
58513
67848
68370
23481
39208
64159
9782
9015
48994
60905
15485
43103
11711
36985
75567
30371
63917
70702
35835
63321
30276
44494
20605
75417
95739
33582
48013
19301
83100
6621
49607
14455
61993
1293
75630
17711
128
21622
56449
42715
29678
83203
11424
85621
49444
21826
57407
3972
78781
92358
34615
25185
35562
28264
94259
41990
96083
5524
91247
19205
48284
68290
28207
14706
33533
43588
97557
92841
97533
56236
53822
59253
58222
59795
55551
30269
46972
28827
54713
91243
68409
86288
94765
19999
23506
6584
1933
51003
56526
59590
92962
30538
12252
45217
63200
14868
82269
79655
69894
35026
97075
38914
32629
11047
30748
78317
21354
16060
8131
20192
61075
2268
42411
92187
60136
60061
94584
69934
19141
70805
90784
64394
42415
60994
14644
49323
3220
77226
64829
30687
86244
87292
3379
79805
35733
10080
73175
60198
69364
43436
4406
84125
2902
55428
58696
52936
52121
60206
9740
921
91564
2510
13908
14806
22845
49702
2135
82495
37553
3940
98026
17638
47365
71124
73793
84593
40409
72703
85392
83905
68996
69588
52440
80819
17178
46502
72655
67035
60521
18864
77216
17856
79641
42448
46963
2185
49265
44808
56156
94965
35125
84443
31863
71069
61996
51873
63015
6577
18181
71377
23635
60617
53745
6776
34595
95283
87272
75520
68879
23589
59534
3364
62605
86088
49039
6761
73849
13827
33030
98198
9990
38013
44748
81137
26037
65905
91470
96591
73882
45039
26122
51605
35862
94773
35491
4856
86948
97662
62949
43041
46711
14507
56427
70206
17584
6047
4810
5370
60162
90835
64576
48047
84278
71197
84716
18513
11550
61274
73458
74325
8260
29305
62578
80813
68073
23432
76449
69627
26962
2486
5751
74416
45253
96124
39744
50768
79043
48305
44064
28841
95146
19904
14262
37727
73952
70349
10703
53728
38746
78542
28495
39787
28687
66213
14149
10650
93711
59824
14756
76880
22858
72313
98269
42003
91546
7176
94707
70744
67804
74429
49191
3997
34973
84784
5020
85870
63706
88355
859
85901
36999
50803
23929
19826
31874
21329
36669
98058
90628
76062
45157
90907
28738
73938
31359
25435
25317
17098
39291
64769
41835
37168
24213
95136
19176
49516
6405
35518
60574
21944
8575
52022
21122
15059
78502
28968
90748
49642
78516
39154
46202
95865
31156
31376
478
62641
3469
41728
76268
44235
37503
36639
57789
30890
25346
83711
44616
45938
21392
19947
10269
16913
2111
21838
23091
1325
28517
80668
49821
93862
69935
36695
6031
87421
74837
51669
77961
93930
30340
86809
51523
41434
93978
49750
84651
45676
36694
86751
9319
60797
61057
89178
63395
7306
66712
19523
93448
50506
69636
26773
76427
39762
82997
80887
9041
81175
48230
47350
55415
15460
79943
11916
9525
45138
3519
56603
829
86655
73713
65138
19512
85418
28247
35734
28201
92934
90338
44034
21254
11386
66653
85880
68111
62247
23976
30236
47609
38653
37158
14283
23115
5189
33536
10858
49893
61102
37717
22247
83977
7114
33306
43215
38907
73454
54895
76848
22138
19705
58496
4674
81282
46101
82458
41027
91404
20544
55399
61871
24876
65191
22102
54089
66570
64786
83443
89574
76161
72642
12105
39273
58247
21997
74730
31837
43181
80525
26338
98072
28538
66899
39907
62500
36914
32593
18943
59820
7113
18722
81566
40087
46519
1774
14164
49236
16539
59458
69144
88872
46739
41551
20011
19162
58458
56453
80847
59340
16601
7300
25353
2898
44957
26405
81945
48849
48299
31074
65672
61479
50704
19383
79606
69032
52151
21257
70317
64905
26833
42912
76596
68725
74683
62429
71536
76546
4315
25380
88765
70287
21082
19168
61036
83280
52804
58183
45018
72663
446
79854
26858
52822
27071
1270
62320
43420
22491
10638
14456
2701
47703
54750
537
18935
59153
40930
13605
52683
64602
25221
86371
43719
97495
4552
65338
50981
89358
61493
88133
68107
60011
8739
11299
92921
77121
75598
65752
93714
19382
41645
45491
90429
53583
96056
97218
37730
54353
8522
52770
68413
37198
48591
58345
45871
126
39473
46220
60962
37804
35398
37729
4014
78756
94869
34980
55201
78647
41455
78019
74599
2335
3695
67504
24268
72955
47042
73430
14631
65292
4267
15908
32855
32894
89871
52684
69142
64889
16715
38834
26091
65190
74914
65223
15002
45972
39070
89709
1397
81659
28268
9749
71935
88074
72205
78021
57078
32428
88621
2142
32791
8102
37588
36030
6145
30671
3999
11539
87154
89491
46603
61766
31168
66921
73617
75713
66315
47941
38191
80720
10316
59199
22459
15701
24476
71268
52223
73092
16523
17871
23256
45714
94552
9139
16613
428
8154
36259
94579
4933
69831
61354
6923
7137
8771
27532
31245
24304
40772
60849
48774
61396
61656
66622
8526
12757
80584
15592
5254
1514
26416
77463
12708
31440
81765
64289
79963
43365
51156
7789
14279
23295
28815
95018
1741
34532
27077
73349
61
24519
18768
44378
7642
59178
9035
83150
17169
60801
81811
77339
51227
81217
49487
58762
93272
13598
96155
29073
21421
83232
763
96321
7775
9204
36660
24966
1243
88048
62565
19591
96561
91714
83050
87571
57796
61126
33354
93465
23544
60504
89689
23190
49474
48418
15360
33129
83314
26937
95659
28635
42626
19246
74030
95763
21603
15901
54388
6791
50545
57705
90472
27764
32535
33294
44794
57962
69378
29656
57050
89778
27461
53695
8801
85293
31553
89077
34521
35834
17446
210
34689
53455
2200
35091
59082
52241
34864
20620
13017
21896
88889
8900
25707
15358
31154
42531
16421
81450
60222
97881
35344
28347
69743
79480
51724
70037
23747
43615
11285
84028
74860
76979
14621
75560
20852
64803
77850
78995
88992
39220
91077
54017
41769
95081
67974
48491
63667
90899
69102
4500
20327
39826
39788
63014
74577
48946
27719
47545
12119
90161
95614
48798
70503
91624
2932
41334
82505
91867
21431
58532
75638
8147
87989
26898
31952
88812
18552
29423
9930
32498
53413
20105
88590
56974
85365
34687
7520
38192
57287
86714
19056
19102
84550
65396
13098
57496
20040
85818
65318
46056
17106
85871
11179
28660
10071
80807
93368
15723
44228
94896
54227
38083
26464
96830
14969
70565
18490
55595
23552
89421
55369
93969
54987
4863
74358
6725
85107
31694
28958
43394
44612
51461
82535
29332
13959
84656
52747
92396
42423
5367
64863
56241
58291
84858
988
41238
46884
41716
41586
81654
96470
88809
3660
49864
74908
61482
87109
96489
97972
56566
27328
46323
22132
31603
10256
63417
56267
94425
32214
96355
85761
22015
41244
77054
1929
60562
41658
43549
1050
60381
76802
28057
77797
85891
78529
76562
28378
75801
64413
8829
10131
7957
2480
44421
62168
11578
4217
34565
88585
83201
12513
34757
88990
17299
52345
19460
83667
90522
95044
4814
22635
78420
67195
13870
8069
61169
66798
97385
21521
13801
48298
49397
18041
45342
11525
44885
8363
38461
80833
80154
70360
26325
82894
79562
2207
8271
59197
83563
25406
92298
79950
21313
40498
49231
83413
28864
91606
89671
80950
26077
45188
82259
42181
620
75606
36700
2582
49743
73049
75061
22470
48647
22794
24533
73819
39270
73975
59044
86717
86344
81557
13722
2532
57562
74746
23484
30764
35971
55837
27527
13863
86429
82221
12764
61966
10059
15122
61610
655
25780
58662
57533
164
25681
75816
45599
75213
41062
25343
62940
52589
62446
4636
38828
987
79237
82024
74965
71864
90552
40060
89573
24981
91640
53870
63680
97206
55527
66326
66775
66122
85269
30060
59460
21927
41114
96412
66238
49345
66024
26487
40474
87283
39280
73118
27980
40616
10793
64513
23244
95820
32571
63903
64098
92559
89504
14463
64578
47119
17316
85952
92717
38451
8014
91739
86258
6228
26054
67487
7995
36226
11733
70010
97819
260
31082
29494
47309
89791
89624
16480
14323
60605
83139
46193
39091
39571
9887
74870
61267
4956
10968
83197
34459
3915
36033
15984
79511
69730
82042
85581
91981
35096
48377
23883
26711
30415
78972
1238
65808
9228
40837
35986
80445
61590
12994
78750
6578
38167
44912
79577
79488
21171
57654
40476
16892
20900
75825
97880
14346
10474
86661
92292
59583
25741
51048
61783
22728
74864
67141
6346
56667
44158
35149
5722
40917
97622
71384
43011
52155
9490
49558
97058
27375
24568
54949
64265
96511
9938
69115
77735
8092
36303
75683
46622
70741
49442
29738
8483
29518
21104
16589
65541
71615
62200
31514
16264
31872
53268
8310
41565
37180
36343
16327
39630
70598
76113
69668
33015
21809
80653
33273
15011
7017
96497
13511
49944
85427
33558
7426
67102
17851
5251
44615
376
75691
73891
80592
81545
62745
40603
24215
33872
96105
55929
88539
24273
43914
19233
83508
57919
9910
5917
94889
59169
46139
60819
13012
23206
96835
27350
75142
34099
14903
16209
45917
3075
48920
72604
32093
59568
24446
43832
65499
89563
27964
92277
37774
63089
66585
90965
63495
34426
45927
29877
7703
23322
56351
36458
93414
71060
25335
33459
13591
14605
62901
62512
66232
93084
61037
75897
17469
71693
20017
66944
19089
87871
26662
2121
86849
84967
67794
58994
50178
63221
52790
4463
39434
32275
66939
41023
94852
69298
7342
20373
27972
91309
68785
51068
70648
10669
16298
77480
10944
39678
88409
56277
95848
60052
44339
40910
21344
50374
85594
96232
15989
40122
15747
37514
62272
49599
6569
2978
15849
94971
89926
19619
24017
80837
24823
18457
72671
62251
19208
96440
97642
29580
85617
54511
47386
56966
10298
10547
21595
79006
32709
45784
52615
2825
56692
140
57617
34433
1876
5776
57504
98219
89944
81105
9348
57465
8344
329
77943
95460
90079
36454
47101
44113
72225
97497
76963
4469
18795
91374
19505
46434
84128
81186
10439
78601
85367
44969
26133
32802
13011
860
94135
15288
50799
72489
46986
91914
9137
21749
56411
28367
40786
50119
48204
89241
69825
63419
8420
51783
31398
7980
89746
16033
82748
88823
66932
33688
88097
17531
91414
89640
41180
56151
19933
43850
74732
22211
23227
34202
80249
80546
72159
41866
13362
87712
93351
52561
86650
54799
32761
97
23767
49954
22892
34288
4859
9504
51421
62026
72321
25546
8857
44069
88838
93424
81607
26263
84100
11507
16146
77007
96411
17053
10895
23240
63791
81246
36187
47485
36193
13188
75177
11275
96604
67988
18301
14187
7447
66860
88264
70887
84936
91434
79123
691
18170
80907
17715
34107
57561
11329
17235
72426
10634
3715
76024
56588
44161
27425
14165
2925
92393
5161
45508
27742
40557
19525
71404
93381
72241
45702
97481
38939
43113
61421
52101
42586
33811
51097
29900
48438
6079
2696
31308
76508
68883
1166
74479
85868
77956
15232
13543
31893
58526
13642
75329
68442
92603
71694
72878
59772
64209
45230
45782
34168
26308
48114
61030
15180
30362
70088
89965
94653
94210
90710
10528
59107
29968
9214
16516
80481
57174
71144
93625
45336
5889
33562
91179
54534
28597
89662
29099
30152
11837
86912
66144
22664
15164
22802
52989
2904
10481
83933
89743
24773
77159
28317
19122
84982
97614
25694
38948
53361
8796
73786
50463
18355
24831
50732
89279
82996
76264
75514
91838
22706
7653
3811
11022
61898
97454
30915
5655
6952
72719
4084
78439
84954
51957
51479
98146
76083
62240
6358
64434
93723
51516
72420
4070
592
37244
51145
81890
7513
62284
83599
87180
9251
5491
39230
78042
36291
77261
73780
46233
79623
71245
90806
19104
14268
28784
88160
62564
32147
27463
26188
56015
80446
8610
728
37496
70146
44032
79759
61464
55511
1998
84754
81195
55776
80050
23150
18709
72084
65677
29500
82674
22763
22028
49066
83328
96439
53042
66483
16925
12419
20961
52593
32940
51733
64514
5101
62824
73470
15520
62199
82964
6951
60870
18952
83512
41347
86667
90111
44776
97096
88874
39602
11164
13075
42313
46040
10494
84763
67651
88469
78907
50330
78802
15428
63839
80651
62402
74318
30208
30228
80900
55581
58079
46321
73375
95019
26731
87967
84558
45504
20645
58171
6019
56832
75409
4872
9459
19712
51251
9545
87917
90977
60236
84514
58017
87936
69777
19263
14339
30899
59232
1143
40415
74125
56639
78941
2006
27920
35615
70614
26734
69949
74972
6166
83221
64553
71897
34450
35075
51982
83561
78382
17699
20366
80768
33017
88770
36346
61385
86303
66261
53148
29052
12140
16626
25897
9777
97592
16660
89841
89639
51085
58137
90571
37419
96073
50280
84597
24617
79846
802
33255
1980
57436
6735
86497
21730
47429
10456
43847
44917
80472
56238
55147
78874
65746
50581
8766
96021
40118
45171
97215
19078
66763
82932
9862
76676
80867
2763
70307
92290
57203
75312
20263
74541
93866
98119
12294
94279
69817
67474
43212
5532
59119
65266
13376
15379
21486
44383
67533
90209
74502
76744
1140
31672
58251
30020
89863
93584
89407
23948
23067
85180
90460
64732
1553
68315
69314
59561
21273
32531
90344
33836
95244
84388
37931
30180
66058
34111
41192
50209
70258
79987
81496
6462
39034
18431
64369
93517
74262
88342
16865
60045
13853
46759
23741
37426
55172
33078
66195
46867
80580
57534
32026
82461
44281
42053
15136
51162
74467
33715
84120
76380
80882
81918
90901
62594
66706
54512
45550
17858
37767
17345
72736
89670
43330
34769
77678
64594
16328
94448
13240
1223
44666
29
90203
39961
51340
40515
19578
52410
82527
84917
67618
95257
52305
56110
94066
81547
2673
43716
1567
76350
16009
4398
293
48183
36329
91982
83078
87993
15259
42886
68549
25415
11896
33245
25522
45653
73413
34400
1744
53127
95167
80676
81173
61694
78967
30640
13466
88568
74626
83033
19449
42657
1561
7345
8514
12341
91511
41319
75322
29104
31988
34773
63085
53107
28937
87807
36830
8962
69320
35239
14622
55001
71252
21728
70043
8416
53048
33958
69866
208
92198
55661
22860
40912
88049
21540
95285
33966
11737
77083
52592
20688
6198
50647
39105
81938
23141
34094
88187
86074
2431
77072
6390
71667
30838
2149
46055
81385
982
95780
72699
9238
97025
13755
23106
29348
43290
26506
58927
90449
93859
26612
8673
75052
93457
75311
87258
32072
63703
24677
17708
94585
60580
93135
11272
42873
7759
82668
37194
60701
19495
10937
75817
33449
3808
37135
22852
57585
25345
13855
34331
585
94895
34403
23088
95741
90704
20294
76165
53963
97474
38202
32151
92797
32308
15112
18372
79098
52865
6918
88226
20470
41714
43254
15671
50758
56553
30856
3217
47120
3293
67807
85115
76544
50384
3048
23418
61536
76919
86876
5210
44636
39588
47281
26316
68771
64661
44960
66097
56827
55962
30535
22875
61249
34024
73370
65298
55101
94356
21215
1066
85704
16307
48300
26450
71316
46008
16920
55190
71303
83325
37392
30637
6693
8407
27029
62415
29601
42844
85044
39973
85062
51387
80857
36707
89882
10073
77616
16664
3358
6536
86343
91539
46994
39749
88445
2835
91776
18489
23632
77391
62359
1454
394
80960
20873
31254
63275
94580
32095
4452
58346
98101
84738
66683
29627
85214
69791
33816
79604
80717
93923
63607
21727
31370
62529
54604
33231
98189
72770
86854
7157
59513
85168
70840
44234
33815
56542
82364
41134
790
28181
48285
8826
62549
65379
96375
20735
32213
97090
34289
23977
10640
73947
21256
23867
46108
70441
26374
23843
74859
27195
88645
88223
16636
18736
18734
34975
59980
50013
3851
7108
34741
90440
94891
92422
59059
35814
18098
25578
91941
12188
58674
67260
41707
13027
61339
65004
97171
42146
20140
84865
12137
24604
81732
15770
22611
22189
83074
89033
48281
18158
57866
47034
48991
6176
72328
31914
92248
71233
67169
5434
75296
7310
90158
7507
12905
9676
90688
68067
25458
10435
64530
89496
29917
7323
71467
19986
50600
32902
42855
31159
49965
61841
30470
52885
48227
56009
12598
5344
73472
27864
88803
16639
59745
87067
47635
87056
30726
46742
58353
15249
2718
29345
39097
43159
52283
68865
16303
20496
62786
3530
52412
85277
84055
2495
17826
2521
90188
63160
5085
8832
39699
1946
97462
72783
7654
47368
82658
88775
39898
79822
583
86248
33366
3814
60761
15788
10502
52866
57874
51566
52098
13950
59646
6156
47964
15469
78797
89445
5656
13494
31673
15967
59713
77538
28388
14838
2145
74168
65671
88084
45790
30627
92096
68523
72759
71687
71996
65341
17697
87257
67353
61606
96955
56149
95344
50740
25854
78889
71332
61725
21651
49978
35699
17182
63329
24013
6325
12568
63166
7187
48351
19012
29047
42278
52094
68706
15538
19937
62085
53939
12242
4940
61073
65782
36251
36937
73058
11804
61306
42966
40372
59762
47197
95964
92095
8996
50464
7378
1667
90127
97746
52257
46020
94377
65777
531
77836
85344
83769
55525
71417
24584
55327
95715
12847
66511
43458
48686
19506
66001
53294
48889
21948
38087
91448
75522
85755
12808
17296
44215
68335
3113
44344
33703
86313
35619
58706
36488
65178
66488
48084
81016
43421
16188
84751
15343
14474
46925
30005
34885
92743
42223
68591
8003
524
69433
24070
25870
27119
71885
26059
93689
81033
43277
33704
26708
47923
57322
88883
48286
84923
6304
31602
94744
69667
76870
25386
52992
26908
88706
48407
24079
78500
18666
27952
33077
55472
25126
60868
34303
79083
34479
51776
64005
26497
24387
70323
4466
23503
58583
87582
18780
44211
78333
22089
38573
63024
32549
88333
41909
77330
53277
50888
94389
51814
55616
23454
53140
65491
84104
61642
27677
6911
57577
87733
44891
66282
19617
69122
69323
43428
65721
95448
89498
73950
31225
20206
59193
24347
78623
33502
45609
27035
22148
20641
2129
60774
46446
33563
91700
37673
24922
74058
32824
61976
16533
86290
6432
69134
55839
59393
4119
34480
7121
87152
21739
97953
40102
90719
64888
25715
7615
59442
86829
67003
59620
17845
48283
62756
37243
64300
91671
76421
46650
51419
63385
35864
70033
74996
90550
12662
29245
89729
34335
3817
11721
50241
66368
48700
22087
75860
19710
70099
11409
15970
4857
38227
14839
10629
473
14506
62076
83897
83697
76720
28219
45962
7691
20418
27124
22001
65705
53372
80246
89255
83278
30799
55930
1990
76104
3571
70340
45926
53907
44237
35780
48908
32144
40635
73818
25595
4419
13186
14312
9279
15678
46424
88479
51009
1074
23817
73317
87770
71832
88372
26800
901
27747
28689
92254
23275
11897
86175
72925
48838
56700
85578
73497
75539
89605
60271
65323
15220
29855
16016
37923
15930
22262
88144
82218
17632
64837
80052
36872
71433
25249
5373
20027
44083
75869
63519
56987
42780
15667
62573
8340
78953
57422
73290
46826
23838
6323
13141
25786
48058
71456
65025
73761
6990
72505
30065
97421
86101
92499
92477
62716
71625
66538
83063
82292
15138
88055
12145
96650
68115
34737
38770
23664
38015
87724
63547
78509
76787
32344
61340
34549
19366
61008
82851
54872
73718
42476
52719
11763
97444
50046
4184
16198
63625
21378
42722
90889
19055
69485
5114
22395
82106
7333
24423
11360
60142
89005
81681
6848
182
82714
61427
11808
9791
64645
4592
19957
35119
332
74360
79590
28955
69060
53099
21746
91486
134
67207
42627
86475
40575
67437
35838
35223
39669
71845
81488
68151
35297
70756
36095
52735
18996
36677
273
30025
89722
38692
5001
97937
46123
87189
23599
25410
85323
89147
76473
83731
39233
38185
3369
15026
40981
20937
69835
29381
79088
41345
47575
80258
13721
61886
20707
1010
10766
70579
46944
37818
73724
77170
29092
13086
39993
