32688
45978
5127
47089
37332
25188
50774
53903
22614
25915
8758
34569
21198
51312
37739
14244
43609
37506
27615
20089
9646
46780
41073
38160
11698
40570
26474
35088
29747
37884
474
13604
3627
2278
21843
13466
31932
38322
39492
37699
23939
13290
21130
10898
1249
36445
42866
29663
16113
24993
4033
49106
44466
12434
51434
2871
8906
24493
20388
48228
34102
9935
11979
14751
10712
48364
53208
38731
43559
51958
4181
556
37622
45910
36163
15764
44904
5946
18639
35827
35921
51136
49307
41275
44597
46770
7104
30403
19398
22455
33450
28837
53844
4721
24372
12466
37
53380
15423
10019
12585
53743
9308
27076
15166
1122
22509
15263
22760
32150
52992
25393
51198
50567
46737
19799
35981
12230
53238
16226
52044
24986
1890
8379
22795
17295
34791
42630
6646
29793
18418
30976
52701
31986
19885
2494
47778
1641
22036
3769
54008
12256
34908
25479
50356
30526
45908
34610
37871
9083
5193
1256
966
32812
24468
26954
8875
13065
8858
46967
7887
40662
36072
29670
34374
20158
28508
33896
12345
44017
27727
29823
45657
12754
47165
5312
31507
18719
3363
10070
27881
3551
27729
8894
18910
15510
25409
47013
50210
579
23347
48171
36482
22188
46466
6956
10244
15154
40739
17623
4115
14487
42266
45361
52631
33371
22261
4129
34328
32573
34324
28385
34335
25308
5851
13977
27796
21080
