19383
22764
5366
1006
4763
23049
966
8034
24086
12400
14233
8670
7305
6508
2306
24824
1177
476
15441
17235
17833
22280
3806
214
970
13197
5883
3824
23869
21140
5432
14013
25994
9973
2253
16601
1227
19990
24704
4165
3102
15017
14382
24392
23290
26025
8091
19623
12165
14524
4258
11161
21444
7630
21112
21793
3103
10521
11669
1634
10003
11034
23482
14034
18400
23888
19793
25247
6347
20274
429
258
12141
5077
6968
5090
24684
16072
13103
15442
15304
697
6731
10076
8828
18258
15315
4070
19112
22800
18654
25227
10126
12919
7585
25871
24672
23723
9807
13741
9881
10970
6116
844
3277
20691
21459
21147
9459
16968
3183
23306
9482
10130
4415
20523
17767
21833
740
11402
7397
17554
11445
10389
25461
3879
1101
21568
24848
13732
6693
12389
12669
21166
7565
17327
5140
10740
7160
3122
6329
5842
26331
24594
13671
2758
5532
22540
1062
12018
15969
16943
5966
621
20991
18198
18569
13766
13782
6022
26611
15949
9865
16048
9605
7698
20547
8898
7566
20631
14810
2268
19443
18568
14758
4219
21000
14554
3162
10098
24516
20750
18466
18390
1698
17534
15598
14444
16574
3189
21584
12569
7179
25233
6976
2074
21594
15308
25683
19185
137
20086
3318
3370
25610
8865
6769
21162
23805
24878
4345
3411
4782
6467
12485
10458
7406
22610
10562
22311
16104
20275
15952
590
10252
16985
18566
25979
3662
19624
5749
7714
2184
23429
14867
11131
17685
20480
10156
15925
23379
20401
26214
14327
6381
19867
16443
17500
18433
8251
974
21911
826
13130
5380
17368
9628
7823
4291
11137
2514
15571
14702
12340
3098
13136
15086
7835
7392
15911
24707
15240
25429
25640
4072
15563
4208
10995
7765
25249
24477
9342
11814
22721
6690
21884
773
18915
377
20442
3486
8553
7857
12750
8525
8673
1196
3352
14498
13839
21588
26377
8736
7387
18035
2647
2537
8042
18653
12797
8501
20273
16336
24621
23215
9543
3413
8471
1237
23121
23330
6136
2452
5241
22952
7669
15624
9111
7260
23648
22235
22281
21023
10218
7407
12435
16533
10942
4583
22832
8951
18940
18920
4827
7941
1653
22309
14273
19968
6403
13973
14002
18336
6549
3484
6661
20084
16052
5454
22553
14226
2111
22948
18857
4326
1807
11329
427
15074
6645
7650
7962
18078
10506
4171
25668
13990
1842
12967
22405
22894
14201
5603
13470
1872
10842
6186
3296
16616
10896
18251
4290
4422
23411
20462
6203
969
20157
21826
3169
2723
12917
9468
6574
26355
23234
20502
20921
18881
4195
20614
3432
11346
7693
18171
4989
3941
22136
13586
25499
8584
19502
16830
20924
13581
13862
16760
15023
24022
3308
7917
7280
15173
3161
18210
24845
19558
8873
6500
836
18071
939
13168
11213
9380
4388
14010
3335
6498
4405
18517
9361
19024
9899
25164
23822
13387
16980
912
16390
8345
19497
7184
25248
13275
491
3633
17132
10815
12242
3848
14009
14203
24782
6438
2751
261
5872
2748
19845
26098
26426
14291
5161
17683
6931
6610
8241
2894
17623
3355
24057
18908
9945
10179
8307
11575
25695
14581
1111
13676
14298
4499
14411
8773
7287
19245
20295
4216
17522
21544
4854
4109
4671
9521
4918
23017
17480
5712
16246
4295
23130
10110
9010
16662
12603
21648
16890
4674
6725
25369
21624
12016
24850
2775
7073
8918
14618
6095
16020
8410
3949
4517
9779
21408
4303
13261
20845
21480
11304
24954
17940
4916
21900
23182
11521
3359
26440
25202
14401
5006
12096
9165
10857
22731
24269
21252
20009
20231
7965
16998
14017
23933
8630
9050
18252
21142
3401
22238
9589
5524
14667
9286
6189
7946
2080
12976
20391
25861
13472
20846
10327
10457
24367
17411
20039
7849
24349
13823
13847
20670
19083
17567
21457
23781
24096
3862
6063
5826
2650
15622
10955
14102
18368
6015
6586
13715
17334
1609
20056
21190
22101
366
22773
7609
6630
22082
21286
20796
14502
21832
14910
4331
10319
11576
10569
10054
20403
6677
13511
15532
17901
14308
16954
3031
20935
15537
7161
14114
14342
24038
20166
26345
3412
17895
11894
11817
15352
19630
5756
19927
2733
8978
17912
1796
206
18626
20822
15960
2342
5386
15740
24305
1814
25397
20535
3264
15285
13705
25026
24001
22813
26378
11577
20147
5560
14283
1970
5485
19450
11111
21738
25965
2671
3798
4899
4932
13127
21328
10366
10984
9308
7149
13132
23281
9561
21681
14821
21235
23501
25391
869
12414
12914
13902
1166
17964
7364
12034
21782
12243
22729
9332
14576
12618
19476
5734
12896
16152
16082
6487
6482
12466
8308
23441
26622
8823
7853
24481
20396
19360
4158
17969
14550
24870
5030
8256
4721
11300
2846
18846
13747
13537
22028
18563
6636
16778
24554
10195
18677
7696
8304
23111
13021
17700
25692
192
1905
8812
20001
14855
25591
22456
11412
22058
14958
23763
11162
23673
20465
5554
26176
8005
22433
15498
10182
8676
13268
2031
25936
18778
12973
21847
7452
8922
19538
12659
19897
19663
13568
19649
16704
11812
1574
13794
26521
20649
1107
10605
11406
5478
26005
9646
17649
23343
15854
25324
17993
11643
18795
11985
12293
10792
16292
26634
12907
15852
8148
22204
15926
20639
9246
10941
4486
1959
22402
1868
2593
10084
22716
23976
18382
24428
18393
14229
17756
11911
4669
23266
19947
25730
2622
26425
25623
2319
21178
5309
18024
6471
2913
8274
3117
10751
14568
7165
17716
5182
23060
6672
21425
26314
9127
25093
13320
10576
13367
9034
7340
11986
13861
22092
1170
10386
6067
2147
18975
4809
16563
13305
10511
9922
12792
776
14084
884
24525
11056
12776
24006
22467
26352
1539
2022
7291
10326
14143
3988
16018
8734
19509
7699
1554
17577
7586
12499
20124
13573
16819
22107
22712
21954
14632
1563
23047
8312
23293
24321
22343
5847
6528
2130
1383
19945
19950
2454
16538
25364
9277
22086
10375
5239
1656
14123
2548
25952
8325
7195
19001
15026
10267
24286
6947
3753
3749
18703
25029
21981
7205
4679
17311
13207
921
12346
22040
3092
787
1909
2740
7151
11888
20824
20635
24777
1560
21420
10980
10191
22780
127
8567
24495
5467
6176
25180
3301
16576
26536
7798
24248
6904
20782
20737
10367
1024
25245
11583
25548
4875
6815
7463
15909
18180
14622
11067
10150
6300
156
25166
13494
9076
24757
24336
18460
20254
10160
8991
13887
21689
20652
11984
5329
14996
6057
24744
2727
11380
16445
14476
18085
19935
1097
26464
16032
1149
18670
1240
12862
19282
20062
19918
25471
1647
13047
15986
11010
5941
16929
22366
6702
19820
4083
23661
25917
25231
13499
3476
18997
8273
17706
1703
17208
13191
12366
23086
11163
21902
1557
20832
18692
25660
19061
12653
4224
16881
6125
4390
9237
2390
9785
12997
3306
19065
1976
3939
1352
23171
7865
1768
22395
264
7761
21974
21051
13784
6960
22148
12233
270
25611
6477
14979
16201
13506
22194
20636
12130
20202
21518
9793
1341
22049
14042
22484
7034
17198
20487
16995
10026
2256
23374
13621
25705
8863
19922
22317
1433
26023
1683
22549
23324
6110
14081
8412
24828
13720
14640
16454
9726
24578
16969
14763
12893
12608
1690
5264
7331
20877
26519
19555
6367
18006
1304
23657
25506
6172
7477
9969
14001
18580
10656
1778
26242
2134
24118
4860
13898
2813
11317
22345
674
2956
6083
12880
13554
14983
17169
23022
21693
24056
20755
26286
17589
5771
10492
11153
22611
24741
165
9765
1519
24352
2002
20063
780
17535
10834
15072
2215
6849
4478
13238
2970
10358
12762
16687
5000
18605
16058
25307
24267
18299
19004
15658
15041
16783
13166
88
16324
17281
11048
14480
24685
23793
6171
7612
13368
21497
24909
9129
12100
24422
25824
25679
17556
23595
14220
24856
2056
7442
10059
615
6245
11662
3459
9552
26283
22618
4625
5508
17859
26284
25143
3488
14135
16229
21611
11523
21409
21061
2414
1736
12347
4815
6777
19174
2965
16054
6668
3595
14942
16439
1124
1761
15463
12058
3957
7541
18808
7069
9296
20657
2153
1321
7717
1301
17338
24070
14744
11476
7704
9373
24328
18745
18524
8226
4397
23854
10804
19883
23365
7196
23175
14075
22692
16215
22598
3449
7860
16960
5385
9854
20210
14693
24421
12468
1607
14499
14768
21249
11976
24120
720
14713
8235
1670
7262
25154
13721
0
16505
1185
19702
11338
4915
20320
26549
10185
24748
11055
25274
6480
16557
10514
2243
21242
601
12469
367
18688
13307
6711
17276
9133
19242
4643
17770
6122
3257
9191
5316
21798
24924
4563
18396
8073
5704
14559
2487
6023
7883
4468
15083
5928
2754
18384
10864
24832
20615
5075
21694
3106
16139
26295
15066
25389
18886
23099
23303
5871
23499
18545
22879
21617
13585
13501
6982
16974
7142
13961
25770
4023
23366
15446
10855
4606
3831
9287
5129
1173
816
3850
23585
24755
20260
26049
23280
22368
15079
3888
23458
10584
10812
9271
5834
15015
13416
19525
12002
9008
13667
2856
9539
19739
11188
17654
13195
9132
1625
14277
1509
20742
16022
4821
26366
9569
4043
26325
12616
10946
21082
12788
21775
15009
18338
8239
9780
5269
25578
7206
9637
23946
22507
470
20856
12475
17107
16024
26610
17233
22057
17917
10927
1885
3354
774
21572
18987
17395
21858
21259
23270
21471
23479
18981
18363
12594
11545
5099
4720
25478
21623
25599
4167
5390
12671
10097
14025
14043
10399
9729
9810
23257
14293
17885
11184
10961
11590
16626
24894
16867
24843
19833
21710
17975
11283
21077
11522
5246
7776
24771
18152
16566
15566
24610
16162
14210
21647
17343
5268
19645
10597
2103
6479
22939
11664
15989
3107
20432
16064
19051
8789
15762
7922
7241
18853
6906
21675
14623
18621
24829
3616
22335
11369
16164
16791
23207
4691
18040
6972
18351
21620
19006
7842
20357
25956
5320
21447
3104
624
9421
7595
8532
17236
17319
22365
1105
16577
20404
19773
24390
15562
14682
11125
14181
24767
2391
7414
8551
6697
4356
4810
14784
14815
18936
22574
6863
25889
20340
23467
9408
21654
8382
1730
14651
9623
3514
16204
20118
1561
20300
9030
13209
779
14450
15675
7596
3568
3847
5371
15962
22962
14760
16731
4175
19321
2611
13827
1027
4692
18994
15667
7014
10407
15891
14491
10645
14069
2237
3313
18066
20512
2749
14301
20584
25908
20278
12771
26359
9514
26096
3327
15093
9755
26306
12987
10974
14945
846
19138
1397
7168
16437
15108
22632
3743
10209
13968
7933
11440
25407
16935
5094
9895
114
5475
477
9620
20381
19714
17400
14928
23502
16073
26051
25586
25932
4528
12251
25819
1486
16872
1540
8889
3569
20890
13287
2467
25718
1049
1633
25375
6862
15408
25628
16811
12591
22417
2833
4172
23233
10948
21070
22942
26072
26615
10411
21563
24485
23294
17931
12066
570
3286
14485
14400
19609
24817
8197
8743
17604
20881
7093
11336
24119
7727
5109
3280
2393
11758
23486
16471
15225
23602
1206
3873
5501
17713
10149
26638
1410
337
15595
11166
2271
7538
6772
22166
9062
6215
12103
18370
15879
13787
25259
20204
4327
11960
23535
2515
9252
3407
16889
23161
13500
16579
19593
17753
22701
17955
238
10761
20684
15738
12921
22572
8765
5505
11932
9591
15482
18675
17658
7204
8342
1322
16319
15420
1764
7213
21971
12760
550
4705
15029
10247
5509
20536
8768
1510
15129
18962
3755
15584
5908
21560
19319
1922
16713
7563
17449
15024
5166
6145
18465
5873
25419
11121
10577
19043
9777
21358
5766
6654
20708
7355
21628
12822
6763
1501
823
276
16510
12674
5297
13771
11543
8155
4481
12308
16148
2869
8678
7339
18638
11156
5607
17036
4161
25854
3479
17066
22359
2879
19200
17640
8363
26198
12060
18504
5879
22973
11625
6363
2848
1996
11219
1441
11988
5530
2860
20560
5562
79
940
25508
18858
14834
1726
2411
4680
17647
17379
26326
16648
22059
26472
19818
25997
19387
3912
9344
18439
13284
20503
4020
20567
5148
17292
7216
13931
10695
25327
7119
4650
13744
12281
26510
13689
7074
2942
25547
15789
3420
10784
21482
2323
11699
13649
484
11350
2057
11914
17673
31
12289
1822
20171
4321
6141
9686
10964
13697
5618
13482
19312
4300
6225
26324
22216
8957
18417
16498
3452
25650
9146
3910
22700
11050
21388
4880
81
14058
13950
4148
15459
332
3054
8092
9357
7134
19734
12488
26452
23252
12324
20042
17150
6445
352
13900
9198
11084
22397
7136
2582
22199
18571
24811
2744
5510
3869
22517
19917
15451
24232
14636
1116
8838
16310
22718
24568
21845
24735
2663
13507
17156
22013
1191
4451
15428
420
11372
7728
3358
2629
15998
18972
2764
10424
6326
19280
15282
20938
8280
4104
23311
12042
12798
17919
12401
14637
25769
9407
18429
21853
16348
12752
12520
14885
22042
2534
20951
21865
984
14722
20429
3380
10551
21257
11554
14542
693
20470
15059
25403
11307
15782
15289
629
8882
4312
8430
13313
14028
4605
21545
22015
19414
21250
851
20353
19011
12524
6416
10944
19975
17587
26055
7899
12051
20419
23571
1260
8333
13508
5227
25080
5977
17687
15845
14849
17242
16763
1189
8954
1099
19840
22983
9601
5978
18441
4094
19087
7114
5037
12269
6658
21645
15993
14683
24860
26084
8909
12748
8572
7856
23954
8390
4817
9630
187
924
25831
26385
22911
11348
15271
2685
21196
25282
24628
20660
2638
4306
4780
5213
10460
24991
22844
22514
14818
4667
6492
21552
2381
18810
9079
23944
26461
5387
14694
24918
26109
1880
26149
17585
6327
25024
10818
11226
117
18630
17911
21784
16463
6417
4294
6882
25704
6091
20100
17344
3135
10685
10692
17781
8511
14510
6375
619
25179
14449
18487
23236
25325
604
11284
3634
23285
17346
16305
20253
4304
14120
23364
16752
16739
20471
1728
1374
563
14973
5760
5545
19653
25747
20405
21311
20667
2294
21308
20680
21712
9124
15619
8305
1767
2340
24619
23066
20606
1963
21380
19325
16905
11587
17760
1347
18961
22638
21996
9529
13878
308
17916
4038
15836
12592
4214
19436
7096
3164
23227
2392
6722
12422
7851
7009
426
12573
14631
23229
18070
5667
21769
16597
24551
16170
15368
4699
414
3884
13379
688
8386
14665
8739
12717
5107
15414
8191
20184
22129
11207
16010
2940
23299
2873
5262
13113
14147
2938
26348
18878
6092
3628
3195
26081
19198
2996
21498
6554
18183
21440
15272
5937
25670
15888
21410
18106
23079
16578
5404
20597
7633
7872
15394
17736
21183
11841
15958
1537
1712
5181
15476
16255
5433
19600
12794
26578
3852
10402
25798
15361
4341
3534
26435
14903
20765
12257
25752
558
2967
25012
26255
12428
26613
3952
16225
23097
11413
4437
1232
2251
9741
18931
3468
6791
5790
12523
14909
6418
612
23618
19686
4470
23232
21292
20303
5410
8238
19884
26632
1674
9702
21945
1860
12249
4616
8039
22775
26403
21556
22443
995
17524
1813
23821
25224
2406
17532
12643
11130
4044
11738
25028
1906
26265
6852
17655
2922
14771
979
15429
19406
18125
4490
23914
12113
