3871
40221
27132
17443
4345
16289
4028
8968
8984
26525
27690
36248
22501
11291
32206
19773
11412
12513
6976
6675
10280
17623
39003
22037
21519
15594
22245
2881
8045
25522
13468
31779
11483
432
36183
9455
1855
28360
26070
34609
22138
20806
37735
34100
32851
38509
15337
5349
1481
25897
38478
3228
9193
17357
6845
39492
39296
9489
539
9796
1891
32426
7609
36500
15357
9943
11411
29719
24345
40811
7249
15240
814
35898
31021
39255
13302
704
31495
14814
12148
27368
38982
27561
26030
19535
4654
7610
7113
34416
24889
29565
35698
40407
341
1395
34498
40249
933
2742
27027
9572
2620
2076
31872
7140
32215
30456
28621
18086
33311
15238
3144
35945
17817
25606
14478
5778
29986
34961
24726
6373
35246
14036
21471
9394
14439
1740
1251
93
27999
18678
40713
35794
16681
14887
1360
2491
18578
6421
12440
23548
34066
34096
35790
479
4388
26606
29092
13280
9233
29165
27091
37083
25171
32590
14016
38123
5738
24048
26446
27168
10798
2817
3697
32804
20578
3492
33303
30367
6514
15590
25276
1668
34034
26758
4338
30407
36334
32184
37399
8263
20268
14715
38174
13093
17486
23316
1482
20282
21956
30525
38649
2632
33561
29277
36677
22136
26696
19517
10113
22062
30581
16331
31719
370
7544
35209
8349
19499
7801
9023
39316
16850
37952
18668
35544
25372
33725
17872
30857
28362
39354
3696
24155
21859
33676
14651
24461
24086
26855
34390
31817
1480
16167
38237
33313
32351
26689
10971
36953
67
3028
1769
31992
33129
31052
13097
20435
1398
8997
6229
39501
1939
4825
1483
20100
19284
39593
1624
8940
2772
15215
30934
8932
34481
29364
29883
30567
30852
88
20649
4147
34941
37361
1810
26281
39923
37787
29264
27236
8854
38526
5068
19623
386
28130
14207
28384
24602
31038
11391
17967
18287
12141
26922
24977
7859
21831
22671
4939
27661
29309
19646
30293
30642
12590
22674
6046
37992
4291
26385
19219
23662
16775
26958
5038
14794
18677
26960
38041
3424
27095
37137
24953
4686
9639
28241
17885
13466
24062
9010
11568
8615
35198
12130
38071
15852
27627
30643
32112
12475
5243
39933
24147
17574
157
35700
1633
37865
31759
9468
40396
29320
40133
20774
19770
4887
18853
36121
5537
491
9736
12826
5687
3895
4594
4259
4744
29358
32326
31214
16370
29115
26870
14156
33264
30311
5860
6473
5854
36415
7023
21162
25445
30636
4506
31729
11530
7311
1067
9662
40770
34169
15413
10596
24742
35217
35610
8720
29265
25233
3337
11154
32093
18435
29847
26906
40094
33997
37634
11416
19146
28271
8198
36862
38127
1281
9946
3533
16133
17629
2847
37605
27752
14100
12527
26994
9386
11169
5873
24899
2111
30436
35379
31088
22156
33580
30800
27592
16088
8784
27989
5483
6732
36136
30503
14445
38868
1584
6692
19006
40741
36363
38179
25860
17333
36383
37334
24996
15158
16980
40841
33739
6658
25140
34947
14118
28206
28064
39686
20026
37463
15710
8886
17001
35589
40103
6807
17965
1127
538
20733
15445
15872
10099
24458
16705
6296
5003
38141
14196
19618
2133
21087
6922
3784
14693
18733
18981
15686
15795
33025
816
37335
11995
36315
5229
1904
39425
34211
26933
26488
15180
36718
34485
31391
5285
16470
17866
34509
17373
2789
10653
33966
22068
35553
3583
21310
26626
2642
9801
36888
5722
11743
23272
31446
28123
6941
9811
7163
7984
27058
10661
40296
3723
11051
14157
33051
34671
21073
28818
22880
21181
28946
24924
40579
25318
19943
7874
2583
36762
16485
2005
29157
12484
6387
17796
10512
2169
33625
5157
10666
1330
33401
12754
521
13014
31161
17635
23556
13715
30044
33300
36002
33248
35634
26578
26574
29425
4496
7536
5897
12534
11355
20829
38637
12162
11083
26506
28920
7695
31692
15126
36869
34460
25413
19622
39066
10180
18955
1699
11967
16739
11947
33734
30723
4586
22621
10287
20688
13445
6730
25946
25303
23617
16332
227
39705
8093
33365
14850
24914
10005
4466
35299
17716
35655
26555
5709
9424
95
12493
16505
18722
789
18625
879
11950
32674
4764
10990
35000
12451
40346
14399
14161
16351
6994
1603
29439
25749
7444
37822
31686
6695
7072
7405
15588
40780
4651
24409
17386
2157
10598
28182
6859
7779
16334
39340
1899
28937
23021
1743
22734
32262
22576
29246
3138
15563
39920
30916
27016
30471
36855
28767
37922
23323
18714
18834
22142
32272
38346
28050
10541
18261
3889
27653
15404
18533
35594
32232
10010
6236
34590
30940
14783
36127
23201
14975
2325
27948
30202
29995
20941
30898
35613
38263
26633
22436
12725
34396
5580
3649
31481
20174
3369
400
16927
11492
28838
36837
39689
15922
25630
39514
35314
17685
7398
25066
1308
16069
37225
28690
37171
24890
39591
26747
25841
13090
31791
8054
239
38404
20352
1635
37965
13628
3981
2256
24503
40238
13767
26845
6964
4715
17975
15859
32903
16142
16753
22065
2741
19224
34736
19880
34223
7903
2172
6213
25327
40769
9897
12977
34053
13752
35325
2171
19704
25853
32915
13202
11522
14209
8987
40294
35398
391
5730
9290
33388
26019
16166
1857
149
39811
31033
28504
16563
1934
18848
39034
8483
22184
13511
3386
10712
33234
34848
34230
35377
1084
23993
9845
30596
26989
17090
31030
29263
4023
10300
1234
30970
40178
28314
23194
24069
17598
27840
16911
13948
26132
36357
24560
9680
4902
31570
22026
17427
5244
19547
4785
19649
7603
28266
20715
12251
15789
35167
22372
33524
11068
23793
36162
20475
3740
14231
16253
18052
22651
27622
23044
14538
20449
2607
33528
6468
4164
17901
12946
29361
1879
32175
33155
14363
7700
2499
1557
9187
36215
35542
34126
26276
2912
11153
10337
7200
6930
11916
14027
16515
18645
3436
26670
286
29009
525
36828
28416
7760
35041
3601
32518
12704
7168
32675
8176
31133
26156
7238
17570
13518
7271
31373
37576
16816
15902
27820
30053
31737
11846
16531
14228
12921
24169
5231
29841
13620
11980
14098
28886
11517
18302
4446
1673
34681
11034
12058
6634
25210
8754
22265
11644
27801
38126
1180
9444
28357
24077
8123
6499
16609
20396
26273
14409
15509
16691
12740
483
7967
29231
3500
34338
7248
3098
9887
32597
1085
24584
34869
4326
275
30952
16951
1863
8718
25894
23822
26865
32393
37571
27349
19734
22391
18073
28866
9832
13232
40507
12347
2019
15221
27754
25926
24248
32464
4312
5247
24135
32578
20591
32960
32708
10619
6212
38354
8083
21437
21745
30092
15689
38427
11708
24992
4203
1231
636
26903
7853
16590
36702
17518
24158
38375
12623
2258
30445
11077
4934
10504
10403
17619
21191
7564
19940
15539
14815
17935
24072
31955
32499
15694
39239
13554
2994
21574
606
19295
39271
2569
19321
37161
11979
7538
40381
36417
21632
32458
13446
29694
14919
29914
25019
33316
22699
22987
33222
17250
16648
15868
28585
17431
26017
33494
27988
20446
9607
4363
19702
31182
21248
18967
15421
14067
11840
1271
25399
34757
22859
25484
16711
34225
37205
38063
1937
33435
28011
22329
8902
30999
15858
2245
35148
12014
28004
5849
14318
30876
38189
16431
1073
20044
13228
5584
21127
20520
26204
14928
22148
13604
10892
3090
12242
29697
7824
6000
14638
7259
35812
3461
11732
15155
15112
28219
11705
28322
36978
34310
35282
39988
16012
26186
7572
4043
19954
36780
37223
32312
25373
23282
30806
17472
12863
2480
3778
29707
1817
10391
32789
14940
2801
7416
2404
18062
31878
36678
13142
34786
27171
2449
13018
11186
33745
34022
317
8530
39091
8275
30949
40063
28785
4280
36909
3605
1876
22623
13418
35750
14495
28043
36422
30265
21954
5166
32074
7715
16247
7753
19148
4959
22419
22137
36860
34361
13162
19968
13220
31327
17166
4778
29017
18504
34532
21484
8574
33559
19104
27098
23332
11453
26516
1642
24336
32818
3972
4144
1978
17602
13872
30325
8213
39633
16259
23795
5894
31312
19189
1303
17322
6669
20232
31220
38969
21596
4912
10887
22729
31031
28306
10155
6009
31777
21133
20780
11924
27662
7973
15055
40268
12922
26719
12840
30485
26830
3729
10532
24188
36180
7372
33288
19342
24998
9988
29592
11936
13533
24160
19411
34526
21816
34720
13293
33428
22957
27802
35121
25330
30531
26089
30120
30140
24094
29147
36009
7273
28149
14753
14626
21284
39373
9168
18429
13438
30853
19585
40815
3707
31370
25885
2727
1118
15754
26448
15943
8244
12897
40701
19436
32958
16655
13356
17335
16949
35281
5670
31584
476
31453
12786
2711
35554
13885
16541
8573
36891
39798
34295
12853
3160
38925
9629
16193
6275
25191
4351
5132
29144
7239
17671
39174
7976
32063
1034
22218
5917
26752
18778
35360
11069
27549
1749
22054
39439
36477
8218
1345
21751
34854
37583
14218
11717
7121
36635
4520
15988
40057
20178
11359
22033
4866
1994
22920
30745
8017
2986
2246
22034
28391
21757
25097
36446
19208
39399
33463
29280
40510
28023
5107
20273
19647
2833
17513
29323
14918
18385
5600
37656
3021
34867
11431
40104
38601
35633
14597
5881
20822
20901
28594
9203
5063
6407
5790
34174
25516
15512
29910
5041
36321
19698
15308
2533
9606
12450
34766
36056
1613
33975
33499
32683
31672
8869
8887
34758
31371
6539
35614
24954
15464
30439
11478
3314
19226
1661
12727
16426
24794
20853
32781
38453
27997
38437
40056
27297
5533
13366
38331
630
35545
22229
10611
2740
3959
30785
37529
9533
1363
7334
7251
5768
548
16889
36403
37112
21842
4919
18867
37267
670
4809
33094
1955
10026
24468
40393
39121
19028
19724
36095
36440
5581
25982
25607
24610
18309
9651
1055
21659
1188
1091
25534
31731
24787
33037
4490
32031
28085
24917
781
31430
8426
38945
22972
8586
11872
28578
402
633
14513
2610
37840
28411
28197
23674
1837
15334
4458
39366
1063
27677
35393
38713
37489
33473
40400
30989
10142
8656
34762
40749
2040
40135
10486
11247
40545
9723
27389
38079
15700
15561
10281
13032
5498
15281
15603
34619
30360
1795
34919
31380
9346
7298
10154
24696
4913
7012
31628
28371
16523
27806
29669
725
3795
6529
33553
4777
40636
37308
4798
40020
30825
38308
3248
6242
12464
13581
36550
26004
28088
22348
38924
34910
36934
39853
18568
36853
36549
28376
3391
26027
38448
23374
36948
25748
17754
31338
35203
1917
22255
3942
19162
7761
22991
24229
40625
28999
24760
27980
34620
29465
27324
25324
27107
38030
6398
