13894
16047
32532
26715
46731
28279
32796
44552
35749
10546
52727
15831
46667
33245
36041
34456
20111
3643
38731
6805
58
25089
33261
38317
14320
7845
41036
41043
1691
15515
53693
33796
44354
50120
25518
19252
38495
36715
22393
14457
27974
5056
14493
47677
48446
14635
10606
36502
41130
3162
4947
12427
19937
51892
51264
39137
54006
34069
18794
9798
52171
53975
36687
11993
18680
52649
53021
7424
46750
42198
23948
49898
33575
39999
39750
36996
12686
5178
14748
3652
45866
10603
47260
48981
11522
38772
5520
48404
49588
18732
25137
41793
5858
17632
27561
34421
38213
10227
8730
47346
24654
27662
53353
13156
36068
34635
7207
8061
14683
24367
46454
25273
5322
2236
535
3006
18313
9796
18413
31916
53529
31323
38485
23386
39565
32810
40938
2232
42652
25863
14178
14794
901
48467
33741
34261
32396
3822
32500
3742
40963
19119
29170
18079
5128
31389
46067
3313
4392
36987
20313
53283
13430
1033
28722
17464
32881
29950
35615
32145
43310
47989
24878
15052
35887
44715
41441
2059
53886
8505
52124
19033
49647
48385
3271
26875
51126
44695
29086
53957
44614
51381
47823
29826
35737
7656
44710
40505
53963
38024
14017
5016
16482
42022
45804
42589
35294
23141
42620
32757
5047
31959
9360
12577
26921
42709
4140
2993
4886
9839
21705
14484
26473
32832
882
6871
13197
15192
8771
25107
42841
53826
44214
9498
30956
19068
36707
27007
14100
46694
15840
2001
44944
43438
19384
35379
8928
15168
19358
40597
2049
27530
10952
23681
17447
47854
46759
24028
35784
31315
16046
52968
49718
39025
20509
52328
49407
38260
35543
11165
15699
29061
23476
41952
50708
40371
49347
32960
50925
24083
34624
27233
45839
24007
1067
5641
53137
47222
14302
41617
9431
16546
38306
43098
36828
20936
53012
49049
11866
39331
2099
48558
14411
12397
14374
1677
50729
53365
23712
17663
53688
51773
45006
9224
10877
37200
5220
16799
6803
33999
29424
30620
19626
8215
25080
3757
9278
24291
33950
31810
15450
33910
12946
26989
7597
43846
41667
5889
32038
12139
32029
38697
33096
5363
49959
20810
44129
39712
12389
8584
22816
32136
2137
43215
48622
38309
51207
40096
48666
11531
5991
52206
35061
28166
33458
53595
26519
8179
11750
17806
43478
27203
37441
13018
37263
50627
11279
2507
49362
18708
33131
4422
4410
35138
52065
35721
3094
37435
8173
39803
47186
35130
19862
23222
46359
11033
37970
42606
30260
29975
26016
12305
10779
16117
42229
41064
9821
45321
18468
37232
3931
24021
15176
27690
33981
10831
31087
7388
45470
32594
45968
12917
13851
9455
51580
19475
34748
36372
34316
5318
30850
3951
13639
3665
48199
41061
5202
2761
16629
14315
17898
36734
23008
44975
12992
213
49873
21478
12206
10101
35376
26651
6980
10626
29007
37342
13706
43100
30655
47109
18722
53880
23344
17940
43445
19837
13772
17205
52923
3650
42339
51589
9303
15603
42327
23758
41188
24578
15871
29560
50643
26413
42448
46939
35834
2806
49031
51609
279
26406
23169
6066
2278
24695
20679
2690
52192
5478
22425
53476
15552
29471
49084
41477
35032
17089
42207
17026
48868
1579
22729
49954
47246
33850
39053
34653
53428
47517
2978
22122
52831
4542
5099
20299
36750
43400
27034
21700
32300
14840
50382
7368
5542
43290
50586
21184
51649
46866
53785
2303
28033
26345
19734
14296
13701
17250
35168
28592
2832
13641
44937
14621
31990
6302
42228
46247
30534
209
32178
16382
43572
6727
28083
30651
37460
8521
36238
52994
14626
51265
20553
43556
14887
37449
33640
47461
25383
10699
7765
33279
5863
33683
46443
18749
47987
18840
25430
9996
16042
52660
29206
40981
17670
38962
3599
30449
2670
12107
14530
43504
9986
30775
8666
8253
13624
15746
24016
21702
29035
28266
4020
28693
6592
53455
46861
44676
33133
33828
34991
53039
7773
1727
8140
9754
43268
37183
9218
40706
30732
4521
32092
3088
51686
49779
8014
31963
39010
32618
45807
36966
12631
24483
25754
52208
38161
31398
46555
6443
30064
19351
8493
5233
21894
3871
782
42840
21003
19456
12016
21884
26946
3698
30071
27221
51838
39167
30806
32607
40326
17956
21594
31961
48790
52984
46912
29780
34347
14072
6217
27009
46139
14001
875
32602
47750
17516
3750
8826
13161
38344
34850
18537
24210
20825
8921
32795
38075
26206
16970
52215
50275
28590
1510
33818
44020
564
18657
27512
23971
30900
40571
16486
44209
24630
46682
41306
25827
11005
38050
32412
34534
31796
38138
18130
50240
46130
51281
580
6117
43458
45045
23296
10190
19512
7071
45441
33840
2493
12264
14496
19833
28013
12190
4478
24950
18331
25626
131
38119
46624
19015
4247
18898
11064
30539
10224
2131
29028
42795
4293
2834
15411
35702
31944
6558
22659
44344
40481
1890
35305
46202
44587
45514
51677
40503
30024
44475
5678
46649
46706
17452
20543
36391
8266
22587
3768
51352
14232
33186
1361
19536
2859
6822
16965
25051
6873
36201
51470
41095
20878
44709
2219
9144
23866
9050
38014
48502
7064
19458
51259
20734
29568
31921
20417
14076
9311
15961
53984
38632
48348
39716
39295
10787
34842
18368
33586
11131
46281
21272
9416
40054
47678
42934
18083
12956
30021
3298
914
37626
878
3923
32857
32041
3331
4493
30559
34408
44397
47749
7457
21660
28120
51688
2189
40043
43725
17577
27955
9108
47142
7586
39124
39371
25938
18114
47884
35932
32957
27991
31732
37778
11146
25624
30395
25049
30175
44069
51790
10381
24903
53341
50511
2848
41438
44706
48765
40618
39308
23674
46566
14342
44471
26017
9773
50980
19601
42895
34869
43003
20377
6715
52950
10361
17473
26235
46172
52783
12284
657
13838
30963
43710
7813
24626
14638
3517
40974
29023
35766
31565
53743
27285
9504
8078
41953
22810
49226
28414
47184
39918
34606
15868
12970
19197
31815
31954
10604
25148
49851
46772
27377
24759
31462
33270
30438
34822
28984
13967
30811
21303
37528
43985
51238
48704
31999
29952
33416
30207
30747
37655
14758
16936
18333
43175
36540
48255
3249
10423
2253
41596
857
4681
29885
28128
32036
26482
14193
32169
26060
22928
52287
18569
28218
1464
27375
555
3598
36405
42293
53916
52440
24898
43998
22600
50634
44386
43195
53304
12614
8228
51785
24669
38084
18730
19838
16845
43502
31690
2091
11082
47974
20266
11888
53892
18759
24094
22455
52773
13413
25536
5717
35975
19172
27230
27160
16920
20336
8795
47408
53593
29066
16430
35186
14642
48627
34977
45515
34197
35444
48163
42062
43929
7338
53001
33953
36582
10857
26813
5945
44301
23790
34426
29093
36795
39160
27522
36761
7468
16884
38592
46805
23586
39695
33473
44964
21681
4990
5097
51498
32407
39368
41034
47549
46670
31647
4534
2011
40660
25871
4570
52285
45695
41549
35461
18273
31191
41270
42621
4495
25487
18449
48044
45953
24341
16085
13691
9997
45029
38273
6593
24022
30096
25561
2952
15927
42753
18320
44218
50943
26987
2975
53746
26945
1922
45680
33345
22366
49939
37599
45758
29822
31407
15539
9378
34467
41980
43330
9537
52989
28721
5152
32223
47932
27194
37233
44856
17758
8604
23287
47453
30553
36155
42169
13459
11941
29895
24111
26936
39148
11441
50343
11974
21364
7570
53889
2118
44409
39172
12551
38852
10869
50074
52073
6606
1501
31026
48898
12210
41302
30627
8972
29097
2348
19357
7635
11669
10556
9019
41966
19271
38753
16816
5544
14755
22777
20905
29972
10833
33490
10951
47583
30593
34740
14474
22806
3689
49341
2490
31091
49267
19130
48977
49109
1803
16895
41729
27427
3762
44923
811
42477
14337
46573
42352
49711
22968
48479
11334
49907
5006
35946
3886
37472
8485
18971
42939
40640
47295
3289
1506
53859
48145
33900
26748
42579
51669
9357
48245
5519
21331
50315
46643
32004
49904
11890
20076
27295
20169
1019
10356
23257
49011
17241
49703
14523
44625
50873
32658
40347
28420
44744
37723
38822
37810
52158
48951
1030
47694
44120
35092
44840
5637
23220
31438
48473
1162
30372
24518
12021
16370
36102
28535
30148
23648
28957
48922
7450
13456
45039
19395
30495
12522
29427
55
33588
21471
26014
49694
4902
43947
7415
30430
11495
45716
50253
8709
38283
29763
25724
25622
20274
40214
5701
8911
22972
38780
17803
35486
47144
6516
20453
18731
15308
34928
50855
35445
22699
46419
5415
17248
28354
42863
50490
15510
34567
52709
44071
39369
35312
33682
34488
38786
43973
49633
3369
11105
28562
15444
41733
11465
30633
47065
21677
16013
43070
49618
18161
47331
10324
34429
40551
43859
4752
50342
20295
28436
16801
45673
12368
24470
2645
24767
53675
3181
26277
32634
23522
35795
35286
42372
40598
52305
11219
18396
18962
46691
40151
29507
13448
40814
49172
15636
52527
47609
16496
46542
32495
44838
6394
21381
50424
10825
39139
5834
40524
29982
842
333
45646
25953
1176
10204
25055
2731
48444
7170
27320
40238
18213
8307
21694
11500
27745
15365
135
46615
7501
28463
6696
36763
19803
21779
25488
7465
30351
16886
53115
33120
7981
10673
46465
26132
1608
51469
45158
24415
52501
51616
51693
35466
52012
30100
35908
15056
9486
50393
14081
9709
51447
46734
7212
8888
14655
10351
2672
41192
29692
43791
42808
41664
33199
41702
11713
26138
51121
5040
35529
20450
52794
16017
24194
29
16759
255
28209
45277
38628
12756
10522
42492
22894
14152
46357
9003
21526
27845
26621
81
10630
43171
40483
45799
11411
16326
10651
43119
29380
7298
27966
46317
20541
8658
49386
47556
42038
12892
28035
12469
37869
19079
48327
22877
37551
40535
7290
11691
14845
47064
14774
17013
6820
42421
53091
7440
3442
30538
2259
38669
52903
46708
22061
51938
31949
22430
44355
39404
4567
10817
32486
16320
51025
21746
35651
17667
50718
37821
35578
5952
29833
27365
25642
31033
35422
44814
42817
46944
426
6381
29831
53394
51488
4417
41175
5395
22949
43509
20307
25460
15609
14463
41544
8851
21051
18343
38418
31063
51467
53472
22219
1117
28002
11559
28553
42853
26004
33122
48052
47569
43861
21767
52207
15292
44872
39329
2423
42701
6693
27856
2536
30471
42791
13446
8099
1561
3601
34838
1956
21181
25173
39548
35290
52642
43004
12336
32265
39506
5713
33494
41062
32645
44605
26756
28311
16055
47939
46584
50607
7543
47877
20900
32102
18837
29735
40229
35939
41824
2225
14622
35287
18589
51296
15346
51148
39337
20339
11687
16725
15628
48104
17885
980
32677
11824
41103
11174
17909
45856
16184
20560
39127
5392
26948
5881
9824
42265
35325
18312
43583
41688
26170
46570
19510
29324
24125
3453
6109
46377
20787
5462
35292
23293
15957
16746
3919
40564
15099
16682
14997
25686
5531
26372
43914
46696
17532
45336
8109
22774
4922
44345
17214
11502
41842
27571
32632
15080
14575
51454
30510
9880
10281
548
53366
25274
19449
39826
27762
45562
35770
11248
49494
21235
8315
37352
47218
720
31016
37319
20661
2420
46213
17504
24796
39873
2597
18100
22380
36606
14172
39457
18534
33374
4072
19002
13686
32416
11278
50334
15730
38364
37106
47860
38913
43024
379
41387
23023
1367
32721
27543
21394
8467
121
18891
49726
26751
24939
15349
6007
25179
22958
50339
35157
47825
15210
48367
49665
39328
30004
24741
30452
10467
26370
14648
19005
7199
44027
31727
4553
9152
20726
27494
32854
13826
35239
25709
9227
53331
36408
48422
1234
41753
13349
26292
31113
43115
31701
8506
51130
26457
18042
33387
20293
17347
16459
20671
11014
8897
44720
4142
10971
34492
37286
43283
4697
25708
30251
6110
29078
30201
34167
49598
25293
17016
13870
28568
13285
10497
32333
17444
31655
52519
5459
36165
46107
15530
35938
17492
24918
24428
19118
36885
15441
45745
22298
45772
32324
39120
48148
5692
37084
50265
16029
49794
39832
47206
51821
35375
49561
47342
39805
35230
51176
25539
16066
48470
27503
35454
42660
464
44134
9683
29875
32335
50406
48223
7112
6891
42965
13243
21324
20770
28273
1392
43917
11933
25449
15008
1893
39754
18948
38959
10037
30699
38446
5833
24684
29531
47831
46427
11263
34318
1268
18189
15317
53148
34607
18710
7458
20843
32987
9009
33655
21231
157
8465
41327
19277
45126
32372
35477
6712
4814
31192
9682
51864
26938
352
38831
24159
13291
20655
22794
22226
11635
12962
22472
51683
3999
45988
28663
38166
10161
45239
46037
37490
51858
50512
43326
26853
41071
22028
7258
10312
52184
48712
2054
33775
4914
36534
9174
25741
29552
8860
41331
26873
7189
20487
37332
10918
46564
12462
6986
44919
37355
5468
17980
40532
48329
27692
25940
53027
43415
11738
18788
28728
48423
22691
17182
5069
50385
4921
11369
26761
15898
3836
41250
2215
5931
35842
24380
9273
2028
43911
38465
29158
8764
30786
36814
16312
23421
15195
20027
33632
4287
13444
3933
9888
49517
33974
30861
35094
51174
18115
28102
50687
35864
3487
18162
18392
33004
35474
44299
53636
32692
32137
11666
38583
12451
25948
7578
31473
38998
33714
12972
51979
12732
42450
29214
36960
53978
53832
4066
3607
45325
53524
2530
49123
268
27957
42613
36331
42141
24620
2441
42595
28855
41546
16386
44320
10416
3734
23808
9266
8225
41935
32989
20005
6589
41384
30060
25588
28587
16644
18143
10155
52323
39125
37031
5266
14218
49562
21898
33745
32779
42434
10372
27210
6731
4561
35236
27790
14898
7176
48514
6144
53616
19795
30515
37310
36918
12052
22889
9750
38242
44010
43224
30828
30328
13796
31562
43316
36154
506
2637
3967
45396
39684
15462
47626
17118
30323
33965
39560
43244
35062
52002
22933
50599
8648
47679
12928
25289
19901
22190
8899
7219
48570
17215
45046
30326
14743
24372
12833
23565
51672
6796
31346
48433
53589
46296
49145
42087
19598
14118
34051
5160
46254
39380
27642
12063
22913
36818
37627
41382
42024
10018
24135
25858
53712
26336
9285
20397
51217
16114
53434
20807
53144
5620
7827
1058
53318
52240
2934
52813
25592
34871
26842
16239
10300
31804
13417
7514
51842
21290
26718
53753
51883
18555
30566
8020
46562
31750
48014
35729
51656
47248
24436
49948
52001
31324
39881
49955
1267
52898
38353
7676
47484
28517
27921
30818
636
9062
270
22051
20439
43413
50912
31130
11802
31149
39398
25602
36561
14631
50957
30601
46572
41650
15913
9338
45614
47440
11276
19176
33047
19587
51186
37480
8800
34300
26233
40224
7575
36950
3832
33821
4924
40019
43104
44577
27704
17129
27730
30926
5716
24901
8958
23214
7786
14391
14472
52905
23665
405
583
19977
48728
43168
13855
13825
49433
3818
18863
43489
50770
3813
50014
43295
14852
18947
14549
33505
42641
13622
41963
3366
12396
42778
34569
39789
5993
20783
32968
36396
16929
13435
9040
24923
47582
50549
1083
42485
16432
12647
7567
18954
21555
53405
28407
8450
3085
25126
29535
36779
23920
17943
25411
51061
2643
30186
25593
12400
11178
38063
14858
3591
23770
43723
41976
16677
5336
31332
40335
34948
13078
45108
43480
14422
15001
8773
49661
16488
42167
42536
3876
51706
12799
4638
8775
7445
41200
34336
23508
35165
30947
36666
31858
7999
5049
34751
39581
20625
50121
30378
18639
40448
348
3660
20969
8484
22447
17677
6044
22745
38427
4632
10487
15683
2681
48320
20158
46083
12449
33738
43974
26456
3964
21292
51925
33379
25183
1678
855
19870
3285
7663
13039
569
31933
47692
1424
36080
42596
5243
34036
15876
34282
31900
11226
11846
31755
25216
39241
10638
34890
10758
31263
53723
28480
33599
37549
8923
26723
8397
38096
46131
35149
41715
370
14327
50300
20743
9954
7923
49946
27486
12780
44422
33447
41680
3840
16918
32151
16740
31395
20617
27386
41077
32042
10221
45159
34203
35121
37215
10072
11506
18699
8347
5845
659
28876
22554
9705
25875
47899
38793
12055
11363
15390
40861
30029
12782
40037
13801
23921
1045
52889
42821
18355
5953
15331
45858
34595
41311
1037
34245
39433
37946
28240
50555
24321
36339
52213
1457
6535
9973
3252
53117
44251
53320
40995
37234
775
24408
9422
2280
7083
15419
27195
40230
42107
23470
25116
52136
3339
33156
40351
36119
20304
35836
46476
45388
19775
17459
26775
27334
15240
36886
39777
6861
54007
18835
49900
4278
38719
38156
29492
11017
9175
15130
21627
32860
36440
8712
10434
50695
16475
42655
52359
39928
49669
44486
30766
21980
42150
37617
9323
34694
25074
34679
46762
43170
19657
28433
38162
25363
51017
13544
28642
46832
14468
93
20458
15718
10864
33355
6772
47005
51287
3540
10852
30661
37378
11532
45838
22732
32735
39242
39543
44892
24213
36295
8358
17854
35449
23119
38639
5066
34196
3078
12804
51748
50859
40565
22295
4556
27604
43064
18140
32129
30143
20979
28453
18081
1482
22682
12952
52925
45378
45165
30748
29939
28343
49872
17333
33019
24224
21662
17430
3390
47365
8404
4116
39456
48766
7511
41649
24182
10885
35996
18953
445
39568
1384
51453
37112
25522
4846
48632
20496
31503
2273
13721
26914
4053
44853
34379
21564
20769
52144
3009
15536
7660
1570
31512
50372
41846
567
51362
39993
37965
18308
26168
3844
30077
46556
15605
18120
7264
20183
44785
36166
231
30135
2425
9571
12694
38402
7446
31361
17289
16361
16427
50716
35739
14130
17151
47873
50346
15373
53968
47709
44972
51239
47578
49839
51802
49937
44186
7528
35219
23606
16585
51039
34636
43598
14249
28262
40425
42257
49
42969
52465
112
37035
29736
5634
21040
53362
35004
16688
4259
8641
24376
15351
53720
46125
46309
21977
44477
31930
41495
17494
11772
9130
6342
1991
39544
36760
42179
29088
39052
21696
3136
6076
52913
49140
45849
39507
25566
29503
36701
25830
34586
28034
37167
49396
10793
11497
53744
38301
49950
11040
10466
11822
28096
48075
7872
49563
44524
1865
38155
16529
22995
1470
48987
19879
36157
12367
729
37883
49116
4933
38288
25457
24720
12896
42787
49823
20731
43615
24330
24190
40903
18960
43702
2852
19501
14137
5994
38115
3235
51116
21924
2719
42214
37527
13937
42522
51081
35584
35710
43782
51796
47756
49963
12386
4132
1650
19390
52849
9779
32847
53000
39847
37564
47776
52677
50919
51003
27450
13455
21024
33079
9819
49223
39185
34940
25280
14059
33238
10621
21571
13441
11858
15762
20367
23149
45848
28767
26082
32511
19682
21728
18160
11256
42357
52071
31721
39424
45054
53897
41768
3239
17724
31475
27638
50654
8277
21782
35852
23230
38725
52661
22618
30214
6847
27360
17017
39407
25088
8419
26994
38118
21175
52900
15415
53961
25005
26410
5451
14974
8469
47707
48071
18336
51709
14775
33281
36065
23315
40875
12634
30333
16280
4476
25799
10492
40755
40991
34326
49893
52662
5795
32147
39055
28541
48867
20117
24404
15314
8574
46469
13194
48361
12466
41113
32841
23299
5618
40733
47953
9521
50205
27410
11780
49572
6494
16033
32707
15370
5867
20061
22266
49302
20649
35969
23931
16148
32537
24385
46730
46630
18144
3989
18829
29249
11499
45420
16090
33154
31368
52255
3112
39937
13486
34163
18265
2996
6403
43558
18796
25418
22513
10815
23399
1441
18545
17596
7659
27107
45400
7574
15077
1503
46031
34747
3764
10513
44943
12663
27677
17830
38810
33158
29484
42967
12980
26358
52706
44368
17480
6687
45133
39020
23587
5930
1175
17581
46860
29823
8166
19540
48722
5511
8964
15893
47815
40838
51784
27134
36788
44115
54020
5195
53337
41132
14544
9806
6617
23034
11455
82
42200
26645
29511
49263
4390
44349
50222
12595
10488
48978
1356
51376
7460
23085
7281
11037
47501
16124
39845
52856
10496
47560
36811
16654
20245
18222
51569
22818
32114
42128
19483
41227
13332
20819
48735
46795
14834
32850
41837
12943
1849
35547
13074
33292
21098
29459
52575
13268
38710
6499
1192
38957
46147
34901
8898
31273
49916
30902
31616
50211
53836
50063
37669
53502
29697
35221
16008
46535
34982
42565
51306
24441
8620
29932
26872
7069
39903
44724
21930
2845
18159
8114
8305
4483
16684
14503
16026
38462
19935
42360
51967
16904
48393
14639
46150
49722
40084
35073
52140
27982
24995
38256
41710
48526
36765
41052
11383
36024
39105
17354
7185
40959
12056
48920
30349
4300
43366
34547
21224
23671
13694
48428
20167
22368
13198
52374
18016
11886
19572
53456
32079
4319
12415
4332
26276
50331
33862
38490
43107
23440
31822
44902
10439
11479
22476
21699
37048
14257
639
41281
46652
34207
28792
43824
38117
8706
49308
14720
44692
6175
30869
49113
40428
9961
37779
17862
26527
41682
37889
34107
49410
31500
24783
6354
53592
44982
43361
12984
13345
5882
25516
2150
24847
13202
38183
44681
48301
44661
5494
24800
48183
15653
28410
17697
46482
45760
24060
4810
46778
2363
33344
8646
17932
13316
38226
1757
37533
48132
21876
33678
1487
42267
41473
7921
15810
30641
18894
828
17318
4705
8275
1431
15144
13192
24770
35314
37520
5384
11602
31620
29075
606
7524
49650
34482
51311
40287
39441
334
17365
51951
53319
23926
28658
34302
6062
24649
2306
26126
44867
40111
36640
31493
37131
30608
22206
7563
11726
19245
26006
36292
22869
52971
50058
357
43032
21128
40449
37904
20442
13193
45375
11652
44463
10286
48412
26773
30352
31747
27321
14047
33957
52386
53075
11163
12829
18118
15300
25134
12628
46676
34243
2304
51851
30078
35021
5076
4959
16402
13509
25865
51600
16765
49064
51702
33018
17345
53292
11387
39275
47277
38214
50860
13842
44053
31726
50829
36091
18638
20254
6618
17722
38151
3443
47732
6812
40478
44714
8844
20749
24251
47716
45261
27316
15451
37356
4770
48508
17692
14814
50765
17374
36367
46383
29139
44770
13518
41263
16451
36618
9159
15763
11454
16216
29581
42651
14071
24721
22891
43623
12144
3680
754
24859
6652
40951
7642
52686
34795
22139
47452
18400
35498
15512
49929
14209
32952
20668
23757
14340
9432
8845
6120
3254
46512
53100
34487
14566
27864
20289
39382
4527
5179
32142
46349
44225
44811
11615
3602
16096
50401
22853
21710
31591
18457
4104
1689
8444
13125
2650
12814
24253
4696
6546
29382
13110
13561
31612
32278
49546
22473
16418
30680
3224
52014
8051
40847
6472
7841
7226
53317
46753
19484
14786
31072
40994
45643
8555
17617
51846
50256
2024
33118
8686
47571
9645
17782
8754
33181
42663
23340
27999
46451
20861
33960
23883
12609
8128
12299
9
9290
19985
2371
11861
17056
45669
16781
43451
43435
27056
1745
5122
42793
10849
45295
48200
23371
6008
22927
37181
11730
6639
7322
50745
16871
37160
52497
40455
11910
2140
15818
45965
29280
10960
37347
32919
13834
46036
4751
7312
53229
29155
39966
43643
27526
1006
8708
41838
3336
20733
38381
24218
23182
18697
3075
45700
19708
33571
149
32376
43081
53187
48962
13038
29232
21350
241
28680
22501
8062
28769
31860
1810
24822
46972
17889
51850
37500
2198
7614
9203
15400
2819
31258
12457
33888
4734
35048
15048
31107
50661
46940
8075
37570
5979
20255
15271
48992
34063
48254
34486
2499
51468
15867
50747
41254
1214
43771
30700
11350
49564
45594
24259
16645
37085
47936
45506
39650
15098
34435
2498
23692
30335
33534
49086
5349
52834
29844
3738
12341
47039
5235
19220
24454
28076
3330
36026
2007
45443
32781
6501
2918
28606
23649
30377
14265
38849
19452
8511
28321
16188
52317
21770
13105
34849
51157
29657
40815
927
14924
31770
20402
18505
52630
12154
52304
2327
23249
46549
42783
22347
31228
46055
49670
48587
53585
4089
46891
28940
27746
23626
700
12861
42502
16921
19441
48049
25405
4604
12380
27126
37166
3007
53597
25612
15793
14729
28507
12345
23657
5958
49436
28056
18652
52701
30621
22822
50012
44337
17458
37030
3206
19465
40671
41492
16217
15018
28295
33394
12809
23046
4464
13362
45095
50454
50332
674
9198
43419
50176
31014
47601
1415
12202
46450
17716
43095
9855
806
37440
3258
29032
36013
49706
32204
697
9301
8392
43411
8947
14546
36174
51638
19009
2299
37389
4085
29348
52514
12478
10875
51461
50961
20366
6094
17323
23319
26463
9555
16289
28970
11641
26919
7317
25902
43731
8984
7138
12288
44999
8106
29671
52391
41903
25023
52947
45121
3210
19750
12376
1537
35701
33363
44452
13494
26254
38061
30591
5187
46088
28504
43545
10041
27614
8974
30665
49812
11958
42729
49750
1266
7623
50685
13210
13168
15606
41368
24302
52118
21433
4097
43754
44412
42867
51363
22372
45554
17025
35378
22493
30293
36634
4694
52507
50801
26552
48557
19777
26334
18662
13136
47900
38984
43593
38716
50257
15535
11046
18862
12319
32476
35178
36348
2844
33190
10757
41372
25944
26657
10535
36081
29602
48716
16175
24883
49821
23709
48384
12872
30228
4098
15892
53420
43501
25012
20302
48053
42234
18361
6118
46820
48019
38730
13931
39709
34360
10753
32050
33178
29489
48782
47229
42368
12054
46201
24200
32410
3961
8460
42290
46888
47264
37361
15000
41945
10646
35100
47624
3186
52344
6667
5436
47166
39728
18676
41743
4865
15089
41017
22435
24359
6648
11151
48552
47253
43289
17007
14119
48823
6180
37619
44291
14817
52439
40248
36470
13995
50387
39104
1066
7742
1749
25755
30676
41249
9912
34417
33617
5728
14667
42627
25455
17067
46297
43201
26942
8063
16205
48887
41601
21016
49495
48950
4536
35027
20200
38983
50019
7165
30213
21756
39779
13668
42640
12268
14606
12825
23482
7029
27634
51257
41639
5796
48064
27359
52476
8870
21522
23272
795
1914
31788
52360
9995
34647
50719
13405
50410
30242
6762
37064
27110
36463
9827
32101
43410
34076
33504
13297
3748
32626
6002
24209
50813
1353
47610
41348
43473
39500
17263
28813
19869
42252
23429
19799
40517
9195
38220
37866
34211
43235
40370
3669
29267
12231
25265
51221
19857
23578
7955
29019
22846
33081
33002
1120
34471
6420
5359
16122
31797
7931
19633
53572
10267
34422
16900
38336
33502
21915
10847
27912
29526
21421
23253
10826
11829
1693
47245
13595
10519
2547
50302
33194
13094
49200
19144
36112
36548
10199
7006
42333
36717
1080
31824
13630
6442
33589
15236
2442
17159
30563
7831
18746
25690
15167
39780
48347
8998
41555
49106
21388
23555
41015
46799
38289
35465
51345
36001
12295
7668
34599
45576
140
13823
39435
8896
994
49292
13865
22025
50902
2458
5818
6523
18133
45294
9832
39191
41415
18153
28887
15131
38423
17708
43652
2580
5939
17113
27969
52469
33774
43826
17476
32760
53314
15283
52726
46688
7133
30928
11943
12005
50776
20584
3653
32375
34189
6968
570
22216
25644
35858
43832
17339
31502
48229
25924
29868
4812
52211
26285
30128
6320
6599
33524
7302
32080
49246
19661
53904
36329
46224
36554
13948
15128
12676
19767
46986
52353
38922
7661
5387
6010
13945
40972
50660
42185
20240
17533
38909
38561
492
29561
6185
2022
9768
17130
23589
48919
16718
11639
11482
18211
23834
49846
44379
31259
18389
47475
6711
42600
5647
6746
31233
47434
53111
36445
24347
43281
43274
10448
22592
10284
1629
33897
39306
23720
41367
40580
31749
1817
40552
42021
1350
18357
46292
22360
1102
6776
24530
39765
20129
10861
30585
43078
49905
13177
11259
47399
48711
24554
15060
12096
39733
52879
47542
37107
13958
3073
35989
33785
52148
38172
12130
53912
29048
23485
7028
47224
24978
12161
52356
45188
29589
24980
21906
13496
1465
45774
15896
31636
21418
22897
45793
3593
2548
45916
45505
24946
11793
28317
21834
33134
33327
33511
12053
50567
12515
53931
46959
10438
42839
10500
51624
43428
11716
51594
15857
27523
35961
37578
437
21494
29673
16665
41547
33372
51604
46692
32730
40410
46656
52646
31813
28010
46969
11874
2916
49687
18602
51005
45892
