23178
28571
3160
36622
12271
34006
32939
16651
42093
19054
26416
21429
37358
25981
19420
41816
48161
130
35373
28251
5274
32292
40250
30727
36601
7444
26855
41603
50617
30777
51645
14170
37068
16171
17083
1627
33689
19590
4933
24046
31488
32566
22647
519
28944
48522
19597
53958
14320
50987
1743
15331
8610
15254
44809
43456
37795
43712
4821
10355
50631
52422
26981
15268
52144
16363
51215
19133
6222
17885
17135
2372
13840
22368
46983
4599
31011
31191
20094
15689
28945
35191
37028
18510
38000
14254
31402
38250
40886
48122
39210
19893
35009
48113
20435
14246
5199
20540
6646
39565
8097
44845
13706
21906
42522
42064
49025
5395
36360
50950
34709
46769
26115
21183
41522
48414
29435
26004
9364
30658
24138
47947
35575
7467
28871
50514
2028
21206
28108
48182
2143
46431
18421
21589
46358
5646
39902
43838
11447
9279
19776
891
1797
13630
7926
48581
11395
47645
6711
17887
25988
26556
14032
46595
47781
43687
46231
21864
17931
48632
17600
37773
18571
2195
53706
9258
6511
48613
26203
26327
45373
30338
44581
40130
52783
9189
45161
11807
53646
41600
6663
18106
6419
19956
20807
14214
11639
21458
21181
49718
29317
15657
43775
28362
41837
51306
30932
47298
50561
6517
36603
39657
28845
49254
35046
17269
20388
49624
38492
12503
6916
42919
16192
49780
15958
22183
34146
5277
51731
10316
52410
21268
49087
49029
18151
281
16336
11921
20607
34402
7466
1246
44342
33318
35116
11735
32860
37091
11384
46655
37772
49499
2380
43570
1451
2780
13014
12631
24681
9965
32672
9217
53393
44345
38464
9928
24670
40724
24770
16884
19277
33021
36736
11134
45785
39498
2848
25589
4960
50580
38268
48081
49558
23101
8956
27759
7123
51890
39147
28154
5511
51289
14578
40684
7368
338
15187
5060
13425
28438
22386
2191
27712
17100
11341
10850
11497
15509
51987
44135
24187
19704
16594
45186
21551
18595
32028
1254
20099
25121
53492
27603
10233
12397
24965
16282
5934
30713
2450
47472
25755
47568
40883
11636
13515
39296
16078
13523
49987
16944
16650
2894
23843
18125
26571
25020
46451
15998
13693
14858
35266
41708
32182
41375
11902
23690
26143
53897
51040
18825
3773
43735
4500
51451
17189
668
32758
15430
15224
17971
48717
44741
40126
26228
17613
2030
24658
18811
8591
40595
45939
52419
47862
31537
12509
47580
13308
8464
53602
44291
18307
345
29616
6495
16724
42925
53128
6376
10332
50006
28693
51614
4000
49618
46072
35715
12941
10989
24328
11937
46070
32888
40073
14224
28805
17400
11896
8702
17074
35124
20295
17519
44953
27866
8692
50640
19609
30612
3930
37874
47445
45942
378
24736
44906
19406
27749
47943
36530
1289
18027
11121
15500
7209
18063
42955
14965
2738
43004
49724
26779
19102
576
39300
22083
12553
4632
50930
14682
48409
51034
45132
20459
43358
42078
14964
41382
7462
47548
48964
44719
32708
48678
50248
22104
35661
52674
37269
29503
5807
47677
31735
51184
36181
10364
53593
45809
43727
9134
4381
41807
48479
232
52631
15093
16862
33218
18670
53084
20098
45011
16920
20453
11847
6619
35380
4414
18903
48389
24623
36251
13074
263
27878
47609
40546
43474
14652
17016
52081
2925
10250
51950
41357
22636
16273
47928
25058
13671
34183
48878
7451
36610
51090
26731
2444
30387
17620
9910
27322
26267
16035
30017
19594
28171
13968
16675
29252
52520
1352
15291
48604
16929
27755
36964
7329
17594
44089
29971
47017
32253
16796
39923
10340
26413
4544
7278
23883
25115
320
38453
21617
17336
22038
11662
37393
31010
50556
51101
20183
35957
18497
10593
13452
21751
2031
6427
38296
7637
14300
27034
40986
38983
14880
46526
41057
2330
44432
12931
19998
46323
20142
8751
53483
40915
8457
52058
23782
18983
39083
21052
37888
31498
235
34519
40616
4713
54015
14667
15576
42835
38577
11695
16473
16857
53097
48997
18764
24967
3135
35077
16978
38496
11400
19647
30403
10079
1125
28210
8010
9731
39893
24739
15231
8973
11691
5953
27839
2903
46852
35679
48670
51543
14794
49353
43592
200
21982
3545
43062
49831
37473
17068
33219
43466
8878
36756
48859
17925
41517
46950
14109
7514
34856
39064
4477
53436
49549
45848
47043
4264
21321
21187
24067
42627
32753
30149
28457
12223
48626
4714
3983
41906
33258
8233
6715
20581
37209
20251
51039
49744
32794
37370
25554
17513
39588
42259
31614
49908
46796
53663
13352
37348
37227
33127
43853
9482
6602
12876
28235
33474
14653
28702
20710
1333
53745
25566
35210
24186
46006
19860
7240
32780
45624
25892
4482
47446
43549
44264
33347
27818
12058
1290
38420
38558
48561
31436
27713
13128
14331
48450
40300
6764
5130
7009
7965
17460
27192
11470
49316
1358
48778
7175
34230
14412
8193
36935
36060
25492
43362
42534
748
47506
7776
10475
16321
23811
16692
15196
22892
8497
41358
46848
3836
1300
10565
47153
16695
18202
29607
8217
11468
41931
6425
41823
24732
12861
29309
45761
19857
33402
35658
25275
9301
21651
49963
37479
30510
37081
35319
32049
8418
13418
31390
42853
39045
39226
28354
28593
52501
33236
19861
48739
48411
18643
12268
47897
50208
50808
16659
638
38656
29961
20444
6413
4986
14273
46443
52940
42797
50761
29360
2616
50779
48881
16694
25296
19229
8369
26505
38725
40160
47228
53767
22508
40736
25915
17473
49135
25274
49643
258
10715
43413
33599
38674
48441
52528
26212
28148
34018
38804
13278
9367
18584
40569
27297
40722
15120
46302
13951
26451
27678
13156
11006
14561
5142
14376
794
3206
26175
2998
45380
1116
48124
43053
47606
31721
1428
37465
52443
11760
49132
26250
9885
25198
27142
22411
2688
26965
12554
45295
42994
47528
26400
19737
13291
49919
6581
10248
18089
11217
44115
47970
2212
33743
6498
27320
32035
3857
271
596
51943
11821
9357
48969
38948
37606
20701
24410
18979
5412
12841
8091
2920
3843
40481
36561
30694
15471
7346
25150
16461
17308
20610
32839
39479
16959
25139
42781
43275
39473
11286
32861
34293
30243
35081
6730
25496
12050
19833
20542
47543
11501
29746
41980
27136
25080
2043
39341
17745
7642
32255
1565
48979
32586
22318
10416
34432
51937
15356
31926
35382
17862
14259
29621
36808
8604
51661
1859
1700
36444
52638
2029
37960
24700
16510
51029
43818
3686
1978
34078
17615
33573
31224
39440
31183
39925
26403
3546
43191
18360
12210
52499
34494
6334
29974
35541
33352
25647
39314
35802
27081
3121
42590
48103
18909
28704
45752
47547
46986
45389
10470
19086
34140
11768
37663
13200
33329
8933
49176
14065
21398
15768
32324
6362
19442
39748
46353
31632
49619
47072
38624
34570
51305
27329
5006
20315
5145
34756
5817
26364
1050
24454
241
42068
39516
14122
19863
37255
42592
43870
22135
994
52187
41236
3029
12215
43119
31790
9904
3113
40317
36456
11355
43148
13124
29489
29456
8394
2222
35683
606
5877
44571
44931
20855
53660
4225
14493
27093
20590
32237
20999
20194
24385
25539
15947
40075
19116
31111
45671
7172
33655
33754
40808
17034
40129
53274
35976
16148
38201
37024
35954
5552
25690
24904
13933
46293
33394
12978
28123
13036
36539
5455
34545
23858
8603
32805
15915
49427
42832
33609
24846
46939
12950
44142
16911
51735
10170
44236
47698
20843
11279
45102
19440
5605
18549
4589
50018
44933
36104
6043
24548
19822
46252
13859
15770
7767
53800
18104
39855
48502
10254
20529
24254
48488
23222
33812
26762
35080
793
15087
14204
25561
8730
17455
2546
2397
10996
52502
9537
27349
48771
40356
3692
4643
53224
6143
33890
19547
53819
20982
47849
8912
48455
7638
26354
4262
49500
48652
27390
17803
45824
34915
6908
22011
3265
42640
20415
45560
28975
25586
47657
19945
52046
7504
20661
26494
22163
29122
50427
44540
52471
43542
35290
28342
50716
17665
35993
9720
51450
17289
26900
32166
11928
49860
7021
15423
39679
17662
31372
35906
12737
22944
40113
24869
7988
17227
39594
1268
12727
22279
18062
37475
16038
44915
624
15382
21951
50059
33168
10793
31649
17716
51982
37969
50097
45035
35470
31428
51405
22440
22430
23320
13158
39824
6809
37245
5496
44926
38957
37397
52043
30448
49491
51327
14011
19340
21162
28316
32380
51613
8894
24302
44919
36598
25025
9839
24494
18009
19083
15303
9047
25470
13258
41450
161
54023
52045
40429
5945
14461
34712
29145
13250
13371
25635
13688
17614
14645
37962
4388
36855
17194
7316
40894
6747
29467
4852
3336
29625
49939
5626
27547
50630
8372
28249
50883
22288
37207
33705
50885
50884
10869
51051
7297
43670
13692
17604
47156
25536
13857
49845
14693
24221
2070
30879
27021
38122
20504
41519
19950
18100
7025
52309
1012
46362
45759
40219
17842
10572
20945
23357
38851
28297
32099
4600
21345
3685
9647
47662
2135
7038
31827
5518
9097
29539
39702
46838
46799
42458
1735
51254
33644
29187
29668
38610
13622
34133
23992
41098
33281
47147
41504
26931
18842
40658
13281
18585
8085
4406
24802
34596
14324
36626
42153
21477
36412
2589
11933
18412
25689
50361
15508
47688
36350
835
44240
35348
41329
14452
45961
31076
16921
43933
34880
50572
37844
34348
1302
47434
8247
4596
25778
46408
3734
19134
14351
43479
32948
53173
8987
20233
39389
7597
6974
11967
41921
41842
31979
3141
17010
13157
2899
37617
26960
52212
34353
29305
45492
45826
37111
7845
32712
6053
37364
52855
15391
32333
43916
21569
14518
11478
3209
18652
28956
36235
1476
20369
33787
43754
35645
23210
29865
2843
27700
1042
16426
28876
14592
18888
8359
52575
15625
40973
8547
5152
7015
29386
47685
49703
3817
39325
53991
43684
19491
3564
8022
48669
41220
38291
12250
953
20903
4461
51073
14731
14911
10875
51708
21555
37448
19791
5942
19381
10158
43977
22903
47112
24859
10534
34479
46335
43070
38422
9750
17852
8857
45138
29025
29651
32895
35327
1075
6710
31472
52274
18368
40386
46734
15219
10451
25391
6009
33181
17877
36817
54012
20153
29844
44378
30633
13781
28824
2090
42209
23813
2260
5570
20726
33860
7409
20565
35127
43515
9505
28672
40382
44740
24754
44962
50777
913
5579
4636
47993
22071
43721
33196
36318
46650
36339
2681
7728
37544
43940
46287
3894
36657
42261
3137
4640
12888
13853
23471
13714
6421
39132
39040
14407
21073
33079
19617
4116
35581
9138
4346
1472
9365
45770
27554
34810
5286
12734
23408
38526
24498
45916
18158
31311
26384
25019
9210
33900
40847
51545
4521
50601
31105
29830
33088
10810
50182
30634
16169
20320
31119
817
19431
10815
45108
19912
15538
42542
31761
5227
48740
50426
22737
24206
1387
25464
38889
3834
9894
42230
24025
39124
48074
38745
49190
52383
43722
21399
46205
6106
38289
9263
44511
44907
204
43993
33582
21098
22777
42236
47364
6487
50659
41248
10732
9122
53751
28791
44861
5838
27767
45320
24922
45383
53418
51996
41577
45728
18864
51658
8505
12241
13187
29745
9792
46508
43693
31026
48061
15914
2211
29882
46456
35275
13601
43969
31590
3835
16871
11567
28485
47726
26296
4862
1280
5981
19345
35798
30838
24721
15315
21408
36889
1618
11131
36753
30959
23073
43995
3757
30758
18439
17859
17985
37910
37825
50263
24971
14840
35175
34248
18816
10388
27300
14496
26823
10485
48371
21964
37031
23655
37876
10804
45953
31093
31931
46367
21237
2665
40705
50730
3637
5895
35375
36957
11363
30641
27144
31837
25051
52154
40080
25982
19890
50098
44993
43185
25711
17873
15569
9943
9175
49716
21912
53750
41020
47385
40712
11314
39002
15994
33243
11023
53006
425
34177
36016
26317
49116
51033
35011
41745
48533
9064
26311
37932
5138
1378
30722
850
31547
22532
11727
28425
32921
38810
41447
44095
12149
9605
37518
42644
16345
4450
837
8408
29395
41002
20389
29407
41453
35757
15903
4284
48442
49615
14987
11765
11026
48471
7964
26336
37233
14949
26195
23221
4792
42822
24704
28330
4703
25971
47099
4374
53581
16829
6119
38192
3640
17343
7191
35510
25301
40247
36862
46574
40567
42813
16487
51476
10569
30714
37828
20379
18177
30377
19375
27519
9443
12017
31301
15305
6727
9106
1069
17793
12551
46924
49447
52195
14930
39385
22498
41697
33523
52939
8203
19500
41239
51790
719
51758
27257
13062
53935
44551
6193
1199
2241
28750
49109
28260
21749
30504
9803
16972
45564
47307
1571
27817
52772
2747
19695
13995
8699
6272
50075
17233
25751
37332
38560
13112
11991
53198
42108
21518
52257
27970
59
46822
4187
39266
26648
14919
38742
39549
869
33479
40390
13155
49887
24374
50240
29652
29755
35554
2292
50699
52860
53234
32281
25685
31714
51709
28849
15424
1980
39395
41941
21623
36670
13647
41242
47739
40993
3731
40236
41273
13846
7174
19964
14348
22414
45938
8536
6886
7387
706
10962
39658
12716
36438
1489
4279
3197
24190
24803
13448
43726
30943
10731
31559
47771
38410
41088
36077
42199
6929
16751
39020
20840
13098
8225
18906
52283
34199
48207
48530
32883
18236
38218
50294
43902
14963
16134
54
1711
25558
45936
44218
32563
18107
47166
27961
33257
46346
10985
32289
49327
30124
49670
34326
26806
45718
43917
12555
44996
50403
27538
37185
18460
21938
32069
33009
33719
22272
24280
14610
39564
12123
32889
35840
33423
30770
47971
16533
23053
44425
24554
29229
4375
44139
5645
43271
46415
5775
44069
46944
39060
17423
21197
35249
16278
22525
50470
29973
27661
38269
662
13967
47867
3583
11748
27963
38706
11176
19800
25108
39222
53627
33733
27637
22560
30677
17415
24461
29630
33073
7369
16986
23094
33386
19439
13347
19327
20229
45778
13712
2187
21552
50123
28731
19447
19577
2987
51024
12986
38529
51593
44945
19883
1981
48733
34912
12744
39811
49580
33682
38982
15875
47558
36019
50507
17179
4278
23326
37027
37477
53372
3678
10752
46025
39334
15906
31560
18659
14343
16274
8643
38273
3090
1550
9691
1749
40019
31531
14457
41791
10725
25010
10747
8602
36257
31593
35797
47773
149
40862
17276
25011
3868
32179
5264
627
843
52424
47972
46308
18001
52711
40924
33584
6738
22338
19630
31359
46524
13620
29779
2827
15460
26584
23581
22097
25197
10465
30965
4469
5948
29693
19916
26891
53039
45805
32784
34324
24858
33500
52133
47459
46996
11824
20274
25119
16530
34360
22719
51840
29689
6562
9031
41732
13372
38197
20259
22228
11396
21650
15412
414
29835
1202
28310
1178
24305
44709
26480
1935
2175
38361
41583
47300
13514
45395
2976
466
7395
5252
16780
44476
44745
8148
22301
24626
39289
42936
44386
28995
30540
47501
53001
34496
51247
31023
39239
22205
31201
52142
3775
45686
44073
1072
9181
24040
36903
29721
11432
36621
29997
3286
48715
34355
49461
7791
19735
47183
49838
30211
1336
2990
6735
47635
47226
43974
20275
30228
16247
47881
48807
12377
38191
26125
3373
19644
5470
52651
7339
35178
20619
26008
22158
16465
42063
45075
50625
49324
16992
53678
50946
16327
38472
12507
3377
19716
47874
43162
2350
5498
41163
27681
13467
23383
39156
33213
34551
21691
32926
17303
39251
9744
35113
41985
33357
38814
23365
17035
30293
10740
3571
18697
7141
35389
45121
35288
6261
46274
40611
23189
7922
28480
34723
1362
11046
12045
42789
22818
28022
16299
20347
30563
40470
366
8368
8860
21424
30608
20499
30703
16213
17362
31439
10027
32011
18529
32589
27273
51255
41858
45683
19578
23718
37650
30685
10958
21671
37199
52603
38086
34493
13822
51196
24235
42989
1303
3410
3931
3921
37194
34502
12153
3998
17147
34057
10148
25745
20742
45501
33035
29297
698
37800
15368
14505
26054
14003
8672
12338
49369
1513
5521
13381
34457
33647
16258
43782
29377
5639
22111
35394
21215
25774
26941
41350
3276
26724
11486
45029
34363
36284
37615
718
13560
19041
10918
41330
36355
17006
23133
19490
46084
21217
33346
50835
20249
48507
11028
37947
15632
7598
4888
52300
42084
18920
5186
50021
51370
9729
24853
52221
17962
46895
16456
30310
44140
105
11394
2565
50386
30851
20344
51846
36431
27153
11725
41053
33404
11481
36247
19882
33870
42904
27991
25972
28018
29179
51467
49661
11780
22695
23648
11183
10652
19051
16687
16998
16966
16856
35626
37142
33809
40518
45906
38868
38195
6033
22179
8555
41894
3889
44450
50368
39274
23947
7661
49812
45935
34638
1248
15623
21127
50982
38646
49273
43840
15021
30999
19667
13190
6610
17509
4743
29466
16725
3211
37331
42726
12766
7609
49872
46525
46992
43376
40817
36738
6755
6695
53212
24071
51984
18940
23488
35695
27998
41940
13042
52984
10192
22268
53552
28808
12694
46550
14996
12736
33621
6649
24172
10615
9395
24576
12878
19090
20039
14737
13028
3768
29702
44501
35342
40539
1313
9197
51234
53899
50740
4099
6630
47818
16230
23585
37452
29548
21856
35247
12251
25912
20658
52705
14223
48894
28661
37555
37032
53429
32803
5452
23605
46849
5064
21008
2732
50036
15200
32890
21308
20786
24993
31897
307
12257
3378
32019
13276
24826
53366
30202
16453
7634
17706
37788
1846
37872
32884
416
35289
442
24595
7681
45468
8397
9997
5118
39935
23377
46868
11361
21505
38423
12990
53653
42156
20509
43895
3080
9737
25593
20631
40715
10845
36473
53774
37253
47078
29661
48520
53570
19593
8905
17627
43841
16930
11408
54018
26449
38863
23526
20938
48249
15401
32439
26644
26790
16889
33296
35278
22663
34745
29480
31798
888
21069
45219
18694
47285
35453
23442
37681
11979
52265
18525
47077
9458
27386
24806
24702
16597
51850
38235
4529
1480
44034
43877
11611
45349
49413
22073
28028
5303
20817
45633
24913
49835
18967
42805
45117
34779
45483
35189
33250
9769
13049
43751
14685
46213
11231
21889
51156
42282
24865
41998
18147
22199
45363
11568
20904
51955
36451
4859
8038
38756
8135
2685
48265
38046
47612
29916
46629
37415
49673
4930
32905
46159
41429
40970
38913
48398
40555
27444
31791
28529
31140
11982
22116
44171
18499
9141
36520
29150
52248
22079
51527
48198
23674
1138
2595
16383
2481
38302
44092
8351
53553
2178
45012
26344
35836
39372
10326
51453
985
33990
4303
13219
29915
35476
8427
23130
25255
15048
51422
28762
38232
43375
23972
19615
9680
29555
361
21802
29584
44187
11000
7934
13478
620
42998
34588
16117
8718
4371
34517
46853
5676
49477
39999
26626
33090
2338
36569
18145
46599
37469
52526
37034
25664
8147
28037
46355
13814
17869
38444
41069
4697
33448
42650
37744
6952
14005
25939
16859
11144
25456
23654
22018
22763
41402
48339
39035
50840
29130
18613
38659
42896
5744
31984
8364
30710
45834
24894
20075
7630
14367
28712
8717
23508
14237
30134
3840
33509
35718
18044
16707
5519
24036
38894
9352
35533
40642
35350
9734
15665
30944
31781
35444
40631
17545
13945
1692
50107
37376
25587
21911
37760
38160
4858
17839
37074
15530
12918
3852
35893
4805
47542
37557
41899
46345
29324
11473
5185
44605
9942
38831
6923
30388
7772
40009
6470
20377
53292
15612
35244
16155
4671
5143
16083
30825
26998
42544
7206
39545
16340
39007
53213
25960
34052
14891
50932
36949
15614
36599
46472
49925
53873
8401
52626
17831
20653
51055
10841
8906
6118
17599
33104
21923
27791
53300
10202
32670
31081
31335
51303
11865
31124
42451
44146
13993
22375
26378
25653
37599
12040
30903
32524
4863
810
31217
18450
30430
3833
40961
40721
20009
4431
41579
28522
49597
25000
25293
14603
48558
9147
26261
52062
38719
14001
7743
6216
13718
16720
6995
9780
32852
17237
45751
20886
7248
22176
12749
45149
39850
45858
22758
26729
47259
12804
7497
50952
39558
19541
41699
29344
53090
9040
18589
12722
4639
12932
19342
17370
23164
41134
22190
31499
9856
9315
7077
5192
17516
31651
48797
51401
18925
19605
52981
13545
41865
20567
21800
27068
31462
49249
48940
15954
30329
16818
23572
39084
34456
113
49748
9340
47253
43943
45323
34393
19458
44470
20485
12591
24008
31513
37897
181
1294
22074
45558
8257
10797
32996
22276
44285
53566
29243
6767
26800
20784
38601
37189
15166
33564
22602
28523
43951
31086
52617
8879
52838
39079
21868
9763
30820
46726
6233
48131
41042
6147
3442
6288
41972
31922
51045
32811
50089
6627
19495
26942
27161
24018
28466
4410
36048
41672
14699
655
47439
28568
35808
47067
25916
40888
23900
24060
1928
38842
24150
28603
31591
44349
43761
26106
17156
6789
53312
45455
22581
48879
19884
1158
50304
17884
3978
20753
50221
43122
24571
18472
666
10764
17794
42659
47842
41681
3306
28528
28841
14146
35737
16969
36142
26934
2945
46613
4543
3469
25040
47400
18480
27181
37417
37284
27634
8650
27515
34563
12410
22920
6957
44673
31655
19360
5837
9303
25847
24778
25695
34196
31716
28907
40717
38932
3369
43156
28625
45924
42014
10767
9683
1493
43316
9112
7464
50183
30307
31269
39641
42886
34422
6117
26903
4440
3374
25339
15397
51826
24592
31642
2632
20231
38547
39785
50359
52256
43198
44046
47118
7263
32688
23615
31469
16349
15706
29582
38545
37761
46798
16165
21251
29
53287
30760
3729
17359
4247
27609
14155
24421
49994
52872
11907
13147
13142
26240
42834
39865
24795
50663
25055
51
5507
44536
49092
33639
47130
7284
51942
37238
13619
51908
7526
20370
26498
39104
10164
5844
10748
602
7327
14862
2627
12171
50407
36351
47824
46611
45392
2965
49713
31067
17616
53340
12664
38720
42855
50464
47751
50270
25029
5409
45716
39778
8847
38993
21199
44961
8720
10261
23801
6947
36461
23290
42192
45724
39074
7373
43145
50274
41143
23876
43116
7231
35311
14249
4383
8617
12199
14010
11965
12628
44254
29442
15699
51032
51752
19986
38565
25913
49905
13780
22774
3475
36619
45983
9519
49656
2258
14455
23732
19703
32470
22419
8320
9007
20346
45799
38494
12884
11927
40378
26825
41588
3738
25498
734
16525
8868
18225
30132
2574
41082
38021
35473
43317
26989
29942
17078
69
3643
41335
12500
21989
52012
30294
33910
16624
7879
35314
19219
53403
32559
49889
29727
27983
44999
20427
9250
14358
6082
22852
15173
29300
18420
12741
47429
41562
2531
30441
43084
49459
32977
48785
42690
38491
20472
44546
29139
35043
49857
2542
41721
28626
53631
47277
22767
5806
37726
19676
12748
2723
550
52325
16703
33816
43537
17727
31116
31989
26059
46551
33493
700
6754
20574
385
51104
41232
31204
52208
6426
41432
24338
43398
13663
8200
32650
45662
2304
23500
18505
36233
25467
7088
15983
42076
30622
8661
4737
31013
37145
38214
8675
7734
33815
12558
30108
50249
24275
29017
9238
38421
38405
8436
52428
18418
3551
44301
12580
17109
16580
26214
2119
28949
46886
51007
43168
22509
5619
5170
31147
51011
27392
20967
8716
38828
22051
35075
20050
7766
45487
36182
47447
25969
26775
20139
36906
9922
22000
30579
31133
44665
43822
14657
1501
49074
35812
21767
6714
18545
51152
4299
7889
16851
20998
16755
2995
15090
21148
23586
29033
34192
1549
24404
45486
29505
22851
36010
35084
6387
47722
3622
3644
4826
27802
41933
15065
7567
25959
30810
8122
14438
8537
8925
7830
5936
8198
43875
37501
14648
27351
44471
41119
3016
28778
22340
3946
11914
34917
49972
53962
10021
22592
51351
7621
36623
46145
23176
28188
13106
23515
11257
21231
45056
16744
46825
7610
37519
15241
40263
34611
15710
4634
41902
13455
30989
27491
48478
35102
15437
42262
3839
5689
28433
25110
26447
26803
44693
47235
21473
18786
41419
499
10653
2599
42490
40881
30692
38786
14981
41063
16689
29680
13606
18521
43
40446
51577
40589
31730
3639
47407
12886
20662
35145
561
44725
107
41735
53599
37322
44588
6012
36893
13681
10341
36820
52608
52457
6221
31182
28770
27803
33851
10633
27833
11951
19901
52634
16813
30786
39887
52643
53564
53453
53012
34846
12608
4151
52484
23653
50871
9921
4495
12004
1216
44582
4681
28598
47498
3462
23868
39848
30470
3524
36130
49297
18550
996
35451
46370
19620
19540
30358
14623
32997
9224
44677
44313
15679
19033
43601
16184
50776
52763
26162
50289
6708
51610
1557
28669
9000
51076
36724
22708
18148
29142
34678
15450
26753
23219
33287
23960
29226
39157
53064
39495
4362
5224
39367
29108
23703
25368
148
52820
32159
16329
35372
32760
3364
26827
44589
38763
5171
19709
2406
44189
6295
48168
29506
37229
22984
33186
20343
41213
32651
9925
8219
18223
47305
53252
39102
29219
15271
25123
48587
41443
342
39450
30323
31795
41731
14550
41533
50316
21340
11976
17759
37906
39608
51368
41189
34354
39842
34726
42070
2775
29729
22030
4126
24035
32783
21379
5481
34539
24854
43396
51951
40535
38615
34072
24274
10925
11555
23744
31293
38283
26878
43301
40409
3781
43115
12539
4311
18610
17097
34173
28208
21279
29124
1148
25687
50833
26150
19614
26450
2335
36584
30750
35945
21512
5650
40363
50457
13827
35277
42907
29330
12256
40095
32453
14218
13584
8330
480
6454
46974
50510
21119
12517
12253
12971
6617
17490
8175
35123
8465
36239
39659
50448
33999
53982
16534
5993
5256
39364
39086
19951
1508
24336
34875
1319
29695
25503
34535
32327
28299
10370
20226
49177
7686
8415
7774
30068
22899
39458
20326
27558
47808
35417
15157
4770
46545
10236
24118
25880
7078
52976
16012
50341
13923
13094
26469
28135
38655
16885
30537
42380
6794
28336
49738
20686
8143
44227
34264
8345
30350
6065
51992
52653
32822
50222
1343
625
45224
14299
6722
49230
38379
4886
19
38616
49603
36742
31253
1266
34358
16344
33406
7873
27921
43025
17402
51998
26553
26856
48627
35441
36516
37237
50262
33797
43720
43833
37361
26248
12247
9265
16411
40532
13294
44590
35958
41405
13617
49405
5984
20280
18328
1230
6177
12633
39092
11440
4015
39969
45532
54000
4138
47427
13528
42610
40794
50056
22583
53898
31598
41318
8830
1441
47758
22289
51848
43509
18728
42301
40635
20264
48315
22772
17474
33470
33715
1101
7251
21907
32155
49735
46541
13174
35114
29767
42429
13312
51079
4848
39414
5963
48758
31674
27750
18399
8560
5745
421
27306
31115
42040
11909
44935
17805
42511
22409
40600
42641
52251
41683
21355
38628
23786
262
6616
20654
53263
49995
18754
16141
6605
3742
23430
44901
49014
4781
17138
11080
50256
32986
41281
21778
11262
238
15789
14171
22960
49839
34825
15016
25883
12238
7390
42181
49970
15898
53310
32901
30014
18828
15588
29259
42144
29684
36669
35291
8655
53069
12642
22278
44577
35271
31227
53112
53196
43961
10428
52298
9306
51711
46110
11559
4913
12623
37571
46371
47030
6919
22499
2057
12441
14619
39941
29230
40115
28366
29262
8417
31853
3452
40782
23929
36089
18199
49751
33614
9796
36720
47717
48640
15097
12361
9688
3975
41071
33983
12587
30262
283
33792
32133
29320
36887
36655
39215
42386
9776
15070
35061
49862
16952
26657
49552
28888
38854
20359
8161
5902
6358
23898
10453
7542
8812
26065
14028
49114
2089
18320
33387
38249
35664
42689
47575
4637
16181
50258
9590
29470
5445
14773
41637
45101
6806
5382
7823
29465
8828
40052
47795
7726
2608
34222
32206
13699
49966
39297
22931
33502
23001
52181
36218
13531
46548
687
16387
2022
25081
41866
23125
43230
34589
2722
32849
41783
26094
34406
32599
195
18758
50136
46218
13868
51590
18330
5921
45655
10736
42026
10207
3774
9518
19589
23560
30815
6577
14950
36781
19694
34918
11986
15094
2573
50479
29821
8715
17639
44466
19568
53206
25724
52340
11562
38998
34163
29283
45557
53352
6575
10632
5325
38438
3219
13349
5950
36735
52666
16204
23600
52347
23407
45485
8297
30500
1852
29868
24547
46730
28605
28142
4660
51100
51720
1035
15691
42219
4588
8005
41389
24267
23416
16053
6775
220
30800
36613
52236
24131
44035
21733
32906
24334
36596
43111
45131
20278
18067
10113
47753
35791
47086
949
7564
36297
7117
8033
25753
46074
20908
3260
13739
42457
42268
2737
27788
21742
47789
13245
12656
9476
33371
10469
47709
15995
4100
2034
52004
36728
28211
4575
42664
7062
53102
7885
21078
42898
9595
24117
34608
41038
41418
8567
5464
13782
39309
28544
46100
10077
11537
36947
21791
33551
40770
9453
43243
12413
22535
41660
52278
36053
6520
13419
53648
9849
19070
249
40056
4919
50496
50401
11142
19527
53370
9133
27473
48737
31250
51138
675
13203
21873
33031
35448
38632
49692
18436
22141
46513
44339
39399
6397
38604
26033
20776
15390
39889
12243
24856
51643
43848
47512
11958
43887
34930
16898
881
36135
51869
36312
40784
23936
39427
39677
24938
14279
39710
4801
53162
40491
25822
38608
7188
21958
4779
33767
31854
28786
9166
52811
17105
9887
6341
38548
19002
47119
53577
41012
30380
30925
12191
7905
53346
49426
18260
7273
43803
52594
19190
29304
44714
7956
37526
24755
32066
9578
42972
14451
41287
33048
51821
2867
13873
13664
31107
43055
12055
23759
42277
4056
41214
46504
37455
17012
17197
42554
45464
46299
48146
8179
26842
21185
42399
52732
16536
12220
26654
21333
14187
15727
6533
6098
21633
15945
42491
35221
39331
16618
49774
31877
49635
21200
28231
46640
8573
10474
46466
13759
33156
45103
53970
39592
31891
45788
28285
30110
34556
32059
5361
42187
52841
31881
30161
31001
10606
51279
51282
44872
762
49043
38885
18826
27237
15711
37444
26496
4348
17374
6796
16317
34176
1795
26859
22138
24095
37260
25584
21274
11265
29856
13254
50902
22784
33395
47081
12276
19753
50560
37623
27498
50742
9793
3355
36282
43530
25621
46005
7753
48691
46220
25014
27737
12710
28881
50707
26799
24949
32403
43344
9830
31336
38838
52776
2066
41463
1529
2497
36348
37783
39176
51847
15815
38025
45546
51131
4068
37531
17196
4673
15940
16243
17418
48021
51879
27131
32205
29292
24799
32295
46131
11274
8237
30413
19759
51882
53411
18335
3989
14490
34954
19309
8622
31100
31470
53509
23692
40036
29940
53065
188
42966
26118
47241
36981
37327
26661
45489
36145
11796
9949
13424
419
32991
23470
25946
31320
7714
11736
33978
4664
3386
5386
632
49792
14303
8929
38928
30107
48593
49981
3850
22771
42876
17679
45114
38800
42536
18174
29922
1740
23086
37995
15811
39125
26980
47148
9269
21208
52364
46582
16145
7143
33511
24969
12100
19673
50083
3395
14404
2864
50939
28378
22789
36650
30371
25107
22990
26019
82
10588
14206
50447
32276
46780
35623
6439
26926
24588
27342
27098
37747
13237
38664
37193
2257
14870
50103
48545
26334
52572
29126
40560
47740
46432
5146
46775
1954
27317
41204
24677
11041
35574
32318
31135
44647
9039
35365
42254
50106
1456
6804
2764
35086
25951
49781
35384
17408
13164
44897
47714
23066
25334
30620
18458
16394
39021
16747
21529
1372
51496
39878
52323
35284
10398
29180
25590
2109
51812
31773
34833
43248
44136
13729
9819
44380
25676
24423
51403
10812
28073
47981
27106
45845
405
52513
5269
50287
11059
53278
1171
48071
34676
35142
51569
46705
23300
53281
52033
29756
51333
5436
22676
23580
21520
48934
51400
34677
37471
7042
12834
38903
4143
16804
3037
9639
43982
49996
26075
34541
51249
43250
35550
47502
13864
10807
39328
27292
28343
32743
23987
25886
40038
49644
11706
30791
28140
1660
36944
14954
24273
20605
4976
34217
33032
41634
46643
18498
49767
20413
27436
28333
1384
2560
16934
38387
15893
23842
40245
31044
24250
49733
19130
10448
51015
45622
37902
47556
27532
17406
33841
1803
34352
1988
42601
42009
52668
10817
21632
46790
8762
26599
53089
40096
14936
3468
11251
32731
3811
26123
51681
37505
42147
42432
53650
47022
1591
28793
38990
25096
28115
39753
1385
3814
41165
24453
53117
12255
10172
15549
9142
650
22131
43553
12486
34246
20796
16997
20585
46964
51523
47708
28974
31557
36396
21081
46911
53676
21257
23551
35531
38741
36422
26145
47326
37849
26132
14029
33677
17918
38346
28898
48284
6052
26587
33092
48187
22317
45245
21255
45387
45527
32763
2511
35914
15014
40773
5217
45599
18879
22596
49825
22364
36939
48814
32085
36420
51458
19836
30408
50766
52620
6860
9206
11043
26949
28534
49820
3697
15061
8742
45946
40610
7742
20043
49668
15457
21348
51386
28327
34267
18348
2300
33811
3984
29858
19558
15104
21640
27170
1391
15470
48283
14227
52168
20407
36120
21433
26829
7272
27211
47765
51898
44016
12893
37535
19008
27069
49196
26474
46667
43745
14334
52235
19529
36025
30476
14292
21235
32530
7987
25004
32876
6104
44030
331
38045
28855
49095
41547
24521
39433
35939
38765
1995
28520
31152
26276
16226
43557
35156
15741
937
2551
26735
31417
42741
32492
8045
31949
40994
34867
33566
20331
47599
6240
10751
52670
32478
5210
37491
38306
45185
19223
4253
36404
43192
50281
22265
441
948
5042
35330
27374
39368
35324
40741
14534
39423
49368
17966
1945
22697
31146
44697
25619
13317
22616
35546
21947
50388
28622
33781
2677
44918
3963
39241
43732
23734
53197
9218
21787
36152
32462
37336
29029
1581
23954
33977
31025
24333
12879
17496
24079
7468
12046
13673
25287
8399
20761
49315
45974
37467
28247
7085
7998
21809
9622
47600
16559
27522
53831
43798
28444
7054
8689
46071
37979
21600
2509
3752
4635
11272
25925
51892
16168
41763
27130
9073
30894
41841
22660
36900
38826
52375
6635
23128
6435
16743
11287
45364
19555
25517
5501
15384
9283
186
33606
42267
2387
27895
23591
23303
42415
50362
16996
44449
2420
14847
25862
14375
18624
47263
14786
32638
32312
31346
24241
49942
43157
35692
13350
24907
39741
40366
30204
33459
27190
18249
34654
14306
2319
51299
20357
40297
26153
51905
11828
33442
7810
9705
48102
11392
34707
52002
33825
19700
11371
43427
36129
5418
42003
25124
23312
1976
13635
24607
4312
22335
28727
51222
18054
52883
5969
38836
38649
31232
18052
44970
18346
49012
46836
5510
12032
18410
11680
23941
6696
5122
33553
14466
15874
50969
654
51489
3691
20857
23555
48465
26742
2091
34968
6954
32282
7696
16745
922
24014
8664
8926
2715
29950
37929
22491
52155
10730
46977
32741
27641
45843
38172
36242
8284
22937
1217
26576
46363
4947
147
7797
52344
29380
27659
1843
6066
45197
12857
24627
2285
28844
33444
12910
52354
22259
25256
31777
24585
48264
37025
37584
26079
5451
3957
26905
32531
413
12275
39182
47006
51830
9614
18380
39383
17905
34993
13197
24484
11139
16188
5164
41538
274
49917
1058
18363
33731
11681
37196
12353
9715
15975
31220
52924
25518
25953
23874
16463
53804
19476
19064
47176
48636
27169
12666
7581
39590
7434
25599
28077
9438
32367
26472
17472
46344
35929
40681
37614
50494
6996
36044
39574
29757
23214
40599
32550
37346
8499
52714
5305
29641
15235
32257
5637
32127
17664
41880
15148
3669
23510
12606
7333
15364
24958
26119
39624
50239
48527
29687
7102
41713
24896
5804
7847
25201
2762
2603
48773
17102
43471
53338
5000
1520
32714
53521
12233
33838
44940
21414
6545
36988
46101
30891
26343
50986
11180
13442
10024
20184
39851
39088
32891
14607
36983
46216
49633
19416
28629
4554
7929
8509
25353
15041
2051
2274
52429
11677
11170
35338
19561
45046
37685
33840
1713
34076
33301
2672
49296
46450
8442
18946
53507
45605
32041
30389
32493
50887
16981
6354
36458
29591
25758
35461
41571
37865
3668
13122
20187
27290
3970
26014
4136
47361
17612
11709
35044
11931
4958
6904
47641
39223
33135
215
28071
52960
31762
18372
49364
12718
5530
52318
37764
3431
34161
48523
30440
50434
32207
15846
40405
260
10205
22793
38443
35248
48638
6023
28575
4086
6509
49212
31577
14536
53915
9021
15984
32734
42054
7501
52143
46120
40089
35747
15783
33472
6380
16264
10984
26560
38082
25012
49926
47672
28095
22346
25985
28872
21067
27365
15842
53811
15982
41472
33701
24237
9594
2111
45205
7433
20947
19108
34411
3878
34798
38341
50708
49787
20351
18907
12239
5797
47418
34916
3000
42123
16001
43633
23889
15462
38730
23873
29160
36624
24313
14432
25332
12780
48714
966
22270
9361
3717
31697
16062
43342
15514
13886
9566
3635
12948
51726
7831
49829
1695
38944
27905
41300
40792
43300
51806
30230
27527
50671
30246
28059
33859
35622
26706
2059
19473
36122
27215
3422
26492
12729
1812
44423
23980
42017
13910
23485
29638
48010
14062
29586
21745
47275
30300
32633
12218
29768
38986
16046
25879
13379
23321
43850
48309
53245
3966
7405
37523
40010
19463
7363
19528
35754
42509
8163
9970
13737
36551
3025
50219
49579
13067
16106
31455
10235
37556
14236
13707
13900
20593
1631
53615
53297
35224
35323
20268
1353
19889
43653
53238
11052
41095
46763
40679
43476
8197
36696
2486
48812
4134
196
54005
11519
46762
8288
44494
9961
25890
3140
16433
22344
35169
13367
17973
50134
30734
7658
7234
23225
1791
42263
17896
23704
26773
48849
23985
4849
33969
22197
44529
30421
30818
27624
31923
38694
16331
26526
28076
11430
28386
974
52781
33845
14902
14201
18555
32050
9231
10189
40731
17103
28563
48525
40706
53061
42438
50132
41480
41953
15547
22911
23174
36477
25525
21697
22957
10911
4084
39480
26748
42322
39699
34823
13269
39190
5731
14562
10897
49909
17633
29086
34174
49057
31668
36972
924
35273
37802
42878
43884
52231
17327
31670
16267
18802
11178
50429
19570
1487
11089
25865
23607
14436
27674
46223
47596
8302
33317
8136
43049
17695
34286
25013
8063
13524
31514
5405
1638
34863
1847
49354
5278
38869
18419
8488
11808
34375
2771
15366
43638
47594
51560
23162
26794
5285
21102
1637
24024
782
41190
38476
8439
7252
13998
1481
26959
49133
38949
28056
19746
52535
33878
35241
37716
4831
19234
52887
41229
6336
9003
20017
19852
22333
49796
26624
23806
447
9041
15536
7850
3045
16186
10039
39116
47160
34304
21242
17957
42067
32227
29063
29585
30764
33417
2644
30781
14383
37058
8428
4598
52517
2407
10856
17258
1239
44145
4627
49479
10006
45461
1127
9465
27252
17360
28339
33160
37670
27528
28810
32336
24329
13457
7651
37975
14779
17145
45039
16649
26910
38506
51753
16673
41078
445
38394
11339
2229
10467
50152
5738
16130
6762
23731
52170
49006
14804
28207
18520
23223
35131
48419
46665
31033
34538
23688
16098
35010
23807
36225
51629
25815
14978
46720
27725
53989
37537
29885
34674
42302
19826
22231
52935
44847
8997
50798
21657
17995
47
3944
48937
12447
17911
30953
22997
51925
6691
3323
50967
29189
52577
47803
44379
6697
29987
20800
7202
10115
52599
34851
53807
17000
19172
32635
48966
3662
45191
31331
44585
19896
31532
17451
16814
35465
30005
23147
34253
43439
25613
29499
40484
3383
12279
54022
53948
8413
28715
28817
45057
9282
42584
2167
38194
36381
23545
20247
49715
10852
34372
12607
28591
46797
11563
33946
12548
16017
37580
38788
39827
37301
34741
52459
44414
33468
21966
16153
37262
48893
9775
10782
18727
48922
32618
31571
8895
53780
29648
38924
24062
17214
2337
38106
389
40343
35555
27892
36788
1025
14627
7096
18048
49612
7459
11763
42740
11573
24074
21240
37909
18168
47800
7682
8587
31065
6201
25114
11484
5093
46622
9581
53386
42281
23274
16690
29833
15813
41237
5703
12445
23115
49275
22088
31374
52448
8713
50931
52743
35050
47246
30207
42110
28439
21016
27599
25292
9326
7623
3466
48482
22143
41324
27010
623
30615
1499
39859
17242
9813
52460
5442
14934
45377
12616
51112
8259
34957
7612
10521
31493
46664
17802
52877
7354
15461
46398
32694
44340
25062
27618
13220
45542
2707
42561
6060
15392
13324
42225
36285
27094
9319
34879
7870
43935
41666
47959
36682
14240
40251
11892
22185
53402
3991
34995
24729
30244
23955
26975
46277
51297
32433
47479
28865
9879
45687
3363
47425
14195
45888
12188
10831
17094
20635
37152
41146
51888
2145
36507
47251
38204
6647
14929
17667
38774
45791
43136
18309
9890
48319
1798
37060
49832
22959
2339
44281
41743
522
7254
7338
19484
14910
21179
28906
52260
28537
42947
31454
35072
3042
41693
23294
35121
38819
41758
37743
28505
7636
16287
43108
1794
13526
12478
48290
36490
34413
36018
10977
33228
16485
41750
18665
24955
48227
7976
20555
3122
9029
52587
3004
13974
28268
12953
35591
36470
47311
20992
22507
33128
18607
25872
19351
8029
25876
6907
42130
34327
23181
10050
38617
38179
18814
426
30032
7302
27388
53132
12723
2422
16047
42660
36793
7300
43846
28990
52136
42408
40158
17590
18734
47139
8564
49165
17901
24761
28772
44554
13883
51609
8155
14256
34871
36214
19096
6791
53969
41181
3958
24129
33831
49976
19977
1070
36374
49728
26810
44772
8424
4955
32223
30288
8953
40580
49592
5966
30172
11100
16105
38383
6832
18518
23863
17463
23661
37655
33050
9834
50936
514
1016
7133
22380
25547
50319
41238
8328
906
31160
6001
10394
53016
22640
6944
25860
29731
51470
43254
15406
51621
12204
9592
42248
53155
44430
33293
22838
29880
50043
10906
3371
3174
40687
51686
30434
36222
45060
50745
47822
43443
35630
24543
28932
1048
26681
7576
13472
53027
13135
15274
46075
13997
39301
48281
47290
34046
20200
9099
50960
29593
53009
8416
13818
16531
11185
18506
51585
22226
34738
16420
10473
25538
1849
18755
2347
35088
38540
18581
1201
157
35013
26916
33101
5996
28437
32534
21971
22811
26178
35172
47982
5100
3333
32014
24300
15894
17500
30232
50314
38942
2139
41031
17781
31323
1936
12192
39043
48540
25117
21261
41806
8654
5763
17937
40884
11050
50323
9179
26797
51119
13468
38566
39093
22575
2000
37387
47908
22901
43446
7311
27953
43071
53953
14441
17811
42847
14621
13675
38518
45719
13854
45086
28655
15518
11379
9953
17166
4259
24829
21141
5831
42072
24629
37369
32625
9964
221
46359
51192
10212
25028
19811
4812
31302
3848
17735
4527
35339
4666
17561
25414
39434
39089
22720
6751
35
5649
48460
806
45914
37263
16967
42431
28317
40088
46728
3176
9202
52882
3480
45024
24947
28242
506
46994
2885
3673
256
31208
20062
28194
5849
7114
43689
32788
43315
37846
19000
53413
3863
31552
4570
32515
47008
49345
39643
42365
22599
47002
15868
42352
16637
13212
53108
34558
2516
44434
45582
13364
30021
41966
40577
78
29542
4025
29538
47589
33438
13334
20608
48606
5555
4804
27055
27973
21638
30416
7705
44375
39750
48040
4342
29920
39250
10541
24312
39620
145
14423
16191
18582
25380
25141
17632
7392
22696
14165
22835
38155
51789
29644
16431
26091
48259
23310
11411
28627
10494
41003
29706
40407
28509
15037
52536
3716
6968
52808
17550
50736
40733
20810
21801
8230
18468
5347
6676
41992
5113
5721
20279
6369
15443
30880
14787
45243
1523
11488
15361
1346
6999
6301
18840
36064
6877
8974
34390
34797
14973
42670
7092
40955
17990
6925
23816
31900
664
20410
12117
35482
36121
23778
20728
47956
41536
27376
25211
15262
29044
40110
28172
13522
30729
2993
8100
7903
32642
29361
19140
53412
45239
28100
27686
13743
9617
37525
12782
11738
43824
2160
22904
35886
45300
38202
1619
38337
45052
39345
40418
28961
9439
49898
51550
47653
23369
23584
6812
29663
47584
14914
18373
18598
14654
375
25342
4050
23860
2909
2811
31679
10995
46473
1967
18146
23038
49548
33476
20523
25389
16516
48261
9580
30501
26420
23527
32856
40457
29268
42085
51960
31750
35628
51408
6801
11307
22967
53348
7079
32074
41879
24542
53869
5095
41102
30001
15675
18823
18955
26101
4962
9057
13535
51278
44817
2808
28422
41355
28728
42816
22215
49975
24120
3346
18455
15603
16758
9255
18593
35256
11278
33837
49084
15079
10780
47710
21859
5369
15340
37083
30686
11064
12806
9207
39858
17037
36478
12024
1057
15427
49959
32894
19626
53441
5607
41805
52736
51874
28414
19251
5016
315
27283
41847
21405
18217
17813
10570
17444
24906
11156
12313
46842
44553
48400
34277
44416
28673
37437
47060
11070
24432
42203
44245
44756
1133
42320
22752
30843
6313
4692
40979
9502
29850
47752
9157
30978
50529
14374
47286
16252
20078
51191
16475
34998
21668
16518
17041
13578
955
37739
1438
17410
13069
24155
10859
45886
15739
43278
21389
13465
40068
13898
22735
48153
20659
51067
19741
46912
27128
45943
25071
37509
22666
19948
24123
11407
20805
12993
46875
38069
38480
8911
38702
39085
35016
18944
23579
19007
1608
8123
41171
44488
50977
7941
4690
38032
47378
16789
47996
7029
34337
15117
43339
14590
25095
33559
51318
529
34373
1783
30339
38189
2045
47536
50063
21393
30631
50979
37106
21533
7442
46057
31118
31051
43835
33068
3275
35740
16865
50268
13599
36576
23668
12530
41295
42503
41198
47389
31241
43167
41243
51503
17994
18767
4769
7672
39765
31317
44539
22686
19119
30060
42008
17009
33918
19353
22978
11881
14800
46118
49763
13348
44917
24662
16312
25897
48418
18437
23172
15357
27859
88
36918
15886
45649
13975
26191
35612
17987
4961
19566
37392
691
42231
19371
33300
35408
49162
53187
1136
24301
41518
21514
50634
29156
25318
1729
81
2137
42077
21599
41367
48838
16501
18591
12189
24530
46069
22977
22806
25688
22222
7671
44295
5492
16261
46354
23351
46357
29640
790
11649
20894
47471
2953
13263
52367
15977
18953
10576
13888
27304
41446
51809
53977
22376
6016
32186
34207
6680
50583
1109
12883
52075
18781
53605
15347
27464
13897
11345
34547
5339
44123
6458
45180
6004
47680
2569
44088
10022
17970
7880
7184
28176
25757
10716
9437
33047
22308
20034
3282
42724
21619
48890
23296
9607
38848
28940
53210
21561
39754
11317
49153
12887
34202
50187
49476
13494
30057
12406
19993
6942
48653
17844
52837
53387
11054
45604
47791
38625
35353
24378
40519
26081
8642
42862
5400
27625
34780
1291
34011
26636
30812
19658
53737
33176
51976
3528
24001
8556
23869
11357
19498
3554
6563
25716
31986
34629
46566
33239
22917
1896
3847
50005
46716
8489
19844
19294
41404
37701
43225
10454
48151
52418
54008
48323
26056
37210
40710
35240
9726
16444
48907
16175
21738
44965
20057
49574
8632
24502
13587
36055
47142
24671
2750
23199
28240
42672
33697
11864
39981
36667
35512
19250
29954
46348
7401
29894
38713
49062
48752
31742
20140
5843
2403
45334
50720
39719
4386
12237
16517
32975
6162
33353
37316
9480
42094
11461
35027
48223
39875
36352
39799
12063
31899
34827
48047
35055
14542
24107
27015
18959
18815
7484
11020
50603
35850
41288
39186
18386
26100
13972
43667
26988
34039
40688
6748
27185
41065
51216
52467
1130
39171
20273
41439
9736
6268
22513
20926
23739
31367
35025
46847
7781
35261
46470
39259
19875
51158
27357
46262
25379
27705
15682
45156
51335
30519
1518
18362
24936
46260
28903
24218
43538
21377
5960
8915
1688
46089
16778
17391
51528
47854
17714
16127
43460
19427
25811
4922
38862
12544
30022
25658
9546
51707
49269
38228
42456
49750
2441
20525
8931
6283
44803
26047
9080
9069
46115
9694
18153
33555
42721
3175
26630
33720
12819
8589
28919
52566
44555
1522
53141
29211
17177
46395
16464
23995
22475
11812
53125
47294
4768
25756
48140
9530
7554
2169
6234
49166
2006
27543
5918
2934
5423
47034
37691
53448
39728
19460
21621
7703
14130
36754
7974
37765
12641
14
38374
34335
38522
9402
8395
1907
17789
27756
22103
42786
42347
8134
16084
21718
23924
28120
27992
39734
2673
8779
94
44333
45597
20211
15216
37931
14874
2371
46041
36179
8315
19886
20077
25958
50905
33178
11925
49213
33191
10784
28405
24525
12920
18928
51505
29972
43972
10574
27083
9516
20890
18130
4771
25712
22935
14941
41506
13145
14108
42974
51904
11316
11087
28487
26861
43140
20782
25964
33369
9376
39626
18852
5725
616
18669
32706
48336
32491
5362
11733
47880
27469
27719
38736
33828
446
52969
1083
19355
41984
26473
3337
14231
52440
7430
44922
40284
3646
11425
1708
8794
11215
3089
47362
22004
21675
22316
40166
35321
43855
7855
7461
49895
29935
26849
15553
13715
28553
1442
37622
16065
23950
43868
31225
27193
37223
28745
30793
23368
17497
21728
20322
45933
47104
35997
44176
25061
34572
45215
9948
21297
17457
15895
43773
53797
31273
10942
3960
19911
44272
73
5500
40622
10344
19159
7208
49276
13793
33634
48537
34051
11108
18554
1818
45314
22119
24897
14189
53267
51281
11271
33225
44797
18889
41473
20131
20603
28426
49053
17526
16848
25537
13962
32346
32878
42903
52958
3436
37137
50074
44170
16280
10821
21174
51866
8348
4426
51616
31776
753
11247
3077
51694
50266
43598
48918
12094
31243
16847
49362
27612
35774
12252
33305
38098
8725
25132
13521
44514
51054
23061
3097
35070
53377
42091
29182
34706
46724
7673
47360
4662
46192
38364
17141
19663
29281
10342
5198
39563
42772
31808
10181
29385
39544
49544
40607
25188
17278
6614
39026
1000
5162
15240
37457
5406
47623
6463
8792
9350
13684
30595
22826
41726
7892
24394
22203
5599
43199
12719
46959
32355
35966
27569
23901
16303
42850
14994
30167
13627
38769
1162
45760
43568
28159
16955
29788
14429
24642
27398
42316
25449
6828
45618
4985
45739
36389
36921
19205
3877
14255
45536
24049
49653
51981
48069
45979
18374
32012
2658
37305
15144
42950
44943
39256
43624
37198
48938
7358
30195
28413
3200
47088
13323
5769
24503
28214
44316
16599
40193
26663
45972
50014
25836
9802
53082
2849
22358
9676
13867
37851
31199
6018
29697
48349
28463
53880
9081
22578
26136
24593
25675
6466
49206
25262
20190
7692
16598
6236
13173
30236
16011
34036
19975
52330
3784
37232
24293
9562
52777
6915
49677
14968
20061
42062
30997
2921
19765
24304
31732
46904
5017
30284
50428
16855
45652
5927
14611
21024
41196
51390
5615
38073
49130
39220
10630
27646
41814
5774
31405
53284
32717
37012
21770
18413
31043
43490
5682
41100
37774
22191
1046
43179
48806
42737
38923
18703
31212
38523
42970
54001
31373
20129
19167
13732
38135
42926
37703
25434
33926
30720
14280
493
28412
19236
38844
5309
24493
18800
30120
15455
31456
8910
30806
5704
24093
10612
38865
12897
19029
45
31782
48854
36664
37342
4616
16166
10562
41556
14315
9467
20297
21547
10308
2321
34951
45249
49145
52225
11338
52618
22458
36437
22896
14247
38425
26736
48123
23948
33492
34143
15293
49562
7920
5189
52581
27041
45036
5675
17392
18736
33445
12059
37790
27894
457
16430
38772
43760
24424
22396
1298
11871
23286
52983
404
11228
38509
46019
33374
24219
5746
32265
16514
34892
21865
15488
2170
37202
764
48267
35446
27893
38359
19359
6329
23273
51315
52889
12704
13118
36108
26675
31981
31193
26912
18859
42675
40602
42823
1662
53276
45371
28910
1169
48931
52685
7057
23875
23359
30667
33765
30344
52066
52795
26297
29924
44821
42049
13134
24520
5847
35549
5165
49433
1021
16593
8776
14257
31344
30072
1176
14798
4912
36589
38543
36397
37713
38239
29829
38728
39984
19078
4789
27848
14998
2008
6752
23315
30432
35743
33398
42715
28951
19592
24912
3561
47430
51468
39864
84
48720
20063
29306
3190
33275
18475
39598
28278
24781
31347
8746
14427
12586
39937
39883
49231
26006
39647
8035
2724
4093
5472
47734
5233
53335
10801
28456
18375
9820
22808
6287
14742
22817
7011
46795
163
48622
14675
44402
1781
37159
30590
11210
34349
27446
39576
32335
8187
8064
1825
9130
4392
13991
48133
6785
9396
29133
42319
29566
18757
25810
49923
29233
15507
573
46765
4819
1865
9662
45922
2844
16526
49363
1750
20101
43953
29824
18036
33001
43144
3382
4108
34330
20060
25515
25128
2992
39890
15475
2391
18886
50774
45034
22085
36888
17292
30091
35970
21313
14156
2120
619
34460
2702
33935
2591
37200
38723
50474
30117
18626
4861
30567
51946
5415
4267
2480
26633
28992
33763
18565
30778
45707
1809
30471
18327
8173
13473
51435
45504
51785
3428
21961
7203
28279
18698
32479
22399
23062
41652
15700
46945
43295
16005
25297
50921
12120
12754
42422
25642
25917
43345
53520
15359
42825
44232
15831
6870
20216
2857
46941
10726
13700
40674
46275
3755
43347
43147
2884
9638
19742
30696
1792
20423
23410
12620
24722
44196
17577
22847
26291
35434
7074
23568
27157
52675
49396
24568
6903
32284
52175
1694
11334
49602
39899
52009
26725
50635
12431
49170
39165
26302
39071
15702
35571
40641
44609
26562
7396
40954
29488
19789
21483
51541
5323
31584
50493
40968
4676
22755
15969
11996
25907
18187
34029
26515
20895
48939
23938
28862
8174
21893
38967
30918
19046
32909
29061
10993
51310
28400
37781
46270
20911
46861
27016
12006
34963
23124
31290
52734
48138
42870
36646
52259
2164
32680
24505
2049
44698
15719
47037
6267
31616
43193
33934
114
28935
2449
5999
45153
46222
3919
30896
26792
37122
40615
2605
17731
38647
4333
3652
35528
9900
23730
25752
26992
1644
21264
50935
34152
33330
15856
33103
44793
18347
19262
38044
48480
46968
17247
39920
27070
20330
38598
7194
21431
30666
43081
48875
245
50769
11934
35313
52731
25015
43387
51166
746
12401
2626
3574
44561
31427
15130
43043
16585
3610
6275
17277
44685
31804
29747
52707
4044
132
6852
729
51913
42097
53687
41704
28801
47011
39413
10478
15082
8978
10517
5863
28318
53966
19368
32621
36481
38622
7493
24468
15568
4178
38951
9881
21660
42587
18489
7938
9351
52903
36941
53500
50896
1576
4317
22876
36418
51717
8989
5389
43423
51417
41493
27746
8608
14027
44120
21642
49113
30898
41007
40618
2891
48162
2777
22456
43544
22280
20606
9831
1167
32098
5527
42334
22171
37236
32004
53632
38404
30372
33786
49768
10083
22118
44684
42257
16545
15522
33157
17626
51031
34672
53043
36977
48827
18791
44286
53925
41009
53024
23722
6
18470
18779
26406
3225
28335
47639
22189
9611
37700
6531
26493
29224
27280
45995
29301
26537
27116
42035
1023
42201
49657
41869
8090
2617
54006
18109
1838
952
17657
4626
51056
24416
34382
38123
28657
39732
46413
696
8270
47559
24291
10929
8443
40860
2757
5187
49211
50354
41882
1366
33909
33256
38182
10313
49721
21171
41044
29649
52744
4785
46723
23399
40026
44957
50068
49257
18805
11326
388
18765
37
2806
9447
53060
14069
13614
1951
19640
16163
24016
13969
53265
11945
25568
42705
28899
16077
40253
33497
25694
9386
11835
50079
21294
34265
35844
808
51760
39503
12536
45882
4270
43790
35157
27597
7279
24085
31823
19935
49349
42437
50941
5297
43382
16682
1561
47370
49304
39139
9347
39676
21546
45297
52477
41567
12383
15317
33428
14962
38984
29055
47365
38892
52524
1862
30330
52967
49960
11072
44334
25763
2252
38484
48329
48885
11888
32609
11205
19390
23735
5628
816
41981
26808
8341
45246
5962
724
30705
10257
23552
8365
53633
23224
9409
38117
24825
30115
49591
33121
8304
7563
14532
326
11462
19139
16899
11260
3845
49255
19699
45981
24812
48612
39492
1429
52914
10438
53643
47799
23344
44748
17211
52407
27816
2907
50078
2796
31520
20032
49961
17688
37696
18770
1020
34475
40903
26777
33714
4251
40854
4427
51199
6596
10712
3657
5399
47607
23988
30157
179
51251
42275
46737
24399
22076
27165
40370
52087
444
28557
10275
17948
2183
47957
42638
33299
13161
9108
4689
