5298
19253
9443
6920
23617
17503
9747
20553
3307
24685
3147
16174
20154
16384
11829
15246
575
4917
15504
12477
24390
8777
8883
10486
275
16738
23347
10301
3053
25306
9842
14558
19753
22998
879
20567
9242
1329
8923
7744
24946
9977
12745
18942
8539
20484
14477
2752
1202
22983
11963
19385
9449
7146
16440
24044
7905
15333
194
22977
2822
4806
21793
13419
2480
20605
14719
9678
6653
16919
2639
4252
6890
12305
623
19041
24929
22619
14986
61
23806
24572
1292
10876
15946
15413
12630
15294
12616
14961
2544
5293
3350
9424
2262
2166
18929
9420
19149
11230
8907
20078
9823
24864
1713
17899
171
16118
347
15277
14710
20647
8221
20683
2295
10295
9305
2119
17786
17547
21579
11496
20369
19828
5165
25148
25964
10403
19123
8860
15353
531
16595
8558
23372
1055
10466
16890
19318
1657
17567
6737
26488
5151
9619
1926
15167
10374
25278
11515
9110
6321
10679
26023
6754
16781
25506
5596
17668
14378
17975
15921
2432
10331
1570
17509
23285
20069
22064
26548
21599
1890
6770
24190
25503
17901
22992
22120
8812
9447
6640
21070
154
7690
8495
1312
12771
13681
14235
19988
18657
8954
1788
20613
23256
12554
20959
17505
13010
3490
8692
3486
1301
9146
10882
23879
17589
9307
25378
7684
908
8469
23258
8958
25903
22936
25022
5066
17278
1394
1087
3244
26619
8781
4931
15688
24333
21372
1752
3025
3832
4682
9083
17938
24368
20155
11260
24493
14939
5764
22647
18497
20807
5874
21068
10396
6619
21412
10934
1587
15287
14850
6398
5862
3604
16181
14703
9010
9559
1180
20003
10158
21567
22710
11827
13614
21247
4460
15255
18548
11553
13029
17633
18648
3182
18641
21297
25953
12084
11027
16448
16853
1904
20758
3222
3101
4162
19264
8449
24786
26173
14182
19363
12376
15867
24520
13187
9646
8660
12983
16239
26420
24744
21582
4187
21448
7124
20071
2921
4144
26071
2906
2741
3360
13138
16488
9703
10709
18901
23649
251
6561
5328
13975
13596
8947
4490
10297
14841
1284
2305
26049
18816
13004
10211
19514
18706
5554
20312
13332
14214
20083
11908
9863
24425
4524
1357
1770
22315
5048
16199
19871
24971
15555
393
20827
5510
23667
19456
8913
8362
6323
26133
6169
11920
10991
9067
17253
25974
16563
19695
16895
13054
2359
18598
10019
7172
22511
6875
17296
3973
5356
19219
25755
18654
19437
7622
6355
23119
2154
25279
16996
14918
15707
23945
16367
11005
8870
21541
19513
23831
23673
3805
10413
11342
6437
9161
3133
1988
11731
13092
19524
24911
17107
2036
23948
16865
4545
26196
13255
24960
18209
5335
22766
20433
2675
21415
21894
20941
18150
23828
16108
14499
18645
14905
17003
497
9480
22183
10626
4247
11958
17056
18912
12451
7473
8531
13299
668
9651
8282
1123
2546
13813
5776
5908
7990
11924
17532
11297
15435
12467
6674
13884
23134
1658
22843
10128
18768
22171
11236
14016
15196
3957
2085
13960
9767
17708
23600
13788
5740
3819
14893
7539
5120
19302
17433
5635
17300
18878
319
952
23779
22438
4559
9284
11461
1758
25430
18037
12348
6412
26341
15074
6808
24475
15897
19064
21836
25073
10530
24983
19504
4372
16127
4752
17870
5364
23067
20131
19063
9166
21144
7067
10463
3328
24517
10675
3207
11925
14431
25923
21488
13227
16872
25848
11171
11440
9464
3952
7848
2674
24731
13607
23359
7148
6235
1328
22136
18048
14609
4526
11076
16041
2566
9610
22466
5223
1006
11208
14371
4914
24332
15612
2205
13389
6441
17946
7152
9968
15885
4499
2511
21620
22455
7708
22419
10201
21695
4515
3358
13346
2529
3488
26379
16514
23020
15692
8350
4892
8466
2547
18400
5817
8858
3160
16564
8425
2623
1250
12380
13547
13386
3779
10348
25210
4760
14816
16023
16432
18506
9632
3875
2794
13251
16493
14544
12639
20076
21650
5924
10644
8993
12876
13511
8284
6484
8961
653
20101
24138
20140
2971
22167
8453
22746
19075
21482
8846
2917
8123
354
22583
18432
13461
11452
14367
7563
4865
20741
20838
20955
21350
8865
14915
25762
7724
23009
25432
10232
11804
24022
24716
2792
4992
19033
4263
2817
4967
12642
4577
21213
26033
15075
5347
4983
24120
6254
26080
12659
5020
4433
16763
24061
12519
14123
4211
13754
24916
16633
21058
20732
8397
23691
15605
12502
23979
12329
19531
18484
18605
2193
1918
11565
8698
24395
25679
16289
4007
6803
11152
6678
21315
7328
25931
25993
17620
14368
13186
18307
8472
17402
26257
600
2780
16924
24753
18618
12129
4597
26376
5649
23486
26276
5059
23121
8436
2264
21998
20350
21095
1544
24778
17410
23438
26189
23242
1332
15691
21764
12562
12532
7451
12046
22818
17608
22431
18745
16539
7391
4539
10069
23637
20883
10753
732
12848
12709
21226
7485
4842
9748
14638
3842
7906
19046
24289
18637
6712
24510
823
6883
10390
10915
18011
12922
13950
12553
16004
4381
107
7519
14994
24739
21539
9547
17238
7637
15731
6233
24997
25149
746
17638
22173
24816
4978
1971
17210
22381
24506
5964
22848
18989
11554
5281
8410
12980
13871
16845
15706
22916
6267
4651
18510
496
9108
20277
18410
23541
6102
25898
8253
10826
8638
16915
15992
14537
2519
12644
3600
5055
12878
1171
18786
9927
18035
585
9077
4485
9879
22851
8937
5318
13751
18836
14549
16109
25672
17082
3780
3858
9342
20767
16540
20346
945
17179
17689
24803
11432
2577
19023
10026
1693
10476
23885
25718
3106
6749
10223
21287
2181
20592
7633
9839
2411
24655
14881
11293
18238
16852
16961
18864
1968
6731
9723
11136
1291
25108
8394
2010
26250
7100
1762
11305
21047
17276
12748
23980
17368
4429
20176
13713
24505
25845
7035
16846
13151
22119
3211
9162
7867
12429
3070
19497
15868
16233
11797
7920
16542
16643
546
2385
8367
24134
14329
4877
21013
12254
24831
10505
26570
13198
4816
14912
5629
7559
22747
21322
8060
1030
14322
7963
5188
11714
2033
1662
11366
11419
2064
5194
15464
3612
17065
3375
7700
14156
20519
12412
4717
175
26471
10170
15764
12683
15816
13806
6667
22781
2220
9019
11320
3568
6773
20119
10293
1653
25740
344
1767
11007
23604
17171
18565
21057
23392
1263
9919
25819
19397
8752
21534
715
18777
23147
1113
10533
562
3540
21329
14978
21639
5897
978
4788
17719
12041
18692
11255
16392
12552
1619
26082
25899
14497
4772
18329
4169
2001
23865
18404
1879
12517
9661
17484
7313
16433
19826
18516
8905
13578
10732
8067
23931
22370
19326
15233
25320
25286
6104
26520
11319
309
23772
23524
17351
16104
9636
23251
10973
1448
23301
3714
5772
19110
25909
4554
2645
12875
18485
3574
11644
10207
16035
5062
12388
18270
2564
2375
2112
8855
7917
9997
1447
21846
9490
7929
25699
7492
18446
24108
15392
22062
21136
10099
13923
4493
11397
25950
20150
20596
11389
21644
5503
24418
2169
2854
8303
12415
11991
24903
3978
4322
24452
3751
5167
20525
22376
6990
5422
20675
2774
26456
5522
19952
19004
3296
4329
2234
25774
21002
4314
11738
10376
25639
17799
20541
3949
21752
10473
968
9142
9385
22090
13406
13300
8131
26644
24953
21724
24165
12136
9090
20670
10916
19016
11598
24617
22800
10091
23210
26244
21887
11654
9499
20809
16611
11511
22187
23123
14002
23431
4973
8048
23611
25563
5156
1443
25089
25121
1480
20570
9074
25555
3937
19292
19555
9921
8796
16364
17431
16734
9428
14035
6710
1034
17259
25733
5182
26105
7883
14778
21617
13115
15270
1854
15539
1179
299
5111
4598
15093
20720
358
17765
11322
11308
10959
25020
710
21192
13641
21966
22594
17294
3764
23231
12932
12218
21890
24403
5044
2925
13849
20782
11303
16069
10001
13695
22035
10490
11375
7662
16916
24969
4139
11313
4584
7452
8885
21116
14757
19009
18897
22904
18845
9583
10558
7715
8682
4626
7606
12899
2141
9475
4990
11620
24301
9160
2701
1625
25402
2487
14560
16662
7099
20891
8669
10402
18369
9099
8599
8211
6824
19744
9711
19
16813
2151
8709
8134
20526
18833
21104
19903
7394
19596
7529
16857
6278
19761
9702
26077
8465
3170
14643
3638
6675
680
8001
5306
20586
956
18582
1225
19720
2089
15400
10608
12634
3280
4573
13176
23394
3080
5660
18521
3439
15018
21211
4232
1632
1523
25533
5018
22808
1970
20409
7510
18118
6916
23128
20661
7315
7819
3966
6099
7671
10580
16327
5877
97
7476
21809
13841
19666
11800
9468
17367
21978
22924
7432
2892
9331
20111
4075
26280
633
22932
15209
7947
22716
16435
16231
1290
2415
11739
15825
2342
23058
3788
10498
16058
14021
295
16614
4618
5628
1639
888
21544
26518
26392
13097
24720
26495
12125
4824
801
20010
23706
1058
5003
17609
7054
26076
5929
5606
5607
1117
19468
6274
12792
20413
12406
1684
6752
8417
16756
13323
4926
17044
5285
9064
21313
26096
25654
4706
22488
5180
8632
9317
13405
18152
4775
1349
17486
4476
20326
18591
4921
865
25221
2644
1019
11105
22439
15269
2132
17710
18457
2077
21968
19408
18974
11379
19216
6912
13020
11871
9103
16211
25056
16017
7052
6175
20437
7053
5337
12654
17585
17648
21562
6954
20041
6958
14551
15412
2238
8258
25788
12783
22885
13658
5815
272
14136
25476
11445
5363
15307
10555
6391
11664
17194
18240
23422
11384
14363
9328
19263
3432
21659
15023
17745
22625
15311
7681
22157
26465
4124
8522
17331
4954
21519
16401
6001
12905
3083
7818
20669
16914
16430
7062
24224
10502
9355
8749
14286
15468
4385
10189
16250
2093
13347
23749
13374
25580
14985
8349
12945
23447
21574
13072
10678
13393
20826
16621
19106
2145
10300
23241
22635
12411
22149
7367
14531
23871
23068
14518
2206
2082
1120
346
17760
3206
10450
20859
14739
22814
14854
15862
11837
544
6221
7130
15234
12073
3224
6673
18310
18482
10236
5812
13142
19766
7565
20160
9253
22755
17223
17147
5568
12755
3653
17192
8675
11891
13278
9034
7912
25505
16015
6418
20915
3651
5667
12833
21206
2878
25034
4578
22681
24296
14976
11228
16276
7425
20
13118
16398
13459
10320
21805
10956
5715
26087
7826
25681
23418
13315
2282
19992
20964
25299
3998
13900
1543
9832
22561
5898
24419
4976
8382
19946
6083
21405
15160
576
3877
10311
4486
22793
14419
343
3130
23625
594
3050
3808
22085
9415
10803
11559
5181
1850
7904
5926
13957
16736
13891
10525
12245
1185
6967
18304
15424
16230
18499
25116
1409
872
3249
21900
24426
20268
12828
13257
6784
14166
12333
4011
17085
17846
9203
17252
321
3561
1126
16080
11299
26424
13857
13805
26444
26625
12580
6360
11524
13074
4603
3656
616
16298
25408
24874
6181
19425
3347
12059
25483
20087
7282
7066
22226
20660
17985
10953
4800
14603
2614
4344
7768
7003
5754
6122
9176
23374
9400
5118
10043
18925
13815
3673
18808
14920
13795
5006
15394
16533
17236
13839
13973
20348
15648
6130
19137
4673
1136
17058
25444
19399
19688
25006
20386
36
8106
22741
17506
14370
13576
3248
21079
4062
20372
12885
1045
3376
23681
8081
6738
10838
4541
2721
5205
25883
7247
2836
18120
15500
4516
16043
26242
10304
18817
7845
13230
24161
22349
7878
3963
20512
9441
8634
12735
15547
20833
3235
18478
2893
10767
8247
13902
14416
23669
21859
15512
10775
15275
19950
25096
20600
11650
6098
526
26526
18062
5963
16423
26623
5291
947
23991
8727
5733
23182
6914
14523
15899
12578
2413
5113
19622
21947
21520
1152
17114
14233
3519
20719
13357
25380
24877
20446
18378
11329
9649
20872
13101
2442
11842
9537
7739
25050
12065
21087
17175
22839
14220
15791
19800
23787
9556
23662
6845
26432
8578
3643
19217
18104
18335
2345
17002
24314
26621
24095
24238
113
5402
23379
11002
22286
21061
1881
6815
17572
9597
11563
13694
19327
8223
23000
12427
7621
120
20801
5899
3818
15289
938
21174
12496
24386
20362
5045
19948
19804
4710
18883
21838
12455
989
7984
8527
11456
14453
11938
15145
3054
5710
20902
13425
7809
26273
24924
18415
4177
5464
26037
2488
3359
21072
22180
20024
5633
25190
15974
9426
17205
20313
11833
26272
18176
13985
1849
24554
20008
17153
14415
511
19390
10179
25179
16990
25032
21997
24004
4442
3390
9119
7546
3250
5950
22114
3177
9629
6982
21449
992
22970
25003
20193
20262
1872
18368
23172
4797
24942
24430
22303
16272
10117
26159
11627
12979
1129
24785
10130
6523
19036
19651
11609
16055
11102
24406
13001
13668
6377
26396
4836
22018
1388
9274
5878
7659
6420
1775
16411
23599
14381
16420
15479
18008
10000
15659
3702
14753
25602
16877
18532
25015
25870
4590
5497
24304
14160
23415
4615
13485
3925
9877
2770
21844
25719
9069
5481
15143
20499
15865
11335
22030
18407
17360
19643
14629
23298
21089
3626
4959
20456
11503
19133
4656
23053
4111
6486
13930
1588
11427
3391
18399
23026
15509
446
24352
2352
24546
14207
21369
129
17123
20401
24354
22522
19984
17007
14813
9469
7285
25715
23404
21731
14627
4712
17571
22326
10296
16824
11337
26022
7701
17311
12356
2171
20630
3183
25485
20755
24980
15101
24294
23261
8226
14219
17855
16968
5289
19813
14803
11996
5123
25439
20528
20272
17680
18309
20447
19008
7587
11905
10437
25189
3157
16870
5504
19182
10448
3489
14157
5002
3098
15596
4336
5670
21991
18716
20178
18163
481
10654
25833
9299
185
12991
81
13656
8323
6783
1526
9258
14588
15857
23730
24962
14127
7946
21662
26255
5763
17077
3569
16307
3945
24363
10774
5339
22042
24193
24202
1042
8498
24494
6571
8576
24680
13270
23474
22875
22360
983
3734
18785
22485
1530
11045
8809
21728
20363
18675
22230
23378
5399
1151
9143
25225
1109
24913
10786
21429
1490
7803
5454
14566
19395
17558
2669
9655
1168
21473
8510
19749
13983
2532
2851
25783
991
17916
5031
24503
20142
5465
8635
12542
17514
3971
11656
21197
1158
621
12175
24217
20180
24360
14696
19963
698
22961
3962
3141
19490
3906
14022
635
8597
6487
11377
25735
3066
523
11473
17112
23643
25920
18829
25522
24380
92
20212
26158
10886
22000
13181
20061
11075
12268
14804
364
3257
10108
10143
24978
18771
26140
19114
14993
14283
1395
16692
13039
20965
15002
3251
10660
6049
19433
1352
20508
20618
23860
14732
1719
14940
15597
15775
24922
22405
14406
15698
10936
23627
25542
7624
17320
16807
8004
24845
22274
26011
14613
14582
23799
21469
3331
12211
6119
1698
12042
11150
10573
18561
17116
12051
8228
26311
3368
24634
5588
2498
22832
22955
23774
940
2384
15658
21250
19719
20878
15180
15259
21351
17991
17828
5911
14436
10306
18052
13783
22402
26476
13474
19249
23939
5081
11818
15784
3014
13458
22823
26329
22718
10003
18144
5781
1546
8596
19972
24861
4792
11475
4645
4293
18173
13729
25018
12062
11161
23603
9489
24907
22881
16179
19557
14303
25205
2303
2287
794
17014
13100
25
21808
8231
10076
20426
11380
17980
23323
21784
18684
8468
15642
14070
23111
15450
14722
12999
17131
7392
26218
12381
21228
13081
11755
11737
15396
5089
25403
5859
15178
12296
12088
25644
24695
26345
11634
16979
11060
16321
19162
12325
8486
348
1371
1814
22472
16610
260
3407
21392
16128
24451
7967
25692
20097
20812
14637
24583
20593
1754
4520
9892
19192
12530
20400
6719
10888
10199
19210
18382
25445
8233
6204
11332
1124
24001
14911
18387
17341
22442
15241
13530
2474
22525
14577
22067
17472
8020
22228
14657
4283
6942
965
13866
17989
3849
14000
4580
6106
10514
9150
11781
11323
12982
21915
18870
10084
1501
16237
6336
2330
2248
7683
3437
26121
20749
17283
10217
12229
25707
12251
24350
23055
2194
9347
18943
10092
10267
2196
3377
394
80
12637
5341
25220
4708
13731
25496
16923
19450
9092
4856
22684
5767
2122
5762
17952
25888
18700
20715
15983
10049
11340
4536
11261
9454
26004
7234
13464
14733
13306
16755
24029
23269
3741
17146
3767
20919
10843
23717
16920
2016
24437
11500
2700
18178
20281
5583
1020
23186
4120
8577
24706
6245
23903
19763
24098
14487
17570
25185
13296
14504
717
18774
10673
24381
25868
11372
7754
23109
22481
26457
2943
7646
11743
9459
14088
22946
9097
25837
14465
13496
15718
5433
1711
23561
16694
1505
24460
17464
4791
9908
25945
26408
12074
22213
2160
2888
14125
1522
11468
25398
6689
23862
21019
24807
3401
2228
4362
23101
22860
25846
12253
22477
3725
23371
3353
20753
23382
25929
16085
13334
18091
24309
6309
4180
17746
14567
9728
22784
8613
5095
23153
21827
2395
24389
12134
10999
25520
10568
3107
11374
22164
21564
7538
7656
3745
540
6751
26246
21382
10284
23309
7515
5292
23104
2198
1247
22995
2076
24436
15331
20270
2869
7698
9692
7340
17981
25629
4432
4531
21263
5825
20875
4930
13634
17629
4751
14990
8334
6063
19841
11824
22777
5400
11682
7109
12597
13371
13136
13191
780
9506
8882
16986
17896
20324
4859
8499
19702
16579
3539
22056
1317
24620
14646
11144
7017
18206
33
24574
17623
16182
23833
6490
15486
18321
25858
4319
12813
6447
6917
1790
6778
1170
7382
13164
5456
1271
26271
8832
20768
12470
13898
18010
2852
12832
14275
26574
23306
15829
9289
25913
10215
19142
20284
6713
16059
23676
22642
24262
24155
23946
25987
17029
12318
2302
52
25526
7068
2192
12606
24501
5672
9212
8043
18122
10854
16951
20013
20850
9650
7076
684
1377
99
19021
19176
22628
10040
19313
3588
1555
24303
8306
11907
23165
24118
967
9318
9824
1047
2217
9771
9960
24945
25775
24871
505
8049
24122
24982
16332
19068
16887
5219
22413
408
3221
21573
11187
482
11684
11164
3660
25859
3950
268
4919
13067
14234
18828
2464
1914
24172
23025
2346
8573
9133
25664
13293
20542
22400
420
25547
15804
2320
13401
7506
21071
20957
4101
11856
11845
6020
7027
9395
3309
4152
22397
5448
6581
1965
434
16116
2477
7795
23481
20583
9435
4833
19570
22812
25036
9396
1304
19429
7009
16679
4028
6995
22896
8916
15103
11814
20343
12601
16864
11247
18651
264
7364
14441
22418
14793
20831
1495
3703
7645
3336
17163
6758
12744
19788
19461
18571
2665
20248
1389
7865
8649
17659
6520
19422
232
4072
5665
2428
18826
8609
17020
15809
13213
23246
15755
9962
8230
22556
8473
14472
5043
7976
12521
6000
4915
3035
13237
10785
13640
21256
4006
11327
25346
7161
16559
8896
19482
19658
24364
17982
10425
7685
17444
14405
7377
8880
11476
4670
14213
14525
8968
11285
951
7958
14647
3371
5220
2379
12900
12446
15453
24738
4733
12806
1959
16881
1138
4133
18454
19362
15389
6817
15617
5237
22651
10928
9859
23129
5032
13598
22974
23213
15958
19526
12188
4049
14251
23171
3851
3202
10982
14507
9358
6192
23296
23696
14944
25872
8678
12264
22944
12095
11354
209
17488
6271
10164
15879
292
13536
20545
8145
6074
6840
12563
10504
10098
11348
17698
19026
13295
2990
13613
10923
8259
7019
26434
23656
21776
23114
10598
20048
4317
10256
9158
19213
9934
2009
1005
11687
24401
23023
16314
20914
16054
606
3500
516
1102
5518
5569
21769
24904
9614
10064
24484
6286
779
25785
18517
435
18646
23428
3461
4352
21014
26393
12124
4043
5096
21291
6548
11788
4245
19893
20128
17601
17776
2681
3942
1289
1384
2732
4601
24796
2333
8493
24912
13447
21255
26502
4935
16261
22296
8311
15322
6831
16709
3933
24607
26617
24492
17280
13574
20580
7434
24694
14717
14725
18184
9860
16883
7407
3166
8110
15011
25528
8442
7400
25743
14904
8737
11220
7549
6928
10700
3527
24140
24131
22941
22879
8358
13003
20067
4159
12085
26378
13502
7047
21146
26325
5411
11569
8983
20032
23803
19935
25451
20202
18997
22880
13661
643
16031
11764
8992
21383
19303
26221
11499
4339
12408
6624
5631
6964
18300
14501
24017
8797
8037
14075
9332
6736
17199
3676
5910
13479
23091
24320
23899
19528
5369
18827
26522
13132
24625
7395
11972
7048
6838
5996
18115
7450
21324
2842
1387
11549
4638
19107
17716
4619
4284
31
23421
22827
17352
21614
7632
22408
21118
6604
12382
10433
22332
19605
1145
1764
19436
11506
25147
20059
12972
3060
5854
10847
532
12404
20986
13128
21608
23556
7921
24129
303
2017
11693
10258
3750
7163
12746
26239
21406
13302
11930
26452
12818
7740
631
22100
21386
10870
14784
20394
3686
15193
12849
10351
4571
21949
19915
361
20853
3294
26122
18411
16704
979
25684
18140
9996
219
350
18078
23010
25434
11995
18299
20261
1493
13368
4204
15359
9542
10587
14680
17024
7326
19919
4745
17781
15817
10483
16205
2531
14404
16886
9093
16270
2823
3729
19619
4167
7016
9167
17500
4435
23236
12339
24124
21076
5467
1344
26065
9393
1165
8017
22225
15954
18001
22451
2849
6906
6425
13314
15126
7879
19542
19177
3292
17435
14239
6028
15761
21225
14112
9314
9020
13007
3797
14413
21108
15968
22767
12107
472
4128
3015
8770
12834
426
8920
411
765
5995
17613
8866
9028
4883
15566
22262
16967
7147
26417
19740
7088
11244
6907
16569
7554
11780
4874
10353
2690
4349
25874
19353
17490
25482
11854
19703
14418
24168
16722
17454
14562
16389
24343
21130
11211
18498
14009
12726
8998
25449
18463
4148
16075
16093
15362
1928
10972
25251
17060
3562
7580
23313
14256
21987
18697
12465
15387
13359
19276
4502
7933
25737
430
14556
26067
23964
8291
20132
9394
14272
13015
15295
13034
4018
11518
18278
6137
11463
12492
25104
10780
16052
20259
9922
20997
14678
22333
3258
20980
26093
21773
1325
421
13422
1984
19832
6911
24347
14118
9697
2168
26155
4662
20884
11043
15296
12619
7108
12676
17499
5482
20066
23722
7170
23631
6892
1576
9639
6636
13087
24843
22740
7979
19939
15916
825
8574
9605
4025
22821
2813
6043
14648
8050
15168
15
23300
17124
17132
6475
23674
24220
19315
6666
6979
25176
9137
3715
12890
15378
16509
22458
12598
17540
2327
18322
8434
2103
17936
5374
26402
8200
18086
985
17099
14126
15765
17182
22988
14273
10777
14547
21077
12281
14780
9883
4652
7575
17485
17128
6603
16787
21181
25643
22188
13824
3794
24345
17976
19758
5330
4078
20228
14526
14360
9828
6579
21785
17632
6113
3333
6529
3298
25798
7360
16965
13428
3082
14745
7605
15420
6597
14337
1194
3740
5017
5449
18056
15449
9263
752
16935
15699
10456
20762
15758
5078
15017
4669
12118
19932
11590
9880
18652
724
23890
1902
12939
2013
15129
24729
8667
25405
17854
8220
3279
25850
17
10238
9974
3685
11727
16982
13775
3581
13152
24623
9906
13344
1934
15302
19238
24353
23558
15047
10790
9472
23280
11680
14610
15651
7413
5187
1504
25014
18626
8637
23827
2373
17729
1838
9528
6976
22029
23088
12013
14981
25081
24970
14874
24413
1397
24910
22043
24918
15363
811
24948
8560
11222
8356
24073
11221
7608
10612
23734
1127
16724
4171
15655
7145
5054
8281
15598
14585
13835
22224
16107
2599
5253
18357
25614
11018
24605
24424
9032
23327
23059
1339
2985
7300
13424
20620
10637
17346
16425
24265
19995
2183
4849
2840
3256
8911
6219
4434
8084
22407
10765
15952
7065
16406
10819
2283
987
6029
870
23902
5404
14200
19022
24806
12931
17775
10175
9874
4498
191
10371
4731
6589
3663
7482
1951
14476
10739
18602
24062
22952
13764
23141
6635
9448
26150
26492
18294
2236
19067
8683
16599
5927
25763
22833
19585
25638
13472
20448
16616
2642
14517
14408
15628
5556
7891
19774
21630
19117
21600
649
7788
12712
21920
21807
1236
9652
24358
3551
2972
6284
12192
18308
11148
9789
3984
1346
14971
3304
14268
7789
26529
10650
3826
17811
6052
23083
1018
14199
24644
24214
8072
8929
18080
6372
22185
1460
15042
12064
21048
17993
19977
3898
1071
6226
4908
17388
17676
23726
3814
963
21508
22573
18481
8178
834
23737
2463
17184
13548
12647
12957
9785
429
24799
20104
13896
15800
19579
24733
24814
17910
25616
11900
24162
1977
1710
13060
22140
19920
20995
18058
19655
17289
16720
19424
6138
2153
10149
5300
2834
14659
24667
12101
1465
21203
20473
11673
12987
6567
5661
17172
23414
16975
17948
248
924
16717
21548
5257
10213
3940
11753
24676
15053
9572
9191
5168
15673
19503
7581
5729
19533
10395
6277
5883
20234
3351
17839
6363
7188
25184
2521
12024
15001
12872
6874
6046
4015
1245
2886
9735
20518
7884
4583
16952
512
26609
7149
829
16510
5321
15911
13113
17966
21877
3775
25200
20548
863
25379
15694
16447
20910
1840
5024
26512
25425
6091
21897
7530
7665
12301
24728
999
2285
11717
4448
21303
22976
25754
24219
7687
21598
25982
4030
4470
13875
13632
11826
17739
7106
20233
1231
17590
12968
14616
10400
25053
4188
10943
17429
1877
19452
21880
8201
10721
22216
25894
11974
4591
1128
26317
3521
10071
14865
20035
4594
25171
25155
9869
2074
8431
17008
6643
5662
16175
21381
5557
18492
9361
22853
17803
19215
2808
637
18986
10952
23219
13714
5567
24975
15071
18956
4350
16284
5230
25592
17830
21691
26533
486
15884
21670
3075
23732
15632
102
2317
26287
14078
6891
11385
13854
15947
12314
15615
9261
26494
18857
16516
2653
16115
16801
10370
5575
25161
20200
21640
8054
13862
14587
19590
16487
3667
24030
11234
19172
24468
4912
8629
16706
10423
9022
19145
363
9742
3005
13773
21830
16462
8765
5276
15332
3399
14365
18720
5933
19462
21426
14747
13174
77
17256
5030
18568
7743
7661
16129
18742
10388
14960
847
11603
5241
14013
16557
16725
19509
1695
21357
21374
6066
23707
4074
14541
22884
21106
6526
20984
5079
1727
15754
4023
26006
1506
23993
21940
7797
8859
12448
26514
22939
17015
13585
1356
18474
17606
22444
5085
6856
912
9237
217
10047
5336
23961
24887
13446
3300
771
7080
1130
10590
495
19061
18143
4045
4579
6184
20461
10772
10474
6455
18159
6940
12277
3485
13378
8665
3152
25588
17326
16038
9890
12240
7636
10541
10610
20316
1569
235
16094
26411
5930
9857
17875
4318
5858
26172
1680
9507
23395
20759
10840
21955
11999
16333
22654
21787
24409
5619
2021
5370
6294
24111
18261
7301
3010
5648
5486
13765
15614
11935
6760
24077
20085
8379
3608
7634
12579
19098
12574
10025
25453
1802
24037
24827
8467
8639
5275
10528
2101
6720
10695
25232
8396
20057
4404
8598
12236
19028
21802
11806
25356
11158
13491
8380
24855
22363
25421
6041
17240
12511
7257
8168
7197
6034
23267
16938
14204
379
17621
4357
9751
12137
13400
25696
6386
7638
14138
21613
8086
8310
17646
11369
8626
16963
13068
16485
13075
23152
6462
9769
15462
11612
15261
5882
11376
20787
25985
2759
25862
11585
18211
58
21778
10933
13769
26205
20587
13312
13061
5430
26620
1800
