9
10
13
25
26
36
38
43
44
45
46
47
49
50
51
52
53
55
56
57
58
60
61
62
64
65
66
67
68
69
70
72
73
74
75
76
77
84
94
102
112
113
121
124
134
145
147
150
163
166
168
171
173
174
175
176
177
178
179
180
181
182
183
185
186
187
188
189
190
205
259
260
265
271
272
273
274
275
277
278
282
284
285
288
289
290
291
295
296
297
301
305
307
311
323
324
325
326
339
342
348
359
382
383
390
394
401
416
422
429
454
459
469
472
473
480
485
487
488
489
503
505
507
515
526
527
529
533
538
546
569
578
586
589
594
600
606
621
626
629
638
644
646
652
662
668
680
689
690
694
695
696
697
703
704
705
708
709
710
711
713
714
715
716
719
720
721
722
723
724
727
728
729
730
731
734
735
736
738
741
744
745
746
747
748
749
751
752
754
755
756
757
758
759
760
761
762
763
764
766
767
768
769
770
772
773
774
775
776
777
780
787
796
804
815
817
822
831
852
853
865
873
875
881
890
892
896
900
901
902
906
925
935
940
950
951
954
955
959
962
965
972
974
976
1010
1013
1014
1015
1016
1032
1037
1048
1049
1052
1057
1059
1064
1069
1074
1075
1084
1089
1092
1099
1100
1101
1102
1103
1107
1108
1110
1111
1112
1113
1117
1118
1120
1121
1124
1127
1128
1131
1133
1134
1140
1144
1145
1148
1149
1150
1151
1154
1155
1156
1157
1158
1161
1166
1172
1175
1181
1182
1183
1184
1188
1191
1192
1193
1197
1198
1199
1200
1201
1202
1203
1206
1207
1208
1209
1210
1211
1212
1213
1216
1217
1218
1220
1222
1223
1224
1225
1226
1227
1228
1229
1230
1231
1232
1234
1254
1255
1257
1258
1259
1260
1262
1263
1264
1265
1266
1267
1270
1272
1274
1276
1286
1317
1321
1342
1347
1348
1349
1355
1357
1382
1386
1389
1422
1423
1427
1436
1437
1440
1442
1443
1444
1445
1446
1453
1467
1469
1470
1471
1476
1484
1497
1498
1503
1509
1510
1511
1517
1518
1519
1522
1523
1541
1542
1543
1557
1558
1568
1578
1581
1594
1595
1603
1627
1634
1640
1651
1653
1664
1676
1701
1703
1714
1715
1718
1722
1724
1726
1732
1737
1738
1739
1744
1745
1748
1753
1761
1763
1765
1766
1767
1768
1771
1772
1775
1788
1790
1798
1819
1821
1827
1829
1830
1844
1847
1860
1868
1872
1876
1877
1880
1881
1893
1896
1897
1898
1903
1915
1916
1918
1919
1920
1922
1923
1928
1937
1941
1946
1953
1954
1955
1961
1962
1974
1977
1978
1983
1984
1985
1986
1987
1988
1989
1990
1991
1992
1994
1996
1997
1998
2001
2002
2003
2004
2006
2007
2008
2009
2011
2012
2013
2014
2034
2057
2085
2091
2092
2100
2103
2104
2105
2124
2125
2127
2131
2143
2146
2154
2155
2158
2160
2177
2189
2196
2205
2216
2217
2230
2234
2235
2243
2244
2256
2260
2279
2286
2287
2288
2292
2293
2294
2295
2296
2297
2301
2302
2304
2311
2312
2320
2324
2339
2341
2351
2378
2385
2386
2412
2417
2430
2435
2438
2440
2449
2462
2463
2467
2469
2471
2472
2473
2477
2478
2479
2480
2481
2483
2485
2486
2487
2489
2492
2494
2495
2496
2497
2498
2499
2500
2502
2503
2504
2507
2508
2510
2524
2527
2547
2577
2578
2584
2585
2599
2600
2620
2624
2628
2634
2637
2642
2643
2644
2648
2649
2652
2659
2667
2673
2675
2682
2690
2691
2700
2702
2705
2709
2710
2711
2713
2724
2748
2749
2750
2756
2757
2766
2779
2787
2795
2796
2801
2802
2813
2815
2819
2822
2831
2837
2838
2844
2845
2846
2853
2861
2863
2866
2867
2879
2884
2885
2886
2889
2892
2902
2909
2922
2924
2927
2939
2943
2944
2945
2946
2954
2961
2967
2973
2995
3026
3028
3029
3032
3045
3054
3055
3056
3057
3062
3092
3099
3105
3108
3117
3132
3140
3151
3154
3155
3159
3160
3162
3163
3164
3165
3166
3167
3168
3169
3170
3174
3175
3176
3178
3180
3181
3183
3185
3187
3189
3190
3191
3193
3194
3196
3198
3200
3201
3202
3203
3204
3207
3208
3210
3212
3214
3216
3217
3219
3220
3221
3222
3223
3224
3227
3228
3229
3231
3232
3233
3236
3237
3238
3240
3241
3242
3243
3244
3247
3248
3253
3254
3258
3259
3260
3261
3262
3263
3264
3265
3267
3269
3270
3271
3272
3273
3274
3275
3276
3277
3283
3284
3285
3286
3287
3288
3289
3291
3292
3293
3295
3296
3297
3298
3300
3301
3302
3303
3304
3305
3306
3308
3309
3310
3311
3312
3313
3315
3319
3320
3321
3322
3323
3324
3325
3326
3327
3328
3329
3332
3333
3334
3335
3336
3337
3338
3339
3340
3343
3344
3348
3349
3350
3351
3352
3353
3354
3355
3356
3359
3360
3361
3362
3363
3366
3369
3370
3371
3372
3373
3375
3376
3378
3379
3380
3381
3382
3383
3384
3387
3388
3389
3390
3391
3392
3393
3394
3395
3396
3397
3398
3399
3400
3401
3402
3403
3404
3405
3406
3407
3409
3410
3424
3427
3435
3443
3447
3452
3454
3456
3457
3459
3460
3462
3463
3464
3465
3470
3471
3477
3479
3482
3484
3490
3491
3504
3505
3507
3515
3522
3523
3536
3537
3547
3548
3549
3554
3555
3563
3564
3565
3566
3571
3573
3574
3576
3583
3586
3591
3597
3602
3610
3611
3612
3616
3617
3620
3622
3623
3626
3629
3632
3633
3634
3635
3642
3643
3644
3645
3648
3662
3670
3676
3677
3678
3684
3685
3687
3688
3696
3697
3698
3699
3700
3701
3707
3719
3720
3723
3726
3729
3731
3732
3738
3739
3741
3747
3749
3751
3763
3768
3779
3780
3781
3782
3785
3801
3802
3814
3815
3822
3826
3836
3838
3839
3841
3842
3851
3865
3867
3868
3881
3899
3900
3909
3910
3916
3917
3935
3936
3951
3966
3972
3973
3974
3976
3978
3979
3980
3981
3982
3983
3985
3988
3990
3991
3992
4009
4012
4013
4041
4052
4054
4077
4078
4097
4112
4125
4128
4139
4146
4148
4163
4164
4166
4169
4170
4171
4173
4175
4176
4178
4179
4180
4181
4182
4183
4184
4185
4187
4188
4189
4190
4191
4192
4193
4194
4195
4196
4197
4198
4199
4200
4201
4202
4203
4205
4206
4207
4208
4209
4210
4216
4217
4219
4220
4221
4222
4223
4225
4226
4230
4231
4233
4234
4235
4236
4237
4238
4239
4240
4241
4242
4243
4244
4245
4246
4248
4249
4250
4251
4252
4253
4255
4257
4258
4259
4262
4263
4264
4266
4268
4269
4270
4271
4272
4273
4275
4276
4277
4278
4280
4281
4282
4283
4284
4285
4286
4288
4289
4290
4291
4292
4293
4294
4295
4296
4297
4298
4299
4302
4303
4304
4307
4308
4309
4310
4311
4312
4313
4315
4316
4317
4318
4320
4324
4338
4341
4345
4346
4355
4356
4359
4364
4369
4370
4371
4372
4373
4380
4381
4384
4388
4392
4393
4395
4396
4404
4409
4410
4422
4423
4424
4429
4432
4445
4449
4455
4456
4460
4462
4466
4467
4469
4498
4499
4502
4504
4505
4527
4538
4539
4541
4547
4562
4570
4571
4572
4575
4576
4577
4587
4593
4594
4598
4608
4609
4610
4614
4615
4619
4626
4659
4666
4671
4698
4709
4710
4721
4750
4760
4763
4764
4765
4778
4779
4781
4788
4790
4800
4818
4819
4821
4834
4840
4842
4880
4882
4886
4890
4892
4900
4903
4907
4912
4920
4934
4935
4938
4941
4967
4968
4988
4989
4992
5000
5002
5007
5008
5033
5042
5043
5047
5048
5053
5064
5065
5070
5084
5091
5093
5097
5103
5117
5122
5134
5139
5141
5147
5148
5153
5155
5158
5159
5160
5162
5165
5166
5167
5168
5169
5170
5171
5172
5173
5174
5176
5177
5178
5179
5181
5182
5183
5184
5186
5189
5190
5191
5192
5193
5195
5199
5200
5202
5206
5211
5220
5226
5228
5229
5230
5231
5244
5248
5253
5273
5287
5294
5296
5304
5306
5315
5324
5325
5326
5330
5331
5333
5334
5346
5348
5351
5357
5358
5365
5366
5367
5368
5373
5382
5388
5389
5394
5399
5400
5401
5412
5413
5414
5429
5430
5431
5432
5445
5449
5453
5454
5459
5464
5470
5471
5487
5488
5489
5492
5494
5496
5503
5504
5515
5519
5522
5523
5524
5525
5526
5527
5534
5535
5547
5558
5559
5576
5580
5581
5582
5592
5595
5596
5601
5602
5606
5607
5609
5611
5612
5613
5614
5615
5616
5617
5618
5619
5621
5622
5623
5624
5625
5626
5627
5628
5629
5630
5631
5632
5633
5634
5636
5637
5641
5642
5643
5644
5645
5646
5647
5651
5652
5653
5656
5657
5658
5659
5660
5661
5662
5663
5664
5665
5666
5667
5668
5671
5672
5673
5674
5675
5676
5677
5678
5679
5680
5681
5683
5686
5687
5688
5689
5690
5693
5695
5696
5697
5698
5699
5700
5701
5702
5703
5704
5705
5706
5707
5709
5710
5711
5712
5713
5715
5716
5717
5720
5721
5722
5723
5724
5725
5726
5727
5728
5729
5730
5731
5732
5733
5734
5735
5736
5738
5739
5741
5742
5743
5744
5745
5747
5751
5752
5753
5754
5755
5757
5758
5759
5760
5761
5762
5763
5764
5766
5769
5770
5771
5773
5775
5776
5778
5779
5780
5781
5782
5783
5784
5785
5786
5787
5788
5789
5790
5792
5793
5795
5802
5810
5814
5826
5827
5834
5835
5840
5844
5847
5850
5851
5861
5862
5863
5864
5869
5871
5872
5880
5882
5893
5894
5896
5900
5907
5912
5913
5914
5915
5924
5929
5932
5945
5949
5952
5953
5954
5955
5956
5957
5958
5960
5962
5963
5964
5965
5966
5967
5968
5969
5970
5972
5973
5974
5975
5976
5981
5984
5985
5987
5988
5989
5990
6004
6010
6011
6020
6022
6052
6058
6071
6081
6094
6103
6116
6117
6118
6125
6139
6142
6145
6151
6156
6157
6158
6162
6163
6171
6176
6181
6182
6183
6194
6197
6198
6199
6201
6221
6226
6264
6265
6266
6267
6268
6269
6270
6271
6274
6275
6276
6277
6280
6281
6282
6283
6284
6285
6286
6287
6288
6289
6290
6291
6292
6293
6294
6295
6296
6297
6298
6299
6302
6303
6304
6306
6307
6308
6309
6310
6312
6313
6314
6315
6318
6320
6321
6322
6323
6324
6325
6326
6327
6328
6329
6330
6331
6332
6333
6334
6335
6336
6339
6340
6341
6342
6344
6346
6348
6349
6350
6351
6352
6353
6354
6355
6356
6357
6358
6359
6360
6363
6364
6365
6366
6367
6369
6370
6372
6375
6376
6377
6378
6379
6380
6381
6382
6383
6384
6385
6386
6387
6389
6390
6391
6392
6393
6394
6395
6397
6399
6404
6405
6406
6407
6411
6412
6416
6417
6418
6419
6420
6422
6423
6426
6427
6431
6432
6433
6437
6438
6439
6442
6443
6444
6459
6473
6474
6481
6485
6486
6487
6493
6517
6520
6532
6540
6541
6549
6558
6564
6570
6579
6581
6590
6609
6611
6612
6619
6620
6621
6622
6623
6627
6628
6629
6630
6631
6632
6633
6634
6636
6637
6638
6639
6640
6641
6642
6643
6644
6645
6646
6647
6648
6649
6650
6651
6652
6653
6654
6655
6656
6657
6658
6660
6661
6662
6663
6666
6667
6669
6670
6671
6672
6673
6674
6675
6676
6677
6678
6682
6683
6684
6685
6686
6687
6688
6689
6690
6691
6692
6693
6694
6695
6696
6698
6699
6705
6716
6717
6726
6727
6733
6734
6735
6736
6737
6738
6739
6770
6786
6787
6789
6792
6793
6802
6809
6810
6814
6820
6831
6843
6844
6845
6846
6847
6848
6849
6851
6852
6853
6854
6856
6857
6858
6859
6860
6861
6862
6863
6864
6865
6866
6867
6869
6870
6872
6873
6874
6875
6876
6877
6878
6880
6882
6883
6884
6885
6887
6888
6889
6890
6891
6895
6896
6897
6898
6899
6900
6901
6902
6903
6904
6905
6906
6907
6908
6911
6912
6913
6914
6916
6917
6920
6922
6923
6924
6925
6926
6927
6928
6929
6930
6931
6932
6934
6935
6937
6938
6939
6941
6942
6943
6944
6947
6948
6949
6950
6951
6952
6967
6984
7000
7016
7021
7022
7024
7028
7039
7040
7044
7045
7046
7056
7057
7064
7065
7066
7072
7079
7080
7089
7090
7093
7096
7103
7107
7115
7116
7123
7129
7148
7159
7171
7173
7174
7181
7192
7193
7194
7195
7196
7201
7210
7211
7214
7226
7228
7229
7230
7231
7232
7234
7235
7236
7238
7240
7242
7243
7244
7245
7246
7249
7250
7251
7252
7253
7255
7256
7257
7259
7261
7263
7264
7266
7267
7268
7269
7270
7271
7272
7275
7276
7279
7280
7281
7282
7283
7284
7285
7286
7287
7288
7289
7290
7291
7292
7293
7294
7295
7298
7299
7300
7301
7302
7303
7304
7305
7307
7309
7310
7311
7312
7314
7316
7327
7328
7329
7341
7345
7346
7347
7348
7350
7351
7364
7370
7374
7376
7384
7385
7386
7392
7402
7403
7404
7407
7411
7414
7423
7439
7444
7449
7450
7451
7452
7472
7473
7474
7480
7485
7486
7487
7495
7496
7506
7519
7524
7526
7533
7534
7536
7537
7542
7543
7547
7556
7559
7570
7579
7580
7581
7582
7591
7603
7604
7605
7606
7623
7624
7625
7634
7637
7643
7644
7645
7646
7665
7670
7687
7701
7705
7714
7715
7722
7723
7728
7743
7744
7753
7754
7761
7762
7763
7766
7778
7781
7783
7793
7795
7802
7809
7814
7827
7833
7838
7841
7849
7854
7857
7858
7859
7868
7872
7881
7882
7883
7897
7898
7899
7908
7909
7915
7916
7917
7920
7922
7931
7932
7933
7934
7935
7948
7952
7954
7959
7965
7966
7967
7969
7970
7977
7978
7985
7993
7994
7995
7997
7998
7999
8001
8002
8010
8012
8018
8019
8025
8027
8029
8031
8032
8035
8036
8039
8040
8041
8042
8043
8044
8046
8047
8048
8049
8051
8052
8054
8063
8066
8067
8078
8089
8126
8137
8141
8143
8150
8153
8170
8171
8179
8199
8209
8213
8214
8215
8216
8217
8218
8221
8222
8223
8225
8226
8227
8229
8230
8235
8236
8237
8238
8239
8240
8241
8242
8243
8244
8245
8247
8248
8251
8252
8253
8254
8255
8256
8257
8258
8259
8260
8261
8264
8275
8282
8295
8298
8323
8330
8331
8342
8343
8350
8351
8354
8355
8371
8375
8390
8392
8412
8430
8445
8446
8451
8456
8458
8468
8470
8479
8481
8482
8487
8488
8491
8498
8499
8500
8507
8510
8512
8513
8514
8522
8525
8526
8527
8529
8545
8550
8552
8553
8562
8563
8564
8565
8569
8581
8583
8586
8589
8601
8603
8607
8610
8612
8623
8624
8629
8630
8631
8632
8633
8634
8635
8637
8638
8639
8640
8643
8644
8645
8647
8649
8659
8692
8695
8696
8699
8704
8709
8716
8722
8723
8726
8727
8728
8731
8732
8733
8734
8735
8736
8737
8738
8740
8756
8766
8775
8783
8797
8816
8818
8822
8826
8836
8844
8846
8848
8850
8853
8860
8861
8866
8875
8876
8882
8887
8888
8900
8908
8909
8927
8933
8942
8952
8953
8972
8983
8985
8989
8990
8991
8998
9005
9006
9026
9030
9032
9033
9034
9045
9054
9063
9070
9078
9082
9084
9121
9122
9138
9141
9143
9145
9146
9154
9160
9165
9175
9180
9181
9182
9183
9184
9186
9187
9188
9189
9190
9191
9192
9193
9194
9195
9196
9197
9198
9200
9201
9202
9203
9204
9207
9208
9209
9210
9211
9212
9213
9214
9215
9216
9217
9219
9220
9223
9226
9227
9228
9229
9230
9231
9232
9233
9234
9235
9236
9240
9241
9242
9243
9244
9245
9247
9248
9249
9250
9251
9252
9253
9255
9256
9257
9258
9259
9260
9261
9262
9263
9264
9265
9266
9267
9268
9269
9271
9273
9275
9276
9277
9278
9279
9280
9281
9282
9283
9284
9287
9288
9289
9291
9292
9293
9294
9295
9297
9300
9301
9312
9313
9314
9320
9335
9351
9352
9353
9362
9365
9371
9374
9396
9422
9425
9427
9428
9432
9433
9436
9446
9447
9465
9469
9473
9474
9475
9476
9477
9480
9483
9484
9495
9498
9499
9500
9501
9502
9508
9511
9517
9520
9521
9531
9549
9558
9559
9571
9572
9573
9578
9589
9595
9596
9610
9612
9613
9620
9626
9628
9629
9633
9634
9645
9646
9647
9648
9651
9661
9664
9681
9684
9687
9691
9694
9695
9700
9701
9702
9703
9706
9707
9714
9715
9722
9724
9726
9727
9728
9751
9752
9757
9758
9759
9760
9770
9771
9772
9773
9775
9787
9788
9796
9816
9820
9821
9823
9825
9829
9832
9833
9834
9836
9837
9838
9839
9840
9842
9844
9845
9846
9847
9851
9852
9853
9854
9855
9856
9859
9860
9862
9864
9865
9866
9867
9869
9871
9872
9873
9878
9879
9880
9881
9882
9885
9886
9887
9888
9889
9890
9891
9892
9893
9895
9896
9897
9901
9902
9903
9904
9905
9906
9907
9908
9911
9912
9913
9914
9915
9916
9917
9918
9919
9920
9921
9922
9923
9924
9925
9926
9927
9928
9929
9932
9933
9934
9935
9936
9938
9939
9940
9941
9942
9943
9944
9945
9946
9948
9950
9951
9955
9956
9957
9958
9959
9960
9961
9962
9967
9968
9969
9970
9971
9972
9973
9974
9978
9979
9980
9981
9982
9983
9986
9987
9988
9991
9993
9995
9996
9997
10001
10002
10003
10004
10005
10006
10007
10008
10010
10011
10013
10014
10015
10016
10017
10018
10019
10020
10021
10022
10026
10027
10030
10031
10033
10034
10035
10036
10059
10060
10061
10078
10082
10094
10101
10109
10130
10142
10143
10144
10145
10163
10167
10173
10177
10198
10203
10207
10212
10218
10219
10226
10240
10241
10242
10248
10249
10251
10253
10276
10277
10289
10293
10294
10301
10304
10307
10308
10322
10325
10326
10327
10329
10330
10331
10341
10342
10346
10347
10351
10352
10353
10355
10360
10361
10364
10365
10366
10367
10370
10371
10375
10376
10386
10387
10402
10403
10405
10408
10410
10411
10414
10443
10444
10445
10446
10447
10449
10452
10457
10458
10460
10461
10462
10463
10464
10467
10468
10470
10471
10475
10478
10482
10486
10487
10489
10501
10508
10509
10524
10525
10527
10535
10536
10557
10558
10560
10581
10584
10585
10586
10599
10603
10604
10609
10614
10620
10624
10626
10629
10634
10635
10636
10638
10643
10645
10646
10652
10655
10662
10664
10669
10672
10684
10685
10694
10700
10707
10720
10729
10730
10745
10746
10751
10752
10760
10764
10786
10793
10805
10806
10807
10813
10820
10821
10822
10831
10837
10845
10852
10853
10859
10866
10876
10877
10891
10897
10915
10925
10929
10930
10931
10932
10935
10937
10939
10941
10943
10944
10946
10947
10948
10949
10951
10953
10954
10955
10956
10958
10959
10960
10961
10962
10963
10964
10965
10966
10967
10968
10970
10972
10973
10974
10975
10976
10977
10979
10980
10983
10984
10985
10989
10991
10992
10993
10995
10997
10999
11000
11001
11007
11008
11009
11010
11011
11012
11013
11014
11015
11016
11017
11018
11019
11020
11021
11024
11028
11029
11030
11031
11032
11033
11034
11035
11036
11037
11038
11039
11043
11045
11057
11060
11070
11071
11072
11085
11088
11093
11094
11095
11096
11098
11109
11110
11129
11130
11131
11132
11135
11137
11148
11158
11160
11163
11164
11200
11206
11209
11210
11221
11226
11227
11240
11249
11251
11255
11256
11265
11270
11272
11275
11276
11282
11283
11286
11291
11292
11293
11299
11302
11303
11307
11309
11310
11324
11332
11333
11334
11341
11342
11344
11355
11363
11386
11387
11400
11405
11407
11412
11413
11414
11415
11437
11438
11442
11453
11462
11466
11467
11471
11472
11477
11483
11485
11500
11501
11502
11503
11504
11509
11510
11512
11527
11528
11529
11531
11537
11538
11539
11560
11561
11578
11592
11600
11605
11607
11618
11624
11627
11646
11652
11653
11658
11663
11664
11665
11669
11673
11674
11680
11692
11699
11700
11701
11702
11703
11704
11705
11706
11707
11709
11712
11713
11716
11717
11718
11728
11734
11735
11740
11741
11753
11755
11762
11775
11790
11791
11792
11796
11797
11804
11818
11827
11828
11829
11830
11831
11832
11837
11839
11847
11855
11863
11872
11873
11882
11892
11893
11894
11895
11896
11897
11898
11899
11900
11904
11910
11914
11915
11916
11924
11929
11930
11936
11943
11944
11952
11957
11963
11964
11972
11973
11974
11975
11985
11987
11988
11989
11990
11991
11998
11999
12000
12003
12007
12019
12020
12025
12030
12048
12051
12057
12059
12060
12061
12070
12071
12072
12076
12077
12078
12084
12085
12097
12098
12109
12115
12116
12123
12124
12126
12133
12134
12135
12136
12137
12138
12147
12163
12164
12165
12169
12176
12177
12178
12181
12189
12195
12198
12208
12209
12216
12217
12222
12224
12231
12232
12241
12242
12243
12244
12261
12265
12266
12270
12274
12275
12280
12293
12301
12302
12303
12304
12313
12319
12324
12329
12330
12332
12342
12343
12344
12351
12369
12373
12374
12380
12392
12393
12401
12402
12403
12409
12410
12417
12418
12423
12424
12435
12452
12453
12464
12474
12475
12482
12483
12484
12487
12490
12491
12505
12506
12507
12510
12511
12513
12514
12515
12516
12526
12527
12539
12543
12546
12555
12561
12563
12564
12565
12566
12567
12568
12569
12572
12574
12575
12576
12577
12578
12579
12581
12582
12583
12584
12585
12586
12587
12588
12589
12590
12591
12592
12593
12594
12595
12596
12597
12598
12599
12600
12602
12603
12604
12606
12608
12609
12611
12613
12615
12616
12617
12618
12619
12620
12621
12622
12626
12627
12628
12629
12630
12631
12632
12633
12634
12637
12638
12639
12640
12641
12642
12643
12644
12645
12646
12648
12649
12650
12651
12652
12653
12655
12657
12658
12659
12663
12678
12680
12681
12690
12697
12701
12707
12723
12726
12735
12736
12737
12740
12744
12747
12748
12749
12750
12751
12752
12753
12754
12757
12758
12759
12760
12761
12762
12763
12764
12765
12771
12772
12782
12788
12792
12806
12811
12813
12814
12824
12828
12841
12842
12848
12849
12850
12863
12869
12872
12873
12876
12885
12886
12887
12893
12894
12897
12901
12910
12914
12917
12933
12938
12945
12965
12966
12967
12979
12981
12985
12986
12987
13009
13010
13016
13017
13019
13027
13028
13029
13037
13038
13052
13054
13055
13058
13060
13076
13078
13079
13083
13084
13092
13102
13110
13116
13146
13160
13197
13203
13216
13217
13227
13236
13237
13255
13261
13277
13291
13294
13306
13316
13317
13326
13328
13331
13335
13336
13345
13358
13365
13373
13375
13377
13381
13382
13393
13402
13403
13404
13405
13406
13407
13408
13410
13411
13412
13415
13416
13420
13421
13422
13424
13425
13426
13428
13429
13430
13446
13454
13455
13457
13464
13465
13474
13479
13491
13496
13497
13523
13526
13533
13542
13543
13544
13550
13563
13564
13573
13574
13577
13579
13580
13585
13589
13596
13612
13613
13630
13631
13637
13638
13646
13647
13651
13652
13661
13662
13663
13664
13665
13668
13669
13670
13671
13673
13674
13675
13676
13677
13678
13679
13680
13683
13684
13685
13686
13687
13688
13689
13690
13691
13692
13693
13694
13696
13697
13703
13704
13705
13706
13707
13708
13709
13710
13711
13714
13715
13716
13717
13718
13719
13720
13721
13722
13725
13726
13727
13728
13729
13730
13731
13732
13735
13736
13737
13738
13740
13741
13742
13743
13744
13745
13746
13747
13748
13749
13750
13751
13752
13754
13755
13756
13763
13764
13766
13771
13781
13784
13785
13786
13798
13808
13810
13811
13825
13826
13827
13834
13844
13848
13849
13850
13856
13857
13867
13868
13877
13878
13892
13901
13902
13903
13909
13917
13925
13926
13927
13929
13935
13936
13937
13939
13940
13941
13942
13956
13957
13976
13982
13983
13984
13994
14005
14006
14007
14009
14012
14013
14017
14018
14022
14025
14028
14032
14037
14038
14039
14044
14060
14063
14072
14081
14082
14096
14100
14101
14106
14108
14110
14112
14113
14114
14115
14116
14117
14119
14123
14124
14125
14127
14128
14129
14130
14131
14132
14133
14134
14135
14136
14140
14141
14142
14143
14144
14145
14150
14159
14160
14177
14178
14198
14204
14205
14206
14207
14208
14219
14223
14224
14226
14231
14232
14233
14234
14236
14237
14239
14240
14243
14245
14246
14247
14249
14250
14251
14253
14254
14255
14256
14257
14258
14260
14263
14264
14270
14271
14276
14277
14279
14288
14289
14295
14296
14298
14309
14315
14316
14317
14320
14321
14322
14326
14327
14328
14329
14330
14331
14332
14334
14336
14337
14338
14339
14340
14341
14342
14343
14345
14346
14348
14353
14368
14369
14379
14392
14395
14412
14415
14416
14421
14423
14434
14444
14445
14453
14461
14471
14487
14491
14495
14496
14511
14516
14519
14520
14522
14524
14530
14533
14536
14539
14541
14542
14550
14551
14554
14555
14558
14559
14560
14572
14573
14575
14576
14580
14581
14582
14585
14586
14589
14590
14595
14596
14597
14598
14599
14603
14607
14608
14626
14638
14642
14643
14647
14662
14668
14681
14683
14712
14727
14731
14733
14741
14742
14759
14760
14764
14765
14766
14770
14771
14772
14773
14779
14791
14792
14797
14798
14801
14821
14822
14830
14831
14834
14838
14840
14844
14845
14850
14858
14863
14873
14874
14875
14880
14888
14899
14909
14911
14912
14919
14920
14927
14934
14937
14964
14972
14981
14984
14996
15003
15013
15019
15023
15030
15049
15054
15056
15062
15069
15072
15076
15077
15084
15085
15086
15087
15088
15089
15091
15092
15093
15094
15095
15096
15097
15098
15099
15101
15102
15103
15104
15105
15106
15107
15108
15109
15110
15111
15112
15113
15114
15116
15117
15118
15119
15120
15121
15122
15123
15124
15125
15126
15128
15129
15130
15131
15133
15134
15135
15136
15137
15138
15139
15140
15141
15144
15145
15146
15147
15148
15149
15150
15151
15152
15153
15154
15155
15156
15157
15158
15159
15161
15163
15164
15165
15166
15167
15168
15169
15171
15175
15178
15179
15180
15181
15182
15186
15188
15189
15190
15191
15192
15195
15196
15197
15198
15199
15200
15202
15203
15209
15210
15211
15212
15213
15214
15215
15216
15217
15218
15219
15220
15222
15223
15224
15227
15228
15229
15232
15233
15234
15235
15236
15237
15238
15239
15240
15241
15242
15243
15244
15246
15247
15248
15249
15254
15255
15256
15257
15258
15259
15260
15261
15262
15263
15264
15265
15266
15267
15268
15269
15271
15272
15273
15274
15277
15279
15280
15281
15285
15286
15287
15288
15289
15290
15292
15293
15294
15295
15296
15297
15298
15300
15301
15302
15304
15305
15307
15308
15309
15310
15311
15312
15313
15314
15315
15316
15317
15318
15322
15327
15337
15338
15342
15355
15361
15363
15364
15366
15372
15378
15379
15387
15392
15405
15411
15423
15426
15427
15429
15439
15444
15445
15450
15462
15463
15465
15467
15468
15470
15474
15477
15480
15481
15485
15488
15491
15505
15506
15528
15537
15538
15546
15552
15567
15569
15577
15578
15581
15594
15611
15612
15620
15621
15624
15637
15643
15644
15653
15665
15666
15672
15685
15686
15687
15688
15689
15690
15693
15694
15698
15699
15700
15702
15705
15706
15707
15708
15709
15710
15712
15715
15718
15721
15722
15723
15731
15732
15733
15734
15735
15736
15737
15740
15741
15742
15747
15754
15755
15757
15760
15767
15773
15781
15782
15788
15789
15790
15800
15801
15804
15805
15807
15808
15811
15818
15832
15834
15839
15843
15844
15845
15847
15848
15849
15850
15851
15852
15853
15854
15855
15856
15857
15863
15865
15866
15867
15868
15871
15872
15873
15876
15877
15878
15879
15880
15882
15883
15884
15885
15886
15887
15888
15892
15893
15900
15901
15902
15903
15917
15918
15919
15931
15949
15950
15954
15955
15961
15967
15969
15972
15973
15981
15994
15995
15996
15998
16013
16014
16015
16026
16039
16040
16051
16058
16059
16063
16067
16074
16075
16084
16085
16093
16095
16100
16101
16102
16103
16106
16116
16121
16128
16129
16131
16132
16133
16138
16139
16140
16143
16144
16145
16146
16147
16148
16149
16150
16154
16158
16159
16160
16161
16166
16167
16168
16171
16172
16176
16177
16199
16209
16210
16228
16229
16232
16233
16236
16237
16260
16261
16265
16266
16269
16290
16310
16323
16326
16329
16341
16351
16355
16360
16363
16382
16396
16404
16408
16414
16434
16445
16447
16464
16470
16473
16488
16489
16496
16497
16505
16508
16513
16515
16532
16546
16551
16598
16600
16609
16620
16621
16624
16625
16626
16627
16628
16632
16633
16634
16638
16641
16644
16645
16646
16650
16651
16656
16668
16669
16670
16676
16692
16698
16701
16715
16721
16722
16727
16736
16741
16744
16747
16754
16766
16776
16785
16786
16787
16788
16789
16792
16793
16794
16795
16796
16797
16799
16803
16805
16806
16807
16808
16810
16811
16812
16829
16841
16842
16843
16844
16846
16848
16850
16851
16852
16854
16857
16858
16862
16867
16897
16898
16899
16900
16901
16902
16903
16904
16910
16911
16912
16915
16916
16927
16930
16933
16947
16954
16958
16965
16966
16992
16999
17004
17008
17017
17024
17033
17034
17037
17039
17040
17050
17056
17057
17058
17060
17063
17064
17071
17082
17085
17098
17099
17100
17124
17131
17132
17133
17134
17135
17136
17137
17138
17140
17141
17143
17144
17145
17147
17148
17151
17153
17158
17168
17171
17172
17176
17180
17190
17191
17194
17195
17197
17198
17199
17200
17201
17202
17204
17205
17206
17208
17212
17213
17214
17215
17216
17217
17219
17221
17223
17224
17239
17258
17266
17268
17275
17294
17297
17306
17307
17308
17312
17324
17325
17326
17341
17356
17359
17360
17361
17368
17407
17408
17410
17411
17412
17416
17418
17438
17442
17470
17476
17477
17492
17494
17498
17501
17515
17517
17519
17534
17547
17549
17550
17551
17555
17571
17574
17582
17599
17600
17611
17614
17632
17633
17652
17655
17661
17667
17673
17686
17694
17704
17706
17711
17712
17732
17739
17742
17743
17745
17749
17751
17760
17769
17770
17771
17778
17781
17782
17790
17801
17802
17803
17808
17815
17816
17828
17830
17842
17843
17844
17845
17846
17847
17848
17849
17859
17862
17863
17864
17889
17898
17899
17900
17905
17908
17913
17915
17916
17931
17939
17946
17947
17949
17952
17960
17965
17970
17971
17973
17974
17980
17989
17992
17993
18002
18014
18015
18017
18024
18027
18028
18029
18030
18031
18036
18037
18042
18044
18055
18056
18057
18071
18077
18079
18080
18095
18103
18106
18107
18111
18127
18135
18139
18142
18151
18153
18155
18157
18165
18168
18170
18176
18177
18178
18179
18186
18209
18212
18213
18217
18219
18222
18224
18238
18240
18246
18247
18248
18249
18250
18251
18255
18256
18257
18259
18273
18274
18281
18294
18295
18300
18303
18308
18320
18321
18322
18323
18324
18327
18330
18331
18335
18338
18339
18359
18360
18361
18367
18368
18369
18373
18375
18378
18379
18380
18381
18382
18384
18385
18386
18387
18388
18389
18390
18391
18392
18393
18396
18397
18398
18399
18400
18405
18408
18409
18410
18413
18414
18415
18416
18417
18418
18419
18420
18421
18422
18425
18426
18428
18429
18432
18433
18436
18437
18438
18439
18440
18441
18442
18443
18444
18445
18446
18447
18448
18449
18450
18451
18452
18453
18454
18455
18456
18457
18460
18461
18462
18463
18464
18465
18466
18467
18468
18469
18470
18471
18472
18473
18479
18480
18481
18482
18486
18487
18488
18489
18490
18491
18492
18493
18494
18495
18496
18497
18498
18499
18500
18502
18503
18504
18505
18510
18517
18522
18527
18528
18530
18535
18536
18543
18544
18545
18546
18557
18559
18569
18570
18573
18579
18580
18583
18590
18591
18593
18594
18595
18596
18599
18600
18601
18602
18603
18604
18605
18606
18607
18611
18612
18613
18614
18615
18618
18619
18620
18621
18622
18624
18625
18626
18627
18628
18629
18630
18631
18633
18634
18636
18640
18643
18645
18680
18682
18683
18684
18685
18687
18688
18689
18690
18691
18692
18693
18696
18697
18698
18699
18700
18701
18702
18703
18704
18705
18706
18707
18708
18709
18710
18711
18713
18718
18719
18720
18721
18722
18723
18725
18726
18729
18730
18731
18747
18751
18752
18754
18763
18769
18770
18777
18778
18788
18790
18793
18798
18807
18817
18824
18825
18830
18849
18864
18870
18874
18875
18887
18900
18901
18903
18909
18921
18922
18932
18935
18950
18951
18952
18953
18954
18955
18958
18959
18960
18961
18962
18963
18964
18965
18966
18967
18968
18969
18970
18971
18973
18974
18975
18976
18979
18980
18981
18982
18983
18985
18987
18988
18989
18993
18994
18997
19006
19007
19013
19017
19019
19026
19047
19048
19052
19058
19067
19076
19078
19079
19083
19091
19094
19095
19101
19102
19107
19110
19111
19112
19113
19118
19126
19132
19141
19152
19156
19157
19158
19159
19160
19162
19163
19164
19165
19166
19167
19168
19169
19170
19171
19172
19173
19174
19175
19176
19177
19178
19179
19182
19183
19184
19187
19188
19189
19190
19191
19192
19193
19195
19196
19197
19198
19199
19200
19201
19203
19204
19205
19206
19209
19211
19213
19214
19216
19218
19219
19220
19221
19223
19224
19225
19226
19227
19230
19232
19234
19235
19236
19237
19238
19239
19240
19241
19242
19244
19247
19249
19250
19252
19253
19255
19256
19258
19259
19260
19261
19262
19263
19264
19266
19267
19270
19272
19274
19275
19276
19277
19278
19279
19280
19281
19282
19289
19290
19295
19296
19305
19310
19313
19314
19315
19324
19327
19340
19343
19344
19345
19349
19350
19364
19365
19369
19385
19390
19400
19405
19406
19419
19420
19425
19436
19452
19458
19466
19471
19477
19479
19509
19525
19543
19544
19552
19555
19567
19569
19570
19571
19573
19574
19575
19576
19578
19580
19581
19582
19583
19584
19585
19586
19589
19597
19604
19616
19623
19631
19632
19633
19634
19636
19640
19655
19660
19661
19664
19667
19674
19675
19679
19684
19685
19688
19702
19703
19706
19710
19712
19734
19740
19742
19743
19751
19757
19759
19764
19772
19774
19775
19781
19783
19784
19785
19786
19787
19788
19789
19791
19792
19794
19795
19796
19797
19798
19801
19802
19803
19804
19805
19806
19807
19808
19809
19810
19811
19812
19814
19815
19816
19817
19818
19819
19820
19821
19822
19823
19824
19827
19828
19831
19832
19833
19834
19835
19836
19842
19846
19861
19864
19875
19883
19884
19890
19914
19926
19933
19937
19946
19952
19969
19971
19995
19996
20004
20005
20013
20017
20035
20039
20059
20071
20072
20075
20076
20077
20078
20079
20080
20082
20083
20084
20094
20095
20098
20112
20118
20120
20128
20129
20133
20134
20140
20141
20152
20154
20156
20157
20158
20159
20160
20161
20162
20163
20165
20166
20167
20168
20169
20170
20172
20175
20177
20178
20179
20180
20181
20182
20183
20184
20185
20186
20187
20188
20189
20191
20192
20193
20194
20195
20196
20197
20198
20199
20200
20201
20204
20205
20206
20207
20208
20209
20210
20211
20212
20213
20214
20215
20216
20217
20218
20231
20232
20241
20242
20243
20244
20252
20258
20264
20267
20272
20279
20280
20285
20292
20299
20302
20303
20306
20312
20322
20329
20330
20331
20332
20337
20341
20342
20344
20350
20353
20359
20366
20373
20378
20382
20389
20390
20393
20400
20408
20410
20411
20420
20433
20434
20435
20442
20448
20449
20472
20477
20483
20490
20492
20502
20516
20519
20523
20524
20529
20530
20532
20533
20534
20541
20543
20550
20554
20558
20559
20564
20565
20569
20579
20580
20581
20586
20590
20592
20595
20603
20613
20614
20615
20616
20619
20622
20627
20639
20643
20644
20645
20646
20648
20654
20655
20656
20664
20666
20669
20670
20671
20673
20680
20693
20696
20700
20702
20705
20706
20719
20724
20725
20726
20732
20733
20734
20735
20736
20741
20761
20762
20767
20769
20770
20777
20778
20779
20788
20789
20790
20791
20792
20793
20796
20800
20808
20809
20825
20836
20844
20845
20846
20847
20854
20855
20861
20869
20872
20882
20883
20884
20885
20887
20901
20902
20909
20910
20912
20916
20927
20934
20935
20940
20942
20959
20963
20972
20973
20974
20983
21007
21028
21031
21033
21036
21045
21050
21052
21061
21068
21079
21080
21085
21086
21095
21098
21099
21114
21121
21129
21132
21143
21147
21150
21155
21170
21171
21177
21183
21190
21191
21192
21200
21202
21219
21220
21226
21227
21228
21234
21242
21245
21248
21250
21262
21264
21270
21271
21272
21273
21274
21275
21276
21281
21282
21283
21284
21285
21286
21287
21288
21289
21290
21291
21292
21293
21294
21295
21296
21297
21298
21299
21300
21301
21302
21306
21307
21308
21311
21312
21313
21314
21315
21316
21317
21318
21319
21323
21324
21325
21326
21327
21328
21329
21330
21332
21333
21335
21336
21337
21338
21340
21341
21343
21346
21347
21352
21354
21364
21365
21366
21367
21368
21387
21388
21390
21391
21393
21394
21414
21415
21416
21418
21419
21420
21422
21439
21440
21443
21459
21460
21466
21467
21472
21483
21484
21485
21487
21488
21491
21510
21511
21520
21524
21526
21527
21531
21532
21534
21536
21537
21538
21542
21543
21544
21545
21546
21547
21557
21558
21573
21574
21580
21584
21601
21602
21603
21604
21613
21622
21627
21631
21639
21640
21652
21662
21670
21672
21673
21687
21688
21692
21700
21701
21707
21709
21720
21723
21724
21725
21726
21727
21729
21730
21731
21732
21733
21734
21735
21736
21737
21738
21739
21740
21741
21742
21743
21744
21745
21748
21749
21750
21752
21753
21755
21756
21758
21759
21760
21761
21762
21763
21766
21776
21779
21782
21783
21794
21809
21811
21812
21813
21814
21815
21816
21822
21823
21826
21827
21828
21829
21832
21833
21834
21842
21850
21852
21873
21879
21880
21884
21891
21896
21897
21904
21926
21927
21928
21929
21930
21931
21932
21933
21934
21935
21936
21937
21938
21939
21940
21941
21942
21943
21946
21947
21948
21951
21952
21953
21954
21955
21956
21957
21958
21959
21961
21962
21964
21966
21967
21968
21970
21971
21972
21973
21974
21975
21977
21978
21979
21981
21982
21983
21984
21985
21986
21987
21988
21989
21990
21991
21994
21995
21996
21997
21998
21999
22000
22001
22002
22003
22007
22009
22010
22013
22017
22025
22039
22045
22054
22063
22064
22069
22070
22072
22078
22079
22083
22099
22103
22115
22116
22117
22118
22122
22123
22126
22131
22132
22135
22138
22146
22154
22166
22172
22191
22192
22193
22204
22209
22212
22213
22222
22226
22227
22228
22229
22231
22238
22239
22242
22243
22244
22259
22260
22267
22274
22280
22283
22286
22295
22303
22308
22316
22317
22324
22326
22327
22328
22329
22330
22331
22332
22333
22337
22338
22339
22340
22341
22342
22343
22344
22345
22346
22347
22348
22349
22352
22354
22355
22356
22357
22358
22359
22360
22362
22363
22364
22367
22368
22369
22370
22371
22372
22373
22374
22375
22376
22377
22378
22379
22380
22381
22382
22383
22384
22385
22386
22387
22389
22390
22392
22393
22396
22397
22398
22400
22401
22402
22403
22404
22405
22407
22408
22409
22410
22411
22412
22413
22418
22419
22421
22424
22425
22426
22427
22428
22429
22430
22431
22432
22435
22436
22437
22438
22440
22441
22442
22443
22444
22445
22447
22449
22450
22452
22453
22454
22455
22456
22457
22458
22459
22464
22465
22466
22467
22468
22469
22470
22471
22473
22485
22486
22491
22492
22496
22499
22505
22517
22528
22534
22541
22553
22557
22558
22563
22564
22566
22567
22569
22576
22578
22579
22580
22582
22583
22593
22598
22600
22607
22614
22616
22617
22631
22632
22645
22650
22657
22658
22672
22679
22680
22688
22707
22711
22715
22729
22730
22732
22733
22745
22760
22761
22765
22784
22788
22789
22790
22800
22801
22802
22803
22804
22806
22807
22808
22809
22835
22872
22873
22877
22878
22893
22900
22905
22917
22920
22921
22923
22924
22947
22954
22956
22963
22976
22977
22978
22980
22981
22982
22983
22985
22986
23008
23009
23010
23011
23012
23013
23015
23016
23019
23020
23025
23026
23027
23028
23029
23030
23031
23032
23033
23034
23035
23036
23037
23038
23039
23041
23042
23044
23045
23046
23047
23049
23051
23052
23054
23055
23056
23057
23058
23059
23060
23062
23063
23064
23066
23067
23068
23070
23071
23072
23073
23074
23075
23076
23077
23078
23079
23080
23081
23082
23083
23084
23085
23086
23087
23088
23089
23091
23092
23093
23097
23113
23116
23117
23130
23131
23132
23133
23138
23140
23141
23142
23153
23154
23160
23167
23175
23178
23181
23182
23185
23194
23226
23232
23239
23240
23254
23260
23261
23268
23270
23275
23310
23311
23314
23316
23330
23343
23355
23362
23365
23370
23371
23372
23378
23383
23386
23393
23394
23395
23396
23406
23407
23408
23409
23414
23415
23429
23433
23434
23435
23436
23437
23447
23458
23460
23465
23466
23467
23468
23469
23476
23477
23484
23485
23487
23493
23494
23495
23502
23504
23509
23521
23532
23533
23542
23543
23544
23549
23560
23567
23568
23576
23579
23585
23595
23603
23606
23607
23608
23619
23635
23639
23655
23678
23693
23704
23714
23715
23727
23730
23740
23743
23744
23748
23756
23757
23758
23759
23763
23767
23768
23772
23792
23793
23794
23797
23805
23807
23814
23815
23816
23817
23824
23825
23827
23829
23835
23840
23841
23844
23845
23847
23852
23857
23861
23862
23863
23864
23866
23867
23869
23870
23871
23872
23873
23874
23875
23876
23877
23878
23879
23880
23881
23882
23883
23884
23887
23890
23891
23893
23894
23896
23897
23898
23899
23900
23901
23902
23904
23912
23916
23923
23940
23953
23957
23963
23981
23986
24002
24009
24010
24017
24018
24023
24027
24034
24045
24053
24062
24063
24068
24071
24072
24073
24081
24082
24083
24095
24097
24104
24105
24116
24120
24135
24136
24137
24138
24139
24142
24149
24154
24161
24173
24177
24179
24181
24184
24194
24195
24201
24205
24206
24213
24214
24219
24238
24239
24242
24243
24244
24245
24247
24248
24249
24250
24251
24252
24253
24254
24255
24256
24257
24258
24259
24260
24261
24263
24264
24265
24266
24267
24268
24269
24270
24271
24273
24274
24275
24276
24277
24279
24280
24281
24282
24283
24284
24286
24287
24292
24293
24294
24295
24297
24298
24299
24301
24302
24303
24304
24305
24306
24311
24312
24313
24315
24316
24321
24322
24332
24333
24337
24343
24348
24357
24360
24361
24362
24367
24368
24370
24371
24375
24379
24382
24383
24387
24391
24397
24400
24405
24407
24415
24426
24431
24447
24453
24454
24463
24464
24484
24485
24493
24496
24497
24506
24507
24511
24512
24519
24533
24545
24546
24547
24550
24551
24553
24564
24568
24573
24587
24590
24593
24595
24601
24602
24603
24604
24614
24621
24622
24628
24636
24637
24641
24642
24644
24645
24653
24660
24664
24665
24670
24680
24686
24687
24694
24695
24696
24697
24698
24699
24718
24726
24727
24728
24738
24744
24746
24757
24763
24772
24777
24784
24795
24797
24811
24812
24815
24819
24820
24821
24822
24824
24825
24826
24827
24828
24829
24830
24831
24832
24833
24834
24835
24838
24839
24840
24841
24842
24844
24845
24846
24847
24848
24853
24856
24858
24860
24861
24862
24863
24871
24875
24882
24883
24892
24899
24901
24915
24916
24942
24943
24944
24945
24949
24950
24954
24955
24956
24980
24981
24988
24995
25003
25016
25017
25019
25020
25023
25024
25035
25036
25039
25040
25042
25043
25053
25056
25058
25067
25075
25076
25083
25097
25110
25114
25135
25139
25143
25154
25168
25169
25170
25171
25173
25184
25190
25204
25214
25215
25216
25217
25218
25219
25220
25223
25225
25227
25229
25230
25231
25232
25233
25235
25237
25238
25239
25240
25241
25242
25243
25244
25245
25246
25247
25248
25249
25250
25251
25252
25254
25256
25260
25261
25262
25263
25264
25267
25269
25271
25273
25274
25275
25277
25278
25279
25282
25283
25284
25285
25286
25287
25288
25289
25290
25291
25292
25293
25294
25306
25312
25324
25325
25326
25328
25329
25335
25336
25343
25344
25345
25346
25348
25349
25350
25351
25352
25353
25354
25355
25356
25357
25358
25359
25360
25361
25362
25363
25368
25382
25397
25398
25404
25413
25414
25422
25423
25428
25429
25432
25448
25449
25457
25458
25459
25460
25475
25476
25481
25486
25504
25511
25517
25518
25519
25530
25531
25532
25538
25540
25555
25557
25561
25562
25566
25567
25569
25570
25572
25573
25574
25578
25579
25580
25581
25582
25584
25587
25588
25591
25592
25593
25594
25595
25596
25597
25598
25599
25600
25601
25602
25604
25605
25611
25613
25614
25616
25619
25620
25621
25622
25623
25624
25625
25627
25628
25629
25630
25631
25632
25633
25634
25635
25636
25637
25638
25639
25640
25641
25642
25643
25644
25645
25646
25652
25663
25664
25685
25686
25689
25690
25697
25709
25711
25712
25715
25719
25720
25730
25736
25737
25748
25749
25750
25751
25753
25754
25772
25775
25797
25808
25810
25822
25828
25829
25830
25831
25833
25834
25835
25836
25837
25839
25841
25843
25845
25847
25848
25849
25850
25851
25852
25854
25855
25856
25857
25858
25859
25860
25864
25866
25867
25868
25869
25870
25871
25872
25873
25874
25877
25878
25879
25881
25882
25883
25884
25885
25886
25887
25888
25889
25890
25891
25892
25893
25894
25895
25897
25898
25899
25903
25905
25906
25907
25908
25909
25910
25911
25912
25914
25917
25925
25932
25934
25941
25942
25944
25945
25962
25967
25975
25982
25983
25993
26004
26012
26013
26020
26028
26033
26044
26073
26081
26089
26092
26098
26099
26101
26112
26115
26116
26119
26120
26121
26122
26123
26124
26125
26126
26127
26138
26141
26148
26149
26151
26174
26175
26176
26180
26181
26182
26183
26187
26188
26189
26190
26191
26193
26194
26195
26197
26198
26200
26202
26203
26205
26206
26207
26208
26209
26210
26213
26214
26219
26228
26229
26230
26234
26235
26239
26244
26255
26260
26286
26297
26298
26299
26301
26302
26303
26304
26305
26306
26307
26308
26309
26311
26313
26317
26318
26321
26327
26333
26356
26368
26370
26382
26386
26394
26395
26396
26401
26402
26403
26406
26407
26408
26411
26412
26413
26415
26417
26418
26419
26422
26423
26426
26428
26429
26430
26432
26433
26434
26435
26436
26439
26442
26443
26444
26445
26446
26448
26449
26451
26452
26453
26454
26455
26456
26457
26459
26460
26461
26462
26464
26465
26466
26468
26469
26470
26479
26481
26491
26497
26498
26499
26500
26502
26505
26506
26508
26509
26510
26512
26513
26514
26515
26516
26517
26518
26520
26521
26530
26541
26542
26544
26556
26559
26561
26571
26589
26604
26608
26619
26624
26628
26645
26652
