0
1
2
3
4
5
6
7
8
11
12
14
15
16
17
18
19
20
21
22
23
24
27
28
29
30
31
32
33
34
35
78
79
80
81
82
83
85
86
87
88
89
90
91
92
93
95
96
97
98
99
100
101
103
104
105
106
107
108
109
110
111
114
115
116
117
118
119
120
122
123
125
126
127
128
129
130
131
132
133
135
136
137
138
139
140
141
142
143
144
146
148
149
151
152
153
154
155
156
157
158
159
160
161
162
191
192
193
194
195
196
197
198
199
200
201
202
203
204
206
207
208
209
210
211
212
213
214
215
216
217
218
219
220
221
222
223
224
225
226
227
228
229
230
231
232
233
234
235
236
237
238
239
240
241
242
243
244
245
246
247
248
249
250
251
252
253
254
255
256
257
258
261
262
263
264
266
267
268
269
302
303
304
306
308
309
310
312
313
314
315
316
317
318
319
320
321
322
327
328
329
330
331
332
333
334
335
336
337
338
340
341
343
344
345
346
347
349
350
351
352
353
354
355
356
357
358
360
361
362
363
364
365
366
367
368
369
370
371
372
373
374
375
376
377
378
379
380
381
384
385
386
387
388
389
391
392
393
395
396
397
398
399
400
402
403
404
405
406
407
408
409
410
411
412
413
414
415
417
418
419
420
421
423
424
425
426
427
428
430
431
432
433
434
435
436
437
438
439
440
441
442
443
444
445
446
447
448
449
450
451
452
453
455
456
457
458
460
461
462
463
464
465
466
467
468
470
471
474
475
476
477
478
491
492
493
494
495
496
497
498
508
509
510
511
512
513
514
516
517
518
519
520
521
522
523
524
525
528
530
531
532
534
535
536
537
539
540
541
542
543
544
545
547
548
549
550
551
552
553
554
555
556
557
558
559
560
561
562
563
564
565
566
567
568
570
571
572
573
574
575
576
577
579
580
581
582
583
584
585
587
588
590
591
592
593
595
596
597
598
599
601
602
603
604
605
607
608
609
610
611
612
613
614
615
616
617
618
619
620
622
623
624
625
627
628
630
631
632
633
634
635
636
637
639
640
641
642
643
645
647
648
649
650
651
653
654
655
656
657
658
659
660
661
663
664
665
666
667
669
670
671
672
673
674
675
676
677
678
679
681
682
683
684
685
686
687
688
691
778
779
781
782
783
784
785
786
788
789
790
791
792
793
794
795
797
798
799
800
801
802
803
805
806
807
808
809
810
811
812
813
814
816
818
819
820
821
823
824
825
826
827
828
829
830
832
833
834
835
836
837
838
839
840
841
842
843
844
845
846
847
848
849
850
851
854
855
856
857
858
859
860
861
862
863
864
866
867
868
869
870
871
872
874
876
877
878
879
880
882
883
884
885
886
887
888
889
891
893
894
895
897
898
899
903
904
905
907
908
909
910
911
912
913
914
915
916
917
918
919
920
921
922
923
924
926
927
928
929
930
931
932
933
934
936
937
938
939
941
942
943
944
945
946
947
948
949
952
953
956
957
958
960
961
963
964
966
967
968
969
970
971
973
975
977
978
979
980
981
982
983
984
985
986
987
988
989
990
991
992
993
994
995
996
997
998
999
1000
1001
1002
1003
1004
1005
1006
1007
1008
1009
1011
1012
1017
1018
1019
1020
1021
1022
1023
1024
1025
1026
1027
1028
1029
1030
1031
1033
1034
1035
1036
1038
1039
1040
1041
1042
1043
1044
1045
1046
1047
1050
1051
1053
1054
1055
1056
1058
1060
1061
1062
1063
1065
1066
1067
1068
1070
1071
1072
1073
1076
1077
1078
1079
1080
1081
1082
1083
1085
1086
1087
1088
1090
1091
1093
1094
1095
1096
1097
1098
1104
1105
1106
1109
1114
1159
1160
1162
1163
1164
1165
1167
1168
1169
1170
1171
1173
1174
1176
1177
1178
1179
1235
1236
1237
1238
1239
1240
1241
1242
1243
1244
1245
1246
1247
1248
1277
1278
1279
1280
1281
1282
1283
1284
1285
1287
1288
1289
1290
1291
1292
1293
1294
1295
1296
1297
1298
1299
1300
1301
1302
1303
1304
1305
1306
1307
1308
1309
1310
1311
1312
1313
1314
1315
1316
1318
1319
1320
1322
1323
1324
1325
1326
1327
1328
1329
1330
1331
1332
1333
1334
1335
1336
1337
1338
1339
1340
1341
1343
1344
1345
1346
1350
1351
1352
1353
1354
1356
1358
1359
1360
1361
1362
1363
1364
1365
1366
1367
1368
1369
1370
1371
1372
1373
1374
1375
1376
1377
1378
1379
1380
1381
1383
1384
1385
1387
1388
1390
1391
1392
1393
1394
1395
1396
1397
1398
1399
1400
1401
1402
1403
1404
1405
1406
1407
1408
1409
1410
1411
1412
1413
1414
1415
1416
1417
1418
1419
1420
1421
1424
1425
1426
1428
1429
1430
1447
1448
1449
1450
1451
1452
1454
1455
1456
1457
1458
1459
1460
1461
1462
1463
1464
1465
1466
1468
1472
1473
1474
1475
1477
1478
1479
1480
1481
1482
1483
1485
1486
1487
1488
1489
1490
1491
1492
1493
1494
1495
1496
1499
1500
1501
1502
1504
1505
1506
1507
1508
1512
1513
1514
1515
1516
1520
1521
1524
1525
1526
1527
1528
1529
1530
1531
1532
1533
1534
1535
1536
1537
1538
1539
1540
1544
1545
1546
1547
1548
1549
1550
1551
1552
1553
1554
1555
1556
1559
1560
1561
1562
1563
1564
1565
1566
1567
1569
1570
1571
1572
1573
1574
1575
1576
1577
1579
1580
1582
1583
1584
1585
1586
1587
1588
1589
1590
1591
1592
1593
1596
1597
1598
1599
1600
1601
1602
1604
1605
1606
1607
1608
1609
1610
1611
1612
1613
1614
1615
1616
1617
1618
1619
1620
1621
1622
1623
1624
1625
1626
1628
1629
1630
1631
1632
1633
1635
1636
1637
1638
1639
1641
1642
1643
1644
1645
1646
1647
1648
1649
1650
1652
1654
1655
1656
1657
1658
1659
1660
1661
1662
1663
1665
1666
1667
1668
1669
1670
1671
1672
1673
1674
1675
1677
1678
1679
1680
1681
1682
1683
1684
1685
1686
1687
1688
1689
1690
1691
1692
1693
1694
1695
1696
1697
1698
1699
1700
1702
1704
1705
1706
1707
1708
1709
1710
1711
1712
1713
1716
1717
1719
1720
1721
1723
1725
1727
1728
1729
1730
1731
1733
1734
1735
1736
1740
1741
1742
1743
1746
1747
1749
1750
1751
1752
1754
1776
1777
1778
1779
1780
1781
1782
1783
1784
1785
1786
1787
1789
1791
1792
1793
1794
1795
1796
1797
1799
1800
1801
1802
1803
1804
1805
1806
1807
1808
1809
1810
1811
1812
1813
1814
1815
1816
1817
1818
1820
1822
1823
1824
1825
1826
1828
1831
1832
1833
1834
1835
1836
1837
1838
1839
1840
1841
1842
1843
1845
1846
1848
1849
1850
1851
1852
1853
1854
1855
1856
1857
1858
1859
1861
1862
1863
1864
1865
1866
1867
1869
1870
1871
1873
1874
1875
1878
1879
1882
1883
1884
1885
1886
1887
1888
1889
1890
1891
1892
1894
1895
1899
1900
1901
1902
1904
1905
1906
1907
1908
1909
1910
1911
1912
1913
1914
1917
1921
1924
1925
1926
1927
1929
1930
1931
1932
1933
1934
1935
1936
1938
1939
1940
1942
1943
1944
1945
1947
1948
1949
1950
1951
1952
1956
1957
1958
1959
1960
1963
1964
1965
1966
1967
1968
1969
1970
1971
2015
2016
2017
2018
2019
2020
2021
2022
2023
2024
2025
2026
2027
2028
2029
2030
2031
2032
2033
2035
2036
2037
2038
2039
2040
2041
2042
2043
2044
2045
2046
2047
2048
2049
2050
2051
2052
2053
2054
2055
2056
2058
2059
2060
2061
2062
2063
2064
2065
2066
2067
2068
2069
2070
2071
2072
2073
2074
2075
2076
2077
2078
2079
2080
2081
2082
2083
2084
2086
2087
2088
2089
2090
2093
2094
2095
2096
2097
2098
2099
2101
2102
2106
2107
2108
2109
2110
2111
2112
2113
2114
2115
2116
2117
2118
2119
2120
2121
2122
2123
2126
2128
2129
2130
2132
2133
2134
2135
2136
2137
2138
2139
2140
2141
2142
2144
2145
2147
2148
2149
2150
2151
2152
2153
2156
2157
2159
2161
2162
2163
2164
2165
2166
2167
2168
2169
2170
2171
2172
2173
2174
2175
2176
2178
2179
2180
2181
2182
2183
2184
2185
2186
2187
2188
2190
2191
2192
2193
2194
2195
2197
2198
2199
2200
2201
2202
2203
2204
2206
2207
2208
2209
2210
2211
2212
2213
2214
2215
2218
2219
2220
2221
2222
2223
2224
2225
2226
2227
2228
2229
2231
2232
2233
2236
2237
2238
2239
2240
2241
2242
2245
2246
2247
2248
2249
2250
2251
2252
2253
2254
2255
2257
2258
2259
2261
2262
2263
2264
2265
2266
2267
2268
2269
2270
2271
2272
2273
2274
2275
2276
2277
2278
2280
2281
2282
2283
2307
2308
2309
2310
2313
2314
2315
2316
2317
2318
2319
2321
2322
2323
2325
2326
2327
2328
2329
2330
2331
2332
2333
2334
2335
2336
2337
2338
2340
2342
2343
2344
2345
2346
2347
2348
2349
2350
2352
2353
2354
2355
2356
2357
2358
2359
2360
2361
2362
2363
2364
2365
2366
2367
2368
2369
2370
2371
2372
2373
2374
2375
2376
2377
2379
2380
2381
2382
2383
2384
2387
2388
2389
2390
2391
2392
2393
2394
2395
2396
2397
2398
2399
2400
2401
2402
2403
2404
2405
2406
2407
2408
2409
2410
2411
2413
2414
2415
2416
2418
2419
2420
2421
2422
2423
2424
2425
2426
2427
2428
2429
2431
2432
2433
2434
2436
2437
2439
2441
2442
2443
2444
2445
2446
2447
2448
2450
2451
2452
2453
2454
2455
2456
2457
2458
2459
2460
2461
2464
2465
2466
2468
2511
2512
2513
2514
2515
2516
2517
2518
2519
2520
2521
2522
2523
2525
2526
2528
2529
2530
2531
2532
2533
2534
2535
2536
2537
2538
2539
2540
2541
2542
2543
2544
2545
2546
2548
2549
2550
2551
2552
2553
2554
2555
2556
2557
2558
2559
2560
2561
2562
2563
2564
2565
2566
2567
2568
2569
2570
2571
2572
2573
2574
2575
2576
2579
2580
2581
2582
2583
2586
2587
2588
2589
2590
2591
2592
2593
2594
2595
2596
2597
2598
2601
2602
2603
2604
2605
2606
2607
2608
2609
2610
2611
2612
2613
2614
2615
2616
2617
2618
2619
2621
2622
2623
2625
2626
2627
2629
2630
2631
2632
2633
2635
2636
2638
2639
2640
2641
2645
2646
2647
2650
2651
2653
2654
2655
2656
2657
2658
2660
2661
2662
2663
2664
2665
2666
2668
2669
2670
2671
2672
2674
2676
2677
2678
2679
2680
2681
2683
2684
2685
2686
2687
2688
2689
2692
2693
2694
2695
2696
2697
2698
2699
2701
2703
2704
2706
2707
2708
2712
2714
2715
2716
2717
2718
2719
2720
2721
2722
2723
2725
2726
2727
2728
2729
2730
2731
2732
2733
2734
2735
2736
2737
2738
2739
2740
2741
2742
2743
2744
2745
2746
2747
2751
2752
2753
2754
2755
2758
2759
2760
2761
2762
2763
2764
2765
2767
2768
2769
2770
2771
2772
2773
2774
2775
2776
2777
2778
2780
2781
2782
2783
2784
2785
2786
2788
2789
2790
2791
2792
2793
2794
2797
2798
2799
2800
2803
2804
2805
2806
2807
2808
2809
2810
2811
2812
2814
2816
2817
2818
2820
2821
2823
2824
2825
2826
2827
2828
2829
2830
2832
2833
2834
2835
2836
2839
2840
2841
2842
2843
2847
2848
2849
2850
2851
2852
2854
2855
2856
2857
2858
2859
2860
2862
2864
2865
2868
2869
2870
2871
2872
2873
2874
2875
2876
2877
2878
2880
2881
2882
2883
2887
2888
2890
2891
2893
2894
2895
2896
2897
2898
2899
2900
2901
2903
2904
2905
2906
2907
2908
2910
2911
2912
2913
2914
2915
2916
2917
2918
2919
2920
2921
2923
2925
2926
2928
2929
2930
2931
2932
2933
2934
2935
2936
2937
2938
2940
2941
2942
2947
2948
2949
2950
2951
2952
2953
2955
2956
2957
2958
2959
2960
2962
2963
2964
2965
2966
2968
2969
2970
2971
2972
2974
2975
2976
2977
2978
2979
2980
2981
2982
2983
2984
2985
2986
2987
2988
2989
2990
2991
2992
2993
2994
2996
2997
2998
2999
3000
3001
3002
3003
3004
3005
3006
3007
3008
3009
3010
3011
3012
3013
3014
3015
3016
3017
3018
3019
3020
3021
3022
3023
3024
3025
3027
3030
3031
3033
3034
3035
3036
3037
3038
3039
3040
3041
3042
3043
3044
3046
3047
3048
3049
3050
3051
3052
3053
3058
3059
3060
3061
3063
3064
3065
3066
3067
3068
3069
3070
3071
3072
3073
3074
3075
3076
3077
3078
3079
3080
3081
3082
3083
3084
3085
3086
3087
3088
3089
3090
3091
3093
3094
3095
3096
3097
3098
3100
3101
3102
3103
3104
3106
3107
3109
3110
3111
3112
3113
3114
3115
3116
3118
3119
3120
3121
3122
3123
3124
3125
3126
3127
3128
3129
3130
3131
3133
3134
3135
3136
3137
3138
3139
3141
3142
3143
3144
3145
3146
3147
3148
3149
3412
3413
3414
3415
3416
3417
3418
3419
3420
3421
3422
3423
3425
3426
3428
3429
3430
3431
3432
3433
3434
3436
3437
3438
3439
3440
3441
3442
3444
3445
3446
3448
3449
3450
3480
3481
3483
3485
3486
3487
3488
3489
3492
3493
3494
3495
3496
3497
3498
3499
3500
3501
3502
3503
3506
3508
3509
3510
3511
3512
3513
3514
3516
3517
3518
3519
3520
3521
3524
3525
3526
3527
3528
3529
3530
3531
3532
3533
3534
3535
3538
3539
3540
3541
3542
3543
3544
3545
3546
3550
3551
3552
3553
3556
3557
3558
3559
3560
3561
3562
3567
3568
3569
3570
3572
3575
3577
3578
3579
3580
3581
3582
3584
3585
3587
3588
3589
3590
3592
3593
3594
3595
3596
3598
3599
3600
3601
3603
3604
3605
3606
3607
3608
3609
3613
3614
3615
3618
3619
3621
3624
3625
3627
3628
3630
3631
3636
3637
3638
3639
3640
3641
3646
3647
3649
3650
3651
3652
3653
3654
3655
3656
3657
3658
3659
3660
3661
3663
3664
3665
3666
3667
3668
3669
3671
3672
3673
3674
3675
3679
3680
3681
3682
3683
3686
3689
3690
3691
3692
3693
3694
3695
3702
3703
3704
3705
3706
3708
3709
3710
3711
3712
3713
3714
3715
3716
3717
3718
3721
3722
3724
3725
3727
3728
3730
3733
3734
3735
3736
3737
3740
3742
3743
3744
3745
3746
3748
3750
3752
3753
3754
3755
3756
3757
3758
3759
3760
3761
3762
3764
3765
3766
3767
3769
3770
3771
3772
3773
3774
3775
3776
3777
3778
3783
3784
3786
3787
3788
3789
3790
3791
3792
3793
3794
3795
3796
3797
3798
3799
3800
3803
3804
3805
3806
3807
3808
3809
3810
3811
3812
3813
3816
3817
3818
3819
3820
3821
3823
3824
3825
3827
3828
3829
3830
3831
3832
3833
3834
3835
3837
3840
3843
3844
3845
3846
3847
3848
3849
3850
3852
3853
3854
3855
3856
3857
3858
3859
3860
3861
3862
3863
3864
3866
3869
3870
3871
3872
3873
3874
3875
3876
3877
3878
3879
3880
3882
3883
3884
3885
3886
3887
3888
3889
3890
3891
3892
3893
3894
3895
3896
3897
3898
3901
3902
3903
3904
3905
3906
3907
3908
3911
3912
3913
3914
3915
3918
3919
3920
3921
3922
3923
3924
3925
3926
3927
3928
3929
3930
3931
3932
3933
3934
3937
3938
3939
3940
3941
3942
3943
3944
3945
3946
3947
3948
3949
3950
3952
3953
3954
3955
3956
3957
3958
3959
3960
3961
3962
3963
3964
3965
3967
3968
3994
3995
3996
3997
3998
3999
4000
4001
4002
4003
4004
4005
4006
4007
4008
4010
4011
4014
4015
4016
4017
4018
4019
4020
4021
4022
4023
4024
4025
4026
4027
4028
4029
4030
4031
4032
4033
4034
4035
4036
4037
4038
4039
4040
4042
4043
4044
4045
4046
4047
4048
4049
4050
4051
4053
4055
4056
4057
4058
4059
4060
4061
4062
4063
4064
4065
4066
4067
4068
4069
4070
4071
4072
4073
4074
4075
4076
4079
4080
4081
4082
4083
4084
4085
4086
4087
4088
4089
4090
4091
4092
4093
4094
4095
4096
4098
4099
4100
4101
4102
4103
4104
4105
4106
4107
4108
4109
4110
4111
4113
4114
4115
4116
4117
4118
4119
4120
4121
4122
4123
4124
4126
4127
4129
4130
4131
4132
4133
4134
4135
4136
4137
4138
4140
4141
4142
4143
4144
4145
4147
4149
4150
4151
4152
4153
4154
4155
4156
4157
4158
4159
4160
4161
4319
4321
4322
4323
4325
4326
4327
4328
4329
4330
4331
4332
4333
4334
4335
4336
4337
4339
4340
4342
4343
4344
4347
4348
4349
4350
4351
4352
4353
4354
4357
4358
4360
4361
4385
4386
4387
4389
4390
4391
4394
4397
4398
4399
4400
4401
4402
4403
4405
4406
4407
4408
4411
4412
4413
4414
4415
4416
4417
4418
4419
4420
4421
4425
4426
4427
4428
4430
4431
4433
4434
4435
4436
4437
4438
4439
4440
4441
4442
4443
4444
4446
4447
4448
4450
4451
4452
4453
4454
4457
4458
4459
4461
4463
4464
4465
4468
4470
4471
4472
4473
4474
4475
4476
4477
4478
4479
4480
4481
4482
4483
4484
4485
4486
4487
4488
4489
4490
4491
4492
4493
4494
4495
4496
4497
4500
4501
4503
4506
4507
4508
4509
4510
4511
4512
4513
4514
4515
4516
4517
4518
4519
4520
4521
4522
4523
4524
4525
4526
4528
4529
4530
4531
4532
4533
4534
4535
4536
4537
4540
4542
4543
4544
4545
4546
4548
4549
4550
4551
4552
4553
4554
4555
4556
4557
4558
4559
4560
4561
4563
4564
4565
4566
4567
4568
4569
4573
4574
4578
4579
4580
4581
4582
4583
4584
4585
4586
4588
4589
4590
4591
4592
4595
4596
4597
4599
4600
4601
4602
4603
4604
4605
4606
4607
4611
4612
4613
4616
4617
4618
4620
4621
4622
4623
4624
4625
4627
4628
4629
4630
4631
4632
4633
4634
4635
4636
4637
4638
4639
4640
4641
4642
4643
4644
4645
4646
4647
4648
4649
4650
4651
4652
4653
4654
4655
4656
4657
4658
4660
4661
4662
4663
4664
4665
4667
4668
4669
4670
4672
4673
4674
4675
4676
4677
4678
4679
4680
4681
4682
4683
4684
4685
4686
4687
4688
4689
4690
4691
4692
4693
4694
4695
4696
4697
4699
4700
4701
4702
4703
4704
4705
4706
4707
4708
4711
4712
4713
4714
4715
4716
4717
4718
4719
4720
4722
4723
4724
4725
4726
4727
4728
4729
4730
4731
4732
4733
4734
4735
4736
4737
4738
4739
4740
4741
4742
4743
4744
4745
4746
4747
4748
4749
4751
4752
4753
4754
4755
4756
4757
4758
4759
4761
4762
4766
4767
4768
4769
4770
4771
4772
4773
4774
4775
4776
4777
4780
4782
4783
4784
4785
4786
4787
4789
4791
4792
4793
4794
4795
4796
4797
4798
4799
4801
4802
4803
4804
4805
4806
4807
4808
4809
4810
4811
4812
4813
4814
4815
4816
4817
4820
4822
4823
4824
4825
4826
4827
4828
4829
4830
4831
4832
4833
4835
4836
4837
4838
4839
4841
4843
4844
4845
4846
4847
4848
4849
4850
4851
4852
4853
4854
4855
4856
4857
4858
4859
4860
4861
4862
4863
4864
4865
4866
4867
4868
4869
4870
4871
4872
4873
4874
4875
4876
4877
4878
4879
4881
4883
4884
4885
4887
4888
4889
4891
4893
4894
4895
4896
4897
4898
4899
4901
4902
4904
4905
4906
4908
4909
4910
4911
4913
4914
4915
4916
4917
4918
4919
4921
4922
4923
4924
4925
4926
4927
4928
4929
4930
4931
4932
4933
4936
4937
4939
4940
4942
4943
4944
4945
4946
4947
4948
4949
4950
4951
4952
4953
4954
4955
4956
4957
4958
4959
4960
4961
4962
4963
4964
4965
4966
4969
4970
4971
4972
4973
4974
4975
4976
4977
4978
4979
4980
4981
4982
4983
4984
4985
4986
4987
4990
4991
4993
4994
4995
4996
4997
4998
4999
5001
5003
5004
5005
5006
5009
5010
5011
5012
5013
5014
5015
5016
5017
5018
5019
5020
5021
5022
5023
5024
5025
5026
5027
5028
5029
5030
5031
5032
5034
5035
5036
5037
5038
5039
5040
5041
5044
5045
5046
5049
5050
5051
5052
5054
5055
5056
5057
5058
5059
5060
5061
5062
5063
5066
5067
5068
5069
5071
5072
5073
5074
5075
5076
5077
5078
5079
5080
5081
5082
5083
5085
5086
5087
5088
5089
5090
5092
5094
5095
5096
5098
5099
5100
5101
5102
5104
5105
5106
5107
5108
5109
5110
5111
5112
5113
5114
5115
5116
5118
5119
5120
5121
5123
5124
5125
5126
5127
5128
5129
5130
5131
5132
5133
5135
5136
5137
5138
5140
5142
5143
5144
5145
5146
5149
5150
5151
5152
5205
5207
5208
5209
5210
5212
5213
5214
5215
5216
5217
5218
5219
5221
5222
5223
5224
5225
5227
5232
5233
5234
5235
5236
5237
5238
5239
5240
5241
5242
5243
5245
5246
5247
5249
5250
5251
5252
5254
5255
5256
5257
5258
5259
5260
5261
5262
5263
5264
5265
5266
5267
5268
5269
5270
5271
5272
5274
5275
5276
5277
5278
5279
5280
5281
5282
5283
5284
5285
5286
5288
5289
5290
5291
5292
5293
5295
5297
5298
5299
5300
5301
5302
5303
5305
5307
5308
5309
5310
5311
5312
5313
5314
5316
5317
5318
5319
5320
5321
5322
5323
5327
5328
5329
5332
5335
5336
5337
5338
5339
5340
5341
5342
5343
5344
5345
5347
5349
5350
5352
5353
5354
5355
5356
5359
5360
5361
5362
5363
5364
5369
5370
5371
5372
5374
5375
5376
5377
5378
5379
5380
5381
5383
5384
5385
5386
5387
5390
5391
5392
5393
5395
5396
5397
5398
5402
5403
5404
5405
5406
5407
5408
5409
5410
5411
5415
5416
5417
5418
5419
5420
5421
5422
5423
5424
5425
5426
5427
5428
5433
5434
5435
5436
5437
5438
5439
5440
5441
5442
5443
5444
5446
5447
5448
5450
5451
5452
5455
5456
5457
5458
5460
5461
5462
5463
5465
5466
5467
5468
5469
5472
5473
5474
5475
5476
5477
5478
5479
5480
5481
5482
5483
5484
5485
5486
5490
5491
5493
5495
5497
5498
5499
5500
5501
5502
5505
5506
5507
5508
5509
5510
5511
5512
5513
5514
5516
5517
5518
5520
5521
5528
5529
5530
5531
5532
5533
5536
5537
5538
5539
5540
5541
5542
5543
5544
5545
5546
5548
5549
5550
5551
5552
5553
5554
5555
5556
5557
5560
5561
5562
5563
5564
5565
5566
5567
5568
5569
5570
5571
5572
5573
5574
5575
5577
5578
5579
5583
5584
5585
5586
5587
5588
5589
5590
5591
5593
5594
5597
5598
5599
5600
5603
5604
5794
5796
5797
5798
5799
5800
5801
5803
5804
5805
5806
5807
5808
5809
5811
5812
5813
5815
5816
5817
5818
5819
5820
5821
5822
5823
5824
5825
5828
5829
5830
5831
5832
5833
5836
5837
5838
5839
5841
5842
5843
5845
5846
5848
5849
5852
5853
5854
5855
5856
5857
5858
5859
5860
5865
5866
5867
5868
5870
5873
5874
5875
5876
5877
5878
5879
5881
5883
5884
5885
5886
5887
5888
5889
5890
5891
5892
5895
5897
5898
5899
5901
5902
5903
5904
5905
5906
5908
5909
5910
5911
5916
5917
5918
5919
5920
5921
5922
5923
5925
5926
5927
5928
5930
5931
5933
5934
5935
5936
5937
5938
5939
5940
5941
5942
5943
5944
5946
5947
5992
5993
5994
5995
5996
5997
5998
5999
6000
6001
6002
6003
6005
6006
6007
6008
6009
6012
6013
6014
6015
6016
6017
6018
6019
6021
6023
6024
6025
6026
6027
6028
6029
6030
6031
6032
6033
6034
6035
6036
6037
6038
6039
6040
6041
6042
6043
6044
6045
6046
6047
6048
6049
6050
6051
6053
6054
6055
6056
6057
6059
6060
6061
6062
6063
6064
6065
6066
6067
6068
6069
6070
6072
6073
6074
6075
6076
6077
6078
6079
6080
6082
6083
6084
6085
6086
6087
6088
6089
6090
6091
6092
6093
6095
6096
6097
6098
6099
6100
6101
6102
6104
6105
6106
6107
6108
6109
6110
6111
6112
6113
6114
6115
6119
6120
6121
6122
6123
6124
6126
6127
6128
6129
6130
6131
6132
6133
6134
6135
6136
6137
6138
6140
6141
6143
6144
6146
6147
6148
6149
6150
6152
6153
6154
6155
6159
6160
6161
6164
6165
6166
6167
6168
6169
6170
6172
6173
6174
6175
6177
6178
6179
6180
6184
6185
6186
6187
6188
6189
6190
6191
6192
6193
6195
6196
6200
6202
6203
6204
6205
6206
6207
6208
6209
6210
6211
6212
6213
6214
6215
6216
6217
6218
6219
6220
6222
6223
6224
6225
6227
6228
6229
6230
6231
6232
6233
6234
6235
6236
6237
6238
6239
6240
6241
6242
6243
6244
6245
6246
6247
6248
6249
6250
6251
6252
6253
6254
6255
6256
6257
6258
6259
6260
6445
6446
6447
6448
6449
6450
6451
6452
6453
6454
6455
6456
6457
6458
6460
6461
6462
6463
6464
6465
6466
6467
6468
6469
6470
6471
6472
6475
6476
6477
6478
6479
6480
6482
6483
6484
6488
6489
6490
6491
6492
6494
6495
6496
6497
6498
6499
6500
6501
6502
6503
6504
6505
6506
6507
6508
6509
6510
6511
6512
6513
6514
6515
6516
6518
6519
6521
6522
6523
6524
6525
6526
6527
6528
6529
6530
6531
6533
6534
6535
6536
6537
6538
6539
6542
6543
6544
6545
6546
6547
6548
6550
6551
6552
6553
6554
6555
6556
6557
6559
6560
6561
6562
6563
6565
6566
6567
6568
6569
6571
6572
6573
6574
6575
6576
6577
6578
6580
6582
6583
6584
6585
6586
6587
6588
6589
6591
6592
6593
6594
6595
6596
6597
6598
6599
6600
6601
6602
6603
6604
6605
6606
6607
6608
6610
6613
6614
6615
6700
6701
6702
6703
6704
6706
6707
6708
6709
6710
6711
6712
6713
6714
6715
6718
6719
6720
6721
6722
6723
6724
6725
6728
6729
6730
6731
6732
6740
6741
6742
6743
6744
6745
6746
6747
6748
6749
6750
6751
6752
6753
6754
6755
6756
6757
6758
6759
6760
6761
6762
6763
6764
6765
6766
6767
6768
6769
6771
6772
6773
6774
6775
6776
6777
6778
6779
6780
6781
6782
6783
6784
6785
6788
6790
6791
6794
6795
6796
6797
6798
6799
6800
6801
6803
6804
6805
6806
6807
6808
6811
6812
6813
6815
6816
6817
6818
6819
6821
6822
6823
6824
6825
6826
6827
6828
6829
6830
6832
6833
6834
6835
6836
6837
6838
6839
6953
6954
6955
6956
6957
6958
6959
6960
6961
6962
6963
6964
6965
6966
6968
6969
6970
6971
6972
6973
6974
6975
6976
6977
6978
6979
6980
6981
6982
6983
6985
6986
6987
6988
6989
6990
6991
6992
6993
6994
6995
6996
6997
6998
6999
7001
7002
7003
7004
7005
7006
7007
7008
7009
7010
7011
7012
7013
7014
7015
7017
7018
7019
7020
7023
7025
7026
7027
7029
7030
7031
7032
7033
7034
7035
7036
7037
7038
7041
7042
7043
7047
7048
7049
7050
7051
7052
7053
7054
7055
7058
7059
7060
7061
7062
7063
7067
7068
7069
7070
7071
7073
7074
7075
7076
7077
7078
7081
7082
7083
7084
7085
7086
7087
7088
7091
7092
7094
7095
7097
7098
7099
7100
7101
7102
7104
7105
7106
7108
7109
7110
7111
7112
7113
7114
7117
7118
7119
7120
7121
7122
7124
7125
7126
7127
7128
7130
7131
7132
7133
7134
7135
7136
7137
7138
7139
7140
7141
7142
7143
7144
7145
7146
7147
7149
7150
7151
7152
7153
7154
7155
7156
7157
7158
7160
7161
7162
7163
7164
7165
7166
7167
7168
7169
7170
7172
7175
7176
7177
7178
7179
7180
7182
7183
7184
7185
7186
7187
7188
7189
7190
7191
7197
7198
7199
7200
7202
7203
7204
7205
7206
7207
7208
7209
7212
7213
7215
7216
7217
7218
7219
7220
7221
7222
7223
7224
7315
7317
7318
7319
7320
7321
7322
7323
7324
7325
7326
7330
7331
7332
7333
7334
7335
7336
7337
7338
7339
7340
7342
7343
7344
7349
7352
7353
7354
7355
7356
7357
7358
7359
7360
7361
7362
7363
7365
7366
7367
7368
7369
7371
7372
7373
7375
7377
7378
7379
7380
7381
7382
7383
7387
7388
7389
7390
7391
7393
7394
7395
7396
7397
7398
7399
7400
7401
7405
7406
7408
7409
7410
7412
7413
7415
7416
7417
7418
7419
7420
7421
7422
7424
7425
7426
7427
7428
7429
7430
7431
7432
7433
7434
7435
7436
7437
7438
7440
7441
7442
7443
7445
7446
7447
7448
7453
7454
7455
7456
7457
7458
7459
7460
7461
7462
7463
7464
7465
7466
7467
7468
7469
7470
7471
7475
7476
7477
7478
7479
7481
7482
7483
7484
7488
7489
7490
7491
7492
7493
7494
7497
7498
7499
7500
7501
7502
7503
7504
7505
7507
7508
7509
7510
7511
7512
7513
7514
7515
7516
7517
7518
7520
7521
7522
7523
7525
7527
7528
7529
7530
7531
7532
7535
7538
7539
7540
7541
7544
7545
7546
7548
7549
7550
7551
7552
7553
7554
7555
7557
7558
7560
7561
7562
7563
7564
7565
7566
7567
7568
7569
7571
7572
7573
7574
7575
7576
7577
7578
7583
7584
7585
7586
7587
7588
7589
7590
7592
7593
7594
7595
7596
7597
7598
7599
7600
7601
7602
7607
7608
7609
7610
7611
7612
7613
7614
7615
7616
7617
7618
7619
7620
7621
7622
7626
7627
7628
7629
7630
7631
7632
7633
7635
7636
7638
7639
7640
7641
7642
7647
7648
7649
7650
7651
7652
7653
7654
7655
7656
7657
7658
7659
7660
7661
7662
7663
7664
7666
7667
7668
7669
7671
7672
7673
7674
7675
7676
7677
7678
7679
7680
7681
7682
7683
7684
7685
7686
7688
7689
7690
7691
7692
7693
7694
7695
7696
7697
7698
7699
7700
7702
7703
7704
7706
7707
7708
7709
7710
7711
7712
7713
7716
7717
7718
7719
7720
7721
7724
7725
7726
7727
7729
7730
7731
7732
7733
7734
7735
7736
7737
7738
7739
7740
7741
7742
7745
7746
7747
7748
7749
7750
7751
7752
7755
7756
7757
7758
7759
7760
7764
7765
7767
7768
7769
7770
7771
7772
7773
7774
7775
7776
7777
7779
7780
7782
7784
7785
7786
7787
7788
7789
7790
7791
7792
7794
7796
7797
7798
7799
7800
7801
7803
7804
7805
7806
7807
7808
7810
7811
7812
7813
7815
7816
7817
7818
7819
7820
7821
7822
7823
7824
7825
7826
7828
7829
7830
7831
7832
7834
7835
7836
7837
7839
7840
7842
7843
7844
7845
7846
7847
7848
7850
7851
7852
7853
7855
7856
7860
7861
7862
7863
7864
7865
7866
7867
7869
7870
7871
7873
7874
7875
7876
7877
7878
7879
7880
7884
7885
7886
7887
7888
7889
7890
7891
7892
7893
7894
7895
7896
7900
7901
7902
7903
7904
7905
7906
7907
7910
7911
7912
7913
7914
7918
7919
7921
7923
7924
7925
7926
7927
7928
7929
7930
7936
7937
7938
7939
7940
7941
7942
7943
7944
7945
7946
7947
7949
7950
7951
7953
7955
7956
7957
7958
7960
7961
7962
7963
7964
7968
7971
7972
7973
7974
7975
7976
7979
7980
7981
7982
7983
7984
7986
7987
7988
7989
7990
7991
7992
7996
8000
8003
8004
8005
8006
8007
8008
8009
8011
8013
8014
8015
8016
8017
8020
8021
8022
8023
8024
8026
8055
8056
8057
8058
8059
8060
8061
8062
8064
8065
8068
8069
8070
8071
8072
8073
8074
8075
8076
8077
8079
8080
8081
8082
8083
8084
8085
8086
8087
8088
8090
8091
8092
8093
8094
8095
8096
8097
8098
8099
8100
8101
8102
8103
8104
8105
8106
8107
8108
8109
8110
8111
8112
8113
8114
8115
8116
8117
8118
8119
8129
8130
8131
8132
8133
8134
8135
8136
8138
8139
8140
8142
8144
8145
8146
8147
8148
8149
8151
8152
8154
8155
8156
8157
8158
8159
8160
8161
8162
8163
8164
8165
8166
8167
8168
8169
8172
8173
8174
8175
8176
8177
8178
8180
8181
8182
8183
8184
8185
8186
8187
8188
8189
8190
8191
8192
8193
8194
8195
8196
8197
8198
8200
8201
8202
8203
8204
8205
8206
8207
8265
8266
8267
8268
8269
8270
8271
8272
8273
8274
8276
8277
8278
8279
8280
8281
8283
8284
8285
8286
8287
8288
8289
8290
8291
8292
8293
8294
8296
8297
8299
8300
8301
8302
8303
8304
8305
8306
8307
8308
8309
8310
8311
8312
8313
8314
8315
8316
8317
8318
8319
8320
8321
8322
8324
8325
8326
8327
8328
8329
8332
8333
8334
8335
8336
8337
8338
8339
8340
8341
8344
8345
8346
8347
8348
8349
8352
8353
8356
8357
8358
8359
8360
8361
8362
8363
8364
8365
8366
8367
8368
8369
8370
8372
8373
8374
8376
8377
8378
8379
8380
8381
8382
8383
8384
8385
8386
8387
8388
8389
8391
8393
8394
8395
8396
8397
8398
8399
8400
8401
8402
8403
8404
8405
8406
8407
8408
8409
8410
8411
8413
8414
8415
8416
8417
8418
8419
8420
8421
8422
8423
8424
8425
8426
8427
8428
8429
8431
8432
8433
8434
8435
8436
8437
8438
8439
8440
8441
8442
8443
8444
8447
8448
8449
8450
8452
8453
8454
8455
8457
8459
8460
8461
8462
8463
8464
8465
8466
8467
8469
8471
8472
8473
8474
8475
8476
8477
8478
8480
8483
8484
8485
8486
8489
8490
8492
8493
8494
8495
8496
8497
8501
8502
8503
8504
8505
8506
8508
8509
8511
8515
8516
8517
8518
8519
8520
8521
8523
8524
8528
8530
8531
8532
8533
8534
8535
8536
8537
8538
8539
8540
8541
8542
8543
8544
8546
8547
8548
8549
8551
8554
8555
8556
8557
8558
8559
8560
8561
8566
8567
8568
8570
8571
8572
8573
8574
8575
8576
8577
8578
8579
8580
8582
8584
8585
8587
8588
8590
8591
8592
8593
8594
8595
8596
8597
8598
8599
8600
8602
8604
8605
8606
8608
8609
8611
8613
8614
8615
8616
8617
8618
8619
8620
8621
8622
8625
8650
8651
8652
8653
8654
8655
8656
8657
8658
8660
8661
8662
8663
8664
8665
8666
8667
8668
8669
8670
8671
8672
8673
8674
8675
8676
8677
8678
8679
8680
8681
8682
8683
8684
8685
8686
8687
8688
8689
8690
8691
8693
8694
8697
8698
8700
8701
8702
8703
8705
8706
8707
8708
8710
8711
8712
8713
8714
8741
8742
8743
8744
8745
8746
8747
8748
8749
8750
8751
8752
8753
8754
8755
8757
8758
8759
8760
8761
8762
8763
8764
8765
8767
8768
8769
8770
8771
8772
8773
8774
8776
8777
8778
8779
8780
8781
8782
8784
8785
8786
8787
8788
8789
8790
8791
8792
8793
8794
8795
8796
8798
8799
8800
8801
8802
8803
8804
8805
8806
8807
8808
8809
8810
8811
8812
8813
8814
8815
8817
8819
8820
8821
8823
8824
8825
8827
8828
8829
8838
8839
8840
8841
8842
8843
8845
8847
8849
8851
8852
8854
8855
8856
8857
8858
8859
8862
8863
8864
8865
8867
8868
8869
8870
8871
8872
8873
8874
8877
8878
8879
8880
8881
8883
8884
8885
8886
8889
8890
8891
8892
8893
8894
8895
8896
8897
8898
8899
8901
8902
8903
8904
8905
8906
8907
8910
8911
8912
8913
8914
8915
8916
8917
8918
8919
8920
8921
8922
8923
8924
8925
8926
8928
8929
8930
8931
8932
8934
8935
8936
8937
8938
8939
8940
8941
8943
8944
8945
8946
8947
8948
8949
8950
8951
8954
8955
8956
8957
8958
8959
8960
8961
8962
8963
8964
8965
8966
8967
8968
8969
8970
8971
8973
8974
8975
8976
8977
8978
8979
8980
8981
8993
8994
8995
8996
8997
8999
9000
9001
9002
9003
9004
9007
9008
9009
9010
9011
9012
9013
9014
9015
9016
9017
9018
9019
9020
9021
9022
9023
9024
9025
9027
9028
9029
9031
9035
9036
9037
9038
9039
9040
9041
9042
9043
9044
9046
9047
9048
9049
9050
9051
9052
9053
9055
9056
9057
9058
9059
9060
9061
9062
9064
9065
9066
9067
9068
9069
9071
9072
9073
9074
9075
9076
9077
9079
9080
9081
9083
9085
9086
9087
9088
9089
9090
9091
9092
9093
9094
9095
9096
9097
9098
9099
9100
9101
9102
9103
9104
9105
9106
9107
9108
9109
9110
9111
9112
9113
9114
9115
9116
9117
9118
9119
9120
9123
9124
9125
9126
9127
9128
9129
9130
9131
9132
9133
9134
9135
9136
9137
9139
9140
9142
9144
9147
9148
9149
9150
9151
9152
9153
9155
9156
9157
9158
9159
9161
9162
9163
9164
9166
9167
9168
9169
9170
9171
9298
9299
9302
9303
9304
9305
9306
9307
9308
9309
9310
9311
9315
9316
9317
9318
9319
9321
9322
9323
9324
9325
9326
9327
9328
9329
9330
9331
9332
9333
9334
9336
9337
9338
9339
9340
9341
9342
9343
9344
9345
9346
9347
9348
9349
9350
9354
9355
9356
9357
9358
9359
9360
9361
9363
9364
9366
9367
9368
9369
9370
9372
9373
9375
9376
9377
9378
9379
9380
9381
9382
9383
9384
9385
9386
9387
9388
9389
9390
9391
9392
9393
9394
9395
9397
9398
9399
9400
9401
9402
9403
9404
9405
9406
9407
9408
9409
9410
9411
9412
9413
9414
9415
9416
9417
9418
9419
9420
9421
9423
9424
9426
9429
9430
9431
9434
9435
9437
9438
9439
9440
9441
9442
9443
9444
9445
9448
9449
9450
9451
9452
9453
9454
9455
9456
9457
9458
9459
9460
9461
9462
9463
9464
9466
9467
9468
9470
9471
9472
9478
9479
9481
9482
9485
9486
9487
9488
9489
9490
9491
9492
9493
9494
9496
9497
9503
9504
9505
9506
9507
9509
9510
9512
9513
9514
9515
9516
9518
9519
9522
9523
9524
9525
9526
9527
9528
9529
9530
9532
9533
9534
9535
9536
9537
9538
9539
9540
9541
9542
9543
9544
9545
9546
9547
9548
9550
9551
9552
9553
9554
9555
9556
9557
9560
9561
9562
9563
9564
9565
9566
9567
9568
9569
9570
9574
9575
9576
9577
9579
9580
9581
9582
9583
9584
9585
9586
9587
9588
9590
9591
9592
9593
9594
9597
9598
9599
9600
9601
9602
9603
9604
9605
9606
9607
9608
9609
9611
9614
9615
9616
9617
9618
9619
9621
9622
9623
9624
9625
9627
9630
9631
9632
9635
9636
9637
9638
9639
9640
9641
9642
9643
9644
9649
9650
9652
9653
9654
9655
9656
9657
9658
9659
9660
9662
9663
9665
9666
9667
9668
9669
9670
9671
9672
9673
9674
9675
9676
9677
9678
9679
9680
9682
9683
9685
9686
9688
9689
9690
9692
9693
9696
9697
9698
9699
9704
9705
9708
9709
9710
9711
9712
9713
9716
9717
9718
9719
9720
9721
9723
9725
9729
9730
9731
9732
9733
9734
9735
9736
9737
9738
9739
9740
9741
9742
9743
9744
9745
9746
9747
9748
9749
9750
9753
9754
9755
9756
9761
9762
9763
9764
9765
9766
9767
9768
9769
9774
9776
9777
9778
9779
9780
9781
9782
9783
9784
9785
9786
9789
9790
9791
9792
9793
9794
9795
9797
9798
9799
9800
9801
9802
9803
9804
9805
9806
9807
9808
9809
9810
9811
9812
9813
9814
9815
9817
9818
9819
9822
9824
9826
9827
10037
10038
10039
10040
10041
10042
10043
10044
10045
10046
10047
10048
10049
10050
10051
10052
10053
10054
10055
10056
10057
10058
10062
10063
10064
10065
10066
10067
10068
10069
10070
10071
10072
10073
10074
10075
10076
10077
10079
10080
10081
10083
10084
10085
10086
10087
10088
10089
10090
10091
10092
10093
10095
10096
10097
10098
10099
10100
10102
10103
10104
10105
10106
10107
10108
10110
10111
10112
10113
10114
10115
10116
10117
10118
10119
10120
10121
10122
10123
10124
10125
10126
10127
10128
10129
10131
10132
10133
10134
10135
10136
10137
10138
10139
10140
10141
10146
10147
10148
10149
10150
10151
10152
10153
10154
10155
10156
10157
10158
10159
10160
10161
10162
10164
10165
10166
10168
10169
10170
10171
10172
10174
10175
10176
10178
10179
10180
10181
10182
10183
10184
10185
10186
10187
10188
10189
10190
10191
10192
10193
10194
10195
10196
10197
10199
10200
10201
10202
10204
10205
10206
10208
10209
10210
10211
10213
10214
10215
10216
10217
10220
10221
10222
10223
10224
10225
10227
10228
10229
10230
10231
10232
10233
10234
10235
10236
10237
10238
10239
10243
10244
10245
10246
10247
10250
10252
10254
10255
10256
10257
10258
10259
10260
10261
10262
10263
10264
10265
10266
10267
10268
10269
10270
10271
10272
10273
10274
10275
10278
10279
10280
10281
10282
10283
10284
10285
10286
10287
10288
10290
10291
10292
10295
10296
10297
10298
10299
10300
10302
10303
10305
10306
10309
10310
10311
10312
10313
10314
10315
10316
10317
10318
10319
10320
10321
10323
10324
10328
10332
10333
10334
10335
10336
10337
10338
10339
10340
10343
10373
10374
10377
10378
10379
10380
10381
10382
10383
10384
10385
10388
10389
10390
10391
10392
10393
10394
10395
10396
10415
10416
10417
10418
10419
10420
10421
10422
10423
10424
10425
10426
10427
10428
10429
10430
10431
10432
10433
10434
10435
10436
10437
10438
10439
10472
10473
10474
10476
10477
10479
10480
10481
10483
10484
10485
10488
10490
10491
10492
10493
10494
10495
10496
10497
10498
10499
10500
10502
10503
10504
10505
10506
10507
10510
10511
10512
10513
10514
10515
10516
10517
10518
10519
10520
10521
10522
10523
10526
10528
10529
10530
10531
10532
10533
10534
10537
10538
10539
10540
10541
10542
10543
10544
10545
10546
10547
10548
10549
10550
10551
10552
10553
10554
10555
10556
10559
10561
10562
10563
10564
10565
10566
10567
10568
10569
10570
10571
10572
10573
10574
10575
10576
10577
10578
10579
10580
10582
10583
10587
10588
10589
10590
10591
10592
10593
10594
10595
10596
10597
10598
10600
10601
10602
10605
10606
10607
10608
10610
10611
10612
10613
10615
10616
10617
10618
10619
10621
10622
10623
10625
10627
10628
10630
10631
10632
10633
10637
10639
10640
10641
10642
10644
10647
10648
10649
10650
10651
10653
10654
10656
10657
10658
10659
10660
10661
10663
10665
10666
10667
10668
10670
10671
10673
10674
10675
10676
10677
10678
10679
10680
10681
10682
10683
10686
10687
10688
10689
10690
10691
10692
10693
10695
10696
10697
10698
10699
10701
10702
10703
10704
10705
10706
10708
10709
10710
10711
10712
10713
10714
10715
10716
10717
10718
10719
10721
10722
10723
10724
10725
10726
10727
10728
10731
10732
10733
10734
10735
10736
10737
10738
10739
10740
10741
10742
10743
10744
10747
10748
10749
10750
10753
10754
10755
10756
10757
10758
10759
10761
10762
10763
10765
10766
10767
10768
10769
10770
10771
10772
10773
10774
10775
10776
10777
10778
10779
10780
10781
10782
10783
10784
10785
10787
10788
10789
10790
10791
10792
10794
10795
10796
10797
10798
10799
10800
10801
10802
10803
10804
10808
10809
10810
10811
10812
10814
10815
10816
10817
10818
10819
10823
10824
10825
10826
10827
10828
10829
10830
10832
10833
10834
10835
10836
10838
10839
10840
10841
10842
10843
10844
10846
10847
10848
10849
10850
10851
10854
10855
10856
10857
10858
10860
10861
10862
10863
10864
10865
10867
10868
10869
10870
10871
10872
10873
10874
10875
10878
10879
10880
10881
10882
10883
10884
10885
10886
10887
10888
10889
10890
10892
10893
10894
10895
10896
10898
10899
10900
10901
10902
10903
10904
10905
10906
10907
10908
10909
10910
10911
10912
10913
10914
10916
10917
10918
10919
10920
10921
10922
10923
10924
10926
10927
11040
11041
11042
11044
11046
11047
11048
11049
11050
11051
11052
11053
11054
11055
11056
11058
11059
11061
11062
11063
11064
11065
11066
11067
11068
11069
11073
11074
11075
11076
11077
11078
11079
11080
11081
11082
11083
11084
11086
11087
11089
11090
11091
11092
11097
11099
11100
11101
11102
11103
11104
11105
11106
11107
11108
11111
11112
11113
11114
11115
11116
11117
11118
11119
11120
11121
11122
11123
11124
11125
11126
11127
11128
11133
11134
11136
11138
11139
11140
11141
11142
11143
11144
11145
11146
11147
11149
11150
11151
11152
11153
11154
11155
11156
11157
11159
11161
11162
11165
11166
11167
11168
11169
11170
11171
11172
11173
11174
11175
11176
11177
11178
11179
11180
11181
11182
11183
11184
11185
11186
11187
11188
11189
11190
11191
11192
11193
11194
11195
11196
11197
11198
11199
11201
11202
11203
11204
11205
11207
11208
11211
11212
11213
11214
11215
11216
11217
11218
11219
11220
11222
11223
11224
11225
11228
11229
11230
11231
11232
11233
11234
11235
11236
11237
11238
11239
11241
11242
11243
11244
11245
11246
11247
11248
11250
11252
11253
11254
11257
11258
11259
11260
11261
11262
11263
11264
11266
11267
11268
11269
11271
11273
11274
11277
11278
11279
11280
11281
11284
11285
11287
11288
11289
11290
11294
11295
11296
11297
11298
11300
11301
11304
11305
11306
11308
11311
11312
11313
11314
11315
11316
11317
11318
11319
11320
11321
11322
11323
11325
11326
11327
11328
11329
11330
11331
11335
11336
11337
11338
11339
11340
11343
11345
11346
11347
11348
11349
11350
11351
11352
11353
11354
11356
11357
11358
11359
11360
11361
11362
11364
11365
11366
11367
11368
11369
11370
11371
11372
11373
11374
11375
11376
11377
11378
11379
11380
11381
11382
11383
11384
11385
11388
11389
11390
11391
11392
11393
11394
11395
11396
11397
11398
11399
11401
11402
11403
11404
11406
11408
11409
11410
11411
11416
11417
11418
11419
11420
11421
11422
11423
11424
11425
11426
11427
11428
11429
11430
11431
11432
11433
11434
11435
11436
11439
11440
11441
11443
11444
11445
11446
11447
11448
11449
11450
11451
11452
11454
11455
11456
11457
11458
11459
11460
11461
11463
11464
11465
11468
11469
11470
11473
11474
11475
11476
11478
11479
11480
11481
11482
11484
11486
11487
11488
11489
11490
11491
11492
11493
11494
11495
11496
11497
11498
11499
11505
11506
11507
11508
11511
11513
11514
11515
11516
11517
11518
11519
11520
11521
11522
11523
11524
11525
11526
11530
11532
11533
11534
11535
11536
11540
11541
11542
11543
11544
11545
11546
11547
11548
11549
11550
11551
11552
11553
11554
11555
11556
11557
11558
11559
11562
11563
11564
11565
11566
11567
11568
11569
11570
11571
11572
11573
11574
11575
11576
11577
11579
11580
11581
11582
11583
11584
11585
11586
11587
11588
11589
11590
11591
11593
11594
11595
11596
11597
11598
11599
11601
11602
11603
11604
11606
11608
11609
11610
11611
11612
11613
11614
11615
11616
11617
11619
11620
11621
11622
11623
11625
11626
11628
11629
11630
11631
11632
11633
11634
11635
11636
11637
11638
11639
11640
11641
11642
11643
11644
11645
11647
11648
11649
11650
11651
11654
11655
11656
11657
11659
11660
11661
11662
11666
11667
11668
11670
11671
11672
11675
11676
11677
11678
11679
11681
11682
11683
11684
11685
11686
11687
11688
11689
11690
11691
11693
11694
11695
11696
11697
11698
11708
11710
11711
11714
11715
11719
11720
11721
11722
11723
11724
11725
11726
11727
11729
11730
11731
11732
11733
11736
11737
11738
11739
11742
11743
11744
11745
11746
11747
11748
11749
11750
11751
11752
11754
11756
11757
11758
11759
11760
11761
11763
11764
11765
11766
11767
11768
11769
11770
11771
11772
11773
11774
11776
11777
11778
11779
11780
11781
11782
11783
11784
11785
11786
11787
11788
11789
11793
11794
11795
11798
11799
11800
11801
11802
11803
11805
11806
11807
11808
11809
11810
11811
11812
11813
11814
11815
11816
11817
11819
11820
11821
11822
11823
11824
11825
11826
11833
11834
11835
11836
11838
11840
11841
11842
11843
11844
11845
11846
11848
11849
11850
11851
11852
11853
11854
11856
11857
11858
11859
11860
11861
11862
11864
11865
11866
11867
11868
11869
11870
11871
11874
11875
11876
11877
11878
11879
11880
11881
11883
11884
11885
11886
11887
11888
11889
11890
11891
11901
11902
11903
11905
11906
11907
11908
11909
11911
11912
11913
11917
11918
11919
11920
11921
11922
11923
11925
11926
11927
11928
11931
11932
11933
11934
11935
11937
11938
11939
11940
11941
11942
11945
11946
11947
11948
11949
11950
11951
11953
11954
11955
11956
11958
11959
11960
11961
11962
11965
11966
11967
11968
11969
11970
11971
11976
11977
11978
11979
11980
11981
11982
11983
11984
11986
11992
11993
11994
11995
11996
11997
12001
12002
12004
12005
12006
12008
12009
12010
12011
12012
12013
12014
12015
12016
12017
12018
12021
12022
12023
12024
12026
12027
12028
12029
12031
12032
12033
12034
12035
12036
12037
12038
12039
12040
12041
12042
12043
12044
12045
12046
12047
12049
12050
12052
12053
12054
12055
12056
12058
12062
12063
12064
12065
12066
12067
12068
12069
12073
12074
12075
12079
12080
12081
12082
12083
12086
12087
12088
12089
12090
12091
12092
12093
12094
12095
12096
12099
12100
12101
12102
12103
12104
12105
12106
12107
12108
12110
12111
12112
12113
12114
12117
12118
12119
12120
12121
12122
12125
12127
12128
12129
12130
12131
12132
12139
12140
12141
12142
12143
12144
12145
12146
12148
12149
12150
12151
12152
12153
12154
12155
12156
12157
12158
12159
12160
12161
12162
12166
12167
12168
12170
12171
12172
12173
12174
12175
12179
12180
12182
12183
12184
12185
12186
12187
12188
12190
12191
12192
12193
12194
12196
12197
12199
12200
12201
12202
12203
12204
12205
12206
12207
12210
12211
12212
12213
12214
12215
12218
12219
12220
12221
12223
12225
12226
12227
12228
12229
12230
12233
12234
12235
12236
12237
12238
12239
12240
12245
12246
12247
12248
12249
12250
12251
12252
12253
12254
12255
12256
12257
12258
12259
12260
12262
12263
12264
12267
12268
12269
12271
12272
12273
12276
12277
12278
12279
12281
12282
12283
12284
12285
12286
12287
12288
12289
12290
12291
12292
12294
12295
12296
12297
12298
12299
12300
12305
12306
12307
12308
12309
12310
12311
12312
12314
12315
12316
12317
12318
12320
12321
12322
12323
12325
12326
12327
12328
12331
12333
12334
12335
12336
12337
12338
12339
12340
12341
12345
12346
12347
12348
12349
12350
12352
12353
12354
12355
12356
12357
12358
12359
12360
12361
12362
12363
12364
12365
12366
12367
12368
12370
12371
12372
12375
12376
12377
12378
12379
12381
12382
12383
12384
12385
12386
12387
12388
12389
12390
12391
12394
12395
12396
12397
12398
12399
12400
12404
12405
12406
12407
12408
12411
12412
12413
12414
12415
12416
12419
12420
12421
12422
12425
12426
12427
12428
12429
12430
12431
12432
12433
12434
12436
12437
12438
12439
12440
12441
12442
12443
12444
12445
12446
12447
12448
12449
12450
12451
12454
12455
12456
12457
12458
12459
12460
12461
12462
12463
12465
12466
12467
12468
12469
12470
12471
12472
12473
12476
12477
12478
12479
12480
12481
12485
12486
12488
12489
12492
12493
12494
12495
12496
12497
12498
12499
12500
12501
12502
12503
12504
12508
12509
12512
12517
12518
12519
12520
12521
12522
12523
12524
12525
12528
12529
12530
12531
12532
12533
12534
12535
12536
12537
12538
12540
12541
12542
12544
12545
12547
12548
12549
12550
12551
12552
12553
12554
12556
12557
12558
12661
12662
12664
12665
12666
12667
12668
12669
12670
12671
12672
12673
12674
12675
12676
12677
12679
12682
12683
12684
12685
12686
12687
12688
12689
12691
12692
12693
12694
12695
12696
12698
12699
12700
12702
12703
12704
12705
12706
12708
12709
12710
12711
12712
12713
12714
12715
12716
12717
12718
12719
12720
12721
12722
12724
12725
12727
12728
12729
12730
12731
12732
12733
12734
12738
12739
12741
12742
12773
12774
12775
12776
12777
12778
12779
12780
12781
12783
12784
12785
12786
12787
12789
12790
12791
12793
12794
12795
12796
12797
12798
12799
12800
12801
12802
12803
12804
12805
12807
12808
12809
12810
12812
12815
12816
12817
12818
12819
12820
12821
12822
12823
12825
12826
12827
12829
12830
12831
12832
12833
12834
12835
12836
12837
12838
12839
12840
12843
12844
12845
12846
12847
12851
12852
12853
12854
12855
12856
12857
12858
12859
12860
12861
12862
12864
12865
12866
12867
12868
12870
12871
12874
12875
12877
12878
12879
12880
12881
12882
12883
12884
12888
12889
12890
12891
12892
12895
12896
12898
12899
12900
12902
12903
12904
12905
12906
12907
12908
12909
12911
12912
12913
12915
12916
12918
12919
12920
12921
12922
12923
12924
12925
12926
12927
12928
12929
12930
12931
12932
12934
12935
12936
12937
12939
12940
12941
12942
12943
12944
12946
12947
12948
12949
12950
12951
12952
12953
12954
12955
12956
12957
12958
12959
12960
12961
12962
12963
12964
12968
12969
12970
12971
12972
12973
12974
12975
12976
12977
12978
12980
12982
12983
12984
12988
12989
12990
12991
12992
12993
12994
12995
12996
12997
12998
12999
13000
13001
13002
13003
13004
13005
13006
13007
13008
13011
13012
13013
13014
13015
13018
13020
13021
13022
13023
13024
13025
13026
13030
13031
13032
13033
13034
13035
13036
13039
13040
13041
13042
13043
13044
13045
13046
13047
13048
13049
13050
13051
13053
13056
13057
13059
13061
13062
13063
13064
13065
13066
13067
13068
13069
13070
13071
13072
13073
13074
13075
13077
13080
13081
13082
13085
13086
13087
13088
13089
13090
13091
13093
13094
13095
13096
13097
13098
13099
13100
13101
13103
13104
13105
13106
13107
13108
13109
13111
13112
13113
13114
13115
13117
13118
13119
13120
13121
13122
13123
13124
13125
13126
13127
13128
13129
13130
13131
13132
13133
13134
13135
13136
13137
13138
13139
13140
13141
13142
13143
13144
13145
13147
13148
13149
13150
13151
13152
13153
13154
13155
13156
13157
13158
13159
13161
13162
13163
13164
13165
13166
13167
13168
13169
13170
13171
13172
13173
13174
13175
13176
13177
13178
13179
13180
13181
13182
13183
13184
13185
13186
13187
13188
13189
13190
13191
13192
13193
13194
13195
13196
13198
13199
13200
13201
13202
13204
13205
13206
13207
13208
13209
13210
13211
13212
13213
13214
13215
13218
13219
13220
13221
13222
13223
13224
13225
13226
13228
13229
13230
13231
13232
13233
13234
13235
13238
13239
13240
13241
13242
13243
13244
13245
13246
13247
13248
13249
13250
13251
13252
13253
13254
13256
13257
13258
13259
13260
13262
13263
13264
13265
13266
13267
13268
13269
13270
13271
13272
13273
13274
13275
13276
13278
13279
13280
13281
13282
13283
13284
13285
13286
13287
13288
13289
13290
13292
13293
13295
13296
13297
13298
13299
13300
13301
13302
13303
13304
13305
13307
13308
13309
13310
13311
13312
13313
13314
13315
13318
13319
13320
13321
13322
13323
13324
13325
13327
13329
13330
13332
13333
13334
13337
13338
13339
13340
13341
13342
13343
13344
13346
13347
13348
13349
13350
13351
13352
13353
13354
13355
13356
13357
13359
13360
13361
13362
13363
13364
13366
13367
13368
13369
13370
13371
13372
13374
13376
13378
13379
13380
13383
13384
13385
13386
13387
13388
13389
13390
13391
13392
13394
13395
13396
13397
13398
13399
13433
13434
13435
13436
13437
13438
13439
13440
13441
13442
13443
13444
13445
13447
13448
13449
13450
13451
13452
13453
13456
13458
13459
13460
13461
13462
13463
13466
13467
13468
13469
13470
13471
13472
13473
13475
13476
13477
13478
13480
13481
13482
13483
13484
13485
13486
13487
13488
13489
13490
13492
13493
13494
13495
13498
13499
13500
13501
13502
13503
13504
13505
13506
13507
13508
13509
13510
13511
13512
13513
13514
13515
13516
13517
13518
13519
13520
13521
13522
13524
13525
13527
13528
13529
13530
13531
13532
13534
13535
13536
13537
13538
13539
13540
13541
13545
13546
13547
13548
13549
13551
13552
13553
13554
13555
13556
13557
13558
13559
13560
13561
13562
13565
13566
13567
13568
13569
13570
13571
13572
13575
13576
13578
13581
13582
13583
13584
13586
13587
13588
13590
13591
13592
13593
13594
13595
13597
13598
13599
13600
13601
13602
13603
13604
13605
13606
13607
13608
13609
13610
13611
13614
13615
13616
13617
13618
13619
13620
13621
13622
13623
13624
13625
13626
13627
13628
13629
13632
13633
13634
13635
13636
13639
13640
13641
13642
13643
13644
13645
13648
13649
13650
13653
13654
13655
13656
13657
13658
13659
13758
13759
13760
13761
13762
13765
13767
13768
13769
13770
13772
13773
13774
13775
13776
13777
13778
13779
13780
13782
13783
13787
13788
13789
13790
13791
13792
13793
13794
13795
13796
13797
13799
13800
13801
13802
13803
13804
13805
13806
13807
13809
13812
13813
13814
13815
13816
13817
13818
13819
13820
13821
13822
13823
13824
13828
13829
13830
13831
13832
13833
13835
13836
13837
13838
13839
13840
13841
13842
13843
13845
13846
13847
13851
13852
13853
13854
13855
13858
13859
13860
13861
13862
13863
13864
13865
13866
13869
13870
13871
13872
13873
13874
13875
13876
13879
13880
13881
13882
13883
13884
13885
13886
13887
13888
13889
13890
13891
13893
13894
13895
13896
13897
13898
13899
13900
13904
13905
13906
13907
13908
13910
13911
13912
13913
13914
13915
13916
13918
13919
13920
13921
13922
13923
13924
13928
13930
13931
13932
13933
13934
13938
13943
13944
13945
13946
13947
13948
13949
13950
13951
13952
13953
13954
13955
13958
13959
13960
13961
13962
13963
13964
13965
13966
13967
13968
13969
13970
13971
13972
13973
13974
13975
13977
13978
13979
13980
13981
13985
13986
13987
13988
13989
13990
13991
13992
13993
13995
13996
13997
13998
13999
14000
14001
14002
14003
14004
14008
14010
14011
14014
14015
14016
14019
14020
14021
14023
14024
14026
14027
14029
14030
14031
14033
14034
14035
14036
14040
14041
14042
14043
14045
14046
14047
14048
14049
14050
14051
14052
14053
14054
14055
14056
14057
14058
14059
14061
14062
14064
14065
14066
14067
14068
14069
14070
14071
14073
14074
14075
14076
14077
14078
14079
14080
14083
14084
14085
14086
14087
14088
14089
14090
14091
14092
14093
14094
14095
14097
14098
14099
14102
14103
14104
14148
14149
14151
14152
14153
14154
14155
14156
14157
14158
14161
14162
14163
14164
14165
14166
14167
14168
14169
14170
14171
14172
14173
14174
14175
14176
14179
14180
14181
14182
14183
14184
14185
14186
14187
14188
14189
14190
14191
14192
14193
14194
14195
14196
14197
14199
14200
14201
14202
14203
14209
14210
14211
14212
14213
14214
14215
14216
14217
14218
14220
14221
14222
14225
14227
14228
14229
14265
14266
14267
14268
14269
14272
14273
14274
14275
14278
14280
14281
14282
14283
14284
14285
14286
14287
14290
14291
14292
14293
14294
14297
14299
14300
14301
14302
14303
14304
14305
14306
14307
14308
14310
14311
14312
14313
14350
14351
14352
14354
14355
14356
14357
14358
14359
14360
14361
14362
14363
14364
14365
14366
14367
14370
14371
14372
14373
14374
14375
14376
14377
14378
14380
14381
14382
14383
14384
14385
14386
14387
14388
14389
14390
14391
14393
14394
14396
14397
14398
14399
14400
14401
14402
14403
14404
14405
14406
14407
14408
14409
14410
14411
14413
14414
14417
14418
14419
14420
14422
14424
14425
14426
14427
14428
14429
14430
14431
14432
14433
14435
14436
14437
14438
14439
14440
14441
14442
14443
14446
14447
14448
14449
14450
14451
14452
14454
14455
14456
14457
14458
14459
14460
14462
14463
14464
14465
14466
14467
14468
14469
14470
14472
14473
14474
14475
14476
14477
14478
14479
14480
14481
14482
14483
14484
14485
14486
14488
14489
14490
14492
14493
14494
14497
14498
14499
14500
14501
14502
14503
14504
14505
14506
14507
14508
14509
14510
14512
14513
14514
14515
14517
14518
14521
14523
14525
14526
14527
14528
14529
14531
14532
14534
14535
14537
14538
14540
14543
14544
14545
14546
14547
14548
14549
14552
14553
14556
14557
14561
14562
14563
14564
14565
14566
14567
14568
14569
14570
14571
14574
14577
14578
14579
14583
14584
14587
14588
14591
14592
14593
14594
14600
14601
14602
14604
14605
14606
14609
14610
14611
14612
14613
14614
14615
14616
14617
14618
14619
14620
14621
14622
14623
14624
14625
14627
14628
14629
14630
14631
14632
14633
14634
14635
14636
14637
14639
14640
14641
14644
14645
14646
14648
14649
14650
14651
14652
14653
14654
14655
14656
14657
14658
14659
14660
14661
14663
14664
14665
14666
14667
14669
14670
14671
14672
14673
14674
14675
14676
14677
14678
14679
14680
14682
14684
14685
14686
14687
14688
14689
14690
14691
14692
14693
14694
14695
14696
14697
14698
14699
14700
14701
14702
14703
14704
14705
14706
14707
14708
14709
14710
14711
14713
14714
14715
14716
14717
14718
14719
14720
14721
14722
14723
14724
14725
14726
14728
14729
14730
14732
14734
14735
14736
14737
14738
14739
14740
14743
14744
14745
14746
14747
14748
14749
14750
14751
14752
14753
14754
14755
14756
14757
14758
14761
14762
14763
14767
14768
14769
14774
14775
14776
14777
14778
14780
14781
14782
14783
14784
14785
14786
14787
14788
14789
14790
14793
14794
14795
14796
14799
14800
14802
14803
14804
14805
14806
14807
14808
14809
14810
14811
14812
14813
14814
14815
14816
14817
14818
14819
14820
14823
14824
14825
14826
14827
14828
14829
14832
14833
14835
14836
14837
14839
14841
14842
14843
14846
14847
14848
14849
14851
14852
14853
14854
14855
14856
14857
14859
14860
14861
14862
14864
14865
14866
14867
14868
14869
14870
14871
14872
14876
14877
14878
14879
14881
14882
14883
14884
14885
14886
14887
14889
14890
14891
14892
14893
14894
14895
14896
14897
14898
14900
14901
14902
14903
14904
14905
14906
14907
14908
14910
14913
14914
14915
14916
14917
14918
14921
14922
14923
14924
14925
14926
14928
14929
14930
14931
14932
14933
14935
14936
14938
14939
14940
14941
14942
14943
14944
14945
14946
14947
14948
14949
14950
14951
14952
14953
14954
14955
14956
14957
14958
14959
14960
14961
14962
14963
14965
14966
14967
14968
14969
14970
14971
14973
14974
14975
14976
14977
14978
14979
14980
14982
14983
14985
14986
14987
14988
14989
14990
14991
14992
14993
14994
14995
14997
14998
14999
15000
15001
15002
15004
15005
15006
15007
15008
15009
15010
15011
15012
15014
15015
15016
15017
15018
15020
15021
15022
15024
15025
15026
15027
15028
15029
15031
15032
15033
15034
15035
15036
15037
15038
15039
15040
15041
15042
15043
15044
15045
15046
15047
15048
15050
15051
15052
15053
15055
15057
15058
15059
15060
15061
15063
15064
15065
15066
15067
15068
15070
15071
15073
15074
15075
15078
15079
15320
15321
15323
15324
15325
15326
15328
15329
15330
15331
15332
15333
15334
15335
15336
15339
15340
15341
15343
15344
15345
15346
15347
15348
15349
15350
15351
15352
15353
15354
15356
15357
15358
15359
15360
15362
15365
15367
15368
15369
15370
15371
15373
15374
15375
15376
15377
15380
15381
15382
15383
15384
15385
15386
15388
15389
15390
15391
15393
15394
15395
15396
15397
15398
15399
15400
15401
15402
15403
15404
15406
15407
15408
15409
15410
15412
15413
15414
15415
15416
15417
15418
15419
15420
15421
15422
15424
15425
15428
15430
15431
15432
15433
15434
15435
15436
15437
15438
15440
15441
15442
15443
15446
15447
15448
15449
15451
15452
15453
15454
15455
15456
15457
15458
15459
15460
15461
15464
15466
15469
15471
15472
15473
15475
15476
15478
15479
15482
15483
15484
15486
15487
15489
15490
15492
15493
15494
15495
15496
15497
15498
15499
15500
15501
15502
15503
15504
15507
15508
15509
15510
15511
15512
15513
15514
15515
15516
15517
15518
15519
15520
15521
15522
15523
15524
15525
15526
15527
15529
15530
15531
15532
15533
15534
15535
15536
15539
15540
15541
15542
15543
15544
15545
15547
15548
15549
15550
15551
15553
15554
15555
15556
15557
15558
15559
15560
15561
15562
15563
15564
15565
15566
15568
15570
15571
15572
15573
15574
15575
15576
15579
15580
15582
15583
15584
15585
15586
15587
15588
15589
15590
15591
15592
15593
15595
15596
15597
15598
15599
15600
15601
15602
15603
15604
15605
15606
15607
15608
15609
15610
15613
15614
15615
15616
15617
15618
15619
15622
15623
15625
15626
15627
15628
15629
15630
15631
15632
15633
15634
15635
15636
15638
15639
15640
15641
15642
15645
15646
15647
15648
15649
15650
15651
15652
15654
15655
15656
15657
15658
15659
15660
15661
15662
15663
15664
15667
15668
15669
15670
15671
15673
15674
15675
15676
15677
15678
15679
15680
15681
15724
15725
15726
15727
15728
15729
15730
15738
15739
15743
15744
15745
15746
15748
15749
15750
15751
15752
15753
15756
15758
15759
15761
15762
15763
15764
15765
15766
15768
15769
15770
15771
15772
15774
15775
15776
15777
15778
15779
15780
15783
15784
15785
15786
15787
15791
15792
15793
15794
15795
15796
15797
15798
15799
15802
15803
15806
15809
15810
15812
15813
15814
15815
15816
15817
15819
15820
15821
15822
15823
15824
15825
15826
15827
15828
15829
15830
15831
15833
15835
15836
15837
15838
15894
15895
15896
15897
15898
15899
15904
15905
15906
15907
15908
15909
15910
15911
15912
15913
15914
15915
15916
15920
15921
15922
15923
15924
15925
15926
15927
15928
15929
15930
15932
15933
15934
15935
15936
15937
15938
15939
15940
15941
15942
15943
15944
15945
15946
15947
15948
15951
15952
15953
15956
15957
15958
15959
15960
15962
15963
15964
15965
15966
15968
15970
15971
15974
15975
15976
15977
15978
15979
15980
15982
15983
15984
15985
15986
15987
15988
15989
15990
15991
15992
15993
15997
15999
16000
16001
16002
16003
16004
16005
16006
16007
16008
16009
16010
16011
16012
16016
16017
16018
16019
16020
16021
16022
16023
16024
16025
16027
16028
16029
16030
16031
16032
16033
16034
16035
16036
16037
16038
16041
16042
16043
16044
16045
16046
16047
16048
16049
16050
16052
16053
16054
16055
16056
16057
16060
16061
16062
16064
16065
16066
16068
16069
16070
16071
16072
16073
16076
16077
16078
16079
16080
16081
16082
16083
16086
16087
16088
16089
16090
16091
16092
16094
16096
16097
16098
16099
16104
16105
16107
16108
16109
16110
16111
16112
16113
16114
16115
16117
16118
16119
16120
16122
16123
16124
16125
16162
16163
16164
16165
16169
16170
16173
16174
16175
16178
16179
16180
16181
16182
16183
16184
16185
16186
16187
16188
16189
16190
16191
16192
16193
16194
16195
16196
16197
16198
16200
16201
16202
16203
16204
16205
16206
16207
16208
16211
16212
16213
16214
16215
16216
16217
16218
16219
16220
16221
16222
16223
16224
16225
16226
16227
16230
16231
16234
16235
16238
16239
16240
16241
16242
16243
16244
16245
16246
16247
16248
16249
16250
16251
16252
16253
16254
16255
16256
16257
16258
16259
16262
16263
16264
16267
16268
16270
16271
16272
16273
16274
16275
16276
16277
16278
16279
16280
16281
16282
16283
16284
16285
16286
16287
16288
16289
16291
16292
16293
16294
16295
16296
16297
16298
16299
16300
16301
16302
16303
16304
16305
16306
16307
16308
16309
16311
16312
16313
16314
16315
16316
16317
16318
16319
16320
16321
16322
16324
16325
16327
16328
16330
16331
16332
16333
16334
16335
16336
16337
16338
16339
16340
16342
16343
16344
16345
16346
16347
16348
16349
16350
16352
16353
16354
16356
16357
16358
16359
16361
16362
16364
16365
16366
16367
16368
16369
16370
16371
16372
16373
16374
16375
16376
16377
16378
16379
16380
16381
16383
16384
16385
16386
16387
16388
16389
16390
16391
16392
16393
16394
16395
16397
16398
16399
16400
16401
16402
16403
16405
16406
16407
16409
16410
16411
16412
16413
16415
16416
16417
16418
16419
16420
16421
16422
16423
16424
16425
16426
16427
16428
16429
16430
16431
16432
16433
16435
16436
16437
16438
16439
16440
16441
16442
16443
16444
16446
16448
16449
16450
16451
16452
16453
16454
16455
16456
16457
16458
16459
16460
16461
16462
16463
16465
16466
16467
16468
16469
16471
16472
16474
16475
16476
16477
16478
16479
16480
16481
16482
16483
16484
16485
16486
16487
16490
16491
16492
16493
16494
16495
16498
16499
16500
16501
16502
16503
16504
16506
16507
16509
16510
16511
16512
16514
16516
16517
16518
16519
16520
16521
16522
16523
16524
16525
16526
16527
16528
16529
16530
16531
16533
16534
16535
16536
16537
16538
16539
16540
16541
16542
16543
16544
16545
16547
16548
16549
16550
16552
16553
16554
16555
16556
16557
16558
16559
16560
16561
16562
16563
16564
16565
16566
16567
16568
16569
16570
16571
16572
16573
16574
16575
16576
16577
16578
16579
16580
16581
16582
16583
16584
16585
16586
16587
16588
16589
16590
16591
16592
16593
16594
16595
16596
16597
16599
16601
16602
16603
16604
16605
16606
16607
16608
16610
16611
16612
16613
16614
16615
16616
16636
16637
16639
16640
16642
16643
16647
16648
16649
16652
16653
16654
16655
16657
16658
16659
16660
16661
16662
16663
16664
16665
16666
16667
16671
16672
16673
16674
16675
16677
16678
16679
16680
16681
16682
16683
16684
16685
16686
16687
16688
16689
16690
16691
16693
16694
16695
16696
16697
16699
16700
16702
16703
16704
16705
16706
16707
16708
16709
16710
16711
16712
16713
16714
16716
16717
16718
16719
16720
16723
16724
16725
16726
16728
16729
16730
16731
16732
16733
16734
16735
16737
16738
16739
16740
16742
16743
16745
16746
16748
16749
16750
16751
16752
16753
16755
16756
16757
16758
16759
16760
16761
16762
16763
16764
16765
16767
16768
16769
16770
16771
16772
16773
16774
16775
16777
16778
16779
16813
16814
16815
16816
16817
16818
16819
16820
16821
16822
16823
16824
16825
16826
16827
16828
16830
16831
16832
16833
16834
16835
16836
16837
16838
16863
16864
16865
16866
16868
16869
16870
16871
16872
16873
16874
16875
16876
16877
16878
16879
16880
16881
16882
16883
16884
16885
16886
16887
16888
16889
16890
16891
16892
16893
16917
16918
16919
16920
16921
16922
16923
16924
16925
16926
16928
16929
16931
16932
16934
16935
16936
16937
16938
16939
16940
16941
16942
16943
16944
16945
16946
16948
16949
16950
16951
16952
16953
16955
16956
16957
16959
16960
16961
16962
16963
16964
16967
16968
16969
16970
16971
16972
16973
16974
16975
16976
16977
16978
16979
16980
16981
16982
16983
16984
16985
16986
16987
16988
16989
16990
16991
16993
16994
16995
16996
16997
16998
17000
17001
17002
17003
17005
17006
17007
17009
17010
17011
17012
17013
17014
17015
17016
17018
17019
17020
17021
17022
17023
17025
17026
17027
17028
17029
17030
17031
17032
17035
17036
17038
17041
17042
17043
17044
17045
17046
17047
17048
17049
17051
17052
17053
17054
17055
17059
17061
17062
17065
17066
17067
17068
17069
17070
17072
17073
17074
17075
17076
17077
17078
17079
17080
17081
17083
17084
17086
17087
17088
17089
17090
17091
17092
17093
17094
17095
17096
17097
17101
17102
17103
17104
17105
17106
17107
17108
17109
17110
17111
17112
17113
17114
17115
17116
17117
17118
17119
17120
17121
17122
17123
17125
17126
17127
17128
17155
17156
17157
17159
17160
17161
17162
17163
17164
17165
17166
17167
17169
17170
17173
17174
17175
17177
17178
17179
17181
17182
17183
17184
17185
17186
17187
17222
17225
17226
17227
17228
17229
17230
17231
17232
17233
17234
17235
17236
17237
17238
17240
17241
17242
17243
17244
17245
17246
17247
17248
17249
17250
17251
17252
17253
17254
17255
17256
17257
17259
17260
17261
17262
17263
17264
17265
17267
17269
17270
17271
17272
17273
17274
17276
17277
17278
17279
17280
17281
17282
17283
17284
17285
17286
17287
17288
17289
17290
17291
17292
17293
17295
17296
17298
17299
17300
17301
17302
17303
17304
17305
17309
17310
17311
17313
17314
17315
17316
17317
17318
17319
17320
17321
17322
17323
17327
17328
17329
17330
17331
17332
17333
17334
17335
17336
17337
17338
17339
17340
17342
17343
17344
17345
17346
17347
17348
17349
17350
17351
17352
17353
17354
17355
17357
17358
17362
17363
17364
17365
17366
17367
17369
17370
17371
17372
17373
17374
17375
17376
17377
17378
17379
17380
17381
17382
17383
17384
17385
17386
17387
17388
17389
17390
17391
17392
17393
17394
17395
17396
17397
17398
17399
17400
17401
17402
17403
17404
17405
17406
17409
17413
17414
17415
17417
17419
17420
17421
17422
17423
17424
17425
17426
17427
17428
17429
17430
17431
17432
17433
17434
17435
17436
17437
17439
17440
17441
17443
17444
17445
17446
17447
17448
17449
17450
17451
17452
17453
17454
17455
17456
17457
17458
17459
17460
17461
17462
17463
17464
17465
17466
17467
17468
17469
17471
17472
17473
17474
17475
17478
17479
17480
17481
17482
17483
17484
17485
17486
17487
17488
17489
17490
17491
17493
17495
17496
17497
17499
17500
17502
17503
17504
17505
17506
17507
17508
17509
17510
17511
17512
17513
17514
17516
17518
17520
17521
17522
17523
17524
17525
17526
17527
17528
17529
17530
17531
17532
17533
17535
17536
17537
17538
17539
17540
17541
17542
17543
17544
17545
17546
17548
17552
17553
17554
17556
17557
17558
17559
17560
17561
17562
17563
17564
17565
17566
17567
17568
17569
17570
17572
17573
17575
17576
17577
17578
17579
17580
17581
17583
17584
17585
17586
17587
17588
17589
17590
17591
17592
17593
17594
17595
17596
17597
17598
17601
17602
17603
17604
17605
17606
17607
17608
17609
17610
17612
17613
17615
17616
17617
17618
17619
17620
17621
17622
17623
17624
17625
17626
17627
17628
17629
17630
17631
17634
17635
17636
17637
17638
17639
17640
17641
17642
17643
17644
17645
17646
17647
17648
17649
17650
17651
17653
17654
17656
17657
17658
17659
17660
17662
17663
17664
17665
17666
17668
17669
17670
17671
17672
17674
17675
17676
17677
17678
17679
17680
17681
17682
17683
17684
17685
17687
17688
17689
17690
17691
17692
17693
17695
17696
17697
17698
17699
17700
17701
17702
17703
17705
17707
17708
17709
17710
17713
17714
17715
17716
17717
17718
17719
17720
17721
17722
17723
17724
17725
17726
17727
17728
17729
17730
17731
17733
17734
17735
17736
17737
17738
17740
17741
17744
17746
17747
17748
17750
17752
17753
17754
17755
17756
17757
17758
17759
17761
17762
17763
17764
17765
17766
17767
17768
17772
17773
17774
17775
17776
17777
17779
17780
17783
17784
17785
17786
17787
17788
17789
17791
17792
17793
17794
17795
17796
17797
17798
17799
17800
17804
17805
17806
17807
17809
17810
17811
17812
17813
17814
17817
17818
17819
17820
17821
17822
17823
17824
17825
17826
17827
17829
17831
17832
17833
17834
17835
17836
17837
17838
17839
17840
17841
17850
17851
17852
17853
17854
17855
17856
17857
17858
17860
17861
17865
17866
17867
17868
17869
17870
17871
17872
17873
17874
17875
17876
17877
17878
17879
17880
17881
17882
17883
17884
17885
17886
17887
17888
17890
17891
17892
17893
17894
17895
17896
17897
17901
17902
17903
17904
17906
17907
17909
17910
17911
17912
17914
17917
17918
17919
17920
17921
17922
17923
17924
17925
17926
17927
17928
17929
17930
17932
17933
17934
17935
17936
17937
17938
17940
17941
17942
17943
17944
17945
17948
17950
17951
17953
17954
17955
17956
17957
17958
17959
17961
17962
17963
17964
17966
17967
17968
17969
17972
17975
17976
17977
17978
17979
17981
17982
17983
17984
17985
17986
17987
17988
17990
17991
17994
17995
17996
17997
17998
17999
18000
18001
18003
18004
18005
18006
18007
18008
18009
18010
18011
18012
18013
18016
18018
18019
18020
18021
18022
18023
18025
18026
18032
18033
18034
18035
18038
18039
18040
18041
18043
18045
18046
18047
18048
18049
18050
18051
18052
18053
18054
18058
18059
18060
18061
18062
18063
18064
18065
18066
18067
18068
18069
18070
18072
18073
18074
18075
18076
18078
18081
18082
18083
18084
18085
18086
18087
18088
18089
18090
18091
18092
18093
18094
18096
18097
18098
18099
18100
18101
18102
18104
18105
18108
18109
18110
18112
18113
18114
18115
18116
18117
18118
18119
18120
18121
18122
18123
18124
18125
18126
18128
18129
18130
18131
18132
18133
18134
18136
18137
18138
18140
18141
18143
18144
18145
18146
18147
18148
18149
18150
18152
18154
18156
18158
18159
18160
18161
18162
18163
18164
18166
18167
18169
18171
18172
18173
18174
18175
18180
18181
18182
18183
18184
18185
18187
18188
18189
18190
18191
18192
18193
18194
18195
18196
18197
18198
18199
18200
18201
18202
18203
18204
18205
18206
18207
18208
18210
18211
18214
18215
18216
18218
18220
18221
18223
18225
18226
18227
18228
18229
18230
18231
18232
18233
18234
18235
18236
18237
18239
18241
18242
18243
18244
18245
18252
18253
18254
18258
18260
18261
18262
18263
18264
18265
18266
18267
18268
18269
18270
18271
18272
18275
18276
18277
18278
18279
18280
18282
18283
18284
18285
18286
18287
18288
18289
18290
18291
18292
18293
18296
18297
18298
18299
18301
18302
18304
18305
18306
18307
18309
18310
18311
18312
18313
18314
18315
18316
18317
18318
18319
18325
18326
18328
18329
18332
18333
18334
18336
18337
18340
18341
18342
18343
18344
18345
18346
18347
18348
18349
18350
18351
18352
18353
18354
18355
18356
18357
18358
18362
18363
18364
18507
18508
18509
18511
18512
18513
18514
18515
18516
18518
18519
18520
18521
18523
18524
18525
18526
18529
18531
18532
18533
18534
18537
18538
18539
18540
18541
18542
18547
18548
18549
18550
18551
18552
18553
18554
18555
18556
18558
18560
18561
18562
18563
18564
18565
18566
18567
18568
18571
18572
18574
18575
18576
18577
18578
18581
18582
18584
18585
18586
18587
18644
18646
18647
18648
18649
18650
18651
18652
18653
18654
18655
18656
18657
18658
18659
18660
18661
18662
18663
18664
18665
18666
18667
18668
18669
18670
18671
18672
18673
18674
18675
18676
18677
18678
18736
18737
18738
18739
18740
18741
18742
18743
18744
18745
18746
18748
18749
18750
18753
18755
18756
18757
18758
18759
18760
18761
18762
18764
18765
18766
18767
18768
18771
18772
18773
18774
18775
18776
18779
18780
18781
18782
18783
18784
18785
18786
18787
18789
18791
18792
18794
18795
18796
18797
18799
18800
18801
18802
18803
18804
18805
18806
18808
18809
18810
18811
18812
18813
18814
18815
18816
18818
18819
18820
18821
18822
18823
18826
18827
18828
18829
18831
18832
18833
18834
18835
18836
18837
18838
18839
18840
18841
18842
18843
18844
18845
18846
18847
18848
18850
18851
18852
18853
18854
18855
18856
18857
18858
18859
18860
18861
18862
18863
18865
18866
18867
18868
18869
18871
18872
18873
18876
18877
18878
18879
18880
18881
18882
18883
18884
18885
18886
18888
18889
18890
18891
18892
18893
18894
18895
18896
18897
18898
18899
18902
18904
18905
18906
18907
18908
18910
18911
18912
18913
18914
18915
18916
18917
18918
18919
18920
18923
18924
18925
18926
18927
18928
18929
18930
18931
18933
18934
18936
18937
18938
18939
18940
18941
18942
18943
18944
18945
18946
18947
18948
18996
18998
18999
19000
19001
19002
19003
19004
19005
19008
19009
19010
19011
19012
19014
19015
19016
19018
19020
19021
19022
19023
19024
19025
19027
19028
19029
19030
19031
19032
19033
19034
19035
19036
19037
19038
19039
19040
19041
19042
19043
19044
19045
19046
19049
19050
19051
19053
19054
19055
19056
19057
19059
19060
19061
19062
19063
19064
19065
19066
19068
19069
19070
19071
19072
19073
19074
19075
19077
19080
19081
19082
19084
19085
19086
19087
19088
19089
19090
19092
19093
19096
19097
19098
19099
19100
19103
19104
19105
19106
19108
19109
19114
19115
19116
19117
19119
19120
19121
19122
19123
19124
19125
19127
19128
19129
19130
19131
19133
19134
19135
19136
19137
19138
19139
19140
19142
19143
19144
19145
19146
19147
19148
19149
19150
19151
19153
19154
19284
19285
19286
19287
19288
19291
19292
19293
19294
19297
19298
19299
19300
19301
19302
19303
19304
19306
19307
19308
19309
19311
19312
19316
19317
19318
19319
19320
19321
19322
19323
19325
19326
19328
19329
19330
19331
19332
19333
19334
19335
19336
19337
19338
19339
19341
19342
19346
19347
19348
19351
19352
19353
19354
19355
19356
19357
19358
19359
19360
19361
19362
19363
19366
19367
19368
19370
19371
19372
19373
19374
19375
19376
19377
19378
19379
19380
19381
19382
19383
19384
19386
19387
19388
19389
19391
19392
19393
19394
19395
19396
19397
19398
19399
19401
19402
19403
19404
19407
19408
19409
19410
19411
19412
19413
19414
19415
19416
19417
19418
19421
19422
19423
19424
19426
19427
19428
19429
19430
19431
19432
19433
19434
19435
19437
19438
19439
19440
19441
19442
19443
19444
19445
19446
19447
19448
19449
19450
19451
19453
19454
19455
19456
19457
19459
19460
19461
19462
19463
19464
19465
19467
19468
19469
19470
19472
19473
19474
19475
19476
19478
19480
19481
19482
19483
19484
19485
19486
19487
19488
19489
19490
19491
19492
19493
19494
19495
19496
19497
19498
19499
19500
19501
19502
19503
19504
19505
19506
19507
19508
19510
19511
19512
19513
19514
19515
19516
19517
19518
19519
19520
19521
19522
19523
19524
19526
19527
19528
19529
19530
19531
19532
19533
19534
19535
19536
19537
19538
19539
19540
19541
19542
19545
19546
19547
19548
19549
19550
19551
19553
19554
19556
19557
19558
19559
19560
19561
19562
19563
19564
19565
19593
19594
19595
19596
19598
19599
19600
19601
19602
19603
19605
19606
19607
19608
19609
19610
19611
19612
19613
19614
19615
19617
19618
19619
19620
19621
19622
19624
19625
19626
19627
19628
19629
19630
19635
19637
19638
19639
19641
19642
19643
19644
19645
19646
19647
19648
19649
19650
19651
19652
19653
19654
19656
19657
19658
19659
19662
19663
19665
19666
19668
19669
19670
19671
19672
19673
19676
19677
19678
19680
19681
19682
19683
19686
19687
19689
19690
19691
19692
19693
19694
19695
19696
19697
19698
19699
19700
19701
19704
19705
19707
19708
19709
19711
19713
19714
19715
19716
19717
19718
19719
19720
19721
19722
19723
19724
19725
19726
19727
19728
19729
19730
19731
19732
19733
19735
19736
19737
19738
19739
19741
19744
19745
19746
19747
19748
19749
19750
19752
19753
19754
19755
19756
19758
19760
19761
19762
19763
19765
19766
19767
19768
19769
19770
19771
19773
19776
19777
19778
19779
19837
19838
19839
19840
19841
19843
19844
19845
19847
19848
19849
19850
19851
19852
19853
19854
19855
19856
19857
19858
19859
19860
19862
19863
19865
19866
19867
19868
19869
19870
19871
19872
19873
19874
19876
19877
19878
19879
19880
19881
19882
19885
19886
19887
19888
19889
19891
19892
19893
19894
19895
19896
19897
19898
19899
19900
19901
19902
19903
19904
19905
19906
19907
19908
19909
19910
19911
19912
19913
19915
19916
19917
19918
19919
19920
19921
19922
19923
19924
19925
19927
19928
19929
19930
19931
19932
19934
19935
19936
19938
19939
19940
19941
19942
19943
19944
19945
19947
19948
19949
19950
19951
19953
19954
19955
19956
19957
19958
19959
19960
19961
19962
19963
19964
19965
19966
19967
19968
19970
19972
19973
19974
19975
19976
19977
19978
19979
19980
19981
19982
19983
19984
19985
19986
19987
19988
19989
19990
19991
19992
19993
19994
19997
19998
19999
20000
20001
20002
20011
20012
20014
20015
20016
20018
20019
20020
20021
20022
20023
20024
20025
20026
20027
20028
20029
20030
20031
20032
20033
20034
20036
20037
20038
20040
20041
20042
20043
20044
20045
20046
20047
20048
20049
20050
20051
20052
20053
20054
20055
20056
20057
20058
20060
20061
20062
20063
20064
20065
20066
20086
20087
20088
20089
20090
20091
20092
20093
20096
20097
20099
20100
20101
20102
20103
20104
20105
20106
20107
20108
20109
20110
20111
20113
20114
20115
20116
20117
20119
20121
20122
20123
20124
20125
20126
20127
20130
20131
20132
20135
20136
20137
20138
20139
20142
20143
20144
20145
20146
20147
20148
20149
20150
20222
20223
20224
20225
20226
20227
20228
20229
20230
20233
20234
20235
20236
20237
20238
20239
20240
20245
20246
20247
20248
20249
20250
20251
20253
20254
20255
20256
20257
20259
20260
20261
20262
20263
20265
20266
20268
20269
20270
20271
20273
20274
20275
20276
20277
20278
20281
20282
20283
20284
20286
20287
20288
20289
20290
20291
20293
20294
20295
20296
20297
20298
20300
20301
20304
20305
20307
20308
20309
20310
20311
20313
20314
20315
20316
20317
20318
20319
20320
20321
20323
20324
20325
20326
20327
20328
20333
20334
20335
20336
20338
20339
20340
20343
20345
20346
20347
20348
20349
20351
20352
20354
20355
20356
20357
20358
20360
20361
20362
20363
20364
20365
20367
20368
20369
20370
20371
20372
20374
20375
20376
20377
20379
20380
20381
20383
20384
20385
20386
20387
20388
20391
20392
20394
20395
20396
20397
20398
20399
20401
20402
20403
20404
20405
20406
20407
20409
20412
20413
20414
20415
20416
20417
20418
20419
20421
20422
20423
20424
20425
20426
20427
20428
20429
20430
20431
20432
20436
20437
20438
20439
20440
20441
20443
20444
20445
20446
20447
20450
20451
20452
20453
20454
20455
20456
20457
20458
20459
20460
20461
20462
20463
20464
20465
20466
20467
20468
20469
20470
20471
20473
20474
20475
20476
20478
20479
20480
20481
20482
20484
20485
20486
20487
20488
20489
20491
20493
20494
20495
20496
20497
20498
20499
20500
20501
20503
20504
20505
20506
20507
20508
20509
20510
20511
20512
20513
20514
20515
20517
20518
20520
20521
20522
20525
20526
20527
20528
20531
20535
20536
20537
20538
20539
20540
20542
20544
20545
20546
20547
20548
20549
20551
20552
20553
20555
20556
20557
20560
20561
20562
20563
20566
20567
20568
20570
20571
20572
20573
20574
20575
20576
20577
20578
20582
20583
20584
20585
20587
20588
20589
20591
20593
20594
20596
20597
20598
20599
20600
20601
20602
20604
20605
20606
20607
20608
20609
20610
20611
20612
20617
20618
20620
20621
20623
20624
20625
20626
20628
20629
20630
20631
20632
20633
20634
20635
20636
20637
20638
20640
20641
20642
20647
20649
20650
20651
20652
20653
20657
20658
20659
20660
20661
20662
20663
20665
20667
20668
20672
20674
20675
20676
20677
20678
20679
20681
20682
20683
20684
20685
20686
20687
20688
20689
20690
20691
20692
20694
20695
20697
20698
20699
20701
20703
20704
20707
20708
20709
20710
20711
20712
20713
20714
20715
20716
20717
20718
20720
20721
20722
20723
20727
20728
20729
20730
20731
20737
20738
20739
20740
20742
20743
20744
20745
20746
20747
20748
20749
20750
20751
20752
20753
20754
20755
20756
20757
20758
20759
20760
20763
20764
20765
20766
20768
20771
20772
20773
20774
20775
20776
20780
20781
20782
20783
20784
20785
20786
20787
20794
20795
20797
20798
20799
20801
20802
20803
20804
20805
20806
20807
20810
20811
20812
20813
20814
20815
20816
20817
20818
20819
20820
20821
20822
20823
20824
20826
20827
20828
20829
20830
20831
20832
20833
20834
20835
20837
20838
20839
20840
20841
20842
20843
20848
20849
20850
20851
20852
20853
20856
20857
20858
20859
20860
20862
20863
20864
20865
20866
20867
20868
20870
20871
20873
20874
20875
20876
20877
20878
20879
20880
20881
20886
20888
20889
20890
20891
20892
20893
20894
20895
20896
20897
20898
20899
20900
20903
20904
20905
20906
20907
20908
20911
20913
20914
20915
20917
20918
20919
20920
20921
20922
20923
20924
20925
20926
20928
20929
20930
20931
20932
20933
20936
20937
20938
20939
20941
20943
20944
20945
20946
20947
20948
20949
20950
20951
20952
20953
20954
20955
20956
20957
20958
20960
20961
20962
20964
20965
20966
20967
20968
20969
20970
20971
20975
20976
20977
20978
20979
20980
20981
20982
20984
20985
20986
20987
20988
20989
20990
20991
20992
20993
20994
20995
20996
20997
20998
20999
21000
21001
21002
21003
21004
21005
21006
21008
21009
21010
21011
21012
21013
21014
21015
21016
21017
21018
21019
21020
21021
21022
21023
21024
21025
21026
21027
21029
21030
21032
21034
21035
21037
21038
21039
21040
21041
21042
21043
21044
21046
21047
21048
21049
21051
21053
21054
21055
21056
21057
21058
21059
21060
21062
21063
21064
21065
21066
21067
21069
21070
21071
21072
21073
21074
21075
21076
21077
21078
21081
21082
21083
21084
21087
21088
21089
21090
21091
21092
21093
21094
21096
21097
21100
21101
21102
21103
21104
21105
21106
21107
21108
21109
21110
21111
21112
21113
21115
21116
21117
21118
21119
21120
21122
21123
21124
21125
21126
21127
21128
21130
21131
21133
21134
21135
21136
21137
21138
21139
21140
21141
21142
21144
21145
21146
21148
21149
21151
21152
21153
21154
21156
21157
21158
21159
21160
21161
21162
21163
21164
21165
21166
21167
21168
21169
21172
21173
21174
21175
21176
21178
21179
21180
21181
21182
21184
21185
21186
21187
21188
21189
21193
21194
21195
21196
21197
21198
21199
21201
21203
21204
21205
21206
21207
21208
21209
21210
21211
21212
21213
21214
21215
21216
21217
21218
21221
21222
21223
21224
21225
21229
21230
21231
21232
21233
21235
21236
21237
21238
21239
21240
21241
21243
21244
21246
21247
21249
21251
21252
21253
21254
21255
21256
21257
21258
21259
21260
21261
21263
21265
21266
21267
21268
21339
21342
21344
21345
21348
21349
21350
21351
21353
21355
21356
21357
21358
21359
21360
21361
21362
21363
21369
21370
21371
21372
21373
21374
21375
21376
21377
21378
21379
21380
21381
21382
21383
21384
21385
21386
21389
21392
21395
21396
21397
21398
21399
21400
21401
21402
21403
21404
21405
21406
21407
21408
21409
21410
21411
21412
21413
21417
21421
21423
21424
21425
21426
21427
21428
21429
21430
21431
21432
21433
21434
21435
21436
21437
21438
21441
21442
21444
21445
21446
21447
21448
21449
21450
21451
21452
21453
21454
21455
21456
21457
21458
21461
21462
21463
21464
21465
21468
21469
21470
21471
21473
21474
21475
21476
21477
21478
21479
21480
21481
21482
21486
21489
21490
21492
21493
21494
21495
21496
21497
21498
21499
21500
21501
21502
21503
21504
21505
21506
21507
21508
21509
21512
21513
21514
21515
21516
21517
21518
21519
21521
21522
21549
21550
21551
21552
21553
21554
21555
21556
21559
21560
21561
21562
21563
21564
21565
21566
21567
21568
21569
21570
21571
21572
21575
21576
21577
21578
21579
21581
21582
21583
21585
21586
21587
21588
21589
21590
21591
21592
21593
21594
21595
21596
21597
21598
21599
21600
21605
21606
21607
21608
21609
21610
21611
21612
21614
21615
21616
21617
21618
21619
21620
21621
21623
21624
21625
21626
21628
21629
21630
21632
21633
21634
21635
21636
21637
21638
21641
21642
21643
21644
21645
21646
21647
21648
21649
21650
21651
21653
21654
21655
21656
21657
21658
21659
21660
21661
21663
21664
21665
21666
21667
21668
21669
21671
21674
21675
21676
21677
21678
21679
21680
21681
21682
21683
21684
21685
21686
21689
21690
21691
21693
21694
21695
21696
21697
21698
21699
21702
21703
21704
21705
21706
21708
21710
21711
21712
21713
21714
21715
21716
21717
21718
21719
21721
21764
21765
21767
21768
21769
21770
21771
21772
21773
21774
21775
21777
21778
21780
21781
21784
21785
21786
21787
21788
21789
21790
21791
21792
21793
21795
21796
21797
21798
21799
21800
21801
21802
21803
21804
21805
21806
21807
21836
21837
21838
21839
21840
21841
21843
21844
21845
21846
21847
21848
21849
21851
21853
21854
21855
21856
21857
21858
21859
21860
21861
21862
21863
21864
21865
21866
21867
21868
21869
21870
21871
21872
21874
21875
21876
21877
21878
21881
21882
21883
21885
21886
21887
21888
21889
21890
21892
21893
21894
21895
21898
21899
21900
21901
21902
21903
21905
21906
21907
21908
21909
21910
21911
21912
21913
21914
21915
21916
21917
21918
21919
21920
21921
22008
22011
22012
22014
22015
22016
22018
22019
22020
22021
22022
22023
22024
22026
22027
22028
22029
22030
22031
22032
22033
22034
22035
22036
22037
22038
22040
22041
22042
22043
22044
22046
22047
22048
22049
22050
22051
22052
22053
22055
22056
22057
22058
22059
22060
22061
22062
22065
22066
22067
22068
22071
22073
22074
22075
22076
22077
22080
22081
22082
22084
22085
22086
22087
22088
22089
22090
22091
22092
22093
22094
22095
22096
22097
22098
22100
22101
22102
22104
22105
22106
22107
22108
22109
22110
22111
22112
22113
22114
22119
22120
22121
22124
22125
22127
22128
22129
22130
22133
22134
22136
22137
22139
22140
22141
22142
22143
22144
22145
22147
22148
22149
22150
22151
22152
22153
22155
22156
22157
22158
22159
22160
22161
22162
22163
22164
22165
22167
22168
22169
22170
22171
22173
22174
22175
22176
22177
22178
22179
22180
22181
22182
22183
22184
22185
22186
22187
22188
22189
22190
22194
22195
22196
22197
22198
22199
22200
22201
22202
22203
22205
22206
22207
22208
22210
22211
22214
22215
22216
22217
22218
22219
22220
22221
22223
22224
22225
22230
22232
22233
22234
22235
22236
22237
22240
22241
22245
22246
22247
22248
22249
22250
22251
22252
22253
22254
22255
22256
22257
22258
22261
22262
22263
22264
22265
22266
22268
22269
22270
22271
22272
22273
22275
22276
22277
22278
22279
22281
22282
22284
22285
22287
22288
22289
22290
22291
22292
22293
22294
22296
22297
22298
22299
22300
22301
22302
22304
22305
22306
22307
22309
22310
22311
22312
22313
22314
22315
22318
22319
22320
22321
22322
22472
22474
22475
22476
22477
22478
22479
22480
22481
22482
22483
22484
22487
22488
22489
22490
22493
22494
22495
22497
22498
22500
22501
22502
22503
22504
22506
22507
22508
22509
22510
22511
22512
22513
22514
22515
22516
22518
22519
22520
22521
22522
22523
22524
22525
22526
22527
22529
22530
22531
22532
22533
22535
22536
22537
22538
22539
22540
22542
22543
22544
22545
22546
22547
22548
22549
22550
22551
22552
22554
22555
22556
22559
22560
22561
22562
22565
22568
22570
22571
22572
22573
22574
22575
22577
22581
22584
22585
22586
22587
22588
22589
22590
22591
22592
22594
22595
22596
22597
22599
22601
22602
22603
22604
22605
22606
22608
22609
22610
22611
22612
22613
22615
22618
22619
22620
22621
22622
22623
22624
22625
22626
22627
22628
22629
22630
22633
22634
22635
22636
22637
22638
22639
22640
22641
22642
22643
22644
22646
22647
22648
22649
22651
22652
22653
22654
22655
22656
22659
22660
22661
22662
22663
22664
22665
22666
22667
22668
22669
22670
22671
22673
22674
22675
22676
22677
22678
22681
22682
22683
22684
22685
22686
22687
22689
22690
22691
22692
22693
22694
22695
22696
22697
22698
22699
22700
22701
22702
22703
22704
22705
22706
22708
22709
22710
22712
22713
22714
22716
22717
22718
22719
22720
22721
22722
22723
22724
22725
22726
22727
22728
22731
22734
22735
22736
22737
22738
22739
22740
22741
22742
22743
22744
22746
22747
22748
22749
22750
22751
22752
22753
22754
22755
22756
22757
22758
22759
22762
22763
22764
22766
22767
22768
22769
22770
22771
22772
22773
22774
22775
22776
22777
22778
22779
22780
22781
22782
22783
22785
22786
22787
22791
22792
22793
22794
22795
22796
22797
22798
22799
22805
22810
22811
22812
22813
22814
22815
22816
22817
22818
22819
22820
22821
22822
22823
22824
22825
22826
22827
22828
22829
22830
22831
22832
22833
22834
22836
22837
22838
22839
22840
22841
22842
22843
22844
22845
22846
22847
22848
22849
22850
22851
22852
22853
22854
22855
22856
22857
22858
22859
22860
22861
22862
22863
22864
22865
22866
22867
22868
22869
22870
22871
22874
22875
22876
22879
22880
22881
22882
22883
22884
22885
22886
22887
22888
22889
22890
22891
22892
22894
22895
22896
22897
22898
22899
22901
22902
22903
22904
22906
22907
22908
22909
22910
22911
22912
22913
22914
22915
22916
22918
22919
22922
22925
22926
22927
22928
22929
22930
22931
22932
22933
22934
22935
22936
22937
22938
22939
22940
22941
22942
22943
22944
22945
22946
22948
22949
22950
22951
22952
22953
22955
22957
22958
22959
22960
22961
22962
22964
22965
22966
22967
22968
22969
22970
22971
22972
22973
22974
22975
22979
22984
22987
22988
22989
22990
22991
22992
22993
22994
22995
22996
22997
22998
22999
23000
23001
23002
23003
23004
23005
23006
23090
23094
23095
23096
23098
23099
23100
23101
23102
23103
23104
23105
23106
23107
23108
23109
23110
23111
23112
23114
23115
23118
23119
23120
23121
23122
23123
23124
23125
23126
23127
23128
23129
23134
23135
23136
23137
23139
23143
23144
23145
23146
23147
23148
23149
23150
23151
23152
23155
23156
23157
23158
23159
23161
23162
23163
23164
23165
23166
23168
23169
23170
23171
23172
23173
23174
23176
23177
23179
23180
23183
23184
23186
23187
23188
23189
23190
23191
23192
23193
23195
23196
23197
23198
23199
23200
23201
23202
23203
23204
23205
23206
23207
23208
23209
23210
23211
23212
23213
23214
23215
23216
23217
23218
23219
23220
23221
23222
23223
23224
23225
23227
23228
23229
23230
23231
23233
23234
23235
23236
23237
23238
23241
23242
23243
23244
23245
23246
23247
23248
23249
23250
23251
23252
23253
23255
23256
23257
23258
23259
23262
23263
23264
23265
23266
23267
23269
23271
23272
23273
23274
23276
23277
23278
23279
23280
23281
23282
23283
23284
23285
23286
23287
23288
23289
23290
23291
23292
23293
23294
23295
23296
23297
23298
23299
23300
23301
23302
23303
23304
23305
23306
23307
23308
23309
23312
23313
23315
23317
23318
23319
23320
23321
23322
23323
23324
23325
23326
23327
23328
23329
23331
23332
23333
23334
23335
23336
23337
23338
23339
23340
23341
23342
23344
23345
23346
23347
23348
23349
23350
23351
23352
23353
23354
23356
23357
23358
23359
23360
23361
23363
23364
23366
23367
23368
23369
23373
23374
23375
23376
23377
23379
23380
23381
23382
23384
23385
23387
23388
23389
23390
23391
23392
23397
23398
23399
23400
23401
23402
23403
23404
23405
23410
23411
23412
23413
23416
23417
23418
23419
23420
23421
23422
23423
23424
23425
23426
23427
23428
23430
23431
23432
23438
23439
23440
23441
23442
23443
23444
23445
23446
23448
23449
23450
23451
23452
23453
23454
23455
23456
23457
23459
23461
23462
23463
23464
23470
23471
23472
23473
23474
23475
23478
23479
23480
23481
23482
23483
23486
23488
23489
23490
23491
23492
23496
23497
23498
23499
23500
23501
23503
23505
23506
23507
23508
23510
23511
23512
23513
23514
23515
23516
23517
23518
23519
23520
23522
23523
23524
23525
23526
23527
23528
23529
23530
23531
23534
23535
23536
23537
23538
23539
23540
23541
23545
23546
23547
23548
23550
23551
23552
23553
23554
23555
23556
23557
23558
23559
23561
23562
23563
23564
23565
23566
23569
23570
23571
23572
23573
23574
23575
23577
23578
23580
23581
23582
23583
23584
23586
23587
23588
23589
23590
23591
23592
23593
23594
23596
23597
23598
23599
23600
23601
23602
23604
23605
23609
23610
23611
23612
23613
23614
23615
23616
23617
23618
23620
23621
23622
23623
23624
23625
23626
23627
23628
23629
23630
23631
23632
23633
23634
23636
23637
23638
23640
23641
23642
23643
23644
23645
23646
23647
23648
23649
23650
23651
23652
23653
23654
23656
23657
23658
23659
23660
23661
23662
23663
23664
23665
23666
23667
23668
23669
23670
23671
23672
23673
23674
23675
23676
23677
23679
23680
23681
23682
23683
23684
23685
23686
23687
23688
23689
23690
23691
23692
23694
23695
23696
23697
23698
23699
23700
23701
23702
23703
23705
23706
23707
23708
23709
23710
23711
23712
23713
23716
23717
23718
23719
23720
23721
23722
23723
23724
23725
23726
23728
23729
23731
23732
23733
23734
23735
23736
23737
23738
23739
23741
23742
23745
23746
23747
23749
23750
23751
23752
23753
23754
23755
23760
23761
23762
23764
23765
23766
23769
23770
23771
23773
23774
23775
23776
23777
23778
23779
23780
23781
23782
23783
23784
23785
23786
23787
23788
23789
23790
23791
23795
23796
23798
23799
23800
23801
23802
23803
23804
23806
23808
23809
23810
23811
23812
23813
23818
23819
23820
23821
23822
23823
23826
23828
23830
23831
23832
23833
23834
23836
23837
23838
23839
23842
23843
23846
23848
23849
23850
23851
23853
23854
23855
23856
23858
23859
23905
23906
23907
23908
23909
23910
23911
23913
23914
23915
23917
23918
23919
23920
23921
23922
23924
23925
23926
23927
23928
23929
23930
23931
23932
23933
23934
23935
23936
23937
23938
23939
23941
23942
23943
23944
23945
23946
23947
23948
23949
23950
23951
23952
23954
23955
23956
23958
23959
23960
23961
23962
23964
23965
23966
23967
23968
23969
23970
23971
23972
23973
23974
23975
23976
23977
23978
23979
23980
23982
23983
23984
23985
23987
23988
23989
23990
23991
23992
23993
23994
23995
23996
23997
23998
23999
24000
24001
24003
24004
24005
24006
24007
24008
24011
24012
24013
24014
24015
24016
24019
24020
24021
24022
24024
24025
24026
24028
24029
24030
24031
24032
24033
24035
24036
24037
24038
24039
24040
24041
24042
24043
24044
24046
24047
24048
24049
24050
24051
24052
24054
24055
24056
24057
24058
24059
24060
24061
24064
24065
24066
24067
24069
24070
24074
24075
24076
24077
24078
24079
24080
24084
24085
24086
24087
24088
24089
24090
24091
24092
24093
24094
24096
24098
24099
24100
24101
24102
24103
24106
24107
24108
24109
24110
24111
24112
24113
24114
24115
24117
24118
24119
24121
24122
24123
24124
24125
24126
24127
24128
24129
24130
24131
24132
24133
24134
24140
24141
24143
24144
24145
24146
24147
24148
24150
24151
24152
24153
24155
24156
24157
24158
24159
24160
24162
24163
24164
24165
24166
24167
24168
24169
24170
24171
24172
24174
24175
24176
24178
24180
24182
24183
24185
24186
24187
24188
24189
24190
24191
24192
24193
24196
24197
24198
24199
24200
24202
24203
24204
24207
24208
24209
24210
24211
24212
24215
24216
24217
24218
24220
24221
24222
24223
24224
24225
24226
24227
24228
24229
24230
24231
24232
24233
24234
24235
24236
24309
24310
24314
24317
24318
24319
24320
24323
24324
24325
24326
24327
24328
24329
24330
24331
24334
24335
24336
24338
24339
24340
24341
24342
24344
24345
24346
24347
24349
24350
24351
24352
24353
24354
24355
24356
24358
24359
24363
24364
24365
24366
24369
24372
24373
24374
24376
24377
24378
24380
24381
24384
24385
24386
24388
24389
24390
24392
24393
24394
24395
24396
24398
24399
24401
24402
24403
24404
24406
24408
24409
24410
24411
24412
24413
24414
24416
24417
24418
24419
24420
24421
24422
24423
24424
24425
24427
24428
24429
24430
24432
24433
24434
24435
24436
24437
24438
24439
24440
24441
24442
24443
24444
24445
24446
24448
24449
24450
24451
24452
24455
24456
24457
24458
24459
24460
24461
24462
24465
24466
24467
24468
24469
24470
24471
24472
24473
24474
24475
24476
24477
24478
24479
24480
24481
24482
24483
24486
24487
24488
24489
24490
24491
24492
24494
24495
24498
24499
24500
24501
24502
24503
24504
24505
24508
24509
24510
24513
24514
24515
24516
24517
24518
24520
24521
24522
24523
24524
24525
24526
24527
24528
24529
24530
24531
24532
24534
24535
24536
24537
24538
24539
24540
24541
24542
24543
24544
24548
24549
24552
24554
24555
24556
24557
24558
24559
24560
24561
24562
24563
24565
24566
24567
24569
24570
24571
24572
24574
24575
24576
24577
24578
24579
24580
24581
24582
24583
24584
24585
24586
24588
24589
24591
24592
24594
24596
24597
24598
24599
24600
24605
24606
24607
24608
24609
24610
24611
24612
24613
24615
24616
24617
24618
24619
24620
24623
24624
24625
24626
24627
24629
24630
24631
24632
24633
24634
24635
24638
24639
24640
24643
24646
24647
24648
24649
24650
24651
24652
24654
24655
24656
24657
24658
24659
24661
24662
24663
24666
24667
24668
24669
24671
24672
24673
24674
24675
24676
24677
24678
24679
24681
24682
24683
24684
24685
24688
24689
24690
24691
24692
24693
24700
24701
24702
24703
24704
24705
24706
24707
24708
24709
24710
24711
24712
24713
24714
24715
24716
24717
24719
24720
24721
24722
24723
24724
24725
24729
24730
24731
24732
24733
24734
24735
24736
24737
24739
24740
24741
24742
24743
24745
24747
24748
24749
24750
24751
24752
24753
24754
24755
24756
24758
24759
24760
24761
24762
24764
24765
24766
24767
24768
24769
24770
24771
24773
24774
24775
24776
24778
24779
24780
24781
24782
24783
24785
24786
24787
24788
24789
24790
24791
24792
24793
24794
24796
24798
24799
24800
24801
24802
24803
24804
24805
24806
24807
24808
24809
24810
24813
24865
24866
24867
24868
24869
24870
24872
24873
24874
24876
24877
24878
24879
24880
24881
24884
24885
24886
24887
24888
24889
24890
24891
24893
24894
24895
24896
24897
24898
24900
24902
24903
24904
24905
24906
24907
24908
24909
24910
24911
24912
24913
24914
24917
24918
24919
24920
24921
24922
24923
24924
24925
24926
24927
24928
24929
24930
24931
24932
24933
24934
24935
24936
24937
24938
24939
24940
24941
24946
24947
24948
24951
24952
24953
24957
24958
24959
24960
24961
24962
24963
24964
24965
24966
24967
24968
24969
24970
24971
24972
24973
24974
24975
24976
24977
24978
24979
24982
24983
24984
24985
24986
24987
24989
24990
24991
24992
24993
24994
24996
24997
24998
24999
25000
25001
25002
25004
25005
25006
25007
25008
25009
25010
25011
25012
25013
25014
25015
25018
25021
25022
25025
25026
25027
25028
25029
25030
25031
25032
25033
25034
25037
25038
25041
25044
25045
25046
25047
25048
25049
25050
25051
25052
25054
25055
25057
25059
25060
25061
25062
25063
25064
25065
25066
25068
25069
25070
25071
25072
25073
25074
25077
25078
25079
25080
25081
25082
25084
25085
25086
25087
25088
25089
25090
25091
25092
25093
25094
25095
25096
25098
25099
25100
25101
25102
25103
25104
25105
25106
25107
25108
25109
25111
25112
25113
25115
25116
25117
25118
25119
25120
25121
25122
25123
25124
25125
25126
25127
25128
25129
25130
25131
25132
25133
25134
25136
25137
25138
25140
25141
25142
25144
25145
25146
25147
25148
25149
25150
25151
25152
25153
25155
25156
25157
25158
25159
25160
25161
25162
25163
25164
25165
25166
25167
25172
25174
25175
25176
25177
25178
25179
25180
25181
25182
25183
25185
25186
25187
25188
25189
25191
25192
25193
25194
25195
25196
25197
25198
25199
25200
25201
25202
25203
25205
25206
25207
25208
25209
25210
25211
25212
25297
25298
25299
25300
25301
25302
25303
25304
25305
25307
25308
25309
25310
25311
25313
25314
25315
25316
25317
25318
25319
25320
25321
25322
25323
25327
25330
25331
25332
25366
25367
25369
25370
25371
25372
25373
25374
25375
25376
25377
25378
25379
25380
25381
25383
25384
25385
25386
25387
25388
25389
25390
25391
25392
25393
25394
25395
25396
25399
25400
25401
25402
25403
25405
25406
25407
25408
25409
25410
25411
25412
25415
25416
25417
25418
25419
25420
25421
25424
25425
25426
25427
25430
25431
25433
25434
25435
25436
25437
25438
25439
25440
25441
25442
25443
25444
25445
25446
25447
25450
25451
25452
25453
25454
25455
25456
25461
25462
25463
25464
25465
25466
25467
25468
25469
25470
25471
25472
25473
25474
25477
25478
25479
25480
25482
25483
25484
25485
25487
25488
25489
25490
25491
25492
25493
25494
25495
25496
25497
25498
25499
25500
25501
25502
25503
25505
25506
25507
25508
25509
25510
25512
25513
25514
25515
25516
25520
25521
25522
25523
25524
25525
25526
25527
25528
25529
25533
25534
25535
25536
25537
25539
25541
25542
25543
25544
25545
25546
25547
25548
25549
25550
25551
25552
25553
25554
25556
25558
25559
25650
25651
25653
25654
25655
25656
25657
25658
25659
25660
25661
25662
25665
25666
25667
25668
25669
25670
25671
25672
25673
25674
25675
25676
25677
25678
25679
25680
25681
25682
25683
25684
25687
25688
25691
25692
25693
25694
25695
25696
25698
25699
25700
25701
25702
25703
25704
25705
25706
25707
25708
25710
25713
25714
25716
25717
25718
25721
25722
25723
25724
25725
25726
25727
25728
25729
25731
25732
25733
25734
25735
25738
25739
25740
25741
25742
25743
25744
25745
25746
25747
25752
25755
25756
25757
25758
25759
25760
25761
25762
25763
25764
25765
25766
25767
25768
25769
25770
25771
25773
25774
25776
25777
25778
25779
25780
25781
25782
25783
25784
25785
25786
25787
25788
25789
25790
25791
25792
25793
25794
25795
25796
25798
25799
25800
25801
25802
25803
25804
25805
25806
25807
25809
25811
25812
25813
25814
25815
25816
25817
25818
25819
25820
25821
25823
25824
25825
25826
25915
25916
25918
25919
25920
25921
25922
25923
25924
25926
25927
25928
25929
25930
25931
25933
25935
25936
25937
25938
25939
25940
25943
25946
25947
25948
25949
25950
25951
25952
25953
25954
25955
25956
25957
25958
25959
25960
25961
25963
25964
25965
25966
25968
25969
25970
25971
25972
25973
25974
25976
25977
25978
25979
25980
25981
25984
25985
25986
25987
25988
25989
25990
25991
25992
25994
25995
25996
25997
25998
25999
26000
26001
26002
26003
26005
26006
26007
26008
26009
26010
26011
26014
26015
26016
26017
26018
26019
26021
26022
26023
26024
26025
26026
26027
26029
26030
26031
26032
26034
26035
26036
26037
26038
26039
26040
26041
26042
26043
26045
26046
26047
26048
26049
26050
26051
26052
26053
26054
26055
26056
26057
26058
26059
26060
26061
26062
26063
26064
26065
26066
26067
26068
26069
26070
26071
26072
26074
26075
26076
26077
26078
26079
26080
26082
26083
26084
26085
26086
26087
26088
26090
26091
26093
26094
26095
26096
26097
26100
26102
26103
26104
26105
26106
26107
26108
26109
26110
26111
26113
26128
26129
26130
26131
26132
26133
26134
26135
26136
26137
26139
26140
26142
26143
26144
26145
26146
26147
26150
26152
26153
26154
26155
26156
26157
26158
26159
26160
26161
26162
26163
26164
26165
26166
26167
26168
26169
26170
26171
26172
26173
26177
26178
26217
26218
26220
26221
26222
26223
26224
26225
26226
26227
26231
26232
26233
26236
26237
26238
26240
26241
26242
26243
26245
26246
26247
26248
26249
26250
26251
26252
26253
26254
26256
26257
26258
26259
26261
26262
26263
26264
26265
26266
26267
26268
26269
26270
26271
26272
26273
26274
26275
26276
26277
26278
26279
26280
26281
26282
26283
26284
26285
26287
26288
26289
26290
26291
26292
26293
26294
26295
26323
26324
26325
26326
26328
26329
26330
26331
26332
26334
26335
26336
26337
26338
26339
26340
26341
26342
26343
26344
26345
26346
26347
26348
26349
26350
26351
26352
26353
26354
26355
26357
26358
26359
26360
26361
26362
26363
26364
26365
26366
26367
26369
26371
26372
26373
26374
26375
26376
26377
26378
26379
26380
26381
26383
26384
26385
26387
26388
26389
26390
26391
26392
26393
26397
26398
26472
26473
26474
26475
26476
26477
26478
26480
26482
26483
26484
26485
26486
26487
26488
26489
26490
26492
26493
26494
26495
26526
26527
26528
26529
26531
26532
26533
26534
26535
26536
26537
26538
26539
26540
26543
26545
26546
26547
26548
26549
26550
26551
26552
26553
26554
26555
26557
26558
26560
26562
26563
26564
26565
26566
26567
26568
26569
26570
26572
26573
26574
26575
26576
26577
26578
26579
26580
26581
26582
26583
26584
26585
26586
26587
26588
26590
26591
26592
26593
26594
26595
26596
26597
26598
26599
26600
26601
26602
26603
26605
26606
26607
26609
26610
26611
26612
26613
26614
26615
26616
26617
26618
26620
26621
26622
26623
26625
26626
26627
26629
26630
26631
26632
26633
26634
26635
26636
26637
26638
26639
26640
26641
26642
26643
26644
26646
26647
26648
26649
26650
26651
