39287
24769
35272
25096
28961
34203
19619
4431
7570
29494
32929
12915
9530
3116
37117
3886
29536
35607
10815
2274
26907
9414
12186
4485
17928
7653
13849
4772
849
23163
15468
33347
23393
16012
2621
12522
11645
1841
15413
28270
15719
29817
7202
26687
38647
39440
30602
11199
32089
31250
28820
31152
4442
38711
29928
10722
19087
761
33114
38979
4539
13009
5537
1319
36749
14947
2473
38076
40210
6413
17549
36801
4067
4432
8710
10576
5024
25365
29514
8911
26
9808
18805
2696
27254
25214
2779
33632
13788
15621
26422
2236
26601
21487
13147
35060
16882
21356
7927
4027
28171
28626
29241
3417
38812
13533
16598
4824
26057
37434
23866
32730
26985
24688
16300
35971
4092
26325
4465
9200
20130
25827
32162
28428
11360
37610
13210
12601
37958
20741
36172
1779
12906
26358
35350
11802
699
15896
6854
5350
2215
22270
40568
31999
7847
1842
31218
31836
21855
20359
32189
27904
18205
10175
5159
32876
19677
33173
4028
3482
13487
39456
20619
34661
40227
13314
16348
19194
17648
35704
3805
4771
21991
29215
29977
210
22513
28248
307
21007
39176
14585
732
25851
36808
5503
921
24021
34295
4194
10282
20870
1695
37242
31955
14945
38336
25167
30885
22345
33775
18462
29897
39749
3348
34205
8660
8588
8952
36851
34922
38014
28459
29509
9843
23216
24120
1773
38122
12362
33610
9645
3987
38930
16096
20675
15162
24592
11062
35235
28866
9602
7550
22726
35194
25902
29403
39572
29750
15963
13687
21984
10092
12484
40080
30755
17413
2755
32985
11809
26733
10857
13689
36223
34367
12354
22321
884
10287
16296
23944
13167
36459
13576
16762
12878
33912
16307
4547
4335
16954
14627
34496
24346
5170
2450
18241
34644
18655
23457
21923
29479
31533
15281
4317
31422
15342
28590
729
36525
4393
22455
30186
1780
24627
39673
9427
15318
18086
4642
37988
17197
18168
14002
28321
5725
606
34483
9279
24910
2042
29578
26417
16421
11839
34691
7433
6938
35804
4356
24188
27745
29913
8700
24991
5202
22538
23350
20413
1953
3173
29233
20204
32054
30452
28380
32481
15569
12364
18803
32269
21402
32855
29487
24253
12241
3492
19298
19514
34192
34579
9587
24685
21642
36257
5595
39148
18847
35898
14572
29253
2257
7376
15462
22248
13002
2381
34981
35942
14787
4973
10303
14093
29626
26747
17890
4887
10099
32590
30899
37070
39223
19259
5636
14893
940
3052
21491
11714
9597
6813
3183
22743
21977
36647
26799
25422
7968
26271
20032
10239
29931
4698
5723
21557
38886
16220
31189
4294
29414
16801
11190
31262
30793
32000
34978
11007
17771
21248
38286
31260
9405
40314
5772
27171
35952
14502
27007
27116
2875
14703
12829
40082
29087
1940
18452
39085
39495
37905
27020
37244
7901
27262
21049
32466
5038
26415
22914
29180
8216
10236
13330
17680
29888
6502
24175
6248
2889
27577
39912
2216
36119
18492
25234
14301
23537
24989
7215
34147
21663
10227
36638
39124
16103
16312
9285
6242
37584
18200
31277
19065
23204
10229
5936
4085
7045
36529
4237
36133
8919
39748
32865
5137
23172
10148
32185
40149
15696
36554
27022
32208
4874
24602
4829
19891
18505
1399
20599
28055
37170
20078
3550
8981
5328
29619
17294
1661
13971
24639
34448
32739
15870
8333
25029
11613
38109
30516
36044
1613
8007
30958
24506
16571
35454
12471
21520
6661
4688
31520
2126
23662
37516
21595
23474
3520
29278
25801
15071
24423
15721
2364
33186
26977
40508
14982
23868
20210
37747
16846
22542
38281
11416
38580
34878
7264
17617
27969
28495
715
26638
23039
15849
29885
36226
10955
8761
18076
21510
16008
24763
40311
18178
23279
28636
16391
38519
4312
32490
23391
8580
16259
2047
18900
941
13333
39652
8222
29841
582
23422
21928
21511
9643
10627
39641
1539
25300
29071
16748
38673
4408
31934
30374
34435
17261
1931
14587
10314
18309
9585
20491
17981
22627
33221
34402
22992
32395
27389
37008
16340
22093
40492
7703
27509
10201
8266
33953
38790
13409
11823
36432
36091
12717
447
22444
6786
34423
17468
35581
14911
9226
25968
18761
12411
21579
13666
20561
10234
25491
2568
10849
569
870
39247
40647
28982
24238
34063
38214
16754
29458
30453
14469
34188
12010
25279
34810
26064
14676
22234
33350
40180
514
37515
13129
12161
946
31468
28865
37278
22458
37955
22557
1487
18209
9397
12564
16907
15795
20657
23168
23778
4567
23170
14780
7395
18860
4155
22612
3663
40269
10948
7816
15631
32823
29317
14795
26314
636
20616
32343
1397
27568
23033
3281
38019
13802
3701
16198
25183
3496
25674
8087
21565
13579
19557
710
8998
4153
28387
1871
36695
16352
11452
27471
19572
14785
22070
8989
40248
13428
37870
36392
29202
6939
3076
365
32279
10729
5922
4971
39607
15391
27614
21473
29735
5481
23329
11952
23313
14946
19968
18344
16120
13756
37928
19383
988
33129
19264
152
31531
21349
7881
8763
18711
36626
40765
1265
37418
38584
36443
24770
8260
2792
32074
19059
11253
23140
627
31742
4680
11091
8411
2326
15625
26563
23299
19633
17813
1196
12869
22158
28544
14302
22878
38060
21401
29952
2013
35228
37534
37162
39974
3509
35623
5768
25505
33028
23877
38029
35970
35459
21200
35311
28842
17865
1013
28323
8938
10749
13052
13966
22032
17437
6022
26391
27493
32859
40811
27339
31790
4582
20349
27890
40488
4794
16388
28410
10172
29130
4245
32658
2097
10218
29212
11012
18206
6785
1494
15777
21793
22966
25943
29103
5868
20432
15885
15157
14385
30037
32513
32488
3508
34069
31893
35114
1734
38231
30201
5267
12723
33105
34238
22631
37953
33936
28027
36384
25509
35739
3239
3811
23063
29745
21969
40500
15131
37127
3102
20339
32881
36128
28877
3507
27727
25625
12167
4868
16898
10540
40504
30246
1913
16505
34686
39396
36869
33410
35916
28319
11444
35534
40669
40453
33605
16234
23739
30754
20919
16153
38132
24815
1633
20670
20023
8511
2858
2455
38805
16243
19469
8529
19223
40621
38949
5998
17198
15570
36371
16567
6861
7864
10713
4138
32568
27169
5102
8140
30679
334
34348
25231
34770
30523
4682
5776
39150
21125
24047
21336
35251
17833
22029
37786
37521
31444
7271
35170
15683
40176
29612
3284
30017
24331
33682
16090
7265
6092
31524
28830
2527
14016
29474
4088
27328
20180
29305
26441
28935
11641
31615
15987
26276
40752
27687
31671
25284
38337
30013
17238
22476
13674
16876
17947
39961
37044
13164
25056
2437
26627
17992
37538
31052
22677
191
32439
13943
29028
37010
11543
22786
33517
18298
1640
30954
33268
2580
11801
16707
403
9860
16264
19140
11724
22246
34808
22078
31611
26296
38031
5788
4597
8939
35204
1563
9626
11422
39446
30627
10553
20047
20547
318
30303
13112
13929
30718
27724
29566
18192
15925
16873
11104
32205
6543
5833
38710
29263
28747
23729
4104
29015
23635
5664
11669
40638
35537
35509
28330
24094
23284
294
15226
36627
9888
35684
3918
38319
38904
9705
31370
33737
25945
38467
7554
733
24651
7072
31385
11799
10335
14757
24521
25066
28994
25103
3876
20075
24189
33136
21678
36615
9861
29319
28514
2006
15568
24221
16608
9037
37927
4984
16643
11596
1902
19949
9961
16514
9386
21155
31527
24488
10228
25815
38925
38441
40546
6102
39764
18822
22261
29621
34168
15681
4254
19212
8960
11080
17977
22199
37543
18498
38542
6386
6955
6290
16814
11981
25998
15571
3969
39439
36754
6292
34080
14164
532
12950
17040
12323
13241
9168
15396
19112
33562
15144
30089
27072
12041
12708
13680
40698
19472
16935
22558
11593
19160
15938
25274
15591
13056
1098
19883
3126
39094
22037
29649
8079
23453
22094
17392
26542
165
13316
27325
20621
13203
9142
11235
33267
523
13102
33447
8389
11193
968
29684
34742
28912
34734
40660
36712
16097
29891
517
2005
11407
21203
30993
34437
39517
22782
27002
27123
17417
1838
15647
8663
32670
20216
11690
14588
11374
6080
36454
30594
1502
29569
7963
6547
5041
32355
35840
39583
9105
6113
5035
18264
27677
12730
20264
32176
23798
33244
26975
1727
29408
35737
29818
37568
20167
18191
39743
28349
32651
33132
453
33038
26656
23233
7723
9367
10586
29843
37965
15970
22728
25094
20560
2712
5114
13862
34543
40438
28799
16868
23028
23933
23551
29856
17789
39014
18573
11375
29842
27822
10623
5831
13452
5115
17838
25818
11500
1276
31174
4880
4694
423
17824
13336
26883
8416
39199
35613
28374
25928
7344
30340
6061
28123
21963
5935
8609
22224
28684
4166
21618
22109
588
25848
10587
383
18654
1302
37083
28700
22519
5342
33086
9494
31899
1373
37382
25670
32522
20701
16005
11853
38883
24107
16650
36155
22641
759
24986
12885
1979
25467
10796
30033
28283
19367
5588
10522
8262
19443
4043
37043
30269
14201
40124
28079
359
3458
26185
3290
36815
2408
24612
31061
40043
31205
28822
13761
30511
40303
26491
36113
4426
6281
17505
5884
24839
3409
29962
2272
3955
20893
3888
11297
30981
26602
8992
7582
2226
20992
20608
27705
35524
14260
27830
15655
13165
13517
29876
39339
17948
3189
14959
35670
12027
12350
21659
14326
10798
29131
677
27676
3545
40271
9834
17732
36566
9358
29334
32606
24472
30074
20662
1081
30901
12168
22706
17772
6352
22812
8832
15203
20455
7269
39144
13743
3777
1771
28946
6001
10135
4255
12872
27345
28876
21207
23801
2926
26318
28756
21441
40070
13450
10692
17679
36713
29097
22703
3453
33170
7248
16291
12856
16118
21378
21830
7762
10856
16209
18039
2945
37368
28004
34794
8932
4240
36998
24406
2417
24461
28053
39183
36993
33619
8507
33142
8853
25819
6631
3060
3043
32821
23418
6973
13656
6697
21481
20481
9129
23176
38335
37423
18671
8539
31518
37024
5261
24908
12051
22674
15733
20060
39803
7378
6166
13876
39602
1943
2200
18640
4742
19091
3469
14723
21123
9218
17748
26246
40367
29141
35792
9089
11464
23288
4459
8780
3246
6680
18159
32640
29144
18878
17471
28988
40308
21299
7522
38448
10506
39753
37096
8481
28676
8636
18027
9666
9477
16299
3536
3109
5285
32891
34748
30267
25642
5554
35865
27972
31980
8198
17364
5389
22511
30149
36368
14495
24736
40449
35230
587
25048
2557
31078
9519
23563
8449
38144
18008
26685
9379
14728
35032
7307
36645
19702
1894
12909
32882
18216
10102
1567
38406
35169
19935
37425
30241
21515
5177
1896
13972
12013
2195
4685
2485
31140
39368
36195
2628
30056
14314
19462
7019
21613
13690
7924
5746
35749
966
11335
13470
34102
25653
5526
38045
21161
39719
5770
13301
6303
14846
25393
12443
161
38844
40293
5206
35091
18660
898
31050
13924
15735
8940
13370
8794
26773
15817
27635
2111
18749
35180
20080
22251
35294
27468
10982
15272
21014
17440
25637
32180
2337
15831
19827
25039
34161
4259
37050
24361
21279
25750
2389
22984
22370
19940
36346
390
32152
819
29464
30940
14031
33145
37915
22886
35448
12495
30724
9997
14355
22301
29109
5016
39562
15588
29005
5085
20887
32892
17422
36122
24510
31636
28502
23894
33298
30131
25353
16236
20320
18164
17753
11492
27173
25314
2638
22977
21907
39612
32145
1575
1745
10110
10752
9877
12433
26460
32213
10456
27554
20407
22195
40157
3573
5997
11201
29996
38452
31530
12803
19686
27967
6540
15563
26742
10917
14886
38137
505
37063
39140
11930
37119
32313
10501
24867
20961
15141
10301
10570
20228
32220
40360
33317
38302
17681
19667
11502
23745
26933
16749
7503
4366
8651
9135
7969
13614
3996
16624
9079
8081
12355
21062
26293
3781
10452
37359
18740
12054
35257
140
35280
17727
32487
24092
16254
36910
12311
917
29574
13566
30670
7237
38434
21426
8321
11755
22240
38034
29598
36445
2263
5295
21427
9040
9398
12344
14142
2997
21142
17474
13550
8223
6539
17004
14952
24053
39143
29289
2514
362
4277
26405
16792
33735
32448
40343
6865
31088
33523
28566
34249
29430
13948
22643
20446
37340
23971
14245
24740
37762
3099
28607
10922
3715
26861
13045
28444
21779
22935
2398
28005
16102
6492
3265
16248
19743
12735
16723
34585
25666
38721
3848
20923
3356
37594
4766
17159
6815
14857
681
10757
25061
26982
12285
12517
7845
31314
28542
14275
23706
30230
36201
5239
17330
37100
23445
19354
4418
11767
38987
40390
29861
33023
33882
22939
33739
19852
39849
6711
40475
15331
13594
9711
13251
36550
27216
9638
22998
6494
37837
32476
8526
27523
40632
38251
39773
17747
11084
1020
39496
5874
19787
5139
4620
39074
37606
32574
36199
15898
13303
38980
21107
6590
1219
38558
31428
36047
21192
5284
27086
10364
38323
26930
7825
19927
3825
18675
27386
19587
38068
37921
26473
4856
731
16575
34769
1574
7621
17615
10659
12851
15158
21467
37370
21513
5764
40403
22311
38247
12215
14347
27388
17827
34050
39547
28050
36639
28268
9253
6421
20434
1364
2003
6407
10365
40536
34040
28001
15542
38165
37309
10549
7883
12623
29542
30190
14279
22066
31920
31685
33908
33364
1267
39036
34849
15962
2549
10541
15592
6120
1987
9876
12988
4656
35367
17444
37812
224
23697
30536
462
32951
32465
2826
37186
11865
24128
8499
6284
9453
40089
34248
30542
31080
39491
12742
11836
8895
8045
20207
36373
33362
14033
4367
4678
12157
25166
38269
766
6923
15019
9943
6294
9231
21017
33842
37235
19664
24495
30039
38800
24902
32943
14664
16422
9027
30765
38005
37150
14258
13114
7124
14752
26479
20802
22026
25773
11693
40768
37399
33332
19804
39619
21818
8907
6459
23759
6422
18189
20816
34049
37240
37650
7654
26322
11750
28412
39012
19220
13265
38061
29466
33937
13762
35549
37770
3113
30153
29639
25694
13634
18563
32813
8498
17102
4385
1652
40517
3144
1571
20067
876
11354
18217
36556
19311
3982
18663
22480
33108
35583
21700
6357
6977
5603
31897
22220
8534
39200
28537
17144
13368
12494
36906
36482
20579
4499
28153
25017
26611
13307
8563
26216
25160
39845
35256
1821
34006
22752
37836
8341
21171
8486
26693
30815
16891
27915
29107
7661
21110
17742
32812
33149
3989
75
35568
17802
9787
16463
19628
13754
1381
10059
39929
21447
20908
13856
24434
17454
29152
5276
33643
28264
4908
26942
30656
15169
15221
36972
26592
40577
34791
10733
33505
2043
32863
13737
8823
32996
8169
38640
31306
20973
4573
39599
6256
448
5572
16117
38373
17465
12658
35989
26860
23152
6716
6042
28534
13342
12726
991
6010
15329
12198
12357
32480
18145
29437
27281
19775
30806
6777
6328
1221
35692
21724
37596
38543
34272
22090
37699
13412
25880
34293
14115
8972
28833
7589
3939
10580
2771
16592
20185
12668
34458
12461
30579
3398
3665
31267
27641
13549
15349
3268
8804
29122
14621
2525
6468
37981
14698
13913
15297
24828
30435
16849
4797
29658
10993
23595
39189
5272
1071
34307
18141
11106
25034
31809
581
9306
26220
1805
28461
22466
14540
1420
31251
8749
11909
271
11885
19119
21940
9869
9872
24337
39337
310
27607
34436
34382
32838
4438
8035
19947
16594
29258
25209
38169
21209
37996
25057
16553
12436
21710
33078
26615
27818
11990
18551
12624
21446
1154
33797
10000
19460
11279
22938
37456
7316
38615
35453
10965
38622
24719
20667
3301
29339
22330
5839
32824
13818
39314
35190
2276
33931
22255
35911
9475
37900
27069
30854
35527
15359
15074
9713
25149
38203
20932
38173
13369
20494
32475
37315
7293
13453
3743
29556
31813
32253
35849
22777
23813
2649
8806
21021
12558
39658
37466
17091
1609
18083
1440
28731
34545
694
17987
21309
10836
19867
4520
37998
33400
39608
4577
15803
493
29209
14577
3296
32864
4544
5769
25603
7585
9
38152
17255
18059
25949
38992
33561
8379
37213
17735
13759
17673
5808
6920
24710
19630
10257
24528
5840
6418
40190
18496
21554
21160
7100
926
28348
33599
19660
17153
28357
7018
14500
23847
30808
31285
34045
40003
29775
20601
15506
975
9797
39965
6907
39477
30943
16786
33302
30443
28036
11242
38923
29538
37869
1947
26117
13953
3216
12135
26724
11058
40702
10755
2193
25756
30029
28928
23888
16853
17319
18133
31691
11505
17551
30327
36701
30232
7926
13290
25937
9524
5045
39278
6318
7283
40516
36546
11365
39724
26433
25043
30228
31068
9492
38671
2627
12255
16688
17867
19240
4555
17463
36442
9032
33161
10893
37058
3017
27453
4288
32192
30824
12928
16629
30914
6864
40159
12407
16642
25799
24582
40850
38123
17324
25914
16500
26739
6291
38316
4713
27179
30599
37844
21596
23976
30218
34667
9584
6738
26451
13037
21275
11438
14125
38877
752
20114
23090
31624
1345
2709
35239
15985
18723
5309
38140
29519
40824
40340
7709
30019
1314
5029
4073
29030
21949
28612
764
9621
29561
4950
29669
18390
2387
12707
9994
30391
21950
12684
592
38728
39545
13134
38779
37740
36027
20586
11495
9128
23434
20924
8285
22105
38540
28471
16910
20564
15807
17697
11515
39693
20288
24897
32939
23210
26388
11918
23753
11821
35039
27868
28708
1864
16589
28099
34636
7434
12922
3142
19501
16703
26833
5535
19810
15062
6876
5434
17982
35218
26681
22229
4598
21665
18921
28713
25282
19516
29102
21811
9570
20168
32139
13395
11164
37639
1145
2462
5491
37701
12594
10292
20888
20161
38184
19977
31392
2390
19060
38301
32639
10174
10971
6159
27105
8314
21626
19894
28599
18010
8210
18278
603
21386
23071
15298
16297
3013
38554
15053
25673
38490
10807
32925
28483
25498
32285
12612
37519
15518
27114
32992
20
31890
23806
24400
2774
8119
22668
31789
31366
11892
17317
29941
1536
27662
37755
13018
38477
13815
13349
20776
20350
6026
24368
31418
34179
28546
29495
40686
29053
28793
3815
37707
35163
22424
20897
15367
6051
34939
7650
38780
35629
3967
5411
10596
32056
12576
432
38899
35344
2737
32572
21873
25283
16010
20753
39860
31139
22865
938
16492
25708
28740
20028
19247
37550
19671
37009
37319
15609
25263
20764
23406
19144
8076
6216
24292
10527
4354
9422
7859
28228
36844
3375
11875
38506
9437
35130
18997
458
7177
542
27728
22758
16302
30620
31239
39808
13532
17604
1277
14099
25918
30791
22928
6431
39322
33585
38376
10329
39730
40437
24198
797
23334
37859
22536
36429
30484
40841
5156
38547
34984
12225
754
17329
23190
22507
1675
16578
5995
4983
19124
21250
15343
25454
18432
5180
1697
3953
33656
24583
35085
18371
7755
19328
23448
14030
20382
8211
2619
33252
37729
27544
1012
4133
32370
10459
33802
33631
973
2211
16829
7399
27037
6686
19324
17488
26620
8370
18569
25960
22994
20218
19064
9431
8318
11719
5078
3951
30802
26234
25479
37658
36563
32782
26338
30248
17398
5278
18229
12816
14453
21137
16165
1650
34764
29605
24542
18197
2959
4743
4488
17756
28155
30224
38794
12127
8791
13514
28595
1147
30522
5456
4670
39487
13600
39245
26871
37653
18785
39746
28813
9028
35990
14044
6345
40550
20159
13901
21660
15974
5162
31258
11456
8776
37785
2248
15313
6733
22547
33714
37401
10417
7810
25010
30851
13758
9219
34053
11870
26282
35246
17863
40541
40128
32622
30686
13994
31923
7193
27686
36653
14767
14718
26254
17969
10450
812
36231
38326
5897
10350
6606
32945
32248
21347
28254
10479
22481
2100
67
26755
6509
834
39088
8974
11718
36691
29767
40754
38609
18687
37619
11113
40640
1686
15228
10054
18028
39855
15982
10998
10243
29171
4109
5063
4304
18665
12513
1749
7450
6217
888
15940
32294
33325
27458
18374
38026
28002
36841
20710
13702
3922
15711
3932
16766
19745
6045
4420
7375
34930
13986
38426
12651
32897
9768
30578
5816
34732
5352
39186
31248
39185
2187
15599
35640
9634
10476
30275
4218
20980
7151
17365
11322
15398
4609
5504
27252
26081
11132
26306
20306
39970
11216
2965
30690
34816
30031
39110
18245
33406
40143
19333
16079
35095
6243
35102
14323
14717
37097
34057
13952
37478
21643
29743
37867
21366
22614
26242
2503
35310
399
39610
17850
1651
35679
19442
17361
30417
22133
39510
7828
16317
25248
28597
29216
23344
5693
17129
40542
29153
3145
16781
20532
36338
3603
37332
36917
28344
20885
33497
15538
15991
6666
35395
28503
40393
28881
2252
24143
4068
27045
38672
16113
21001
1706
40001
8457
17100
19446
35044
27419
19848
9670
36381
37196
38282
2983
19966
36437
14147
10841
27907
4139
15324
1853
2713
40847
21931
13790
4041
37846
16156
11187
2314
31401
7539
36229
25207
34250
18599
33501
10813
2493
39967
3465
13523
24396
30625
29768
39016
36331
7532
16930
19293
39873
17271
4763
35047
5461
5988
15407
7763
7044
22528
4191
38151
30543
35300
13785
21623
4823
27863
13832
19657
29645
18288
19262
187
25392
16383
30773
12438
24051
30128
24955
29674
6801
7820
9568
7958
16511
3315
8742
10338
2025
32528
16855
5166
35220
15786
5034
12230
23444
20410
19622
18904
27767
23295
29329
26067
11977
1946
25532
35043
29616
12821
23373
23728
4931
4025
8531
30117
11873
25024
16913
10474
18130
20688
27485
34519
25049
8858
6662
7913
23931
35580
25611
39792
32499
14545
4727
11421
13878
6212
33390
28151
4158
7216
31690
24496
13080
2064
5976
14940
34792
16647
14229
30870
21685
15222
35407
12324
3586
5751
38643
14889
20931
16591
9893
35403
40527
5610
33770
40519
27803
30941
2970
20006
354
33224
26659
11578
17031
17277
26437
20313
11655
30576
12190
30955
23073
19397
22828
21592
5824
32784
6922
5807
33036
28956
28052
4652
38974
32133
20568
2973
36261
2994
27429
13525
31616
1335
5026
4748
1748
3634
19915
26892
6996
19857
3846
32097
26771
37950
40540
22995
13205
37179
21177
22714
10927
20126
33416
2582
21601
25411
35210
32887
28066
30147
11684
35542
21635
17578
23903
34936
14584
35686
37769
3447
19901
18343
6991
7705
24089
30714
35922
1797
35872
34353
26989
10337
23812
19461
31119
37129
26518
23805
14582
6517
27992
3730
18553
17872
16485
39202
30524
24204
15690
37169
14219
39475
15928
22551
16738
34809
33306
39718
28776
36260
32006
14
34116
4389
13692
20437
26502
21627
6869
37832
5944
32758
19131
39894
26637
17618
9500
35567
4720
22153
7176
30816
10108
35301
26432
30650
33373
7035
18968
31271
13893
3764
21717
23209
7027
15905
40272
8357
1158
32642
11893
7595
26259
2453
23492
35617
15118
30637
9320
30971
38718
34140
9188
38360
26467
34741
39109
16569
33167
25962
25963
26619
11361
25295
23601
25052
30699
29142
33115
23003
8127
21084
20589
24717
11546
35167
38897
22926
8778
38993
8746
16410
11331
18011
34568
6038
28419
360
9655
2674
9760
5182
31087
16131
26932
38628
29382
24269
5653
36553
39576
11454
39429
17917
10837
7884
19596
6324
21393
27719
2209
14231
34032
13912
30619
2691
15606
15146
12861
24190
31244
27162
23700
26360
7999
13225
9827
32040
9789
37614
19351
11357
35995
14112
37337
14401
34419
16459
28494
624
1489
13976
17276
40630
39465
37482
22617
33045
10996
12969
15244
12339
15645
17508
30061
19681
9356
16506
38039
34899
1856
36918
20501
35600
9889
26863
5495
6561
8942
40412
