9980
6015
26439
21966
14811
16272
18882
5994
24480
18318
19543
2478
20749
20724
15481
1398
21238
5430
9921
13282
16412
23625
21913
14492
5951
26177
5363
2323
19096
25678
13049
12527
12026
14116
18781
25311
21622
10024
5459
22469
10413
26619
17931
24244
3831
22839
6319
20513
11302
18492
18904
21626
26593
9563
4129
4066
17698
14612
21946
16693
23368
23485
10462
17284
4160
26338
17534
17898
19716
1605
7719
11150
7961
14844
9208
19022
4316
11995
14033
3900
2356
9126
1111
18211
10241
26630
26020
12722
26578
706
4776
12151
21349
8998
6340
20770
7592
21205
23151
9857
19545
25429
24658
8991
25016
1187
12164
20511
4977
15502
23210
13655
22051
21613
13833
16253
11822
6041
10685
17485
13087
1434
22707
6581
13720
14815
11629
23794
26034
7119
19233
11650
10247
9648
4632
23106
6720
2578
15862
17739
24526
3672
11020
15654
25473
8355
26250
6484
530
3889
16024
22614
12880
24918
2147
8357
11444
12006
717
8258
9847
7911
9143
14992
9201
687
7345
18927
14084
12372
25001
5049
23150
2650
8409
4381
1223
15818
1597
13231
447
24876
15000
19229
18434
6273
9340
15126
10512
4774
15177
17456
3224
7792
14697
11361
20621
10589
9088
20777
10805
17171
13930
6343
10399
12519
6656
16502
2784
4527
19107
11032
1138
21409
21329
438
24352
19659
6008
22464
19927
25460
12771
25915
29
25557
21661
17410
14802
7180
5227
5877
22073
4176
3141
21875
25948
23253
3429
19731
14917
12319
8313
7327
2623
23815
24109
16369
4928
8836
12451
15975
8205
8713
9151
1845
12328
7334
4327
24281
25891
21536
14658
12745
12070
144
2055
1974
4578
8746
14383
16033
7691
19247
14220
15438
31
12495
17905
24465
14118
7536
11225
5170
7568
24367
3267
5191
20941
22589
16659
7799
14161
17120
1095
11321
25669
21768
22620
5293
9620
758
3771
14512
21973
10205
22116
652
2237
1216
5886
23800
6776
19848
20581
23589
17986
3109
21638
12038
1918
18328
8697
2503
23268
1124
18674
8176
17785
24626
13635
7527
21184
5793
6111
18352
10916
19514
16387
1120
9691
9700
10314
3342
6938
16391
12340
4434
9918
320
2704
25178
11703
12584
18090
15264
6968
13427
17271
19726
14375
20665
143
10101
11699
15413
11901
6396
21924
18526
17417
12669
18086
23880
4062
14184
8953
9430
16815
8551
25237
13246
15679
6198
6142
18941
2933
22066
20550
3958
24803
22610
13723
1452
21389
3612
11381
2404
16141
24493
24314
5285
24412
20420
21648
11676
21293
3665
25114
18650
15121
6807
26356
16282
21364
14559
19781
22744
3721
12854
5326
8041
15343
6994
1885
10678
575
11267
25229
16050
19734
10878
19641
11475
18159
17225
9639
22213
2200
25252
23132
23391
15048
15632
19304
17182
26482
25174
18286
13709
22293
19467
20936
7018
704
12980
17952
2903
764
15700
16429
23587
15398
17014
15138
1736
8161
3120
17201
14329
24640
11585
26022
8591
25214
12205
9722
38
17044
18735
4581
20179
1161
5081
15827
10903
17047
11800
20483
5287
10513
16032
2952
17096
25049
15952
26324
14990
20333
26475
23742
9467
17878
14645
8729
23974
18326
25799
20998
17582
19699
25328
17794
6403
18515
25647
159
15581
54
5318
15301
15888
7265
10991
22035
10721
19909
10374
628
4472
26063
11169
20137
9547
16911
12458
9958
26307
7092
10458
8014
16237
2011
3813
14649
8185
12202
19440
7141
3713
11291
25844
20197
1103
20451
13220
22619
9065
22801
933
19296
2924
15710
10780
1148
15241
1792
9973
16534
13747
3479
23041
20510
11386
19095
17590
5067
435
6973
3167
14319
11876
883
12996
22458
18822
10555
6966
1206
1218
20343
1289
16066
4878
6911
11534
26406
25084
8534
11284
24935
16542
19146
2233
14026
7855
2124
10931
25461
10415
24206
19380
23284
10749
12631
18860
6961
12187
751
19588
2652
16504
21610
14367
6668
12543
13911
21853
21129
15286
15990
17839
16457
17843
12608
11858
1929
25718
22952
19925
8877
10377
10142
25434
15780
19222
8320
17439
5218
275
20774
2278
2006
24032
17828
22276
22556
10593
3660
22664
9394
4487
17357
9484
10252
8094
23990
15168
17884
19948
14951
4451
9465
11146
18401
24107
18465
23238
2574
24634
12260
5503
8226
22891
6621
4435
2754
2745
3601
13404
9728
19522
24169
1167
8651
20093
13543
10832
16727
10267
531
16475
5013
10189
6254
20171
4134
8424
17022
7077
551
20698
18955
22178
13440
16494
26185
1891
2021
24429
10821
26419
21172
14650
6605
2317
24313
9341
10654
16678
15695
22858
19719
21671
16350
23267
16031
1991
22060
1797
1390
25564
12266
22853
3197
1069
20504
3540
13046
6875
12679
15864
20700
6077
19367
18684
4837
25158
23465
24542
16488
3160
22091
2215
9820
2490
1807
26037
21414
11981
16126
14475
13907
8344
18571
3938
8368
18053
25156
19907
24294
26645
5576
5434
26041
6638
16905
22623
25338
17367
25261
6252
4721
2094
22545
23160
13665
15509
23352
14641
15326
20695
16530
7182
10920
5648
5805
7946
25511
17645
3996
8608
21038
12282
11948
8316
24913
21000
14602
8996
7159
19775
18481
19571
9927
11663
464
13661
10862
17346
24923
4593
18983
1322
15533
20436
1408
504
2334
26423
26582
19757
23094
4173
7468
26612
11012
23457
2431
61
22114
7830
20030
6439
22749
17926
21382
952
18426
1127
829
11085
16925
16642
25343
26054
16201
12152
13647
26161
7905
9417
23095
513
130
12665
11693
21584
8419
15540
26538
7637
6138
22194
8743
17542
311
19720
12124
22471
14134
25600
17174
12538
4804
15051
10907
1865
25
17024
7485
16914
5910
8276
3897
4059
24576
18545
5740
4362
8065
4436
13048
23850
11430
15345
18675
2346
2533
2762
21208
21219
15816
19624
25838
10115
19137
17263
13676
4861
19956
22851
21754
25810
17776
21937
17172
3230
4366
7356
6040
20327
2497
8936
15135
7813
20224
18859
12176
5815
4936
24151
6712
24928
8037
248
13937
8342
14715
19554
12991
10463
19231
1349
2984
19695
13875
14613
20930
4337
13126
26448
25648
14365
18122
22018
17602
13177
631
5711
3126
8310
2073
17503
22170
26342
20174
20213
14271
15228
13897
21484
18820
22237
6834
14947
22888
20313
12537
7750
18219
12927
8789
25058
13879
2121
14908
379
23496
431
13927
15847
24499
807
17827
13235
10283
5482
6998
2760
4339
11043
4910
4101
11054
7697
752
18081
7671
20495
14024
17079
12220
14680
18140
8983
15835
19139
10658
21537
26310
10337
15759
21157
22286
6568
7063
25943
15958
2685
2078
12835
21061
20944
9916
4444
6468
11313
18869
3614
13221
8525
8687
2241
454
21399
17273
21089
13122
21017
2357
954
4159
9608
24697
1155
23490
24136
26215
25431
13607
12287
14832
12261
6134
24616
21333
17967
19132
21856
18368
4256
5515
21356
6933
22256
20429
6310
11492
5375
20508
15491
19658
21001
14643
20264
7413
25574
3703
15750
7832
20526
21482
6188
4075
9361
8200
22169
12838
17361
13030
20934
13525
7694
15783
24885
2990
7552
23942
22261
9289
24750
14000
23008
14131
18605
2945
23113
18048
2454
5566
11880
9752
14995
4271
22559
10669
8469
24734
7624
13047
22409
11367
5731
6483
22311
20028
4373
4679
23258
17673
17729
20019
12374
15987
22249
20673
18655
7372
12017
12733
18908
23675
14213
7559
783
676
11511
8846
2306
26609
6971
890
10370
11591
14793
1258
18233
999
8182
21377
15501
14644
16275
20402
5101
17003
7967
12099
2126
16325
3505
6441
2236
16710
21879
2180
2671
21911
7539
15769
21920
13149
12541
4155
20773
1122
22382
18051
3655
19372
25371
11657
24235
14725
10256
3523
20252
8557
7386
13339
2290
25823
21228
6027
18894
10548
11449
4372
1548
6029
10043
25057
896
8952
7654
10102
14569
14272
13880
13947
22563
7225
18309
10407
21977
13171
5564
12891
11319
284
13938
16731
23010
1762
16606
8584
12904
10753
17040
11271
839
25198
23753
22969
17886
23480
13484
16560
322
23335
22350
17077
24083
16969
7080
14083
5547
14409
5643
20375
16123
15496
2844
18455
8049
17689
20763
14282
22135
6210
23185
1411
21561
7944
6287
7952
7156
11551
16743
22890
7754
10447
1423
6425
12387
15331
9652
19702
20593
8981
2711
23464
16158
817
17356
12311
4741
21465
6632
12507
10450
2217
14580
14264
1316
243
3575
19297
4863
17514
16579
18377
9071
3312
21949
1560
18340
11393
9219
21802
5567
15792
6150
8590
14810
4525
9735
21611
16689
13429
19647
1999
7988
25839
20399
24487
19183
13920
25585
23070
22352
21789
14207
15487
1705
8995
6851
18077
14401
17415
9120
3984
5366
21601
3779
23177
2698
15973
619
14049
7061
9132
18969
8203
790
18488
12162
20270
10041
26374
7693
17919
844
14660
8453
2659
15574
19464
22386
21602
10737
9067
1421
11308
13262
9628
13555
21869
24980
4921
25862
9351
598
22949
9170
4590
22168
21606
9454
9821
4636
22403
24505
26124
13754
1507
9828
19428
25356
5682
5840
16934
2815
7438
15
7035
11083
14404
4424
20484
8628
7093
10961
7598
13495
16231
8027
23158
1688
1493
25239
6757
13951
26329
9259
2082
12161
13685
11738
4299
5497
25688
25654
22113
5931
15453
12468
18599
24808
1531
23054
18466
2214
901
18502
15031
21730
13323
432
12226
17750
20910
2905
17593
3311
16902
5367
4645
16681
6085
19988
16691
8792
9321
5241
18058
12325
19776
22289
2466
23099
10665
1073
10981
23493
13780
17107
10063
22859
24751
22388
19122
15322
23357
22895
5333
2182
24909
11239
800
4130
22463
13595
25211
24675
5845
9433
17787
21082
17791
23064
5233
2814
18329
14744
13950
9479
12385
4666
25336
1613
8857
19194
24583
22846
12969
18629
1153
1773
13195
24631
495
745
12564
21411
4358
22955
16796
24308
25641
22577
8001
23323
1342
7008
9681
21669
25388
3905
3809
19901
24203
10866
6128
11269
7806
9146
13835
2501
18687
6919
26491
6341
9023
15522
6284
23725
11782
25411
26196
25961
22379
22284
15767
22347
17226
10448
6784
17818
232
15382
20813
12089
14192
19604
20627
26354
24607
9192
5334
5330
21406
11757
7155
1015
15806
11996
19769
20846
9915
1091
17492
24934
20181
163
869
17742
20912
3063
20010
12973
24311
6475
11653
895
10253
25544
16923
526
14123
12881
25517
3491
3124
11296
12542
3795
18533
15066
3926
4002
23965
8780
6582
11546
17217
16545
13295
25014
45
24945
3563
21278
24407
25553
22557
12456
23376
18636
15266
9723
17749
10089
11056
25207
24176
171
23585
7244
24364
9790
11041
3520
24228
9133
14564
20459
5976
12821
16280
21384
4131
10185
25124
19439
25859
26452
14032
22315
25352
12902
25816
14060
20277
21109
24462
2212
26603
25469
12739
5037
22769
24380
23570
10347
6024
5629
24875
5181
16399
293
23785
14938
6500
25486
26088
19577
7668
9376
17325
2874
22685
17109
7091
19162
21873
7480
15223
20043
13176
2394
14765
8923
17488
1751
23898
16056
4517
10381
5148
12231
19487
6901
24524
17693
11825
12870
8553
6674
26600
13928
8369
5205
23263
313
11560
23180
8837
24144
13917
12062
24613
16147
18541
21195
22375
10479
1078
11277
22827
16478
23231
8643
5373
11577
7332
2847
904
10783
17541
18248
20069
9739
7062
15328
6889
6028
2809
23459
17106
4951
22675
3204
12649
11154
10772
16208
10327
9740
8634
2954
16173
25749
16702
8818
22514
17276
23981
12846
19774
22221
10800
6250
18811
19793
19513
17232
18897
11645
22431
22094
16818
26295
1927
16456
10116
11833
1350
23516
14484
25304
10428
16301
1617
632
25420
6482
4510
13471
8594
4644
18542
18043
10939
16939
15076
13112
20821
23214
12189
15817
24196
21257
3239
19186
11907
3858
6211
21250
16394
1063
11282
25042
4937
18521
23513
20317
24285
22987
4121
9928
14372
18386
8031
19184
10066
8046
20659
23378
25171
11508
5692
13482
8993
5779
21437
23889
26510
18819
25685
13464
15671
3039
7622
6876
4133
21775
20714
11894
10047
7605
16217
14206
2436
26154
2716
14712
5470
13905
1667
13141
15885
26337
2610
7473
23790
10286
2649
1248
6989
13997
560
14488
11700
23441
24722
19420
10060
23669
23952
15081
5784
1894
25782
22960
5587
5766
22914
25007
6170
11075
3176
19343
13794
20461
24843
15103
5065
10197
5271
4494
15981
18727
13071
15512
17143
25233
26540
26309
3364
14775
21872
1639
11937
26033
26621
5953
15370
21826
21438
9036
11721
22122
23826
10992
20959
8025
1758
6282
10729
18321
19078
17548
14043
21173
24348
20789
14722
1801
7507
867
12697
22512
5808
4433
23206
14023
13666
11210
21415
3679
2285
1544
22872
7367
18763
16002
7755
11769
5315
12666
8512
17790
13120
26536
9508
17691
14988
4602
122
11077
18730
14927
837
21555
12107
8169
1226
7057
7775
7519
14536
12656
22677
8562
23188
6189
24395
8353
1888
25402
12114
3828
13874
8260
2586
20410
8363
20868
3559
1320
26581
24494
16848
14895
21711
1825
5012
2731
9033
10705
19691
71
15113
6302
17684
19427
6928
6793
4220
26026
25326
4575
10713
17710
13397
26223
22970
14362
9028
1182
26451
12411
24295
24840
4336
14291
19067
11343
3202
2145
8481
14473
10521
15602
17037
21214
25299
8311
7914
16016
18037
19905
3580
1873
13886
6617
13106
4060
10300
4628
3976
15497
19218
5936
596
10375
24362
18125
2653
10625
20580
19773
15706
23024
12960
17902
22407
12901
17440
15703
1564
15978
8420
25054
24260
11104
2763
7116
7793
8968
18317
3193
10524
11069
19567
8671
24023
13291
19238
8802
25127
4675
13245
9592
19281
7015
26473
24929
14370
12301
9985
23796
2622
8254
23544
10262
13288
9761
21713
16521
15909
12106
17664
26319
1883
19915
2194
15023
25186
3432
8992
4183
25969
11480
12064
11394
16749
1171
19436
6733
3189
26117
309
907
15918
11238
19770
6520
9801
17690
17793
3683
2994
235
7221
9199
13601
9010
17261
25013
8495
4269
17126
8228
4488
17395
2266
12055
14027
4392
19646
7446
9841
894
8508
7330
13161
16446
12802
21457
17517
23578
21403
23896
18617
2022
16455
6381
2682
836
16918
3732
16215
9020
16179
7823
4710
23461
18056
22944
1220
889
12680
20505
4708
13276
26146
10602
9548
18852
24733
15430
9976
23086
15179
9373
1163
4478
12175
1351
19512
19535
5207
19808
16146
24004
7311
4252
18720
1075
14600
15652
20976
6427
21684
19817
3276
11403
18690
1870
14158
12706
1661
12957
12949
11771
18801
19318
8555
25255
19509
1480
188
8649
20140
19778
6797
24085
21371
25151
4647
3921
9541
26265
13369
13769
6366
2277
10427
22034
23760
19081
15694
23260
10765
22106
16891
24855
13356
7143
17364
4627
775
4439
12989
12172
6365
16409
15903
12536
13891
16333
1152
1280
11481
10436
15282
1604
21507
25398
2648
2922
279
2584
22120
24194
2919
21798
16730
3650
9022
20769
22245
9839
10064
10180
13663
25031
724
23774
23045
10038
16017
1400
4881
20040
20534
9194
3709
408
6978
16644
1856
21764
15688
26136
20146
10325
20183
9298
10040
18204
26572
11082
25929
4315
15960
16199
9420
25556
23397
25222
14805
15365
6270
13000
19992
8672
22307
18179
18187
11634
2726
12310
20175
8336
15207
5135
8974
6060
18390
8965
3147
20626
25992
1779
24394
5230
17619
18570
22442
18755
22900
9946
23452
15625
8750
22836
1017
19852
17930
16999
9098
15287
6817
3321
13981
16788
9242
3362
4630
18620
24112
24420
12505
25005
13138
20057
8547
12924
111
2101
5311
13239
1384
18686
11639
14932
1834
24065
4750
21206
23674
21392
12770
15583
21864
6368
23407
854
16210
3658
17434
21459
12429
22721
8266
2286
670
7200
14349
7660
7292
347
19566
11576
16011
16298
16220
4663
11984
1732
6309
11501
15445
26065
3670
8159
25355
20065
19402
12720
3425
13376
16184
14001
5498
8468
8108
11961
19777
14899
9279
9888
19261
13887
17388
11474
50
5554
12259
13227
17504
25732
13739
24883
26506
6258
8407
7440
9562
6233
11180
10299
15042
20646
21421
24708
22009
11027
1457
1263
5624
12457
16909
3872
5116
23930
18865
16437
24705
15603
2314
11947
14126
23712
2566
24182
15968
18156
10608
9703
20356
23525
22887
20304
3090
12339
1781
5924
23787
7529
17719
24795
2552
16853
3092
10442
22217
21500
25974
21262
22231
25148
24227
23614
932
15304
18856
9794
8079
4077
21664
14554
12110
17176
22815
7925
10811
350
16568
16762
1247
11594
918
19599
4352
10418
24414
8350
10051
24174
24120
23373
4637
2165
25262
3079
18885
9779
4498
965
3767
22967
2264
1912
24207
5887
26076
23972
23771
23134
20542
744
15744
26045
10073
4239
14732
12583
9158
18361
17154
11547
17780
25521
19009
17897
26364
6410
21524
22188
14757
13859
19135
26003
18013
22465
2543
2842
22537
9889
5995
23870
12985
16645
11888
10402
26577
11278
3823
24152
10246
1128
20389
729
14789
18841
15489
6208
1217
4311
25009
11413
9550
4917
17431
14495
2639
7998
3099
21679
24005
25849
20603
25794
21890
5540
3359
23545
5676
9815
12577
15141
1299
17681
16480
10947
9462
2879
9926
19200
20850
3694
2269
17324
2996
24440
12735
9432
4349
7517
11725
12806
14874
14225
484
11079
16038
19557
2634
13363
13619
79
13537
3223
22639
11274
17113
13317
22612
11837
25099
24192
4326
11736
1766
24944
88
6828
16486
19555
24382
4146
1268
661
20502
15073
13924
23706
19029
24082
4450
24501
15585
2620
16080
4713
11856
1008
5664
11749
2665
17659
17474
16062
3947
2785
15848
9087
4404
10194
4846
17627
17766
5020
1112
20786
11340
18433
22984
9368
2299
12682
3347
25850
18901
14114
3083
22871
8413
415
21717
8627
23959
13357
13805
7459
820
13841
10985
1672
26529
16047
15093
14872
8092
9771
19288
14871
9811
25457
6661
831
8349
6360
5796
1608
17705
12995
6443
9883
24422
26605
11471
16090
21579
10383
1229
21672
2971
13275
26134
5114
10793
2252
17438
13740
8016
3769
12142
1950
20165
28
7935
273
3656
9962
23565
26330
17374
3200
761
20042
12797
22957
3860
3210
21848
11318
11298
13571
2618
25863
17894
17761
10913
1764
15249
4470
7751
7088
13536
9254
14703
25269
1121
24569
12335
23583
21600
9516
15144
12223
2742
4353
22989
8515
14835
6870
15115
10600
2098
6386
25272
2134
5243
25985
3500
6555
10893
13481
9040
7607
7095
8932
19497
14306
5875
3235
9836
2345
12235
2647
840
18194
21449
8196
23604
17389
4995
17597
8535
18844
19574
17432
4495
6741
14227
18305
12101
21113
8602
5963
1581
3257
14143
9901
11446
13296
18130
21651
18905
9765
4207
11997
20385
14155
22754
605
24418
19375
9249
1374
22879
13825
21216
2927
22789
24651
22869
24456
5656
522
4625
12885
2352
7895
9878
23241
6598
13870
22251
21469
22440
5102
7196
16758
25972
11891
15927
24455
22365
19665
16732
12200
23232
17489
22444
385
961
6215
13718
7051
26305
7240
3143
24752
21960
5142
20939
120
19143
10363
6954
22028
2349
9908
1578
16666
13712
24895
1650
4986
12320
5557
6790
4844
22654
24489
16522
23586
18808
7672
26112
7275
20492
10435
9941
1510
2462
26348
25296
23037
12895
22067
25212
17
15538
2161
17461
1744
17392
7741
8793
14998
9056
8329
2609
11421
16639
8130
7789
7783
1123
5438
26204
2405
24256
2581
14682
16104
25394
15369
5329
2181
6164
17820
21275
8417
23203
19482
17089
5816
16134
8722
2193
12454
3512
6822
24186
12676
5060
18291
4096
16975
1515
9059
8575
2095
12173
12636
12780
18738
26470
22477
621
6020
20432
21680
20927
2089
22580
14411
9269
21015
15235
17564
18454
10656
18939
3971
7695
5421
14822
12286
12455
10307
10403
23090
10964
666
19710
17299
1406
7338
2043
16706
14726
5534
25089
20798
15756
24015
449
16209
15080
14037
4681
8506
25841
1724
5782
5342
25483
21446
7976
7778
1533
3868
3906
21549
17212
12482
19745
13266
6904
13002
3011
2515
21947
19501
22646
24759
19980
15748
15762
22400
21708
26535
15614
20091
6935
14692
2155
22991
22126
17941
26014
427
14866
11985
4437
900
13359
13012
13353
1495
3627
3818
20722
9942
13242
9672
8677
23553
17465
1899
5447
5017
18670
12764
10140
23766
18644
738
23918
7230
8766
23722
15351
6473
15378
13208
25935
13389
12332
16781
26635
20676
8429
7004
15259
1213
4345
22412
18973
3730
17377
26386
23111
8332
9317
3354
23807
18603
10481
10335
8772
20260
16053
85
19933
24448
24130
25073
12555
5196
10621
20227
9822
22167
14561
25500
2492
7117
4086
3292
7631
2757
17155
229
1861
23741
24390
20780
1286
3572
8241
11357
14833
6200
9443
366
15360
18567
4078
13556
10002
20126
21922
16254
349
16365
19053
10527
3320
15462
4724
17296
16224
26186
5440
18379
32
4231
3179
3948
24586
26466
7029
22016
12932
22670
12509
6818
1052
8394
12229
10179
5122
20381
21640
17012
19015
23104
13764
14384
15107
23976
25806
14700
7803
9019
14708
16137
4181
19315
22902
21968
22358
12755
9515
22174
4533
12221
17321
219
16570
5704
22378
4188
16458
3699
23144
10298
446
1344
12461
3003
20713
3587
3718
24190
5458
22919
17490
3244
9495
21346
19210
21662
12769
9421
19528
11982
17028
14733
9232
18149
24842
2413
14576
8300
22078
21470
16827
13701
22768
8143
15529
17238
3816
14440
10437
3907
13872
19080
14678
7298
18065
22941
9618
24924
5250
23097
25942
1116
15298
3214
7033
9034
10531
8487
1703
11496
23726
26360
12184
21016
5178
17316
17671
25946
16250
16150
18047
7766
4277
8208
26345
10784
6097
6831
150
11979
5825
3613
22803
25963
24141
19772
5402
19492
23552
25873
18268
1841
5560
9947
11667
2300
4591
12105
24329
18189
12709
16441
26105
3676
12979
4695
8656
16870
6515
22003
9136
10464
20750
21445
1575
10100
22513
7888
12323
24820
11158
16320
5041
16490
6072
22207
1427
1582
10196
17855
16192
6033
26467
15635
4738
12557
19002
26036
1359
15303
19404
17207
14865
10523
25833
9263
7844
11022
352
18408
21036
22273
6175
3497
24193
8696
25627
25834
17269
3687
10306
1500
19463
25133
20017
7586
13341
3797
12179
18873
11323
2227
22690
10430
15154
15841
3944
9332
26548
7494
25250
9950
26459
10278
5661
17784
12619
4263
12570
25730
19530
8436
24055
2923
10112
9875
25179
18249
11290
3043
4125
7444
16198
8990
18074
12647
6567
6963
20209
13993
10569
23814
7070
2959
6227
15546
12513
17569
15257
23701
24506
9326
8396
23540
15256
14573
6290
24110
20731
18591
20919
3205
17482
16658
11226
7144
18143
20111
7720
555
14796
3118
22376
16278
6744
25768
12618
20144
13301
25888
23523
6012
14797
5202
14430
12271
18866
18858
9517
15650
15843
7067
12405
8343
11988
4214
5751
22229
25682
15852
22327
17136
5321
23716
14446
4476
1391
3194
21365
1903
21351
11696
26157
5054
12490
2544
6305
22607
15507
26430
26564
24775
22337
12154
9531
11644
2139
10232
9442
23543
2419
18350
2709
25696
819
10173
14691
5584
9823
15911
8428
22977
19370
16808
11936
17138
881
4484
5839
4520
14535
8849
19313
10930
7921
8583
6746
8385
21393
10351
14056
24604
20607
25191
4069
19030
24165
15844
5248
25141
13819
1033
13877
24551
22540
25116
12300
23275
4274
16834
21926
6217
8439
14639
10701
21710
15252
24973
7870
2484
9342
15743
2103
13312
4914
26580
24200
3802
4684
20947
16755
23950
10731
22171
15356
205
18576
26627
6687
1768
4166
12439
7082
5144
3088
25000
19307
23734
1199
13178
15263
9846
6849
20920
2750
4122
16572
22234
5185
1173
5008
22813
7752
26400
17866
22522
24324
6689
25119
13076
26534
20935
13057
13983
8597
21933
14423
8022
12741
7460
24156
19712
3891
17210
9763
5940
13150
11414
993
15071
11633
18986
26469
2247
14239
16892
3504
7721
23142
7986
10012
17032
17098
24904
886
25289
21076
201
19326
22502
22903
2243
12688
14953
7995
509
14004
21763
21090
6399
19161
12501
11366
8174
2595
17393
6246
2771
16714
12560
26249
7432
20996
15782
14439
5616
8071
8950
1877
12892
17850
18269
16897
5685
9027
17795
9907
20891
24969
12941
6197
9155
14465
24971
3758
20182
10455
24043
22723
14407
21150
16948
11437
9312
16584
14485
6786
2621
17287
25030
3853
2661
14179
1958
16268
22472
17860
22865
9598
6182
11388
16327
2093
5861
10076
25872
24219
3368
15146
18334
4150
16012
23940
3262
16951
6056
20319
24021
11251
6823
325
15427
20909
22866
24620
9806
26049
22684
7684
11911
16672
25803
2562
16849
17918
11865
23536
12382
21877
13338
24911
10966
20899
15680
18648
12359
22755
8541
17908
7043
4034
13828
19960
20294
17278
7532
7213
20035
7390
23995
741
14583
26082
19747
22793
21375
25708
17792
23710
1965
23147
20569
15685
2261
14038
6874
18327
8148
12843
871
8472
14509
6257
21811
6867
24774
11945
5758
26549
26453
20448
12831
5387
9983
18514
14702
16251
23115
14828
15227
10062
13035
24084
7639
17494
3273
25364
794
15972
7266
13750
25952
1968
1282
9415
9255
21660
25283
14887
3413
21095
8477
4012
22995
16633
20360
9755
12171
8387
7458
330
12975
12452
22083
26418
8764
26456
14476
19556
2288
9929
20528
9153
14667
24960
21894
17556
12818
25802
497
18471
20625
3515
5195
4872
1271
9239
20345
3725
9235
10195
15197
16822
19669
5552
6953
14964
19537
12251
10978
10477
22086
18061
1368
2174
25705
19414
8580
9068
436
4954
8858
21380
16829
13396
18416
23347
10192
23662
12783
9992
26151
3564
18254
22036
20587
26194
7422
7860
1590
12500
19048
11649
18587
5539
8089
19784
10348
10126
1895
10786
3157
13304
6019
23240
9399
19900
8168
6115
5134
24012
3227
18087
6345
24238
14742
8247
23549
6081
20643
19333
4557
7448
15548
21569
23567
16993
12684
261
10769
14719
25225
2961
15409
11704
21637
22303
3577
25034
10017
521
12567
3255
22478
5986
24890
8334
5826
18634
455
4502
7646
25720
9339
9750
4536
17765
25410
22860
24540
10484
10646
13146
2387
16353
15994
17849
21132
16520
13925
8033
8695
5831
12558
15255
16649
1720
6251
16638
13328
6781
19749
6021
23219
12984
3991
3729
18376
13546
7708
2192
26547
18780
5982
7899
11747
22547
14960
10000
11067
15593
2231
22830
3151
10033
21314
17480
18903
13315
6007
21806
13237
24581
23189
25488
14747
22988
11631
24696
17679
21301
23595
13653
13090
12814
20940
8794
21112
24814
11310
10108
1742
23590
8450
22722
23096
16671
9860
17406
3645
5395
20596
19750
7003
25715
14594
12305
9299
14737
9600
2406
354
4842
23431
11510
1245
15471
6634
15823
5703
18695
3375
1595
3340
6636
11752
11086
17966
24243
24392
4179
23055
9549
24655
14720
5117
4021
2577
22971
23574
9320
5234
6162
11119
13548
286
13932
22745
18400
12876
20282
8982
935
1484
3280
9843
19064
7130
26644
