21603
10287
25867
24319
14699
14
14566
4272
366
23611
9337
6638
9171
22378
11139
15569
7855
20117
24211
17950
21850
162
15993
3566
10311
8395
6182
16211
16444
23308
3239
7942
12156
10104
12117
6375
22486
26618
21967
863
23651
23111
8531
7875
22673
16407
15517
4584
17421
22372
816
18975
12882
6619
16584
8558
20832
16654
3351
12939
13401
19601
23599
21810
8715
12502
541
6538
19750
4904
1992
13162
19877
12933
13659
21013
7145
8408
26271
3356
26475
755
23508
24144
19291
7111
8101
1193
13324
16453
14759
7539
5328
21977
21077
5928
3751
10439
23049
5912
3658
5195
11758
6867
19098
1768
16415
