15794
15639
7198
6291
2881
4641
20210
39187
38025
4446
29157
19992
13698
17977
18690
6233
32184
12163
36158
33829
12141
13145
21984
15467
12603
35038
16790
31992
32338
8038
2288
29986
24655
21442
4722
17655
509
7323
10741
12076
38510
11960
12483
6969
4460
37486
22765
29249
35868
8739
30282
5619
33305
36566
22165
40797
26420
15847
32781
34870
19697
11709
4687
18247
37412
15833
38322
19289
34552
26270
10358
29514
26202
27926
23663
9300
20012
16787
28549
21244
29486
943
23134
28211
10371
27081
33744
11149
5895
4162
39523
12849
9073
15764
10683
18278
433
38564
8226
21598
38267
3082
16949
21197
31611
40124
30403
8590
34079
18671
38165
31474
3969
33718
3417
16912
36373
26318
20442
34693
27282
18315
7908
24619
29469
35406
5073
13470
10608
12955
39280
30373
4773
39709
39372
3138
32203
30669
23467
39399
15239
13685
3889
9177
20318
11407
23125
17117
6944
7539
38625
25077
39213
26788
29871
39798
8045
6619
8953
30860
35556
17623
2237
24172
1591
32828
17231
28870
10786
31764
4733
24057
24236
30336
32623
8290
1313
20627
4925
4025
12690
7241
22456
27392
15607
10329
31573
1869
14135
18693
27584
11303
11022
5002
39018
14985
19944
607
34940
311
9499
11714
2820
20571
9704
29943
2991
26221
23208
13933
12618
39781
25960
30341
26951
20799
26816
25440
7592
18212
4539
15159
17506
10602
37483
23744
20902
38817
14966
13428
11053
23567
33726
18310
25933
32559
34813
23235
26211
38593
8832
11534
23063
11051
5275
35149
31696
23917
8370
8130
21219
36265
29207
31920
31802
34333
22163
13453
20643
39488
29623
3403
17813
298
12793
16383
6045
21041
12597
26353
13900
21937
23877
38796
39831
15961
1896
11913
25901
2615
19829
9805
20046
31839
21893
15777
22672
18581
16991
17478
3949
34414
26823
2584
33356
13527
3178
3118
38608
37330
35680
30114
34991
22865
25419
32938
2995
21074
6859
7035
9559
37924
35080
8965
27261
13365
11104
13152
17102
23729
35638
13126
34890
16646
16533
10320
4007
930
13677
13341
14294
7722
2767
7050
6889
12201
18030
31229
8354
1807
27368
3068
37538
26851
24083
21911
6914
32756
2786
38982
25720
34925
13908
15386
12579
1985
16215
10491
23656
29790
425
39978
30998
12300
9553
6870
25456
10904
38028
2185
4741
19169
16120
37841
38367
15179
4373
35721
35714
4273
24543
26264
37065
15960
28962
35176
20896
11543
36654
22250
11174
281
19594
26566
31435
13655
37253
21599
21623
9380
5032
39813
7567
33506
14643
36572
23298
16988
32324
17427
22576
32686
13136
1840
38893
26315
2528
36589
9869
32604
17758
3832
26290
7839
16631
11330
23127
18401
28093
33425
24378
25436
12813
33086
39600
34447
10991
31708
16033
16123
39443
27993
3319
19170
19730
28706
37237
26354
24972
9681
20299
37508
35683
9578
3276
8991
16268
24706
12566
7985
37485
7678
18470
38241
32183
12700
6321
8033
16805
83
33080
3844
39147
24919
8754
20885
29387
29897
6458
38161
34961
7471
24008
24506
21930
8808
16414
1629
8747
3059
36197
33916
27772
20126
23254
4583
7448
26910
5676
6049
11376
30862
22199
12619
22468
16263
24059
19460
9673
34626
14088
29316
12698
13891
34300
16705
15493
12528
35767
40212
15855
39081
14447
12262
19557
29809
34952
30010
1200
30293
1248
7838
217
290
22848
34891
31327
14976
11901
37162
27553
17053
27758
28090
33658
29995
20469
38601
17684
29781
14357
14515
4566
14585
25733
27183
38495
29223
20943
33192
7195
16054
10619
7447
8277
14082
11277
40400
28882
10748
11121
21703
20224
24210
25760
11781
10110
14936
15691
25652
25381
4111
29070
13081
39160
27569
28732
12038
30393
30423
28668
31613
31012
14101
21605
5659
14015
40264
6092
14558
4470
31622
7047
20463
27272
24725
10625
12722
15332
34250
9093
19824
21726
30224
18205
18579
11653
6402
21374
36443
3820
36430
25777
26434
33234
23503
316
20736
32769
11536
28138
12889
9713
21579
36075
16682
5814
21414
31330
18632
19968
35297
22871
24574
8602
17648
24855
23507
35801
7313
26782
30240
29099
39777
21499
31607
24448
9351
4842
2855
20258
34044
29162
2884
30828
8870
4519
12046
38101
10031
22604
10517
31739
27519
23682
16563
31659
19887
23688
35238
9778
5547
7523
14391
17098
20653
35597
35772
39622
38620
40216
17999
15147
32495
36971
19344
19081
17640
16923
26942
40375
22612
1173
26727
32216
11194
8783
31821
19135
2697
4703
18381
19900
5178
19550
9260
35875
29946
35402
24642
5116
16290
14417
24880
39091
1133
2372
14067
5819
13295
33470
835
6148
5701
2683
35063
28159
22780
33589
25351
20704
24446
1204
10955
11105
16688
28645
17854
26232
3644
32766
3783
37563
10133
2462
13288
39626
21224
31799
20483
17000
18237
4097
27988
19318
19839
11713
5993
34851
28807
30399
14633
7376
13028
40389
4390
14240
17779
19403
30047
34811
35201
17128
2511
22269
26556
35842
35583
34636
28908
29838
18841
26546
28818
31907
22038
4935
12348
30245
29743
11843
10870
35033
38410
34722
23304
5010
9705
24873
15518
9953
25655
14658
9316
14678
15898
8637
21524
17307
39209
10255
8707
17730
19397
6109
24205
30886
5113
36223
35691
18001
488
32578
25410
19668
24874
23850
23549
16166
36216
15158
33474
25754
33472
19273
27873
12252
38244
28760
38540
12760
24052
9083
7827
35598
39630
32309
31161
13325
26746
35292
8778
25520
33300
245
20755
13332
6649
1913
39911
17038
22134
36015
33721
18120
484
23278
26080
11936
11738
2155
24863
10168
32934
11887
17959
39005
39861
30628
23861
33940
23170
4424
25660
30907
20837
32426
36387
22742
2147
17874
2228
15516
24115
233
28212
37215
31985
7156
33941
19163
21871
21385
13605
20533
15599
8603
30927
319
15718
32542
40343
33331
9901
6403
34572
36511
21335
37833
29987
23756
40145
15449
22940
34662
24770
40824
13971
35016
26027
33177
16129
29905
37225
25167
6235
11934
24834
13196
4837
33027
39981
18199
25841
3243
16461
13160
21356
38736
21817
27532
40753
4933
33163
36206
26060
17694
17658
1803
39994
7882
40042
111
14900
20887
11991
14031
25468
16806
30691
18050
28771
4138
2919
21019
38948
6961
8697
20884
7638
39738
24924
39521
32472
40245
14367
27125
38006
34829
39116
17937
5304
5940
21448
8942
3713
26378
8458
13838
30681
23653
10587
7091
34753
26190
26439
20717
38084
13493
5003
21305
17243
36130
20638
32867
37021
35575
19750
26283
34895
14486
23026
9793
1762
31247
4052
26406
10109
34155
33806
12112
12496
28410
26254
8223
37106
38585
39580
23600
34740
11400
30695
14766
29402
11012
11127
17281
27329
12962
7854
1757
32571
25320
23587
30726
22614
37143
23324
40799
19838
251
34401
2716
30659
4357
8900
36256
18232
4218
35925
13128
25964
6575
17461
9053
14121
12290
23128
25393
19398
3336
36163
7131
8124
21018
40527
4044
25276
40438
14073
39067
11877
40672
17661
2252
5191
22413
10259
31674
24339
11651
32529
13442
12427
33262
8035
2500
8377
23273
10323
9084
13500
31673
24424
25916
28558
34138
18923
36590
5013
7945
14599
29977
8903
13907
1924
35713
37792
37821
34017
15260
30065
150
15372
7121
17820
33686
28431
21480
24980
26568
25875
20366
18210
33752
37013
7265
36596
26432
7071
25002
31832
13111
17674
17547
3796
37444
30456
33231
17988
8908
6987
4472
32100
38687
8594
38994
19109
33158
39300
18051
891
12384
9688
23645
40393
17952
18015
33325
18201
16231
8497
20582
23277
19209
21553
27752
29158
14232
31978
15016
26756
35731
27715
3016
20006
34106
16769
23337
23929
21225
27045
15713
29633
40781
5277
30986
2669
35473
16194
13193
10790
22967
9839
18629
5962
28923
28279
21210
30533
8269
3119
11844
4222
21861
25679
36254
9784
35830
29941
32288
4698
40392
5341
17762
8782
16503
7170
27587
24789
15679
36591
10010
11135
5866
10474
38162
38131
12486
8830
15474
35121
11141
7056
31490
1245
17330
24868
34347
4572
4888
31716
2110
24503
38488
18324
1825
34023
5020
19595
34639
3859
9151
38341
14604
20792
34586
10828
4145
10766
20361
37326
22856
35096
39045
310
13248
11421
155
27976
28465
15637
39986
14318
6848
28584
16944
432
38185
2356
30864
23255
17086
30705
7739
9338
12649
12295
34074
29152
38890
20122
37825
9544
28887
21682
38459
33112
18356
734
8224
40203
19374
5170
2069
9198
23899
232
24497
28550
8645
18878
14787
22419
13488
28836
16538
29881
3030
6901
11865
33090
35463
15763
5604
23495
35532
29806
38090
28753
3228
5468
27670
14659
17721
11689
2925
11670
18261
5662
33367
19158
5643
39101
19437
35089
3070
35546
13991
6428
2433
32040
38247
21850
34612
30112
21053
821
11337
38729
18169
15053
30838
36131
22678
37329
708
37662
17273
14223
16832
1432
23720
33076
20765
19388
37802
16147
7849
25197
33336
17013
37064
37556
5195
9014
20292
27798
24537
8023
15313
12624
30320
57
30556
21190
5946
21615
3537
8855
30254
7601
4779
8044
37343
17393
24624
39174
23457
16224
21264
5860
25030
30804
21722
9369
21608
8864
30688
1753
24764
6196
30994
16005
2715
36286
9115
4941
20358
21935
15781
1424
24862
27814
25484
9859
9263
39717
8528
2515
39992
11995
13987
24137
1941
18319
29742
24315
237
8913
25465
31645
21655
625
2768
1982
2454
29289
35361
15074
18025
9658
32360
7108
32063
11760
26086
4724
33803
17501
11030
36336
26032
3939
18653
14375
10515
17190
36236
5451
17554
22860
1388
20000
23283
22734
23136
7062
38959
29992
33854
40811
19313
16848
40308
20336
1129
16752
8499
9310
29094
2033
10621
26212
24600
21481
25360
3272
1497
32452
28063
32231
5704
10864
35020
2402
38744
12366
13948
24179
2547
20889
18615
20112
38943
8986
3101
2365
36386
9691
33378
3770
39501
39227
27699
25309
40012
25321
27785
13550
6831
33322
11954
22384
3459
9468
34123
40147
21492
13311
17034
6251
14724
9587
34006
16649
28158
18495
7416
17323
25199
35519
20888
10646
37906
1232
22760
17896
76
6395
31796
26764
23219
18286
29237
35250
16291
30973
22712
33856
32822
9769
8055
15725
34611
39570
13354
6241
37798
26702
12755
24382
15560
28937
32676
1053
20033
20319
21886
24047
28852
6932
40412
1229
25610
31994
20955
25056
14173
6783
12743
17349
35833
1732
24594
39933
13966
8415
3156
1892
1096
3314
13982
38368
25703
25238
28095
37808
17950
46
39975
31353
18820
2969
1587
12331
30216
2136
14028
20785
18149
25136
34318
36072
38282
37582
9363
9971
5000
16052
16817
16728
21835
22425
628
35784
12588
4841
28206
5622
30395
7022
39420
2739
25604
23016
22146
9651
27432
3804
40611
30960
3267
23755
27104
28202
6537
1185
3444
20104
17883
24142
25608
33787
1638
24610
32821
11152
30477
10237
38944
10030
35073
8512
33516
20673
29741
17468
6469
17443
15361
24760
28929
2569
7968
21860
28238
11084
36961
35230
17361
6274
6192
27906
39657
9326
26327
20944
33478
17268
13297
12074
3724
35161
15517
13719
8362
7731
36989
8382
23955
22645
4490
39100
36226
12504
37353
27482
38850
20197
19470
21557
13878
9315
20524
37644
8488
5425
19410
40330
22801
5881
20652
7475
15333
37763
38592
39321
30668
33217
16124
1603
23859
24185
17642
32377
14553
5179
35558
23231
30023
16891
5152
32577
24676
12934
31062
38873
12035
39244
24225
13526
5778
33729
15864
7159
33847
35460
10454
33509
24575
3555
36202
40406
32874
38293
8015
39268
10335
23550
20952
34337
12242
20451
39383
24333
4401
32779
32206
27963
39368
18722
11453
16956
8336
23574
27111
11893
5950
6104
17382
4617
23345
7703
30773
11357
3219
34684
19531
23565
32395
3423
20980
24902
14823
16605
6028
36345
12041
12604
10635
12387
22353
35468
33353
39838
27187
12021
20053
17863
5991
17656
3905
17321
9590
24885
26941
36973
24978
6237
9215
22888
34833
39531
33060
5471
4164
16744
40414
5349
36709
456
21789
39561
8762
38527
21818
22566
13338
38869
6847
40778
3392
24141
20141
11449
34672
6279
1714
26729
24773
37764
19104
17462
1542
2707
950
34844
4254
28160
36918
29304
13135
5960
7964
27778
21318
897
32329
37111
10689
3324
25019
9340
11477
10795
1337
40396
25213
33139
30912
22021
17928
35990
9918
18336
4043
13867
34420
17602
34706
6383
40062
9720
30514
38961
31412
30929
20386
15289
18644
9679
27292
30589
37304
28137
27861
12780
17727
28280
22336
18903
40090
6019
19607
6169
23935
12625
7663
10761
15906
21739
36252
29812
17670
4197
12768
35700
36729
27259
14669
7019
25202
28574
15464
10999
26393
4614
9598
38395
6655
5299
28702
30520
1716
18675
5332
10159
27884
12293
7176
14473
4055
16523
5479
7718
29081
34338
14531
38392
38882
40476
27168
35167
31049
27913
1423
31703
19604
31966
2721
28040
11630
21311
22578
25863
28889
16495
8000
32058
2676
32481
11897
11336
10369
22755
9921
8676
37037
29646
33117
30101
38783
4563
37693
4274
23178
35222
10069
25573
20900
22404
13734
26239
6920
25742
39966
2005
20992
11673
14098
26197
38988
6853
1573
38123
30405
31479
2314
5302
21123
7038
35593
16623
27942
31144
35277
11984
27438
6898
1361
14953
29419
25552
2984
21527
9993
36503
2312
12019
28246
17630
3831
5216
33949
35514
37514
28415
36146
8486
34931
35793
29544
9056
13004
15635
9530
15682
36471
2310
28532
4541
35798
11569
4144
14941
17965
3257
36898
38731
22990
29784
26029
40024
29138
7803
23775
14331
4672
19682
34564
26412
29312
36214
23354
36117
25366
17092
40100
12637
19051
34757
8256
24237
17548
34255
10427
11524
29733
31195
19543
11684
3964
17298
36153
38148
35749
8549
26165
26909
3567
1955
25133
2730
29192
40249
5600
7717
31492
11447
14952
23263
39416
36118
30223
32718
20329
16396
3187
36305
36806
6100
33102
2171
22548
3604
12741
34476
28723
8629
24442
27147
19180
21910
39302
22992
26902
29479
34954
31669
23036
30129
24989
40004
30303
9871
32244
2027
11306
16802
26944
7624
11691
28413
37979
29578
11264
17227
15241
28659
19148
2309
35443
10773
23904
29234
19657
22735
35311
23638
8719
28764
26259
29498
33415
9548
13999
37005
6264
18269
34947
8813
26208
28059
25727
18813
823
30728
8831
37734
23575
17259
22722
38190
30532
13954
16059
23406
14888
9347
11951
36106
35609
11636
38713
30906
709
31159
14694
10774
12699
7083
23347
12309
40562
25921
12320
23086
32378
13274
14751
19687
17991
21407
5485
6525
2060
7338
37260
25001
5576
32969
19743
34762
25149
38261
5913
27003
20564
18516
32097
18160
35492
11434
4639
16019
28458
40297
28269
21643
8597
22893
7645
5336
26319
26368
34598
921
31726
23654
24090
1872
25368
18921
22389
33742
2654
10402
38526
36461
13895
38092
7242
7350
39423
38542
26119
15124
3416
6203
34818
13968
34388
27263
2337
25402
2631
9890
7332
35959
34315
18564
17316
24649
32018
6807
17595
39497
26352
8904
24149
31022
4290
678
9493
21667
7060
5501
19666
9330
33130
909
8475
19074
15869
10836
27801
28848
32816
9725
13382
16298
14752
24444
5080
37619
366
36353
13831
26888
13639
29573
16128
3145
39114
14161
28218
13749
3193
33926
15351
20397
26520
35792
38327
31145
28996
7894
9494
3883
24717
34621
28333
31023
39849
31889
22911
3664
3440
6062
37428
39325
10035
23986
29177
981
85
15335
37665
28247
24390
22943
23914
33056
23541
17425
818
10503
11726
9221
19519
33843
12235
2243
13625
1604
2424
28581
6445
27761
25255
15929
16448
39409
27018
14856
1944
39643
23212
22191
30467
27058
20710
38819
19593
37407
24566
35508
741
17757
23540
21802
23949
39930
5796
35656
11197
37232
29097
40633
10949
29567
28998
32961
33816
19997
33550
15255
7570
17624
8989
3169
12445
19329
2057
6856
6316
2815
18812
39314
24384
17356
40019
30904
28738
29524
12176
7480
23531
11009
27651
37782
2460
10913
17707
15985
29656
36380
34384
3536
22364
29299
39826
18364
20968
7402
24227
26299
32665
18136
7432
34857
14175
1410
13599
35272
19187
21070
4496
30436
29092
7001
27297
5135
20465
7698
28361
30865
66
30426
26443
35892
19017
846
28891
11704
13055
16398
19646
24841
30059
37974
34936
27534
30398
32033
13042
25823
39439
16653
7435
23566
32745
9108
31031
33156
31111
5490
28569
26876
28892
18874
10770
15807
40346
25587
24021
24953
15817
16349
39780
18783
5078
40575
28847
24151
26235
6693
24310
4708
1344
37243
6106
35061
36762
14702
35852
14905
22934
32974
15647
2398
13239
1298
27491
28281
17828
15487
15677
7096
16300
28977
9400
30136
28709
31583
36040
33028
2789
11154
15792
19230
5441
26559
22155
9153
35102
35433
2951
8784
8262
23035
28812
31594
15070
30893
36993
1939
18366
23584
11182
11476
6296
39576
30054
38970
1082
14024
38057
37995
2222
20748
25554
14527
7231
10535
22374
26793
10465
28488
30038
4275
1174
3462
32979
4927
15441
39878
10669
24864
12643
26613
35869
21453
11129
34924
23024
10146
2040
27821
21607
8901
40398
9230
35371
25860
11039
17103
39876
10672
39598
5828
25961
26523
28358
2378
37850
33954
22682
38934
32217
1059
15223
29803
21065
25517
28111
14364
561
37957
11422
26890
29912
20392
9874
40063
14246
21909
32319
9332
28454
35641
16395
26245
16256
17310
26804
37617
11026
26344
25522
39263
20857
23695
17858
5873
4437
34047
20781
5211
5876
30945
19544
17180
5844
23042
1260
35707
1443
11986
24527
34686
22002
10412
11341
20789
15512
35780
20203
3755
7609
23603
40461
28866
23186
1072
22396
10387
15990
6123
7289
5465
12764
6510
14341
30458
13406
21067
16888
4294
14091
8004
12997
19337
17203
39932
16785
26744
20080
34958
27648
5746
1652
38197
18445
38063
6016
26843
39725
34461
14322
22110
30919
13177
28609
31545
345
18464
39214
16284
33132
4020
38453
17286
10460
39491
3822
23814
15857
16425
25385
13787
30321
18816
40131
317
13732
16025
23707
10801
33382
31408
3906
2302
14510
34554
14072
8547
40465
13449
36979
15234
15232
40627
975
28096
23616
27784
18384
21778
31552
13543
9614
35497
15152
4419
15632
8065
18658
17542
39756
9572
9828
10277
38457
1798
7917
9923
9183
8264
35461
16656
16632
37398
38805
34471
36555
6762
8836
36162
20809
34945
34217
18552
9676
14285
39819
30259
9253
10739
15352
20437
23967
2207
25530
31182
1030
33700
40468
38145
36649
22941
7746
39346
19137
19778
39510
14911
25045
3291
12479
14721
9392
2079
38657
3368
19345
1873
36340
29697
33894
31510
22185
29349
370
33107
2671
39676
38607
38126
26222
11466
28817
29394
3195
18373
22175
15619
3289
3297
38002
1178
10252
24614
3485
29563
15003
6546
353
34627
5404
8915
39004
13101
12921
27031
35313
36766
18504
19953
18650
31069
32931
25944
37783
3609
27581
629
29357
7476
17484
9387
8968
27097
16338
15575
20049
24651
11969
35375
7339
13512
7982
14191
6862
36970
12572
25707
40736
36636
20152
14673
38508
18767
28954
10746
24550
17358
27420
16277
40317
40731
20878
26905
7036
39070
35259
37311
21777
16812
27055
36368
9511
2879
6754
12473
39167
9512
22027
16085
18080
20671
27704
23272
38629
28018
40641
28950
36333
36515
18510
23103
19236
20713
26577
18029
9101
10626
33379
13763
28222
37897
37034
40018
26639
3260
39969
18333
5721
25486
28153
38342
2205
1536
25303
14798
33101
15150
7693
35987
16676
22754
27294
28404
36006
15789
28076
24459
27770
37011
24672
23978
33986
31057
1253
8588
40011
31036
2986
9075
38187
40673
15395
11374
37801
9745
33821
35196
16881
6088
1494
21148
9714
2757
16458
12485
25150
12729
10962
24003
4791
13694
9496
16245
28335
10923
20669
14030
29059
28758
40337
6398
33424
20335
12095
37014
25325
20663
36739
27354
10492
15562
17409
1479
39896
35961
18901
5782
13109
14749
20572
37183
31977
31711
34923
977
12744
9237
14226
7017
37150
35079
21855
14560
20172
16759
39287
35030
13962
40728
37683
6039
16543
24305
27676
28475
16065
39153
27780
10246
15878
10256
25243
19647
10548
25728
16610
27110
15191
22809
894
32963
17327
6003
36009
22515
35382
14305
34758
26878
11720
19093
22187
17851
35571
15550
26004
8229
18558
30508
36860
535
25877
27617
31788
4236
37030
4821
18239
3653
30314
20505
31266
15195
39755
14683
30271
16754
15043
30111
30632
18430
6592
3819
31373
22497
37939
35877
4219
25507
19118
36764
37504
38584
6404
23169
5204
14943
39021
20154
28878
2923
9154
3685
13807
31390
24005
34512
14398
16750
11048
9158
38441
26041
39256
25691
15273
27697
26986
7779
18377
15927
13133
5273
39888
11926
18908
18743
13853
36357
9164
8086
30077
35572
39181
9948
8043
5897
10218
22313
20208
1555
15657
17257
14763
1739
26687
3855
