6491
23585
31507
15942
17405
2444
13430
6245
28537
28605
27075
38778
27246
33713
24319
28220
38954
12852
8579
19668
29949
23024
8698
37952
31076
32975
11569
7225
27134
13894
16929
36223
15985
15347
36278
3255
5086
17603
19686
13512
7920
13746
6345
27680
29634
6391
26439
12281
33490
8602
3068
17799
20283
34814
29273
35531
3347
9856
8482
3992
20821
29475
28556
4810
11097
40050
36412
29642
14058
18504
8970
6572
30629
1987
11112
16525
30353
22757
39722
3552
18674
11378
9450
11524
37080
17995
10612
18844
35758
9369
27644
9093
294
34907
9374
19212
37436
12811
27165
10322
21536
37515
11801
18377
7752
20121
11017
22933
13271
24605
17435
10382
3854
35099
5711
1872
40793
32918
25459
18697
33570
28688
15501
29538
39588
5453
11924
10718
26086
18424
36482
4198
13351
40373
10204
38330
13279
25489
10896
6967
34012
761
31998
10242
37980
947
5370
36219
5409
8341
25741
25095
20471
32223
16338
32010
8954
27495
32064
38838
22260
33597
36009
22910
40817
26483
3741
11678
15299
20234
18882
25310
38846
18412
35887
20815
530
21673
7117
22023
38952
24485
20923
29814
16760
30854
14782
21412
13970
1966
26327
33749
26318
28724
36925
36590
22238
33440
961
14128
18359
12074
3764
40310
2662
20158
2792
39396
357
37962
8044
4650
14766
13556
26349
8090
16029
6467
14490
8291
33378
22623
30999
4268
33500
23787
27187
20132
6278
27040
35326
16071
27084
1836
26129
36655
25255
17203
20809
21202
3575
40203
31224
19402
29727
26824
9952
34607
26007
18349
25138
27261
34839
38647
8030
40254
27343
9758
7334
8224
30781
9892
28375
6911
13853
32501
24874
26445
36544
36107
23005
25821
650
35015
31460
26997
29841
2221
821
1216
23304
37987
22316
6725
6460
24794
32690
13870
30268
38396
16487
40295
20480
39380
33654
16138
9579
33895
10663
13578
7129
37073
19507
21900
32961
29488
66
271
19613
10473
30074
8386
28406
17618
28325
38979
31327
10272
13097
35335
19171
28460
27732
24215
27807
33477
21200
30541
24292
9773
16947
36057
10507
14938
36016
5857
18810
1453
11228
1041
20209
33324
30187
29117
12587
9445
6243
31900
22272
26851
24715
7239
14834
23086
20697
14871
39271
11863
35065
35899
22573
13956
9362
273
16060
1029
10605
22458
30411
6451
9013
34211
1694
9229
40483
38118
17033
28434
10150
15743
13087
14715
19971
1562
38607
4714
39241
18828
21279
15427
2857
17880
8688
26337
37798
25618
13383
34321
27662
3950
35055
6392
23016
38671
10690
37656
35155
37514
13766
17150
29446
3085
3919
24707
26423
35169
16196
17838
36048
32748
21312
7795
13772
18255
11744
11503
32931
27398
8938
18874
20362
16354
21405
30003
18980
15397
28181
10313
23197
4311
13599
18664
20969
19242
24094
7481
15410
6741
2628
32232
22813
1477
8196
16301
30063
24175
20780
3622
2622
31452
663
35334
8985
15127
17570
33947
3714
16377
13878
39841
31826
12237
17466
29612
5377
24567
3463
4739
11862
8394
2618
9163
7751
12579
21452
9739
16775
587
1195
2327
18778
20892
1339
586
26448
17544
19675
3515
34546
23199
25507
40071
18246
32218
8219
3579
30973
710
9647
16852
23432
39815
10734
20800
14950
9962
21172
37455
30858
37965
2378
33996
28828
30891
29009
2001
40647
6752
24284
2899
4540
22538
40531
21961
28212
12459
30148
15142
28646
30489
17578
30577
1953
30979
9571
30492
6821
36966
23547
32914
8067
8671
21397
38631
38247
37141
1202
16923
1598
6781
9852
20805
25782
21068
11013
15144
8805
7700
9361
38380
40574
18524
15102
26157
37175
2604
20046
39127
8620
19430
33064
24795
3239
12131
23584
28802
14402
942
16045
21164
36331
15902
8685
17902
37646
11519
25242
18766
40669
32210
8135
11553
3949
20345
26456
7808
4713
21845
3505
28030
13382
19207
1039
12002
33001
5931
22512
30569
11824
11490
4216
33536
38822
21657
17487
29580
12252
37177
14720
3767
32720
3316
22914
4407
16805
15231
3344
31057
8627
36490
20574
12130
38205
17195
670
5657
9631
1806
1468
39087
9723
20274
36578
6279
15939
4409
18105
28309
2617
22145
18562
1364
2118
7881
21795
25962
35641
39347
23843
14691
39013
7777
26914
17097
6259
27025
20832
8697
618
28439
4044
11892
34511
8375
18954
36428
11874
24246
38999
1446
36650
11653
2225
37003
4471
18133
13528
4977
21887
12837
37052
19575
31541
30695
39278
28007
27801
20198
4732
26867
11323
5029
16726
32706
33860
32722
30657
33407
30100
34705
17580
26773
28470
31646
33042
18407
33035
13714
26621
26435
24406
35964
11440
20777
2490
4040
39865
18597
13065
11575
17428
37547
32991
5124
4984
17124
6581
13126
14091
30017
23425
39747
16115
12422
39893
34481
23720
35245
23229
25033
12206
229
33634
15793
31608
26979
22412
39884
18722
17822
33658
31318
22306
3449
21146
40514
12067
4676
14109
9699
28171
15094
8027
14063
38904
32672
6693
13748
39489
40000
40070
23505
26395
31716
33137
37524
30982
20355
13231
205
9566
1933
15057
4893
26954
5761
32944
30553
23157
23552
35039
30729
1006
40159
27367
7288
31994
30646
24831
40482
7524
10079
38620
8200
10380
1110
7857
34555
38101
30898
4064
30150
9290
14082
17236
26804
15615
7382
15781
794
4467
10511
31742
36113
4236
26920
9213
24
31394
21935
37426
30532
27224
33291
1235
27779
21324
15860
25004
29805
36387
29910
26544
37998
18671
5577
31277
32985
30294
15732
24779
32216
360
8000
17956
39450
26063
9782
6263
17451
5160
6244
13466
27102
25722
19878
32579
19184
13394
26053
27126
25517
34983
25192
30035
30494
4389
26832
12164
16237
19866
4479
32113
8639
23587
9199
31563
7816
32335
28984
23833
30799
22808
13575
9341
32318
22828
35901
17369
27115
11910
28666
32513
3257
9195
8993
21691
2435
37927
23790
2701
34712
31075
23771
34854
32392
19310
27886
39356
7671
4747
18477
6009
31319
27271
38294
34350
35583
18531
10192
33208
13310
31579
24609
32670
1880
23457
25903
28774
38532
20302
21388
13655
36372
38597
26708
35884
34515
32362
17436
19826
26
20370
14980
9842
32011
7198
31643
15554
4041
14207
22385
26420
27965
29733
33554
27297
19336
21160
20128
24627
31963
20054
23227
40154
4117
35627
8053
8790
18764
12022
39640
5915
39254
14811
29744
22795
1919
8315
30223
20080
34173
18419
24987
9818
3132
30659
12794
4950
31438
3748
21734
12761
28617
24487
21538
5187
6988
13912
17703
5694
15601
21930
24610
25720
14948
16174
15970
36552
19628
11353
33033
17710
916
1843
40447
3222
8646
15199
32187
30922
4731
12468
12736
7707
27579
31629
17972
35585
35919
29088
6947
36014
12789
10432
5589
12224
37054
38103
38383
37506
6156
21253
8962
19853
28917
18139
30756
28725
34990
34345
25561
1114
16676
12606
18159
7019
22847
6525
20877
17490
33719
33401
6151
21969
38249
34643
24065
29199
9042
8825
9259
10781
29585
13776
3256
14317
24145
26895
37065
22168
2285
19703
33809
4579
6984
23985
15474
30426
9680
22571
5604
9076
4281
14379
29348
7145
18546
7102
27674
39451
28438
24151
31491
25437
31897
19155
17406
40136
27652
6706
4758
24347
12804
37383
17768
39381
34069
32276
27337
26280
37129
9338
37224
18243
22377
21013
16820
24977
37509
38042
13172
37749
1631
15450
639
3311
1065
19987
30252
5488
4004
24155
32028
31544
28451
28765
17538
34327
3409
39130
19436
36915
4855
17698
40436
24300
37712
32556
28464
15657
22640
28860
7349
3245
40470
33287
23287
40175
16379
33541
12865
38041
40668
34780
8128
39276
24046
1932
3930
6937
35163
21455
40269
38333
37628
24670
19691
18271
35971
1072
25103
12627
23333
959
29852
2802
15539
5631
36346
31310
1463
4446
19699
7554
22351
35751
12961
1994
15289
14278
30435
33954
17079
28490
38468
23747
4390
26370
29076
38149
33670
2208
37303
34897
25967
27463
37881
39156
37464
6464
1832
11433
8169
17555
27564
31602
27635
416
17457
39030
14994
5664
13925
15786
16116
22773
35410
36271
5076
13334
36266
3130
29860
4408
26527
27068
349
39281
9060
14328
26004
24229
6013
29090
37437
14244
37898
16879
38634
14516
10294
15692
28127
23689
23194
27306
39842
1696
802
21301
20758
38000
13083
30186
24312
4123
10724
19024
27314
7271
2403
6798
14774
27852
33466
38691
4703
4435
39313
28228
26510
31510
30028
5272
13879
9617
26973
33668
19607
11886
9428
21802
30726
17006
9996
18829
3335
19452
22572
10450
16855
19720
28881
14225
3784
32721
39012
18311
36878
30202
9486
32884
5213
28744
38200
6352
13930
7537
38662
7582
33364
33326
6759
25473
15458
14521
6227
4574
21039
19587
15096
12611
40084
30992
14304
22421
12936
1657
25873
27385
32249
3093
1357
26124
25468
512
22967
31614
26948
17876
20393
33575
24851
22585
27636
17269
18598
11041
37172
27235
16627
40123
25531
8218
35831
22363
31764
37721
11192
15629
38858
38253
37735
244
5133
11462
32568
24170
2690
5779
35115
17260
4948
16006
25658
27981
34499
32174
3683
35368
13535
13017
11649
17190
39731
29275
7645
15054
5868
12568
31415
36763
28197
38827
27285
40090
692
18793
22184
10998
14145
22934
29778
4859
2366
29549
7667
7699
26687
3523
36287
3147
19758
31312
35457
28857
21361
10047
37147
25078
18410
2069
33614
30633
33423
19906
6181
2126
33209
2207
40185
40329
398
25895
28914
40599
14184
18705
20628
1906
19246
23898
27551
11897
12727
3886
8874
14976
21343
33147
38279
7415
26499
21936
8485
11704
21713
37428
39294
2663
19588
12947
4864
14507
21880
30304
7586
31545
21531
32332
36462
3559
117
14386
35941
39792
30923
5831
26572
31870
22895
494
29726
1269
22722
3260
16334
15881
20561
9025
31225
34273
36730
21106
2874
35054
12021
23657
18077
32730
15589
10803
16318
6401
860
2253
26661
35783
2742
31264
14463
4246
31681
13639
18575
2172
20654
19485
2263
13050
24988
21780
34469
5457
20970
28516
29115
3304
27051
25699
7371
33443
33132
5183
29461
2568
17114
37883
28138
5359
20421
19933
18559
1356
15139
24183
27354
1882
19445
4269
21777
33686
20258
32488
9228
38377
6826
26126
19605
19960
422
28234
40375
24373
15680
34538
18940
22170
24492
918
18658
15488
29859
4671
12119
2756
6775
22198
23495
23476
32747
7070
8349
25807
4792
1538
25999
19905
22898
4417
19187
4288
30270
31239
32666
10168
12303
36105
37860
17137
31419
4184
25947
13487
31059
37206
25925
23310
39936
3584
12696
28209
12023
4342
24003
12871
20939
10091
37516
5774
24270
35283
9419
34435
3427
2113
36167
14356
2509
38934
26970
37693
19995
33433
25067
36554
35447
38653
8478
4397
26537
13760
10463
24611
26340
21659
29866
3227
17962
4507
6875
1496
24395
15385
25649
15166
15324
24744
2241
23230
19574
13856
102
25702
24258
21226
27522
40704
40572
300
17336
40408
2995
24069
34842
2734
36639
2028
35643
27016
2076
18138
39437
17415
29928
39633
23383
11774
4866
23236
21042
18122
21280
18950
32958
15218
40055
38469
17672
16702
18442
19651
24329
2975
15046
36779
12290
7324
26497
14187
16903
13137
8241
38016
33756
28437
22383
16660
4376
21190
39913
22497
38776
34193
28465
20662
20141
24633
34025
30201
700
3583
37785
1415
24970
31715
13781
29964
132
29934
19306
27249
35519
35049
33050
27193
5018
22467
213
29740
35493
39707
40142
18439
32858
37837
25544
29369
33110
26227
34359
22529
37276
12928
11549
23189
216
35126
22973
14902
39627
5317
14636
15511
24063
29302
12188
40370
22772
2753
40232
8904
17670
5897
3799
19126
29422
25097
15110
4907
26686
23861
22100
29731
4644
31037
2736
36609
31442
40412
28064
8618
7639
1691
23464
22660
25583
31951
31676
38336
6337
6505
8888
23392
40078
12070
20102
35848
33545
34587
28562
40724
1347
5504
11731
15101
15202
16630
35294
16939
17598
20369
11180
15453
18171
28390
26427
35396
17723
15928
29188
11434
12882
24205
36674
30080
25180
4818
34252
20860
12407
20763
8822
15765
40035
13536
7891
28006
29791
6498
3164
6747
39974
8934
7021
36044
19619
3805
9126
38037
9414
23780
28678
6440
40100
15048
10814
18939
18988
33121
2037
22283
31818
28448
12385
8509
15574
34490
11009
3976
4759
1344
4970
28779
37795
18657
10018
37922
21038
665
34159
30377
1341
5197
6155
655
37271
23042
2039
39644
12528
35739
10947
36452
2248
24274
11232
20340
14955
15707
9448
18330
39197
40189
9202
6515
23280
8252
5384
10323
1630
712
40174
27969
12755
27523
31703
34248
34308
10032
14575
10901
18220
16787
11194
26736
19892
8062
38690
37134
37459
7154
10980
35915
31364
20308
5574
20416
4728
35378
7474
9526
9286
7022
22611
28590
18262
18811
33736
36340
25101
5423
40038
16139
12762
18455
33130
4107
27085
5062
29973
39617
28391
32924
7376
34480
34889
7082
32145
6653
5123
3458
11236
21476
18117
13874
4464
25226
28485
40632
323
29264
21496
34945
34725
29937
6410
23252
34553
22364
33908
14637
5465
32737
2526
18556
26210
12676
27008
23576
24640
10849
7484
34773
22079
22327
23581
5215
34074
15889
40060
25449
32189
11333
21876
3109
13555
19834
24510
35498
17857
18513
447
36258
38189
35497
34421
29004
15697
28815
18824
21192
27268
1067
25466
20785
15767
36084
25301
6992
28650
12548
4360
3660
25590
9208
32315
19815
16162
40021
37287
40009
3477
39499
19769
2195
7764
14536
11677
2483
33981
8174
24033
29751
31335
11599
39502
8675
4576
31290
8347
19920
10664
33576
1177
17427
25346
33187
20525
27809
39233
17624
16149
2441
8047
27247
30847
22821
18115
4830
127
15355
18368
36324
14483
38317
13182
17695
8783
20194
10775
24943
31984
38862
23901
10424
8211
18500
38290
5176
36283
10142
33367
783
22778
28632
11536
35932
2973
13747
10034
5196
4875
1681
27164
39099
9702
32383
854
34134
4902
26209
27290
36348
22516
186
32109
2254
12462
17095
26964
37462
37770
2375
24760
1809
8841
13963
10774
5581
16156
26695
1862
19112
33337
8487
17378
33317
26683
34828
17649
26698
23931
19880
26880
15012
29633
31819
31145
39921
10484
21213
15525
3966
27488
6625
34460
13701
22748
17337
40437
10138
33420
36604
6820
23518
3831
27532
39387
24410
9279
15428
21882
13308
19404
25892
16989
22321
26786
40802
31730
31052
8606
38791
35129
15051
28742
32650
15049
31465
16365
11571
39169
36796
16164
1227
16603
18129
479
7741
21574
5042
3387
21378
9368
35427
1201
33585
3628
25998
20956
18633
35897
7106
40607
29525
38335
15403
29071
12044
29307
16290
28004
40764
13434
34245
9309
27201
35319
10097
11066
40569
23815
6184
750
28834
19391
14797
39715
17528
13549
17108
14232
23680
2869
13148
19992
37976
31817
20663
10368
28476
29536
17832
16047
16077
38820
24497
34647
5102
24801
29594
12251
35271
33112
33086
35673
32060
22971
4939
26837
34261
14102
19025
3929
22322
23831
32922
36848
31724
11526
9405
1074
11755
27712
34681
16411
35735
7416
6847
40537
25770
1527
18484
21637
3007
29971
24403
1359
708
20301
38421
37421
39549
30758
11545
19954
16986
21165
21326
30595
21238
30320
15321
38732
22076
39656
3464
39421
38384
7978
21838
36800
39775
10485
490
36420
10585
37290
16912
30205
28288
19493
22560
10870
11150
10540
21554
39519
24866
39032
1922
28900
21606
17701
28564
22020
13589
20598
31490
37627
5988
6732
37919
16850
4533
36699
19396
37537
3148
1506
40594
19258
4304
30043
2348
35721
22922
23178
16064
31942
18772
21595
38932
37990
19950
33037
31131
20411
16177
11258
9180
32366
28383
29926
27600
21059
19981
25686
16535
37675
32611
5676
36963
16870
39078
38716
998
10502
38917
18371
4090
38506
4459
14926
35507
18741
15754
28037
12243
30260
2577
29068
2952
39660
1502
9625
15883
8730
27531
18074
37888
4118
32717
30522
6603
3865
3826
18996
6939
18299
17395
22294
17893
12339
11770
288
11037
81
25551
5313
12942
19491
21027
17885
9019
38318
36414
3744
27425
38399
39952
14951
38029
18206
9873
31088
1838
21991
23077
11024
17412
30423
3871
16208
36501
7694
9787
12552
11980
3743
16465
1528
515
37695
21033
12832
8964
18173
8809
7060
15281
11020
24109
6144
31125
14859
38025
2184
26566
32752
34931
13939
17529
19836
28633
4234
16675
19666
25996
28893
22103
5969
16042
1550
11594
14756
23200
25100
39960
22428
31187
29975
484
5334
20514
24876
711
29431
5333
39323
13609
6169
15317
22310
22382
27850
19
2659
3342
26146
4861
34301
37937
3261
30628
14661
34529
18256
32005
8356
24638
14535
31182
6057
40006
17612
36040
23155
23450
29819
32008
2413
5638
16090
14752
29571
11173
25986
13636
5547
40640
9186
15320
8560
30206
10252
10396
20403
36883
9563
39845
22309
28076
16798
17727
2949
17098
5040
18072
27800
34609
30972
13642
38715
30664
14152
40836
14564
37979
27154
12924
20160
39183
12366
37500
26196
28296
38238
9150
27180
15875
17319
37193
13965
39663
25565
27361
14537
18342
11559
27811
30072
25049
8452
24786
28419
17704
4372
29529
22556
13835
14137
1348
29915
8280
1715
22489
23974
24346
20137
2440
35691
17484
35409
3295
40133
38015
4470
15878
16533
10039
13872
36211
22457
25691
31514
11858
3731
8310
430
18035
3157
6793
28119
21186
25693
17161
15074
1735
12495
34696
31890
9512
30014
24660
39020
9152
34153
27152
25184
8060
3798
23440
753
7981
9203
14423
26338
10315
31831
35289
36636
36934
6246
33627
34250
23969
29444
9950
40122
30287
22505
25311
10848
29136
28531
21428
7228
2538
14353
22982
18469
30753
17922
30250
24142
40700
1238
33917
3822
10245
37578
17047
37010
32809
22949
14633
36882
26682
32846
20167
18181
1659
16457
35801
21510
17931
29863
25793
35773
26998
3984
24651
19600
8824
29666
5348
30235
16970
19653
36152
38244
1926
35401
3908
18616
37909
9096
24852
25928
5097
19627
39142
26104
15929
10173
15035
38622
25756
34144
7627
17264
2693
22326
23851
20862
6523
18566
2220
13871
26991
21868
34089
31594
31473
20417
8237
15783
26040
37591
14202
39445
11243
21906
21820
727
39527
7346
38191
19608
34663
14662
40732
29927
8539
7457
678
13164
16438
2021
36125
35002
16389
11432
8117
7876
18593
20212
23196
19844
20436
11203
19077
32025
15824
30715
14281
7417
17167
17851
30717
16409
35952
30488
15603
26847
13718
38147
39744
19431
19809
31430
22791
2425
5082
18031
37572
9472
29084
28963
26049
12971
35653
7300
15417
29265
36667
36018
19061
19614
39647
14649
29132
21416
23937
27383
16342
28957
28723
25888
10225
16874
566
17062
11820
11925
31425
21237
15460
5067
24508
20495
31961
3761
8378
9511
19146
27932
33014
29689
12910
33495
27123
16918
20381
7957
28568
15150
31349
5776
34997
20985
1048
7403
895
879
30658
38063
14582
18095
29489
12768
29546
37318
26334
18149
1599
33109
17217
8080
3520
33565
12677
30943
10813
13322
36867
38582
18301
21271
20353
6339
30724
19188
7814
6334
16536
36085
21220
28859
23811
4541
25116
24948
32420
39682
31553
1798
31903
2270
1895
6022
155
33000
17566
39441
34249
30597
10839
31079
10279
12573
31170
13780
11254
37501
37777
18528
23406
26585
30916
22500
5546
22182
383
40368
21919
35293
1121
31459
18999
3634
12624
29326
11456
26865
7711
25034
21748
28502
9760
17015
17304
24524
27206
3516
24632
24006
28824
9332
33247
26580
9020
40809
26137
27709
8575
16841
7095
32220
18520
3747
26615
35208
13000
32359
35272
36866
17585
35592
15078
67
11182
18109
18432
30691
40328
29041
22227
10148
10573
14930
27295
40386
19843
37102
13263
22710
33457
14844
8141
10651
7488
1989
12687
20707
8772
30267
1725
31588
3728
20078
25093
26663
38872
1175
5803
37575
9377
6902
28337
17382
14894
21188
32311
20434
27441
15454
5603
9425
30280
20023
23824
18532
6616
14866
11654
17892
37116
20896
6280
862
20519
21154
37477
40810
40551
21612
39422
1615
7207
24192
34659
39131
14497
4634
4463
21805
20432
31631
34225
4169
38520
1073
6960
2830
13694
32450
14434
10946
32410
16332
40148
19727
3487
10575
9986
18186
15284
13579
21483
21163
539
25423
30468
29075
37709
16390
7044
27633
11669
34898
17279
23462
29368
13108
17726
24444
26172
29570
9798
38639
12259
24275
17117
32443
34358
22507
514
1653
29617
32152
12920
33805
14836
33498
9668
16894
37626
27291
23365
31418
29193
37352
4833
34232
28178
14690
9498
34621
15685
850
10383
18900
3141
7884
22609
19517
35317
35469
3312
39809
24847
28545
16761
24815
20498
38747
32882
21112
19665
9602
32479
28868
29621
2333
39379
25240
16286
4148
40582
5937
13540
8556
22855
29870
24216
29219
19831
30644
31276
21179
40540
14945
6350
2326
20743
6208
3508
18808
33540
6167
29746
35700
31580
30122
33854
13449
29330
1208
9110
9592
5010
16782
19041
33699
4298
31003
13081
24326
34502
20186
21054
18054
30796
14492
26190
9420
11152
38750
37085
28089
28746
18663
39517
22193
30764
32881
31161
39910
28711
39415
17123
23982
7233
11614
1303
1161
4337
7992
27513
35071
37561
2563
20961
30045
12334
31899
23181
38594
5573
23508
15542
28202
6084
33379
40144
9463
2746
9246
40413
23670
3101
1526
20350
6485
738
23089
32567
6830
35959
22036
7264
23375
2176
11149
4468
386
29532
33024
20940
5065
39485
22210
2009
38652
20891
4629
36827
32810
5474
9380
332
31725
26035
27967
10449
35766
30199
12564
11709
34946
5986
34660
16178
6078
31308
34527
15179
60
40507
40843
21778
23875
29714
7287
4523
26133
4482
14398
20926
14464
21151
21681
29299
9069
8502
7734
37072
35642
31383
9949
9752
40097
20233
39804
18284
9651
28000
28494
15040
36251
19749
7155
33832
38898
36718
3466
628
29201
28994
34686
27288
20201
39459
37180
32030
21219
1282
14294
21809
26083
25084
11303
28300
37804
16518
30368
25483
7304
3349
21064
26199
13049
21721
35252
19630
29545
23916
14231
30993
14651
35669
24054
37324
9807
9708
30955
19196
38912
16500
1197
12371
28513
32167
5735
35063
4010
2206
10459
11876
17756
6248
3321
35793
9793
4250
1159
21104
36059
11186
31983
6805
26787
15777
31379
12833
11157
978
30132
6015
15616
48
28326
6225
6100
26525
4932
10818
3884
9029
30783
29821
15282
32398
5211
26617
5319
3083
31843
7437
36008
11305
7508
29043
21023
17172
11645
14389
15969
7568
7549
19277
34544
12349
531
10129
19282
37376
8849
30276
39595
36864
18521
18369
12435
33748
39153
30266
32952
19858
13384
20127
7405
32115
14512
9970
4852
38369
3015
1260
30500
24433
21127
5839
25220
28687
11474
10793
19162
22776
34409
5415
10327
20006
8739
12494
37272
1384
29613
36383
32456
8576
39133
27745
24984
9218
38078
29357
12088
34982
31485
26917
2972
32663
10929
12202
30207
38832
4489
27772
34847
27347
35299
40543
31447
2339
17770
17534
10387
7345
8642
7715
2424
29491
20252
875
8152
23624
14580
31660
16039
10489
16869
36717
37529
17845
17216
6957
17177
27784
3732
858
26322
36955
