214277
153840
290215
293984
287258
281689
5478
139813
410477
321471
131082
71447
309330
426365
237346
258272
437013
325486
164888
187880
24172
443904
278272
318989
383092
4508
154524
105443
18612
204947
124406
168757
334345
532853
264886
101611
42816
525153
51463
343649
296872
270627
166631
9601
15105
246789
197490
514952
307033
149325
324225
277478
377892
313274
44066
102341
402438
459520
505531
397857
257292
148281
462487
365393
455682
312438
169016
25381
497295
501772
408842
97939
181222
150868
353405
320501
90617
50862
110244
483323
20789
3588
62977
438534
65822
499711
390567
158379
360377
213619
250243
6881
295463
488473
185013
202177
191467
177798
472690
135221
395065
461501
52649
229469
378380
251579
56376
234710
100494
492875
530468
37224
306818
160405
257035
139901
527304
244167
173834
101007
8252
5334
465230
288089
138710
58817
101411
271497
260839
14228
17497
346231
207470
420549
110619
435650
528359
397944
261212
435516
62712
332211
511156
166565
466502
293287
452963
503988
135719
239171
51700
375077
284166
359804
298317
499099
465039
498328
56682
468149
138296
436961
56311
257013
506404
177575
528810
309624
312601
58292
304775
189369
68546
78357
310192
412364
227362
256499
294862
311499
203607
240310
269680
14330
132650
403489
141446
357881
483529
224367
337710
68653
103663
145542
515177
230328
113576
43319
118012
509889
74238
207819
379935
277769
317074
120375
91603
387477
299337
252694
165272
9382
92684
8005
532277
80695
202616
181807
163791
363206
24312
183591
274860
8126
398612
408670
501957
40852
438231
427264
91800
392292
120223
145274
489502
187972
309828
6557
241504
390847
385516
341879
475520
492733
79088
152965
134231
199827
54640
21067
219147
2633
490483
492822
45466
114254
486768
68933
163251
273259
455561
21412
161366
345505
6024
296122
80351
196647
241981
105655
195183
401894
61196
443257
521274
262168
73522
137330
325644
14310
480054
379336
191976
111977
519534
524072
255018
275655
51751
52518
90520
423829
272660
18204
50651
262824
383646
255564
35331
423826
156352
291364
301164
171101
458265
167090
455865
402597
393128
364791
168602
85331
211276
129880
306569
303705
228462
366075
178532
390071
386871
131263
345662
97798
342540
253373
320197
285770
183293
523652
145744
10690
501492
3266
299557
160462
506994
262553
424856
300863
208585
144518
372308
318415
223245
332922
182753
292432
320105
131579
306971
81707
175353
264025
395103
7657
351973
255810
147715
232085
222162
501972
504461
343741
284196
446434
479053
433317
274150
518451
10004
128875
348966
135779
59791
444067
12073
290779
24674
400026
136634
112188
331113
214056
454678
535083
60609
300852
8622
409505
438054
98764
404234
9260
338497
304305
321129
233589
328058
339271
467639
293846
244267
157736
488693
462110
147610
214309
145433
295648
524996
350483
376798
55104
344567
189307
131499
492516
259804
134285
233578
426816
493731
317101
192258
195059
52893
183078
168477
374292
355816
111533
467851
338623
