24811
22794
12870
19151
26343
21698
28204
5363
20073
11515
4024
8881
32708
34391
37415
25549
20870
12834
6796
5987
32722
11896
19684
11606
3743
38047
21616
17246
35784
9954
11368
16132
18284
4824
23965
19152
26891
38456
37615
13312
37757
20640
17853
2153
25374
10783
5079
36785
26908
9980
4603
4318
838
11541
6689
22634
10308
15470
1028
6746
54
39924
10748
20866
30818
35165
28106
18744
29223
31676
32463
24087
10263
6595
8977
34978
22414
11919
18143
3230
7114
35435
16872
26007
40299
33584
40652
21572
19069
9644
23307
12566
19135
13070
30268
27070
23270
13901
16250
39651
40464
1000
5224
15201
31218
29764
22775
15280
3095
19289
3543
12049
39228
31145
32202
37049
6649
30169
28192
4531
9461
5007
37857
33598
31969
18288
15684
27408
26336
8542
1552
9917
26839
36441
23315
27056
36714
2662
19404
570
762
19383
39548
7531
20435
23928
27264
1764
28049
17732
12498
12827
12170
17916
36665
21543
6556
19099
32807
27704
5140
38432
3656
39118
38234
16252
12555
28704
10957
12400
14355
40324
4151
822
18619
15756
292
25959
32229
11145
38730
33629
35891
29632
14129
16018
341
30648
34418
40278
18196
32662
20033
37232
37452
31141
28290
1675
37822
27688
33526
18553
30195
6527
5904
31846
30097
35169
30158
39618
39769
17725
25964
213
10523
19676
33955
25791
20893
6911
35207
40405
13236
6920
5065
9563
40734
6900
23962
38512
716
17300
38503
34438
5728
34474
29367
16245
37185
5555
28966
18952
39858
4851
653
20664
25755
25958
12401
16248
40058
9912
1748
40461
3704
16033
36042
23121
24504
30509
14134
40145
26898
13074
9468
31366
20887
18393
10180
31221
39751
11940
18570
5457
28698
23498
18205
19016
28326
17489
24071
34549
40150
21694
40661
36687
4225
11556
32618
39573
31371
19854
474
3541
3492
25264
25009
37253
40096
39632
29727
12385
18466
14565
5627
29651
3133
16452
4826
37482
17306
17355
25346
31153
9961
11642
1111
21604
28311
7047
39970
5935
4025
24043
7490
29169
40076
6554
28561
35008
28705
34993
8055
8059
1497
16234
1799
19557
20980
18464
14366
9139
8369
22297
16206
35017
4822
16787
31161
37054
10399
8056
34795
33544
485
22697
5969
7550
21118
16935
8541
38450
12649
20812
4979
30865
22300
25689
495
27384
21263
39874
21166
12373
20223
8295
40267
4143
31323
19155
8845
6197
17772
29705
16578
34
4889
17485
3709
13728
36865
32235
38067
28730
39923
17324
30213
3680
3644
27455
31758
33972
27706
17722
7467
16013
24730
19440
24513
19225
19299
1473
15034
4060
4014
22662
6942
15281
20689
31949
11390
31478
11161
14136
25702
16163
30331
21792
5054
10379
34273
13214
37228
40221
5256
40443
18131
24931
29155
37610
11763
28956
20322
22666
38323
34955
27266
3139
11477
34483
24973
16451
8239
22815
4116
33879
27635
16968
15997
30232
21600
7194
22238
40671
17403
13276
28336
38386
40234
39101
11037
10832
2165
17483
3143
28011
22896
16032
33896
23445
24770
14975
10799
30058
26680
3356
32798
18658
18179
15983
34920
1887
24627
27165
23070
25397
23388
380
7113
2172
16101
13242
18279
11622
36745
26939
24441
14100
18909
790
19014
39790
33892
26894
39062
29723
705
13878
37403
15776
34892
21952
30525
34498
21102
20561
19038
10417
19153
25764
4530
35499
40841
31703
5920
18551
2822
19769
7177
25408
19106
16781
228
40385
8340
799
37042
25034
38534
31602
11035
14476
26446
34029
8267
8874
30849
23332
17815
16131
19325
27033
24744
7382
20736
12178
34265
24035
10828
28036
3351
3321
31779
17375
32518
25347
21585
21741
31985
24268
35650
2196
33347
647
18895
37051
33187
39735
15052
14503
6376
32801
6729
24377
12631
9737
9374
10859
8893
31936
30515
657
24520
1450
8871
20598
31340
1770
27538
680
31859
26985
27933
6782
7117
37549
28083
16147
9471
13314
30982
27698
29972
29990
37715
17901
29369
710
1126
34782
14988
4287
19522
6597
34925
25725
17234
29317
30468
1512
31634
25641
27164
6587
6904
10949
34462
1493
37471
32843
28774
5369
30886
21625
39374
8428
28425
14550
6982
7013
10943
17226
38540
36148
8401
39798
31750
11902
20543
3331
13918
29224
21237
40633
3647
1760
11152
39745
18343
5086
35434
26654
28893
10444
28568
24693
10016
35518
36788
29428
3638
35670
9130
35975
15265
3463
33412
28039
15070
33166
11770
39134
32624
25282
18650
19206
4341
8341
14765
28
2182
15926
15757
1451
2834
20749
5673
12291
11354
24600
10781
32
12375
17925
32221
30267
6937
36
36414
20609
8227
4860
35158
5046
38
28267
19328
10489
28077
16874
40534
12380
26215
36161
11881
13766
20264
40650
31732
5060
641
3578
25723
29793
18809
15262
28736
33678
25289
31691
17312
7330
20284
38535
32509
9609
26938
21652
29525
7311
5570
39415
21548
37579
40508
29389
36368
11130
5820
28883
7544
15848
23708
36691
10181
26225
8277
40051
40328
33589
2367
26607
3635
20324
3825
5914
15003
19760
28147
38375
27121
37294
38470
9914
7956
39068
7310
11665
22150
15242
6613
3188
18806
1522
10292
21706
39889
1212
19626
23472
4304
1654
38485
27046
27108
319
39414
18416
5667
21542
17386
758
13041
25731
25796
27584
25515
11505
33230
31212
29625
13020
2499
767
37618
8352
6163
5293
37289
33973
19496
12865
33654
37227
38854
16133
26623
16036
35806
25813
33910
36869
39933
21710
23563
32895
34821
30807
14805
6605
1238
11637
16703
26261
37075
39882
3005
6775
8548
15698
31901
26972
23463
18525
4966
39907
7442
32901
30839
19198
2758
40805
11364
2820
10535
23081
40345
18545
21645
23680
34798
20815
22254
16041
31731
547
28100
19059
11740
25122
12777
18341
34845
237
3667
25781
25019
6934
24836
24616
24024
39568
27451
33043
33626
8649
19528
31157
6794
16929
6466
22250
23656
29435
23293
29201
19204
12311
12348
7139
37392
13019
27464
15451
18749
11487
18834
6734
4307
23448
29508
13458
36252
33499
35643
16153
33396
39917
28017
28040
71
23318
32319
32882
16203
6626
38053
36041
8084
29751
26793
24533
11995
13843
38305
11398
15378
34863
10772
33188
37843
10307
25954
18263
31117
1679
38411
3493
37192
31150
31667
8253
1573
37786
29426
28929
31710
32899
14505
12307
5608
30860
7893
7422
39851
3178
23271
40599
28319
33150
18916
34087
20946
40636
6644
81
33217
19412
38823
30976
16097
35657
7462
23132
35959
10445
18240
2485
28721
26849
31235
21175
13812
29784
35135
14861
31632
1268
18124
33604
6479
33182
34780
35177
4231
783
40213
19928
3746
6647
29492
13836
21539
4599
15355
31897
12064
30321
14489
35957
11259
28338
3745
19338
36461
20964
3103
21019
38087
24582
32461
3827
8247
18517
36351
33844
20250
38422
4233
25822
34377
5098
16233
9613
21314
30263
12331
30062
28912
29490
16435
31864
18128
6522
21125
23339
18421
16000
848
1508
21766
118
34499
4810
4104
2990
13482
1172
6498
9572
35980
6974
13281
32905
13234
7964
31776
3192
33705
11551
19566
5621
3558
1738
6992
34800
22263
24061
26665
10993
40190
34806
8738
8296
1681
26612
23384
1554
20636
18852
16472
23361
27096
32187
26983
25759
16427
35288
30474
32430
18722
22225
37191
31996
5785
35748
1020
4311
29647
1227
39591
33569
26602
18366
33911
38532
39997
17758
27596
2505
8981
35505
4327
698
10061
33044
31364
6902
17212
5675
32592
21958
3107
15873
29772
22715
19136
12495
20880
35413
18281
10762
22215
4839
35760
4166
29425
29434
36260
1571
12387
29253
37459
17236
17831
11482
29459
25342
40756
36163
13473
29501
14774
38695
25640
3684
35802
37224
30188
4582
26947
22860
19685
8748
13241
28074
456
38527
1553
2170
8763
5090
19164
12472
393
13923
24832
3583
2482
26206
20770
11339
39995
20863
5564
37193
5452
6959
19090
31837
19370
8652
22771
37814
25490
3679
1147
31849
33035
7821
19031
19393
23964
26223
7184
39676
3659
36774
33146
8967
21965
1477
12641
23715
671
31167
4281
21925
13040
19200
15463
34469
5944
30209
18264
8235
36264
65
33328
31222
40020
19505
29244
12540
16899
11597
27712
6233
22416
24052
20065
15935
16990
25272
6231
13289
33193
32246
23927
30259
31299
2185
13021
40325
13445
20271
29765
18902
6730
34411
24611
17337
33011
23554
40412
32201
12161
25890
28321
5100
18823
39900
3347
16220
2845
33615
16134
17588
23069
37546
39766
8346
12625
29375
11508
29533
30154
19865
2509
4973
35242
16140
23267
3335
14568
12418
39752
14287
14863
14607
19765
22945
39664
16601
33981
10848
16167
32836
29733
3568
30851
5715
15037
4065
2223
33647
8665
40519
6360
23089
14203
39143
35785
6463
25457
30303
582
16475
37258
40103
18501
15896
27697
12661
6754
13809
26222
15692
20928
25643
14343
27637
40615
20573
15370
27041
37472
28291
5376
19630
37461
7048
13911
37046
2147
40769
36756
37279
28932
28931
21945
19629
20693
25010
39211
19149
14169
20907
21619
2076
11380
12038
25365
4284
30285
261
23148
37259
34816
31683
16094
33982
29152
21946
32850
29729
32328
12570
12864
36118
19850
8882
10981
34953
5210
26608
29775
28165
32477
29130
31781
40589
24103
22163
32327
25492
33565
17457
15304
5231
19924
163
3341
39611
6238
12666
30823
32913
16592
15312
15678
10015
20633
24263
25886
38195
22451
16678
351
36684
22266
20110
40072
24389
39053
21786
37875
14787
14305
26594
19514
38199
26901
20622
28340
15005
29544
11351
28002
31621
27453
7035
15298
29157
16050
32804
32902
19832
27437
28417
31764
5301
5567
14374
12776
16915
16852
13060
8720
15760
34625
9011
11602
29790
4879
25772
37821
10055
24057
21568
3720
20077
29644
29330
14564
21642
36877
21696
4052
28934
24257
22156
10272
27019
4997
24264
28963
6686
18171
189
366
7908
21456
1548
463
5634
18871
24634
9231
31973
21985
21119
25286
506
10797
32182
37641
21043
8991
26904
19301
4107
37454
22835
37569
38202
9958
21813
33505
38219
3649
23335
22172
20238
5073
1021
8170
14384
27391
8282
24626
15558
23419
33036
31502
34902
29699
21105
19669
5601
7902
38075
4206
7197
27555
27127
24279
36843
6372
24970
12761
12785
29226
26759
1676
5789
28961
37407
21788
34456
33334
16030
8415
38761
35745
19481
39823
18940
33158
27552
5305
32830
30197
35758
36473
21765
21474
3663
26310
7016
31882
3203
16468
21232
34092
262
12522
38898
34072
24567
30316
29186
2206
8316
4119
39718
30805
20986
12398
25123
2174
33901
16845
10301
6709
10487
26878
359
34390
352
22784
35016
28054
29695
33697
3225
39386
31906
3242
32305
6122
29358
27017
6223
12672
14538
40793
27114
668
39788
6152
26288
1152
18353
38720
31733
26986
28863
26975
20248
36459
32802
8793
110
7565
8445
38345
24750
4956
37201
40140
25752
21743
40455
24607
21111
249
515
21791
24073
29752
8655
30177
25712
1757
38845
25971
33978
8886
10935
18980
31341
9655
5824
17350
4575
14424
1743
1135
8307
27684
36849
33215
10315
3205
17008
6143
15240
22885
39546
17400
465
24579
13471
13815
8770
31715
23492
24588
23309
966
4559
21774
23274
64
24083
3338
20291
31680
28723
11546
39842
13207
30277
14451
34908
21262
36214
10319
14359
27045
13298
3845
26609
16480
15955
17482
23899
5729
4148
9504
29288
25294
5932
13952
14335
38360
38545
24700
33980
16017
10851
17280
35679
19549
8520
22949
29633
30001
23411
5693
20702
36244
38071
29817
26208
15582
8153
8670
22890
35667
23449
4989
16987
26902
33681
8955
34633
22883
1016
26655
39644
28273
34895
12194
35888
2752
1228
11142
26705
8965
49
30652
12124
10474
15002
176
6700
10311
32425
22147
35905
643
4002
38706
38402
21040
16602
89
17114
12184
29141
7563
29414
35648
24971
34963
27038
33006
26635
20824
32686
30534
40499
23682
36753
25151
34544
27636
28310
5948
1902
19144
14788
39829
7052
38742
27020
6780
28871
34031
17822
23158
38526
31653
18348
37640
4019
15728
24720
6925
4852
33553
25561
29309
33005
2745
10833
29202
9619
3481
6907
6242
37802
18161
22998
3474
30183
26005
16971
15691
3110
1146
17873
29047
36372
26996
16062
22772
39743
18646
27587
29805
22455
26843
29238
12872
27077
17647
11238
1182
6910
34003
33601
38377
16698
23083
30837
2272
26463
16487
40821
21990
34802
30672
12131
26905
11389
18268
30494
38481
25031
840
24016
3407
40770
10486
33710
2375
23353
14984
16877
973
29477
15356
12341
19634
28416
37237
33244
32450
11624
38084
6545
11892
16894
2179
37194
30952
5724
19109
20847
19186
11974
20962
39717
29474
7152
27597
37199
31989
14126
39381
1901
28414
3830
19937
24855
27267
28920
20984
25024
5741
38353
8999
8515
31471
36768
11377
21189
37382
31761
797
19673
12274
6956
39220
5775
37606
32867
15769
20599
19771
27094
20340
6683
5014
26613
19230
32787
22776
24578
15326
1503
4566
3821
40125
40473
33570
31884
7143
39061
32793
1465
15708
27012
5694
25148
34434
27621
35122
21092
20724
9217
28946
16497
40285
14341
39627
772
26643
5233
15225
28964
4112
8224
40738
11148
30032
37872
934
77
18461
23756
32659
12626
40001
7939
34541
24021
35677
9930
5122
30812
38308
37245
30563
12155
33066
10026
24271
28004
27881
3213
25899
8499
20896
775
32422
40467
24549
2139
28555
35659
26935
30025
30663
2362
4569
38717
30362
21723
15576
28560
39086
32918
10296
16483
26684
9928
12478
11966
5698
28976
28125
12591
7100
11742
38236
12346
29040
14298
16882
6658
24608
24850
27124
29183
12316
35420
31941
22801
13810
9729
17651
37552
4117
18817
23022
33222
38331
1250
32469
5663
22921
27053
31623
25778
4593
12508
21117
25280
33332
5026
12475
33023
6801
19623
38184
5753
15224
30638
2248
28772
21281
18358
2115
39895
28988
21204
36065
35130
9766
14317
30988
22415
12470
36231
12343
10010
15209
16169
19763
40100
39219
25158
34412
21068
10522
17784
18943
25883
13228
21973
19462
19476
31116
37806
31866
17891
6672
28067
5709
5316
14081
21176
20932
23788
28302
38457
21014
31938
21941
5248
25105
39590
19100
1762
20443
23072
3028
26454
27593
24102
3847
21457
17364
26204
28096
39078
19934
17460
38340
28853
10268
15006
12903
14104
26605
8057
22922
33214
6702
17934
38171
14393
13874
31687
35640
20743
14109
17133
18946
37882
10285
1755
3128
29445
28836
22482
33889
12129
24023
205
14322
22663
26977
3215
4047
24439
32855
12321
12889
24565
20538
40110
11469
8322
22689
39387
6151
38834
21004
19320
37721
21777
22803
32983
31195
32664
22214
18445
816
27640
6915
19450
21719
3838
35419
8079
15950
16212
15390
15739
28071
31696
5662
18633
33720
8575
3003
17455
22462
14364
18456
31185
3756
27870
19004
32834
15373
31197
28450
14185
11645
17837
36203
1174
34778
39843
25950
25675
12121
5066
27140
31224
12899
36050
37838
25638
28281
24742
17267
6747
640
30542
9594
15942
20428
23382
16930
31327
936
19644
29475
29392
24420
34478
10495
30015
26863
24918
7095
39554
11987
21071
14864
2646
11680
6340
23424
37748
26237
5055
19509
39125
28123
22691
15906
28784
15279
33931
2833
24256
24993
28027
6791
24055
18562
23398
22698
11512
33556
39879
17245
17385
7041
6998
31360
39777
7935
14013
5118
6620
7895
34278
8
12823
28941
29654
12679
174
23917
17656
38537
33400
4552
34062
19625
39996
25007
6131
36247
17742
12843
40457
23002
19310
2740
32890
3322
38231
4969
33077
36221
36726
24599
18759
8230
20270
16606
31305
9316
20056
11895
6637
27948
21646
36113
22875
30887
11618
10849
8273
20556
33501
20737
9006
29113
27454
40716
23701
25130
1492
15743
24798
27255
4072
35495
32782
30506
26835
10559
4068
8281
20777
2088
31480
21957
1532
15029
14043
34811
25476
39545
20814
6656
408
37595
18185
17797
36733
6770
7306
20334
29754
24068
19332
16586
18661
20060
39625
16130
18321
15961
7413
20820
20839
34788
28324
3642
21538
25826
24076
22934
33718
36446
39368
16627
32811
18911
40672
26896
13945
1792
32816
23946
29417
5438
27423
33877
3868
25656
22490
35418
9750
34372
23390
6938
14794
28184
5331
5451
37282
38924
28694
3657
22500
17206
30328
39841
29413
6512
16437
31582
15253
22674
25291
20601
37293
