19523
22424
21715
18176
14942
22744
15566
9877
267
14065
5475
6537
23429
16289
25463
10028
14894
8625
21679
4211
25592
5477
12581
2689
14752
11831
22060
5724
13482
170
23905
9706
14185
7209
23095
2627
1391
18540
19237
17303
26533
1665
19357
8867
20595
2333
8597
973
24158
18900
16319
9634
6237
8184
1216
21119
26578
6486
16744
12598
8107
10003
19243
9456
25880
1069
2205
9197
18350
6902
20409
21636
25001
15550
16224
3177
13278
19431
19338
24531
14905
20968
19880
17893
5269
22103
17840
8064
18720
17078
8000
25972
6560
13341
19137
9506
10051
11658
11120
17758
16105
20437
21208
284
17589
2458
23875
13348
25628
3161
13154
17334
17653
1023
6485
10665
5121
17158
10889
4609
13589
5589
11643
23278
23789
1411
22199
10303
10088
20300
23489
60
9086
20761
23916
26186
10554
3144
22765
22591
5860
23280
3688
26607
7871
7349
23568
24864
16258
10305
15495
17723
11227
18456
12458
26477
15654
11607
9705
24833
9957
5887
13397
25486
10368
9195
11415
4429
8661
311
18978
26435
17002
26551
5609
25353
16317
20611
11698
16500
69
4035
26558
8981
24680
23589
8982
25566
11612
25529
3173
25908
19388
418
15578
4540
8749
15691
23854
21933
23694
18544
2350
4034
21132
23780
26470
11656
4800
19256
25631
5909
26252
15351
24928
11060
25403
2905
17847
21371
12606
8065
7339
6446
17207
14166
9756
24712
12793
24279
21111
14756
22165
11294
21931
17034
2657
1093
747
9988
26549
1880
4761
6869
17361
4110
428
2433
5532
7514
1508
17839
22697
21944
15263
1797
2112
26516
14606
21587
1388
23034
653
10274
23151
3973
16536
1738
14969
9377
26112
8379
6613
10251
20748
1771
11976
11725
8002
23493
26592
6971
12237
21581
26178
7471
22130
18637
10559
18294
23161
22407
10087
19163
18226
1997
13406
13346
4341
25397
22180
3609
8407
10715
20463
17709
17985
13871
4818
4909
24312
7668
13923
24730
16624
13179
24931
9834
2664
1017
14895
11440
16600
13607
3683
4050
24409
11283
23177
3978
24510
21806
21826
26269
2649
12319
5944
2786
9454
24202
18000
10298
8584
19173
13876
8835
26024
21848
6984
4045
19692
1802
26429
20375
3486
13934
21899
24192
9644
158
24763
21188
12065
9619
7289
17971
20565
13481
17848
11893
12466
26568
2899
4577
9087
6635
26101
8804
22179
16610
26208
17742
20114
5786
9352
11730
12858
2745
3125
2642
13285
16812
16761
7382
6419
2665
5153
20788
23929
11901
21140
4340
24455
13598
5864
26553
30
13635
16084
11803
8465
15915
8128
3475
24691
21641
25545
14761
15653
6439
5422
8921
13279
13297
21302
6162
21238
26332
22274
25012
1611
13843
20248
17912
5819
4954
16385
16716
18185
15524
2158
11718
2829
12150
4439
25718
8678
24878
11820
25909
19374
19855
707
5917
11627
8022
11067
6817
7416
21744
14817
22470
25066
17250
11131
987
6990
11128
15709
8015
18965
26652
9773
15251
17968
11685
20209
4138
13841
2630
14637
14290
24041
19595
9969
1607
6719
21884
17855
20451
17543
20040
3959
16608
445
11066
16122
10062
4671
24357
25414
11498
16352
10394
2406
6302
13804
26214
22439
14353
4153
26287
22577
656
3993
6746
6050
23448
9533
12587
19038
15977
7789
9616
8472
23567
5568
4785
8134
22923
19467
7243
8660
22114
13385
7436
12534
21582
10258
14252
7590
1479
4522
990
10293
22560
2560
13389
19898
24622
24660
144
12960
10066
11064
876
20683
287
22982
3975
20259
9271
4835
21519
9022
23739
3025
8950
8521
8233
5463
6737
21115
5843
26070
8682
24412
25009
26446
4406
8321
23427
9331
18278
25977
26648
26043
20586
11813
16997
4094
7317
18030
14186
14946
24650
25629
17243
24264
14786
9927
25976
18790
6566
8455
15667
6703
20469
8990
9062
20962
21840
18649
9826
1024
4527
25624
6218
12812
4940
4938
14960
13174
24891
2507
10481
23355
24738
22988
25243
5557
628
869
409
348
2352
17416
25485
6650
25819
17984
23026
13226
3673
19289
17195
13646
6824
18990
5134
22521
26649
18639
25646
9105
25135
5958
24869
4374
16302
12233
14339
5067
9965
10674
23329
20424
22101
12902
4394
18875
19736
24183
6183
25961
13531
2637
19378
13606
26190
3661
24094
22840
13899
25855
24294
13424
4726
18432
10600
1091
26081
24086
6859
14297
1031
11332
7265
1696
16455
23199
5744
21724
9852
20854
20855
1524
16580
22626
8399
1048
2692
3340
3937
3955
10402
24253
17435
24410
4856
6665
12911
10155
231
4548
5457
9819
10137
24283
3397
10165
10676
3868
2215
14904
18042
7311
1742
20186
22352
12632
21904
20042
25758
4105
13410
12798
7056
440
21090
5421
24642
21918
23525
10864
9409
25065
10561
2157
3969
24764
6367
13109
21602
705
9135
3762
15671
5652
19464
20020
24514
11434
994
18848
20384
16228
23985
9397
25042
23763
16059
26179
7202
951
10768
21648
7965
26334
12928
853
24552
10025
17655
16327
7171
13429
4454
25832
10933
8358
18821
20069
17424
6530
21296
1767
4662
25952
11538
21934
9909
20080
26046
4117
2844
8747
7272
15316
6599
9126
5411
15305
13862
24448
26563
10384
1648
18154
10539
19031
10199
21925
17294
2223
23756
19
14597
8210
5020
21778
10383
18573
487
15810
18265
17376
19154
9932
23231
14381
22928
16362
15456
17869
13555
18481
8848
25626
8576
5066
8541
20280
1671
8855
20477
1050
26301
22859
25008
20716
16085
17358
5077
7017
3390
8876
12670
13231
24053
23676
22829
4887
6176
25641
15805
349
26167
14753
26544
520
9567
24677
21265
3355
25711
26567
15564
15336
46
1831
16614
15826
7374
2892
24404
14585
5098
18678
16078
12380
1457
22212
26309
15200
3179
20473
22185
14963
23146
10290
7690
10208
8058
15044
10862
14002
18687
22463
9097
20846
15011
22078
2778
25089
19107
7757
15833
16878
20792
971
18861
8426
5739
10575
10857
1452
6200
10065
3110
102
8075
26400
25948
8070
17966
24527
8916
25659
12528
4160
10476
3310
18005
16643
10510
25532
10154
3267
13204
255
14023
23565
674
18383
20958
8697
13617
10020
12677
12006
17690
17700
8969
13797
17387
16191
23353
1784
23971
20211
3462
13119
23810
5096
15584
24076
19443
2691
3833
5662
4290
23649
14701
6475
9824
21067
1497
25279
21038
21201
17857
22803
3614
17375
297
24394
4101
8489
19231
5704
9936
4262
3552
12024
11648
23396
7654
24115
23118
1146
13483
16882
4276
19440
16885
14452
15913
6516
347
8954
8606
22464
25633
19076
17802
13025
14115
21263
2349
22707
5953
9234
19806
8654
21985
26588
8814
5936
3009
12105
23688
16828
22961
8971
17509
19022
23063
21294
7293
24626
6305
21328
8295
6206
21002
3933
18692
12974
17699
3873
19475
21475
2121
10109
16658
16837
7907
17172
4629
2182
14248
16441
10124
17392
25503
1926
6407
17423
21007
7563
7695
5076
19619
12217
14318
21361
18040
13209
9895
22963
17867
1736
5451
22294
1516
2206
4732
25533
6848
7035
13173
5535
6232
12872
9757
1618
7081
6928
22055
2266
13000
22824
10897
14629
21951
435
16652
5832
17809
15995
11416
18275
12421
11833
22904
6969
26419
18986
1566
8360
21696
13493
9548
7761
14505
8420
10503
24625
25365
7852
11603
23171
2964
11567
23621
13008
22
16924
19842
4593
23579
21055
22557
7637
10612
19933
22989
2344
17464
20269
9447
16164
11069
1368
12862
1291
18386
21640
2225
21983
2924
23233
22412
23340
23246
22809
6000
16564
25260
3685
1933
23345
1662
24564
2999
1710
26312
25772
21827
23714
17220
6147
10772
3638
3921
24090
5224
23313
26088
22469
24093
2699
6478
3740
12187
22603
4436
1157
6178
24081
1645
317
19785
2750
7284
22710
15830
3389
17716
22250
25848
6886
235
11840
19555
16016
9594
2852
622
23260
21520
4023
10345
9554
21767
9390
958
17325
8304
16260
8772
14209
11437
514
21043
18063
12442
15978
11385
25462
3430
6164
3575
25511
2946
12704
8958
23941
18458
274
6604
25760
21052
7449
23814
8999
18972
1179
4139
2854
12311
19719
23352
5654
7253
7461
182
2101
20105
2906
5312
17572
11430
20194
2847
15771
21722
16727
4447
26164
19994
9450
8248
13507
18347
15754
6171
15614
3059
12875
26006
2149
10061
24769
4649
25734
22343
23674
25250
17454
8317
9175
6752
17201
23202
9544
7199
24663
15704
3848
1570
8085
19073
21546
11115
7665
11062
20843
4530
1748
21420
3199
25136
20510
24083
19336
12664
20805
19287
14422
26268
10671
14419
24695
14076
6197
5610
7391
2846
17777
24371
18814
3327
9383
6040
22709
14708
11748
20039
3536
13992
24270
20637
15898
1327
25864
24427
23128
350
23856
23153
15419
21447
9613
16023
16539
7528
13704
13001
5656
9623
14849
23527
19861
1013
22389
6012
15129
11734
7935
22044
8837
19704
24407
16358
16353
14838
15718
21768
9372
5359
18166
6851
6225
5808
1354
23366
12661
7364
17448
22636
23692
4097
21786
17414
12909
13929
637
14078
6251
181
5094
3391
10043
9243
9816
4322
3659
1996
6149
13569
10892
868
23109
13580
16127
25368
16112
6094
289
23935
22747
15416
10513
1980
23656
15063
13811
16150
6088
21041
6396
20297
18493
18781
25401
16098
20261
7864
7024
11420
5520
24788
11086
1162
17106
3364
10354
25716
6706
6125
3004
18236
21401
14816
5322
16194
4886
15642
20359
14206
23700
17612
15341
16784
1445
104
21130
20659
436
11347
21300
21405
26140
24733
23915
19670
627
9857
15281
10257
26561
16305
3944
3255
9095
2956
26590
9034
21795
6156
19843
25028
2834
26146
12912
6310
18837
23135
19178
14477
19039
5260
16630
24653
1913
18415
14020
4539
9785
12774
19882
15869
26627
24958
11629
21397
23189
1777
6751
23494
2562
8458
5741
19788
23980
4753
15979
21712
26297
14215
6571
6048
7760
19416
10863
11409
26120
9681
9784
223
19182
12654
15135
2720
23403
19201
6993
1089
10454
1507
18214
22201
24080
8035
1471
12550
12680
9265
26121
972
224
26483
24205
26042
17594
12265
20807
20489
1080
61
3601
11241
4479
17704
8556
3886
26054
18499
13594
1833
5366
26172
3859
18932
12372
6377
19914
12555
13603
9267
5370
7669
6227
6432
9486
11680
895
13768
11147
83
24256
11036
26298
141
18662
1286
3470
3258
1908
20466
19324
16178
20929
18723
7048
17859
18291
29
4619
24848
10669
1466
2770
7878
15530
24940
25518
18299
16393
21285
16540
17603
9737
2435
16933
10404
25081
14649
22462
12040
6771
4055
8773
5751
24023
24989
13969
10589
363
2258
6208
23745
13213
21589
19731
25647
23407
17099
7925
5090
11637
16229
7462
16283
501
20732
14500
5000
4349
24208
7683
9652
23826
13656
1509
9375
17975
26124
8459
21847
17093
2093
22034
1769
8469
22293
26510
22602
11772
7541
13898
4467
14536
15522
3742
9901
13520
19652
12623
26537
21565
18304
12900
26647
2054
4014
5929
5789
11369
25737
4664
6623
12041
12666
6704
716
21507
14482
3882
1741
5764
14735
463
25027
14791
13705
6109
24362
1115
15954
5133
25394
4191
17338
4025
25277
25442
25275
17710
6070
2286
7825
19761
11315
25212
24489
14885
15959
1226
22333
7662
5618
24761
8039
21056
24693
11841
1629
8264
16807
4078
15968
11548
20488
2864
17735
401
25389
2421
16036
23647
2367
4798
17244
4330
9083
24801
25622
326
7141
11047
18144
7143
25333
16006
24141
9620
9796
1649
7398
13974
7515
17401
6013
1473
24249
19708
12322
21551
10733
12254
469
25005
15257
7303
6068
15434
11800
1963
530
9225
15918
1632
2837
10256
5118
15344
2608
8725
4062
23418
1991
19033
8514
1454
14763
25084
17914
26005
17274
9293
24576
17963
10778
26174
15743
25074
1128
1196
17680
9886
26273
16081
3920
9549
1896
2043
18881
194
15331
11847
8112
14832
17405
23272
3514
16123
16029
21530
17982
22973
20587
21713
25166
26349
6935
6841
8815
8585
21005
7820
12480
16043
10162
7498
2270
23174
8160
12159
13784
12536
11376
21739
24060
4748
15893
15853
4737
1587
17179
25722
20158
19089
6025
21251
9794
11594
18135
15990
2704
4238
13591
22373
11750
4170
19700
4752
13086
2140
10502
5208
10072
24909
15283
9214
6199
7689
6578
20554
22455
24204
25264
17
26049
16686
23933
11500
5547
4249
13770
5236
2138
17780
17902
20197
1352
3802
10321
23984
24996
20231
3196
17544
9985
2673
17049
5033
12478
7962
17834
14812
10963
12604
2385
10071
9032
3061
26315
7920
15966
20991
17023
25607
20714
6987
20164
17926
13604
1073
8536
19183
5078
20713
7914
6828
14298
18811
896
10000
1776
7608
17124
17432
6252
5237
16700
5131
3776
7622
15683
23434
17663
26037
6194
9863
9106
15477
15358
4735
14496
328
6215
16622
10969
1163
15133
16803
18026
1922
16751
8413
11846
15694
23812
6122
9868
8808
26394
9823
8409
10254
9967
4246
9710
4212
14008
21879
9803
12521
17922
12051
14810
23331
24615
12095
233
338
19563
1925
6549
2231
2448
16364
23959
23501
23301
20987
15346
10272
20155
16864
11700
25694
6989
5845
10987
22594
3757
8262
21231
894
7638
8870
20569
22348
309
15775
24590
1616
5924
4229
14925
26068
24890
17213
7937
19710
25844
24009
130
19535
2391
23706
21790
16094
21556
22663
14630
3189
7720
13206
718
3634
11911
11267
9263
24587
1322
20093
4845
597
17549
10699
15806
7485
18141
14639
19193
9061
12682
22261
13092
18981
12185
13470
19344
20625
19695
8069
14270
24273
9541
3442
4108
21644
12069
81
1977
4739
3288
87
5901
8776
16354
8356
12958
12834
22025
13499
279
2039
11431
17654
1007
21750
2588
13758
4089
8099
1029
10468
18925
8929
9381
11097
10912
18244
11370
2295
20973
12629
17101
11836
4556
11964
20328
17843
6998
15535
20349
25555
19768
17494
23967
24704
6617
12225
16903
3271
20134
16375
10769
21423
11304
15658
15925
3923
4115
17947
21165
1688
4048
16799
16906
6244
17584
14879
5309
4882
1506
13079
20205
5676
32
24499
11020
21725
25145
6381
18360
12964
7343
24464
2874
26411
19694
12404
2384
19466
11986
6736
904
19135
5016
24345
17075
16100
9646
25251
14294
229
20613
16275
7715
18963
500
18309
3012
22662
10214
19403
466
19779
5817
10651
15310
3820
6079
7412
16131
16387
5496
24484
26645
2442
19036
23775
6941
13375
14118
14722
20026
13798
21246
22953
21303
23430
7330
7693
12031
16247
13859
7395
3024
18771
10005
24859
3947
9405
21217
8506
17007
2603
13489
17230
22781
19319
21441
3354
18878
5218
11663
24476
307
2710
14424
21310
24433
3491
25738
4879
1965
22538
24613
8778
15573
4925
5959
4407
525
3814
18212
10961
16872
9483
22003
14393
25873
12558
952
20817
1252
9904
17074
19659
6044
6098
7535
3522
19952
25187
13039
20776
14642
1793
25780
19189
21330
10865
15720
25627
10355
6032
26509
12253
20196
9649
21515
4283
9939
6289
18955
10504
8782
20673
4068
9556
7340
16064
5350
22976
25663
21865
8829
2165
8191
11200
13679
17789
18486
21889
18793
13388
12460
15696
25405
881
10581
6096
631
12162
5793
18787
16075
24230
1829
595
3304
9299
9301
2324
14882
105
26364
7857
7002
17531
12113
22119
18225
21345
11920
11852
11664
23346
7078
10909
17582
18161
15548
8357
2287
22833
8012
15394
1537
1580
9566
11230
19096
11392
13955
10716
4147
8202
9467
21451
18983
1673
9517
11638
12386
25884
3399
12338
12762
20562
26133
6762
18037
11966
9001
25037
22506
18770
913
23952
7028
22262
25408
6315
7529
18303
21749
18322
14286
13965
13947
13825
26390
6953
25282
5101
14179
20823
25519
23754
6960
2240
8203
6458
17823
16034
18333
19352
14758
2522
19822
21785
23390
19673
11149
10117
13748
8341
3221
16125
2958
5801
12070
22381
10981
24887
18641
2200
16738
23869
17551
25499
10339
22879
3301
2612
21619
15307
22608
19079
9635
15496
21018
26126
5230
19408
1426
4129
1637
26529
2471
17439
5600
13849
15783
20926
22224
13448
17994
20362
13653
10629
20257
5565
2113
13805
20314
8042
21818
7739
17564
13817
7556
20787
1178
9133
6870
1597
12370
26520
19261
13931
17411
5772
21097
14059
14161
19118
23808
22793
15407
3637
17161
6126
16478
13009
26205
2814
3151
8530
22030
22027
5272
3521
16967
934
19969
7531
11946
21276
6702
16873
19939
16399
14121
20171
19622
13457
12979
26307
3104
7754
21701
2823
16657
26207
5637
9508
23157
3544
10803
1282
414
13185
4219
2904
3416
11807
20601
14521
22838
16395
4313
3534
12681
14534
21978
11779
10605
19796
22624
9633
5898
9832
22880
14555
10352
15141
22985
1126
5925
7414
7743
20669
21649
14617
4573
25668
22945
9811
26044
18568
26257
12046
5854
19813
11006
25224
12395
2259
606
16288
15645
4413
2986
25155
19123
864
23163
10991
18120
16437
1429
8854
18332
14693
21509
21593
17812
1338
11298
24121
9515
15858
7099
4692
22708
16424
19749
20116
1504
15855
21359
18502
24038
5481
12707
2598
8993
3840
21154
18605
9748
14689
16265
14218
24786
23955
7178
25655
22001
13471
6838
11928
24284
5660
8922
22566
23646
7780
14700
11967
24813
5142
7834
12910
8260
6858
26589
23304
5759
12890
9717
18358
12091
15668
3319
24367
23687
11604
9637
24752
21483
20287
2427
23498
23441
17946
16003
15577
9621
1312
8513
18279
17885
8374
14723
1874
19807
761
21723
2849
25925
20057
25890
26346
20459
19092
11753
17497
6925
19427
18247
22111
24972
23159
17820
25427
7554
16137
15638
18681
6363
6189
23662
26242
8941
23947
12246
5802
4678
10234
23995
8298
385
5008
11618
8422
5268
3100
13997
1109
2564
7104
11011
11031
21982
20002
5027
15409
25220
4526
20567
15379
17152
24617
212
13629
15615
24017
18600
21869
7124
16334
7901
19175
8693
155
7673
13938
7621
11927
2008
11261
9035
16549
8029
10515
9727
7570
18395
7900
19824
9370
8766
1470
4379
23126
8305
7481
23453
8296
19200
22122
25369
7941
14162
25199
9292
4059
13608
8164
25684
88
24082
2227
22754
4124
13431
5050
11957
20519
12937
24540
3175
4613
12765
21762
16671
3828
25838
695
13509
11981
5307
6172
18160
13340
25808
17747
11391
8224
6564
8284
22117
20303
18815
13287
1709
11506
12589
20850
6135
13176
2065
14509
24969
22820
5994
3007
10353
17849
8503
16648
25396
5168
22346
26093
14035
3712
2048
20299
16572
1032
15848
4559
17112
4676
21907
25614
14005
14404
4306
15349
4782
3663
25138
6226
6398
12614
9498
23317
9160
1750
20919
22686
6602
18816
2514
576
14544
18729
26412
25232
15450
11186
21527
9977
22861
14550
18989
6152
8197
23942
9416
22745
7133
15415
23771
21120
12283
24125
19133
14650
10076
6952
197
7625
21804
3171
1247
10301
2290
8841
12142
15292
4422
3713
12174
25447
9996
14861
2885
23990
5608
12181
1640
1377
7512
19924
18820
1290
15838
17462
5640
13794
22120
16274
15543
14518
25574
6749
17090
18101
316
1557
16495
24045
8292
17894
3977
3224
4162
23813
16008
11984
18530
13439
5365
26431
9869
6914
10819
16625
1083
11566
18845
3497
25214
25384
21793
20509
25186
16892
332
22764
18698
12240
7201
1047
22100
13455
26598
26562
22685
13056
14933
14865
2991
3667
9311
14814
9989
9629
15340
23735
15395
15242
18880
4204
8669
4404
25541
8512
22510
17108
4001
8744
13444
4364
26554
26330
967
26463
15656
20572
21057
764
9320
19678
18805
15430
25985
13026
17715
10632
14017
11291
15035
12706
25411
13130
9438
17070
2230
12346
3917
18651
11888
19278
5624
168
589
2095
9089
7607
21070
14176
9282
3954
10021
1631
16045
12986
2424
9
23229
7229
6628
13224
16104
26512
15965
20737
3041
5500
3743
6597
2867
7175
4125
15179
12625
10596
6329
19331
7664
24906
22903
24911
22418
18169
15482
25324
17265
7287
18454
4661
14315
18025
11936
14276
25276
2307
1794
3002
14896
25056
13863
7054
2342
16535
15911
7584
23004
13175
26052
18980
9391
18654
13014
645
3579
20577
3853
10216
7486
18
832
11649
1176
5119
14778
22451
6124
2120
2840
21567
24163
12898
10717
21676
8139
19684
10057
22286
23115
11528
23816
26090
10744
4156
23792
12328
11635
10948
1528
17379
8259
5348
22693
24987
9810
16721
7726
25941
15055
10576
23122
25549
8423
6017
15730
11018
8873
18474
18730
10652
18320
25316
12972
1059
24247
17130
20426
4525
14610
23839
4051
24142
24376
1567
6758
18538
6779
16889
22692
5091
13157
24898
23154
7975
14109
21683
468
26370
11544
9114
2980
15100
1906
3589
21490
4771
4274
5351
21894
16950
19290
2220
13922
20561
16214
13769
22066
11013
16945
20062
5446
3295
14609
15812
25152
4256
12206
13833
21947
5341
25955
10107
6115
18260
4869
5251
22896
7021
13780
13077
5570
5467
19626
9978
3752
22036
11229
17431
3784
24419
21875
16674
14924
4177
15519
7809
16865
16520
23734
1250
17229
12748
18150
9853
18300
16009
486
1876
9836
6497
21642
2724
8150
24078
13327
17191
12722
23319
2584
24330
7084
7491
266
2712
7052
3302
8082
13538
5015
7120
2931
19468
18865
6550
404
19020
11691
688
8207
4121
24112
7646
2500
23170
21327
10335
3119
15048
767
12597
2129
8904
10797
21386
21689
1367
17189
4741
16677
752
3599
21039
5062
3361
24811
20382
11220
23666
17404
22863
14526
371
4758
12260
21548
1539
18272
14022
2499
22000
2571
6820
13767
19368
13937
18038
22606
15842
11896
8204
24425
12821
14872
20041
26443
22229
20348
3960
14684
3065
17276
3843
16736
21290
15819
19677
12582
7775
23587
15533
10015
22223
4975
11764
16304
9740
18689
3548
8907
2858
13857
1526
25126
18086
11529
6177
25500
4411
7677
10219
7446
18248
25742
17005
4812
24152
22498
11816
6288
24355
208
23619
20006
18922
23041
18102
12439
22914
14322
12259
15561
25461
5839
24423
18802
14122
18562
22127
9259
16002
21964
22944
1766
4773
2074
20067
10326
9662
1119
8780
23216
7373
7719
12490
14574
11670
2559
2742
14306
3632
11196
18761
10756
13690
21465
25924
5162
10140
19279
5005
8509
5430
24182
12596
22948
25484
10491
2393
17800
11042
715
21992
3432
5646
4371
26003
22068
20889
9037
3244
2884
6534
15986
13434
25835
22635
2609
14561
16794
20525
24354
19997
2365
12096
4679
12318
25075
1328
17503
23757
26145
26629
9168
16422
13255
12314
17143
982
20408
13163
10787
21607
25041
10833
1259
7047
20448
3941
5694
17430
22466
10732
9790
17066
4765
6049
10281
2201
3386
11493
26122
3629
180
2026
17146
7019
9142
24746
1415
15892
2779
22214
15170
20838
23038
23972
7310
4060
21623
9519
12133
8965
20796
16446
20471
13933
23164
14968
4859
23113
13517
21185
12093
20001
25703
778
15531
21755
8972
25853
264
6898
21223
20374
10396
19548
20504
20648
12618
12482
2926
26340
1901
22556
21927
14056
12537
6223
20618
21135
17142
6694
12014
18817
11591
11037
21092
13773
12124
7381
25623
6662
15446
1378
21059
23877
4515
5115
5713
2790
17219
18859
2335
11190
17583
25833
23610
5130
13844
2183
1865
15741
16802
1576
15702
22375
21426
253
26289
16040
3539
9333
25346
7356
11035
3156
18240
22525
12816
4141
4200
21016
14258
8596
3296
12731
6866
25197
942
16219
19836
15958
7787
17077
19734
26014
25108
21529
18200
3323
18912
9276
521
10092
18660
7032
8320
23510
7236
6891
24364
15593
21171
7740
7714
8909
23976
13304
6496
13912
18374
23250
20583
20252
24944
7679
7519
15972
23784
3606
8153
11541
9158
8632
3744
10583
2971
26264
15948
14680
6940
21697
11223
4242
5616
14670
15974
10035
26430
25229
12716
16883
9148
15015
16665
20922
9452
8127
25766
17306
17763
17613
23048
3836
8182
18590
19303
5418
5963
26479
11502
4973
7281
9839
25575
23276
10229
1625
2105
23819
6065
14582
5012
25589
5596
3005
2456
7771
19915
5088
25429
22112
9865
9946
1863
17145
7635
25016
20377
16119
16692
10506
2709
22273
11225
19707
8838
20698
18726
20084
2297
937
3146
8788
14233
16639
11451
22248
2217
1967
19204
17490
21912
4947
3218
17665
15479
4659
20623
22386
4574
17540
20165
3906
23513
7026
19126
14167
20036
8851
12827
1599
5059
5784
2090
4372
12479
18466
15733
12234
16496
7868
7355
16527
1813
9700
10861
502
8369
4824
8903
3953
23806
18645
16266
1376
7671
16173
10343
23436
18328
20827
14497
22285
15888
23562
3095
22106
3392
388
19720
8307
7996
14583
9774
21248
15285
16168
8583
6425
26341
6322
14760
4185
3181
11845
19386
18087
22841
9709
24322
4016
8288
12984
21910
21203
4346
26125
5752
8546
7040
9246
25997
725
11400
19365
14341
18268
3123
9026
25169
14815
21637
25879
7532
159
1319
16
21487
2478
5395
26177
5715
17836
15047
19250
12705
15209
19249
7688
8410
9983
21074
15854
10044
6268
12817
12299
26617
14342
1437
11805
23629
22942
24731
14222
6675
14084
23032
16245
21717
11138
10871
21652
13897
20159
20207
10532
16460
19220
1581
14046
24120
13182
25621
1716
25727
481
16969
201
12076
23532
5511
3252
14731
8617
18243
2318
9353
17349
4291
22677
9762
19006
13487
26499
23287
25318
21765
359
1511
22527
15960
14483
9703
6144
24573
17299
13290
4096
13888
20200
12317
3477
3131
24196
8675
3235
10347
11057
20602
16824
156
1271
15108
25652
20563
17923
11163
14915
14141
565
18330
14310
25991
7244
1022
1297
4717
24285
11908
11167
16870
3417
3259
3914
19075
13122
24645
4277
25787
1008
50
16982
5818
1720
23090
11974
4028
11563
19891
14560
1595
5017
21373
8604
2473
13526
16690
10664
6274
5442
19050
9392
9998
10241
17109
8628
24449
537
5176
22308
2007
3568
8928
15138
25569
1840
12553
22017
3194
19589
16037
7245
26439
26505
17693
18799
11943
7369
11961
9580
25102
12148
10083
17174
2952
22583
1779
23447
22328
12676
14749
19851
838
6672
15052
16645
1295
23496
12298
25913
12413
4517
16808
3479
20550
3324
2331
18206
16507
12012
18099
6699
1955
21213
14172
14519
6658
1659
2968
25740
19514
1698
14090
7365
22675
8212
16769
15923
19724
15698
21004
8
800
6791
24315
85
5841
23607
23185
4636
14673
21603
10287
25867
24319
14699
14
14566
4272
366
23611
9337
6638
9171
22378
11139
15569
7855
20117
24211
17950
21850
162
15993
3566
10311
8395
6182
16211
16444
23308
3239
7942
12156
10104
12117
6375
22486
26618
21967
863
23651
23111
8531
7875
22673
16407
15517
4584
17421
22372
816
18975
12882
6619
16584
8558
20832
16654
3351
12939
13401
19601
23599
21810
8715
12502
541
6538
19750
4904
1992
13162
19877
12933
13659
21013
7145
8408
26271
3356
26475
755
23508
24144
19291
7111
8101
1193
13324
16453
14759
7539
5328
21977
21077
5928
3751
10439
23049
5912
3658
5195
11758
6867
19098
1768
16415
