17527
50169
17484
38785
50420
17566
24624
17712
29136
45697
18188
53295
18904
19394
46100
435
21112
29589
32134
22485
45447
12666
24724
52077
17553
45971
1425
27502
4771
49543
271
20511
29602
21190
12223
46584
12085
15295
28260
7104
20278
37709
49678
39542
27501
29039
42526
34331
15686
46370
405
33369
46776
41638
11525
9428
21559
23741
10394
46228
51465
4483
44607
40309
21789
40520
11843
4353
49599
12758
33937
48697
40285
33872
20796
27274
49333
17067
21000
17916
24221
29140
23683
29636
2527
6299
20228
40334
35273
43962
26769
29820
26773
24353
10740
37723
42028
37457
51345
6240
31152
28065
1360
45017
29668
7595
33809
231
32938
36988
42486
35330
29948
42888
37307
17642
22710
16105
23389
38010
25325
49364
15835
45020
27688
11054
13782
944
27692
7927
37128
31321
51197
18082
40248
46434
25570
37822
14594
48097
52264
12154
44397
44152
42578
111
8297
53733
24867
40550
10945
2867
22989
1642
19805
30886
6450
20141
32686
41960
37030
49894
28690
8598
30967
19097
23369
51146
37251
2567
10616
49327
3146
46536
52512
39725
40304
21186
2896
35633
7444
36016
5521
38411
52920
47080
3379
10297
12019
24556
33531
27145
51742
51621
29599
39324
27651
11389
27755
37034
5947
37384
28344
78
48781
8109
11062
5220
4836
19101
36920
30945
44443
24276
12025
17468
49747
49306
53475
34096
20920
34020
33346
25035
46797
52183
14783
2551
14343
52056
45344
39026
41963
30658
11774
12603
27007
36305
22156
12928
8974
4943
32774
28362
19406
8801
5113
45299
43247
40713
6118
48640
8459
15401
1199
7002
49600
44413
756
45260
13985
594
16885
43236
27005
49769
46743
53537
22812
24425
25495
685
14714
49177
38537
51045
40215
30310
49
36737
16352
3299
26692
45492
42978
13828
46586
39922
13509
30195
4195
10102
27017
26374
7158
6764
50246
50642
8230
33673
30012
16937
13074
45641
49137
2058
24096
23654
5914
51275
22331
39831
30897
41723
38804
14621
16272
4074
6109
1685
22511
48703
12569
8929
13160
48080
12583
44419
19825
51498
42368
47221
38486
52415
4903
46609
21530
37948
31798
13924
44295
21408
37743
40446
22030
24489
15584
44190
33929
49027
25543
17316
10108
8588
13668
13883
21062
52372
24229
401
16234
43424
26813
6781
8891
569
33804
35026
4119
14068
1176
40612
9908
38371
35760
8631
31453
35684
44964
43838
22973
50341
15873
37054
15892
4203
33657
5775
45150
9308
45602
4197
31287
4661
24021
14356
22619
21188
22709
40721
31791
3418
8517
14804
36181
10251
40439
34229
48046
39815
14990
21563
33344
276
47787
6863
27110
36032
14605
2976
20156
6487
12570
51141
28818
7255
42085
47930
41165
21120
17048
13957
13288
39367
47850
21760
36074
33463
4101
12457
18614
14033
32509
14196
44773
26788
19245
46481
48719
8101
53522
15033
13791
49091
53391
8977
37547
38846
9111
40101
49049
16286
21419
35661
48528
29649
40997
48851
10823
46652
21840
1928
24767
43506
34459
37467
49842
48358
27668
35075
5841
6563
47631
22052
22323
49426
9001
3038
6580
36313
20017
6124
36057
19875
41380
3806
21093
28655
3759
45138
28350
1366
11073
7628
43140
44643
19766
22493
31457
11492
44072
47041
18991
27257
38957
37320
17861
17518
26268
53798
44123
14580
13859
24261
15782
15954
1393
11007
44352
3191
47136
1174
7620
46031
41510
52556
1899
10830
52895
34623
32000
15670
48034
14185
7040
37878
31080
7680
43158
53901
51023
32487
52378
28562
15237
14827
13529
35011
28078
27456
18932
17951
9975
48360
50972
45726
7587
27356
7999
22524
11736
17953
28742
10496
52905
7714
52959
30346
858
40552
30976
21235
34044
8672
26274
9189
49223
25484
33213
52582
41293
1830
24671
33361
21491
18317
1108
50219
13717
24730
11810
29308
37135
15000
8554
49853
51221
50304
24593
16051
25980
53685
11138
4701
9556
23027
30917
9453
2755
38436
21404
33985
34934
43192
46676
29085
21450
30235
8245
25278
34645
51520
5802
11005
28044
26566
43879
49105
23073
25883
41771
14948
47142
53351
6404
235
13284
42370
9690
49096
1282
31030
50794
188
29216
39638
50126
47261
10195
2731
33374
31871
34197
298
17258
18818
10632
28555
24240
27092
6452
47916
22978
34972
8577
33867
45030
26705
20759
46793
30351
9124
36843
35794
51047
47906
20583
24834
16063
43580
8959
27519
51137
40955
30836
41915
45712
43070
674
42390
49018
15560
33239
15652
32262
38599
43132
11320
13502
11934
47516
10151
44885
27364
42663
17358
45253
39430
37669
41833
12691
31658
26931
49825
46630
4352
47867
22269
23182
1875
19362
3921
8159
32252
2684
27569
4757
27556
24942
32716
2566
18299
24450
11193
29894
15436
45194
64
9591
24069
41453
49995
29410
9087
15096
661
14175
49153
34416
11732
35979
13180
19876
26942
16897
46440
39238
12036
17262
40900
17864
40631
24844
24313
44322
45216
20076
32748
27430
29170
35061
24634
34029
34408
31857
48980
13814
22657
51126
28771
14608
17089
6238
47429
43645
7899
12466
32803
8302
12425
2372
32387
27549
22533
53209
43042
11045
45225
40536
1213
48617
20174
7183
24625
21065
13428
32182
9527
22897
53980
41637
30449
26749
35303
15903
49351
52744
42570
31757
50802
48673
48872
10319
22901
10261
46786
14110
43427
37648
28797
48562
41184
28186
44154
5419
2374
51145
9152
19572
5272
6810
21868
12627
34417
20557
22157
20079
44186
43318
17161
25763
27428
29752
8960
7850
47165
24716
35165
32787
2575
17968
34467
43722
51128
13298
29089
15694
38054
17299
53969
10519
8983
39818
24137
5703
12527
46994
33318
4539
15188
43980
5804
42726
25478
16293
32983
11524
8782
41327
14161
31503
34612
11822
43019
51493
11693
41984
51173
47413
18584
48727
18383
53949
39629
15368
7660
11158
47594
24352
15316
35423
11848
44071
36630
44143
25385
47299
5060
38826
29081
32918
13231
33042
31897
3836
7070
46129
19344
3704
45953
52967
4120
10392
28617
14595
30718
22459
48646
50058
10922
52301
16075
53291
31026
22569
3216
10185
20907
35734
13110
38772
51881
40962
22760
1927
50764
8668
3737
24944
12242
14619
6024
47083
40187
31572
2621
45491
39910
4832
38105
27720
34965
6149
36118
34180
8368
39582
3029
41149
35313
4332
26282
478
6561
33934
2782
36402
43160
35899
53189
45630
14372
41624
27599
46524
10900
36490
23891
50544
10752
15588
45316
42879
49614
9549
37221
24775
34899
30636
33321
29043
14083
48882
36117
382
2703
47521
31955
15360
29147
45988
24550
53314
6796
24721
11527
40059
13330
8735
36026
53005
1857
6483
1761
19339
31941
14153
41602
25237
37580
31090
38838
48319
39897
30143
50968
53328
5077
22994
5003
46019
17127
30782
36572
671
10080
31843
12580
28267
48976
6777
13137
9348
13307
51874
13559
36562
45891
29249
53385
304
29630
1300
53031
5069
25893
13437
53381
36216
35225
49491
7398
10312
45000
21555
17650
37622
18918
45003
37327
47
40371
34296
18798
447
7212
28131
52911
27661
39318
48824
45782
1227
35561
34412
4299
45637
4486
10429
15611
45210
53986
47291
31319
45193
46432
34116
31476
43425
43538
27958
35666
50723
51432
4865
45265
21140
38944
41132
7249
13332
10077
28287
44975
24210
7822
30455
41447
34268
25202
7090
51595
8699
53105
26799
15382
21081
30108
24092
7343
46398
38773
42004
49389
26499
52186
20949
37730
20384
44749
16750
5267
32602
43939
38121
17502
31527
53675
47164
44149
46779
17980
36475
39682
27953
33774
15370
53623
52502
31404
31193
17536
41339
34742
49844
20928
27304
8859
17583
21947
44616
41229
36856
47440
10467
32533
5416
12414
6249
6387
36175
7159
39819
6192
829
8750
31401
39951
22683
8128
52834
52793
44810
13140
5366
6574
12878
24239
6577
14947
10849
22670
22127
13383
53217
37387
12268
53773
15261
22593
34730
420
43612
48332
6129
10514
32127
39471
9694
41608
2467
19688
51933
46459
18749
5225
19009
51666
17118
46407
43250
27440
32945
50990
9854
11577
21052
602
41058
53765
7208
51748
39006
51043
43657
386
51980
22022
26514
16817
14691
33198
50805
25462
8938
17908
45244
38166
24308
4042
9116
34919
9916
18288
39478
37144
32279
1971
34542
16664
13457
1654
8348
14480
29624
42476
11169
52772
46550
28943
5119
13109
20111
34217
22508
16638
52025
45614
18758
1682
18133
2860
51175
37747
28472
25140
28281
49573
3993
24870
34120
43351
18608
3772
52234
16538
15244
19345
28883
38420
12235
44606
31767
39374
46599
25268
30666
43358
3440
25975
3500
34843
21573
14123
5997
12227
3876
50487
43147
19252
246
41965
13795
34775
48269
282
35143
47772
23273
29479
45998
4577
10977
5017
16610
40499
20702
30586
22585
675
29282
46749
28321
2794
24212
45923
34924
12826
23066
38044
53361
1840
39065
16163
14376
23958
10443
21888
22278
35495
42351
39020
49574
7075
33976
26287
38650
42297
7663
20881
41258
41201
11040
46830
4543
50731
39473
13587
53885
4030
46851
38294
28545
47219
13936
36969
40435
27597
35189
768
15366
50732
39623
34002
19645
38847
51910
48087
33125
3519
52352
51809
28744
42084
48684
24355
5023
36405
48526
12165
46943
21780
20218
38947
40085
33983
8821
18782
25537
37243
25426
35737
5282
22645
12352
45629
44986
37398
9366
11888
51892
28969
38858
19053
28413
45019
2034
10430
52467
7884
26032
46780
1017
3532
16530
1608
37650
49576
17599
10759
19107
8205
39748
46004
10461
16152
38831
6390
3085
5587
23537
19479
21501
11460
21388
30437
3857
11090
44553
16826
47844
6967
44266
27052
14899
40984
21412
35909
18062
53201
41054
31622
11800
35758
29357
9141
32427
18685
22271
38988
49353
43325
26579
41331
39239
14481
17948
17950
6890
39814
42082
15729
35048
467
1985
2367
18731
19112
19128
43293
28155
15128
43725
7766
23648
39166
32771
46431
15804
12872
3632
5923
6546
25571
23792
26302
2515
25971
40471
50624
28697
33245
16464
14280
318
12688
17220
43389
43717
30211
37138
37039
12675
8472
9943
35905
9114
19319
15450
21773
34608
43857
17751
15051
33638
34514
35732
41382
1479
4816
39521
17641
33468
33838
37255
16599
48076
8533
38748
53304
2481
8742
53745
49365
14542
14596
30973
51154
19892
21987
48738
26022
21001
47929
34517
36867
39177
42968
43094
17747
11776
52130
38034
41628
16125
167
12891
46832
16531
35954
18117
9856
19710
35436
10079
47046
17590
3306
2199
41903
53911
23828
52941
13125
22175
34329
3224
21013
9536
52498
26954
36052
38050
9210
5689
46829
10578
40654
52172
30741
20112
40579
38201
27689
50412
17342
21640
35201
12271
50477
41995
29924
33611
40158
20952
5185
7545
33104
33212
12475
1760
3633
30628
19462
12660
28731
2232
35779
28871
21737
7886
4350
692
17938
41953
26823
3877
46768
14478
48847
40806
1065
16859
17221
6305
33599
12711
13221
21174
43324
44589
15129
6947
36058
30424
15111
39667
268
18960
4043
47570
44590
12969
28156
27757
7630
2545
50093
10702
3235
11426
11765
17607
4185
2023
17430
39584
26617
12890
23318
42210
36354
25326
34705
19636
9423
885
17618
20432
14887
8608
8215
52013
37891
19902
14524
18676
20355
42144
23811
16246
24737
42117
21133
43913
23193
48052
45856
335
13604
32951
53707
14680
12951
51998
46477
28861
18165
6588
41639
10145
42412
37486
1124
45876
45164
1148
38793
45832
20660
359
23166
8350
26253
22261
42710
22037
28625
53032
46331
37900
6261
21922
19532
29406
45711
30442
15049
7057
50840
8310
967
8937
21932
21290
53223
8677
33248
26245
38531
22281
43588
53539
44914
45456
26793
7168
44677
29477
3522
20525
883
17128
27474
21520
28975
34937
27457
45419
53386
20697
45337
34420
11805
43993
19057
37511
3022
39504
11670
11096
31732
14410
46451
16733
46306
33680
12496
41737
40642
30120
21303
29928
9990
49227
44187
16162
44339
41496
17676
1398
31494
35938
51660
49919
42194
18373
41948
49581
5628
14274
7106
9566
21278
43576
10834
6876
29814
41555
41919
33007
52011
42967
14100
36996
41340
3269
19314
18480
20035
24066
28182
29230
16970
46087
23110
31877
23467
43507
10513
7580
5874
42844
10045
31393
10655
15980
11572
42911
17014
30484
33009
22312
24424
9805
12255
21288
8323
25131
40690
52600
33661
2724
21786
19791
6752
44679
47616
20400
23836
4183
47049
50814
977
33785
44682
53573
52712
21513
46498
25347
32972
41678
49998
19293
39698
1390
4301
12176
30210
35581
38135
27620
40705
49586
48317
40183
44053
19833
748
51421
40362
53354
47241
26070
13091
37452
50174
50914
17381
10194
17588
1032
38395
34050
27572
6685
23833
27088
47989
31686
37381
36635
11490
22890
15117
30402
9158
14654
92
50907
50286
27928
43435
1188
137
37334
21613
25841
31831
36645
50564
25492
9468
46002
12614
15040
6123
31418
51862
48806
16545
17933
30935
32439
31483
17659
44930
17007
14099
37108
33954
29591
43922
8498
47364
46445
16065
32205
21396
14374
19926
31034
3923
6659
52083
1825
40682
41734
24837
34422
52399
45681
38626
7081
41338
43981
29952
10381
51004
47433
42274
38853
23766
4615
18933
9871
34332
44705
38401
22228
26627
11229
8650
6277
20954
23650
6018
23634
29323
19755
48928
44990
21034
29457
4405
30669
20900
24203
13638
48325
38458
6531
27178
14798
24508
50711
7472
9206
47934
30966
1561
42746
707
37337
23364
17011
16825
11109
40850
45368
23299
17
37707
51403
32745
48347
31542
15077
15488
23105
49225
35384
41272
29400
22142
13365
48292
4305
12463
16965
43886
25681
51829
23423
6307
31709
14872
53890
45846
51633
24045
15061
27289
26873
26504
27624
45617
41465
11876
12306
7166
46382
45538
1506
43620
50256
51879
15868
26134
26156
26037
49739
34912
44285
52740
37946
25832
37889
43283
35930
46924
34780
7722
37229
40843
30332
17027
11894
38962
20359
42169
5795
30924
47184
47387
5629
7941
15100
9017
48833
1164
6410
23258
3121
48192
35879
31227
33760
22797
40847
20142
29885
3579
28320
11346
45176
23298
2431
6701
21066
34774
11093
45579
18583
20389
4094
35
515
49705
35208
7891
40801
45249
51554
44477
27725
33292
25042
23268
44
26658
43190
13161
29024
9905
27129
51600
31739
44841
46529
41495
50004
21521
8639
42630
49949
3449
10070
3334
22536
7916
43637
25218
30473
46772
611
13405
43394
45229
29856
17924
44664
23632
10614
3961
22027
26753
44085
34195
17546
2193
27278
31342
49320
18999
30980
16422
31620
31010
15338
42813
23627
10377
53
30671
47997
31118
19906
44221
3108
17314
16326
3456
10907
27998
38445
52320
31169
15801
35906
18997
50832
33453
35625
38292
51626
14537
18622
45756
38973
53011
10024
35959
15136
32727
30133
20388
41707
37534
45499
47000
21839
4314
19795
51094
6474
6282
53315
33969
15377
6722
20043
10313
28988
843
3535
38221
24742
22257
19279
35204
39126
39033
26419
7859
2783
32499
18518
51954
46528
29324
48752
34601
52930
40370
27363
49263
35571
8259
46217
45842
49116
31517
35484
36070
28208
5831
21609
24193
42924
2075
39141
26381
29245
47001
47637
17186
7340
29911
29736
30413
50089
25960
13186
31841
16177
3171
6689
42240
53423
10413
14709
18462
15836
51836
47517
33130
33594
29499
7529
28574
6821
31730
52620
46016
53788
13876
38861
22970
52906
20336
52116
14695
27923
48336
41415
11943
47660
53253
44578
23053
41714
1847
7323
7401
7948
51746
11187
17021
30895
628
17705
2304
29178
17040
39849
4782
42962
1786
28685
40284
24868
38618
37031
656
10949
13512
25464
1183
45924
37037
17347
48187
18289
4073
23150
26247
47256
27272
30851
10561
39513
13705
25670
20756
24354
12305
30469
20164
30430
31259
52728
53855
11351
42877
9537
42855
42859
50702
12170
48535
50470
34708
35353
49947
28728
2174
32811
35607
7054
18788
20021
94
23971
43798
32785
37633
42355
40075
970
51512
44204
48889
15197
42926
42122
36568
50654
13995
934
3874
20374
22919
44374
775
34902
24104
2861
46260
23993
5863
23900
38991
48476
42514
37438
45112
37670
14885
15204
7453
46637
16460
3601
44540
38708
29683
41354
47610
3016
16281
44659
27526
37808
19593
22962
44062
24651
18130
21776
15130
31873
52263
32139
3289
21623
21277
11708
32968
20338
16732
46911
15087
51399
50144
19231
7702
15092
39369
887
21679
36938
53501
35566
41539
40303
32223
25239
13879
27044
45460
5507
42232
36476
48964
9671
27670
48626
19266
38345
14851
4373
43785
46795
13019
18018
16456
32552
2362
42473
12136
33547
10886
44400
27937
40399
1596
16030
41708
29920
21718
42626
234
2848
28272
43832
12440
42026
26043
46330
8198
36744
6196
33718
25752
7530
11593
27626
2450
13659
27621
14337
5386
3706
16404
46754
47893
22268
20479
44426
33483
15763
5322
51623
45213
3771
13326
19467
43087
32530
47428
31471
34495
27799
26248
3920
23441
32563
49521
43454
38421
35576
37016
3180
41956
52694
2139
5515
3757
20054
18829
1435
33415
31913
28646
31800
14446
22146
19392
52000
1283
5792
44131
28568
5726
21853
28061
44283
10000
41228
20788
14898
7011
18550
38206
40561
35496
16800
1716
51463
11821
476
51427
36817
11245
16225
48903
7498
37494
16240
14508
8298
53098
12431
38338
1590
10804
33358
2574
3908
37731
6056
14057
7216
35023
47419
13176
22200
23225
51614
17032
40729
8583
18618
9891
4054
9391
15675
29584
17647
2097
13084
26220
33488
27603
45104
180
35552
38602
52064
41462
16219
53280
40700
46746
32835
53535
36711
14423
18092
10020
48622
33214
4190
27916
34441
52436
50407
33270
9668
53064
29203
12518
8550
7519
9538
44052
29514
21669
33293
24162
25143
32810
49587
49455
49501
27246
19929
5442
38509
11019
39263
3034
18310
24773
15724
28459
24872
33388
9444
29942
31908
3963
46277
9708
14518
29658
51658
16186
8354
19699
47649
3435
10148
19122
37817
39154
4854
44064
37235
16618
46996
9471
41276
41133
40480
27120
42184
33481
47094
1269
23444
12238
25001
26702
19318
3199
21393
28870
50887
45665
18126
34004
1812
33564
11171
25905
26466
43476
31174
587
52657
45159
10459
21102
18108
13301
15322
51149
5044
38381
45925
30052
38043
39858
35207
21879
23007
2150
1997
13922
9039
30486
11025
21185
17974
4205
19454
37190
27410
48608
25052
316
47118
4229
17308
4398
29573
37299
10678
6727
11666
34144
39861
52715
17295
51667
35815
41687
33692
22065
10869
32744
49845
18778
39881
47176
29450
25168
26564
11340
15452
23626
6027
24893
24976
18842
1200
52461
33011
29365
48099
15718
17135
23517
13609
52891
26832
13010
14785
18949
48265
27282
20721
24921
27119
52171
52221
36891
33336
30447
15519
18429
4169
2383
36709
8708
37451
34794
18422
11723
23237
29610
10004
31249
8486
16066
6420
9291
14407
39409
11976
35668
1103
49405
5453
52058
2640
18057
3827
41975
40199
7596
47849
38654
42262
24992
31516
17942
17665
44639
20559
27558
26209
22689
31115
41025
23841
48885
39955
51779
25271
3103
17597
6210
8002
46731
20293
53482
2093
23592
43356
24117
17755
24857
20309
14967
8925
27542
6831
44362
49857
51616
10112
10332
20995
22445
15336
30905
46287
9167
22500
23985
24884
37463
21629
47185
37376
37102
5729
17918
14236
29797
37719
18449
39933
29143
47645
18507
39780
48044
1010
11236
11342
20914
1518
40241
33300
9447
39735
20128
2821
53738
30465
1417
37787
814
28266
21016
32960
38948
949
29206
28921
51314
26353
9294
38286
6845
8961
26657
32773
26437
29867
53621
14278
11037
45172
6597
950
6023
17075
7377
12264
29310
42937
38900
30678
34950
45416
40395
18602
791
12018
37305
16347
7065
6751
40142
24660
22870
18063
429
52022
2592
9768
50227
14708
6612
6786
32243
50770
24796
10479
40132
10538
24543
42191
52151
3283
42524
30388
38581
29151
43500
4717
4714
39128
12421
29452
23201
20844
53502
40407
19447
42446
41095
35789
6923
7635
7112
21426
16328
21898
13513
3979
32154
24216
10468
46015
39833
36616
23352
37501
10583
1533
14602
4056
9181
50160
29686
9680
13862
19397
43522
52032
27266
14028
1445
30159
26498
39763
6623
47976
21677
45581
39994
53831
53125
37475
52460
15030
3025
28825
4032
17182
30806
40919
36844
33308
47249
11380
38160
43735
25659
47713
51895
6033
16786
7532
45933
24215
10950
27788
11789
50347
16818
1769
5006
46205
24840
7017
13667
16113
39952
53961
38363
40667
3470
22337
13381
40283
5045
17493
41732
53456
10360
17054
36609
17678
43053
53842
7803
44198
32013
86
52257
48134
32034
45387
16264
31445
27028
3238
11094
40902
33120
5435
26482
47725
51395
39197
52969
38580
26762
4546
23879
9595
26203
12452
12419
40789
40673
21960
45868
26191
18067
45470
53938
15741
5341
35233
10247
12562
44195
31218
32137
25381
33056
44538
34922
13920
32155
5570
2991
26242
44546
19991
23746
37425
207
9236
40693
12567
30711
39253
24190
30457
39304
36657
40886
21696
38449
38194
40312
43754
28107
11506
51741
43178
46919
1936
3680
10038
12512
4937
14877
11459
19481
29702
41295
1325
43083
32534
261
44267
50929
17589
5303
8823
32910
53942
21208
11945
11285
22302
31799
16385
15404
38625
51926
19301
3122
25480
24667
16805
20098
37917
42860
40697
31651
33922
43661
32443
10637
51254
1610
17585
20904
1112
51712
14675
2290
48006
39803
19296
5832
39695
31959
40383
42089
38404
30997
9389
44936
8777
1058
34093
10895
32467
44619
9554
24830
27637
14815
10415
29560
53838
53065
91
43162
33286
14234
18707
47853
14352
37411
6569
11792
1788
42043
36113
52043
53987
38120
36111
13030
41056
7668
43029
33121
25299
52443
1635
5589
6991
19280
17047
15184
45934
1489
28677
34428
20604
35827
5415
51688
44185
50862
42984
32073
39114
51259
36798
3428
25755
15802
16658
35031
19499
8118
33236
41942
49473
9713
48747
27030
31125
43225
19953
30146
15756
22537
931
49860
5111
40855
36231
28635
31132
40917
31747
21039
23302
45945
32077
47033
15573
50153
19950
14833
43575
42224
29915
34908
45472
43940
25041
35687
50188
12700
46351
17158
4990
53945
5965
51937
15684
9821
13595
10911
31884
11513
41772
49180
6765
14829
31081
42919
8170
48750
51333
46527
49603
53418
19400
44379
32174
10221
38701
23593
30116
22025
51079
16389
19564
35150
3960
29084
48658
40738
44282
48858
23069
1701
34941
51249
20330
49751
18141
2032
4804
16358
48859
37215
43377
13417
33619
13734
32142
39458
18650
26459
34842
36786
31397
3073
8950
51477
6544
3407
48952
28736
30103
47028
15739
40202
53614
23813
18885
4023
27175
53167
50665
3133
36818
31755
8947
13886
5153
45261
20137
52145
6672
53425
18719
18751
4583
44502
33615
31737
19945
9147
31741
27058
19504
30034
9772
31410
42895
28827
31261
42936
17280
30508
6631
50425
20337
31545
11213
36900
6496
37136
43668
11587
44327
50566
7309
30040
48073
30403
32606
43328
13350
12734
13363
20358
39564
9889
41060
38559
31463
3814
50927
1359
6010
22360
5167
6541
42037
1921
23550
12209
9985
20480
37614
36874
28614
25902
35852
12006
19884
11873
51967
47754
14127
14924
29205
43511
22436
25734
11246
27374
25582
29337
29812
6337
44579
4238
44645
26267
45956
7437
40858
17052
3944
5086
22829
6366
36168
18473
19300
40669
4294
3277
20628
18368
44270
42029
25781
44356
48440
5182
4041
30217
31427
31294
9982
46965
50283
40327
30523
17338
17800
43646
32849
14761
26432
20944
19980
41400
6371
51852
14463
40281
9403
6896
43257
46702
11759
18649
8009
38428
13515
38930
32600
15558
17421
21139
42997
5700
27576
18909
27287
51271
16380
32260
36018
18604
51020
23017
18273
18552
48557
42149
35556
14561
29927
4388
5837
22874
48257
13900
340
36199
46065
26899
46944
43276
41352
2335
29708
8994
28564
29850
14626
15735
6086
22762
44480
10278
36926
11397
26140
53863
1449
27251
9273
10239
30824
29825
9789
4319
29027
37859
53070
46805
14965
44748
10208
35609
36509
2652
38550
41112
19366
10391
40674
16230
1453
2001
23160
1627
12147
48724
21149
46615
52398
30289
16334
26450
52571
22240
23862
22911
35196
50640
30479
51192
29386
6421
46454
25597
26110
1820
48753
24807
2796
6525
9211
44586
17442
35352
28580
11982
32547
9848
3051
10666
25050
30271
46326
43811
18168
32216
42714
52719
39308
18353
47695
13711
6448
52125
52751
6362
45883
8446
48782
48600
34707
48965
31552
9041
49174
11386
8704
26982
16260
52020
19218
41141
41766
33034
28578
30539
29813
3343
53935
32167
23404
45657
49795
52274
22932
23551
37684
37355
20753
4554
50329
51454
43740
40293
49250
5602
34942
6078
38544
6601
3058
27471
8424
10009
12595
19915
12228
38299
29242
36543
36720
39969
8494
9499
47883
25735
52501
18172
4651
13735
24225
22417
53754
23663
25864
36507
11649
13694
14172
9965
31920
880
48456
9496
53500
32153
47538
36512
9401
47074
677
470
29828
35964
5210
23224
52642
51751
11440
25790
15658
48933
3734
15373
4638
46697
6774
12696
32109
39134
53655
18541
27991
46311
11958
38289
45332
33093
12023
31429
2518
1047
24910
4232
29677
42397
28493
40057
24267
43107
13608
53430
45239
27774
4682
21289
20737
48717
24474
28681
11517
8461
51819
37324
19476
10386
27696
47486
49061
47145
10229
2820
7089
16354
41100
32307
11932
18101
40228
12051
1886
3671
47222
24515
26863
17993
50508
20795
35578
52654
23745
49729
47112
1800
38700
47317
23873
50668
36631
10050
44874
19568
21285
42938
46557
17477
20194
28457
50577
13438
3891
49086
42455
35408
32767
35293
19716
48294
44090
13322
30983
25539
27864
4312
36397
3676
25314
33731
4850
917
32273
3204
8433
47318
14476
9284
47917
25374
48584
6849
2451
17967
200
16482
13742
28282
37935
7201
47791
47393
153
25554
53455
15795
34048
21348
3356
1334
52621
34153
10999
34821
43535
32730
44396
28034
37700
13598
40844
14852
33530
3859
37849
11400
42281
25843
14800
30516
20039
49876
18895
17709
16963
30364
28748
51138
6379
11099
20766
31823
22429
53764
22504
31785
19739
39098
24285
19483
51661
11515
5094
14655
6012
28859
18320
22784
16757
36319
48446
51994
19023
12750
35597
42677
47922
27660
23023
49134
38397
34795
33780
50697
34519
50748
50938
30475
35140
48746
32769
23285
17341
6455
19903
14627
8986
11262
32170
16484
36332
26691
8131
38262
14905
38736
29060
33434
42299
28008
35733
13634
22522
10798
4598
49432
4609
46687
41720
13863
21719
30074
31055
5981
41962
11730
7142
8316
17932
22378
8538
38638
7634
31816
33776
8219
50011
30524
32556
10436
25509
2785
35958
4186
17789
10190
44070
48529
2337
36797
48216
37619
8099
37541
15553
25630
29117
2420
38113
40906
53054
23188
14276
29417
37205
45640
16173
10910
30977
2725
43501
45418
19271
51351
18801
6921
7351
4705
20436
46439
10100
11301
39342
51956
36435
31108
39088
18355
26975
30471
6432
31796
7384
18975
5466
12468
6912
5978
29958
39694
40884
40949
33503
51761
28876
32887
6713
27754
4864
20574
36745
53708
18833
23350
21508
53206
822
21173
27921
2392
30324
25486
39074
24794
5853
44598
43249
12037
48496
7761
21550
15786
13938
1508
34543
7445
53582
47546
47846
19172
287
5005
34951
26265
46752
48566
16595
44488
19557
3554
8722
33367
3675
53550
3458
28965
32931
25487
37915
48610
5413
52774
47022
14841
21620
27894
29465
12747
6388
3117
34237
19653
5885
12041
16770
31634
41378
5822
29165
25733
24997
7293
4050
21576
39019
5285
49292
51920
22085
16463
34776
25180
10751
9522
4262
5751
23037
221
47099
30547
50849
24333
12581
6042
43532
21535
15388
