38205
17360
8813
6124
7927
17264
32418
25838
8226
19665
31523
34444
38441
13605
21040
33940
122
10386
6661
1410
26440
9451
21930
39856
9277
33391
25804
6070
13355
20003
3526
31490
32662
210
14000
32523
15772
16234
21308
30676
34054
39017
5627
36993
19095
29028
28165
32756
31110
17088
36455
38107
8550
27604
18782
6368
1202
19200
34476
37582
14333
24002
20096
20815
25319
39763
38497
14132
7269
36215
23542
34748
10799
8878
5365
4829
6509
22105
8475
18536
30080
23395
11535
7227
4297
22082
16092
3129
21683
28407
34306
24652
313
371
1699
35885
10720
16587
5494
36404
16689
40071
10498
21180
38644
39326
26138
28690
11573
31042
7806
34951
10965
7155
38837
25306
32333
12580
35731
32740
39265
23462
11872
6993
15316
7736
19364
11699
3034
37658
32497
1815
14725
9818
32562
5436
33163
13615
29074
15295
10106
1848
28693
36551
30683
26241
21269
9442
26703
39113
29567
28085
6905
10323
1568
17869
26827
25413
22344
19506
14306
13845
5845
28200
37913
