30
200
202
175
159
168
0
19
194
71
25
171
52
229
74
177
222
138
90
124
40
116
201
70
217
102
190
33
17
205
118
12
105
232
78
80
133
49
84
203
192
44
22
53
85
163
136
119
186
176
79
23
152
227
56
199
179
57
213
161
145
21
41
28
66
61
191
128
94
76
111
233
193
13
37
5
69
142
43
26
226
99
230
157
81
50
137
219
225
31
73
131
107
113
1
167
7
139
39
92
98
29
60
218
117
83
32
34
125
207
15
180
93
47
129
27
89
97
197
165
154
178
54
160
38
100
8
212
11
182
210
216
62
51
187
126
209
9
122
156
151
6
150
14
46
162
48
148
36
231
172
224
82
166
67
164
158
112
96
24
181
35
236
103
121
235
221
155
63
214
223
184
183
110
72
149
120
130
86
68
135
115
2
170
204
3
188
211
174
91
