4557
2341
20501
8661
1934
15200
16842
8713
10561
14968
2231
26506
2988
11103
9380
20040
40
17609
5940
1557
10015
16411
17330
22521
19385
15830
16767
12038
7209
19943
14338
15050
24775
16621
6002
24762
23192
4670
14333
2236
7393
2630
19200
16548
12975
22088
1108
8074
10627
21201
14348
14779
13687
885
2826
2872
20127
13537
23949
10820
11734
14187
12673
19655
24987
8481
12576
3875
503
5967
12794
1200
25742
14123
11370
25449
23039
3695
24067
2448
22997
13368
8039
20323
3941
15002
23292
9874
10323
14571
21437
149
10049
2593
13037
23067
11616
1650
6315
5204
17089
14323
16708
2623
23366
1778
18706
20017
12524
23831
25151
18095
11382
20099
16841
20778
8336
25133
18160
7541
16106
13450
21583
8532
26244
14692
14441
9214
21211
17323
9130
3429
7007
8576
11560
2838
22176
22264
3142
16297
20495
1802
26255
701
4733
26484
5162
19278
23992
24398
10651
17898
2625
15165
23806
15381
23077
25849
8146
11175
9480
17918
9103
751
8298
11415
5465
11338
13433
15698
20873
21296
9562
13452
16364
10262
10399
10783
25032
25870
19697
4667
22765
11373
23509
13106
14311
22562
21295
3311
21573
23441
15211
16790
12362
794
533
25783
23269
2321
17780
20303
18356
26015
13656
16748
2365
1258
21198
3515
26621
25049
6397
5156
13549
15109
10026
15585
16397
1894
13540
7200
7651
15898
10516
15655
21716
2478
48
4987
13763
19619
22814
1035
18252
11178
3533
21290
15285
21575
19570
4295
1890
6012
12585
13443
7149
24743
25072
19970
24080
24781
25572
16335
10383
24922
113
20668
12211
10407
10314
419
1686
23698
15763
15377
21731
2573
2858
22853
12466
207
7457
6793
8303
4623
10168
8547
3827
23775
22628
9261
18996
3165
18099
16254
22171
24785
7159
15870
7424
11341
23711
11847
19604
7486
23456
5091
24264
14222
20110
23239
16731
1076
4317
5139
11348
6352
25346
19157
8408
21377
3558
4171
2402
23673
15596
9926
21536
7356
14306
18788
3945
24906
14984
25276
12347
23280
7677
2672
10425
16967
15587
23901
2371
2282
18121
9637
572
7217
2856
966
18164
16526
2867
1055
25221
9993
9363
15594
968
1371
15184
12122
25310
8973
3802
21927
1560
20527
3285
17166
22850
11765
3440
15998
26642
12850
17198
6699
7977
12389
5518
5889
3485
4688
10817
6306
19914
2261
1116
2318
3400
5366
24950
9665
17910
6842
14830
17353
7492
21683
2492
14251
3831
6919
6807
14133
18453
6473
17765
20606
8376
5249
25647
23109
296
12391
3161
228
11234
13023
26273
12009
9377
8527
10890
1033
14602
9231
21705
14911
9259
16530
15238
19398
4292
19531
16233
25374
2356
7402
14644
609
14149
18887
1028
4524
10908
5524
5009
19060
1460
23144
19698
17678
2948
11240
10343
21562
24890
13865
9046
16158
15390
11841
22260
11780
6243
22549
658
10055
8184
5963
19977
21399
17612
18254
22074
933
15798
12396
21661
21711
16844
26297
2027
14291
16005
17361
1359
26404
17960
6459
24789
16706
18041
6995
14778
14269
2295
477
11579
25119
22346
10943
24493
14170
8881
11586
5520
9989
5180
14734
11239
21205
15865
3888
26635
10514
14283
24283
25510
2695
25539
2879
15738
22805
16600
20412
16235
25108
5999
2085
6776
18883
8996
1940
16184
20142
3080
15806
6478
11400
10201
9195
19462
15853
17709
25659
11840
19409
11249
10234
3972
24503
507
13393
8241
25274
1306
26483
22564
13193
22445
25330
4662
4442
17537
4441
4058
10282
19049
20588
4208
4540
16132
21614
19652
24695
14712
24454
16739
13609
9864
6372
22453
5722
10789
8828
14051
15058
22280
11614
13049
19098
21002
18375
575
7697
17351
15785
405
9384
11333
12890
11453
1192
25359
22566
20930
10881
13276
10742
25775
16818
7951
7962
13485
4389
16033
10929
12275
23508
24085
14300
5643
14976
19867
25377
26252
906
1369
16274
16130
10587
1952
17142
21517
8175
16265
20365
26419
10412
26166
17867
7277
9026
10772
13046
24531
21382
21406
1874
22146
7030
1327
25403
19201
21209
19214
14137
4693
15834
7985
15854
18368
8812
19182
23115
12841
15773
10060
21356
10107
12623
22374
9137
10357
1885
9745
12551
3123
24383
915
25313
13138
20446
13994
3227
2554
1027
9001
7917
25273
25755
20568
1765
6411
5787
9118
23008
13505
22125
18796
21805
6142
5878
8253
370
8873
16472
26024
5345
20456
22760
13246
11754
6614
4705
26005
22316
23595
17144
25829
26081
17781
19326
21956
21239
23991
23804
22065
2931
3730
23771
11569
20780
12036
6341
25160
13149
5367
2497
3397
20817
24865
14009
15344
721
21297
23587
17076
11016
4214
22470
1525
1188
5111
20659
23328
4974
18527
3693
6877
14665
21008
412
26382
25351
4739
4837
25004
21701
13681
1764
19069
6993
1731
2923
7461
22958
16924
25161
4288
992
15110
11408
2164
1193
16874
14510
8350
24794
13331
22755
23583
13835
9192
16022
3962
19272
24545
22580
17370
19357
16009
8252
25963
3920
23251
12214
10074
3821
26493
11830
745
14199
16669
25137
8108
14925
579
25516
17748
10878
18589
4340
21509
26411
20081
13076
3120
20282
9180
21914
5132
634
5163
14899
14511
10825
2051
4656
19744
3950
7351
22159
23915
15161
4602
8221
5721
2221
25684
12995
21522
25589
16283
18239
8726
13850
12412
3895
22671
13115
8151
9006
20421
20388
17573
21723
25030
709
4627
3376
10650
15363
7234
4932
9915
11963
17349
12444
2505
1422
10760
20093
1109
22532
11687
5480
14148
673
12106
11459
25251
24801
8420
1064
8098
8488
16946
18387
16021
12114
21491
18902
7656
22719
7321
12167
26519
6018
4188
2829
9136
22657
22473
1427
9284
7726
19387
2842
22405
1714
23754
8941
13169
24645
24520
25296
17530
8385
3009
14865
25571
9406
14816
8082
26245
26406
14946
23770
8489
18624
21785
8129
15981
15003
7449
26135
141
12743
11225
10120
8291
2011
18534
17418
19426
11553
6436
9375
22646
14788
23448
2750
24622
18736
5577
23960
22066
23972
19446
6652
14958
7896
1395
16151
12661
278
17634
2040
17864
9417
597
5833
16507
6068
26064
5882
17522
13773
23024
23429
1142
203
5766
19912
20697
12385
6717
11366
4928
18965
8078
13142
17126
7136
19183
18256
11407
2689
15519
6619
1090
277
22708
21219
8441
6496
8299
4982
14844
10258
24487
25348
29
20083
16623
11471
14798
16644
21206
12903
1383
24908
25977
8478
18293
21814
25282
21415
4325
3291
21966
23833
5313
14560
7530
9488
2955
24689
12561
14027
15000
821
23394
10513
6258
20486
3031
3418
12055
11019
4790
23025
25859
7194
1848
8107
19987
13436
24727
15930
6373
19761
6553
14825
21375
11470
7398
8769
8573
3470
15135
15506
16918
23940
1583
17036
7079
6779
18220
12077
25210
5048
10433
6135
17340
2843
6410
21487
16740
23125
10424
9449
13780
17517
3818
25723
10304
23622
21670
8357
15192
23042
4062
8245
18359
5326
3897
24996
934
9681
17194
6758
185
14745
2297
16338
10403
3085
11317
22284
22328
4467
18306
5280
6983
24484
5587
838
13343
12663
9454
14617
23840
24460
14071
12236
22949
108
10437
23309
11323
24087
22581
12527
21909
1814
682
15503
12583
601
12259
13455
9015
6672
14328
12872
4785
10263
18906
8310
7831
11013
12328
2510
23880
9279
8473
22290
691
1219
4917
18892
18841
11236
21423
11883
11430
1266
2107
15402
6096
25815
8419
21899
10112
1695
6515
8896
12675
15215
17306
23918
16199
8646
14239
20078
17094
26151
20784
637
16945
25236
12742
24386
18556
23749
15621
3297
4934
16365
7495
2216
16509
3021
20513
2757
22245
17996
87
4485
25719
2589
21887
8302
7313
7970
3041
25448
591
10897
24302
21154
7405
3919
1495
22912
12443
5221
8778
5396
26250
14293
15692
21099
25536
22939
14733
24055
20865
10189
19887
21484
1642
326
20336
18017
14651
11254
18381
739
16992
19695
16803
21142
4936
5872
20931
7311
25735
1442
11267
18652
13881
37
16919
26211
17655
13262
14318
16466
3553
18377
1178
12302
3399
19815
12319
23604
11713
14921
16289
11604
13100
15300
9535
8017
8322
19702
14662
15189
11047
14216
12159
21291
1159
19096
8995
7706
9082
2959
11102
12797
23020
1307
8148
15259
12908
14638
13055
22883
15560
3715
6123
6445
23304
21357
18738
9336
7072
19255
5612
13920
372
16196
26567
8498
13285
25060
18327
23215
13495
8399
371
26265
21379
15453
15730
6080
9777
11888
3168
2660
24559
8658
12284
7444
11514
22888
2951
14587
18510
25298
10240
17212
21802
8503
5349
7450
7281
22954
7409
18837
1571
1264
2978
15440
16877
23054
20006
25664
21092
11327
15332
16004
15920
16561
19808
7213
3610
9751
14647
26089
22455
12974
10717
19768
15352
6889
18286
17190
15351
3534
585
8334
14937
16933
19037
19092
12124
5841
874
1124
22046
3690
94
24619
16059
8194
25231
11065
20766
4752
18566
2464
5991
9049
24710
13463
7679
2912
20134
19395
24477
23990
18980
3049
8849
9545
26607
711
13326
19665
22867
9550
11281
5618
24230
25702
16725
16125
16469
4783
6098
22577
9609
9711
5432
14329
8626
2446
12932
7770
13762
5633
5471
18393
24399
13195
23750
22447
7018
17852
18319
3151
12598
8853
11559
13837
9519
20355
13551
22654
7805
2114
22027
11227
23599
15201
22274
4978
21636
25590
5472
4775
24482
15413
448
9446
14349
11017
26522
21820
10680
4914
2101
17509
11219
25611
4066
5449
16241
18008
3348
22747
1626
16267
22249
8902
9911
16097
23480
1229
11658
11011
13827
9620
22104
5495
13378
25790
11679
26431
6171
14049
12515
23476
1929
16714
5209
22352
25176
14621
16090
22644
10580
9694
19999
26459
5376
22677
13903
14546
5581
12411
18634
8654
4313
8363
12656
25460
6501
12390
14889
22401
19109
3696
16963
2465
25608
17028
15748
8804
14574
8610
21967
11943
2309
3834
16339
10763
19057
24790
18646
11318
20225
4707
10769
17808
16085
10145
14626
23639
20408
18261
2893
4638
6331
24206
21457
7821
20223
25708
13784
20025
8329
22001
15386
24581
2980
16481
8791
12704
3986
22112
11347
8743
20314
4147
15398
19297
12770
10645
25581
2121
22258
13613
20563
24429
900
8577
1991
22151
7750
26442
1782
1949
13809
17888
9700
11628
979
2716
25769
1341
15945
2134
13872
2082
20049
1710
15228
993
737
3701
17771
656
2511
8528
6130
4160
21580
354
4179
20410
5161
4323
23941
6231
13853
25985
1705
5169
19265
17473
24720
14213
13539
25884
3132
24430
10231
22856
21916
3682
12101
12967
25794
6813
13458
26434
22658
4099
16353
4261
26575
7376
24624
25532
17819
9537
13451
14185
5131
2652
25284
3745
14646
9586
26462
23986
1417
18493
25058
5511
26481
2058
24115
7806
2426
25852
7663
21094
5926
19891
6031
24880
14397
5487
11539
24769
12646
19838
4581
2066
16377
6728
5522
25461
11406
21341
1230
5092
4334
8423
11667
20356
2925
6753
13602
22980
1490
26137
6846
23212
18018
22358
13866
21496
9094
11739
18620
19344
22303
16496
10818
16698
21588
19233
6451
15631
16751
1547
9522
17471
12761
13607
10291
17255
10637
12392
5979
23475
21554
19204
11187
487
8142
18913
11997
7120
16805
22626
6564
8906
4477
14655
6828
14559
4862
24364
23815
12206
24357
24491
8615
15848
3784
18806
22772
3102
4444
8198
12372
7338
75
22978
17676
15452
13508
12772
2754
11122
23022
9960
26338
3370
19801
2452
19615
17538
26006
17405
4811
25927
15721
23816
18272
9779
18577
620
17296
1663
958
13415
7618
5144
9629
2151
23139
25362
11164
1499
23710
1639
10354
14411
26344
17225
16833
17281
674
8428
22018
3444
13363
2459
566
20996
12531
25820
710
15546
19376
2378
6841
25858
10550
11584
23300
10
24339
3345
21689
18492
11904
9338
17115
1486
3412
18999
26337
16452
2384
6511
13275
18137
5351
4559
3601
19724
16394
7641
14810
21889
14473
24104
14074
3128
3836
24352
21039
1122
25663
25675
25272
9291
13070
26413
20541
9253
442
11837
18928
18288
8010
19016
25530
13063
13617
14060
14234
18247
7741
26533
12175
5052
13988
1754
25292
21140
25140
11542
12492
3965
16560
24628
2166
3438
6754
10900
9878
20249
19097
1688
3699
725
22523
1830
231
3560
14619
22560
20933
9983
19030
9412
19509
11034
790
25731
2194
22143
12555
18579
18057
8905
22916
26580
25141
16563
9175
12041
4355
7437
7996
15108
24348
6742
24915
942
10413
17299
25616
11423
15301
20386
14257
21988
25039
6872
14775
15054
17947
7479
21996
24397
18235
14363
9521
7946
21839
1967
7565
12012
20869
14033
4140
23797
5037
9577
15568
7725
9845
971
2128
2148
21790
21471
15608
4860
12127
9508
20595
9666
22686
15974
14034
19941
3216
13957
17364
20944
24693
4296
22890
24649
26517
430
859
25232
11565
14659
8544
13181
1926
6808
12731
10394
21380
9511
19613
2476
13772
6516
16061
13968
11936
4571
13429
3855
15245
14818
6412
6668
5698
2821
9528
7945
4599
5135
16076
25825
10093
5984
811
3281
17870
11955
26501
10738
20427
25568
22409
1533
12780
23391
17060
4016
6979
2456
18514
21931
7214
7631
25543
22331
5197
22257
11282
3711
1024
19253
16970
13727
23186
14752
15593
20231
11880
6169
18126
3938
3742
7581
3850
16847
23174
16247
14725
7344
10038
15481
20602
16320
7678
9668
1412
25077
9590
12270
7719
24761
24657
23927
17283
5910
10136
2423
11007
18948
23337
2698
