2414
22737
16105
24480
12892
4935
6976
6353
25812
17408
15365
18128
3592
3033
10289
18932
22752
21801
6491
5127
10745
26506
4726
9555
3312
5529
3066
23870
19469
6991
13373
9862
19757
25702
967
25303
19042
12828
21966
17813
3591
23325
8345
7141
15240
8634
12353
23518
576
19214
1987
7331
18418
16550
23931
1219
4156
8348
9790
17452
2470
19495
7933
21746
14701
4976
9739
14750
8747
22413
22392
5557
16947
7971
4746
8595
7167
8127
22133
11496
1103
24987
6275
2707
9504
16427
15408
21896
4074
16973
11371
7338
9948
24416
634
24066
11377
26428
5188
8496
14054
21765
14196
5126
8530
16425
925
13342
3151
8980
2304
1133
2785
14905
22457
6544
7649
6327
1708
20999
2532
20976
8073
19982
637
4177
22889
4665
16005
8066
4831
16608
19269
10145
26522
4485
5600
13638
14316
25137
6848
6290
4840
5702
5802
18183
24674
4779
15828
18955
25053
24469
13625
7993
14256
9545
19736
23861
2726
17135
4469
23897
8062
19909
1050
21382
6558
24677
20723
831
2984
22760
12944
2624
9588
21910
8697
18619
7838
20440
15378
8984
9120
19247
11418
24212
13113
23069
19011
16597
26639
22999
9636
7553
5079
10232
7180
13024
11201
16379
17388
5703
26465
18740
19521
21728
8840
23481
16942
8713
5063
17346
6345
21313
4905
22873
6216
1158
2788
7013
955
14331
3024
1978
8090
12171
9547
16446
9563
6418
15126
17304
12453
273
9262
17681
4733
187
22434
8860
26445
14739
25364
9645
7880
10283
2298
5670
8890
8022
6414
2439
7847
2880
15630
18086
24754
15439
23507
22716
9156
25687
18859
15563
16619
3295
15776
15602
9106
11171
1701
4417
397
22067
12911
8388
3154
23184
26089
9840
24919
22420
17227
1629
11618
8156
8969
24474
16057
14476
23573
16300
15562
17004
25943
15289
23520
3455
16512
17290
24811
26325
13376
16977
9296
10154
10732
18469
12976
23463
12291
4632
4821
19286
19091
17913
927
17159
21511
19430
23561
22105
14968
25421
847
22391
15772
26586
13493
8509
20291
12669
16224
12577
7906
5749
6419
26293
22075
25668
19802
3311
6422
23511
8568
25670
13819
9617
2435
8124
9441
21583
2545
15052
21700
15895
9560
21434
23531
9171
12650
23035
19182
2457
18546
12943
21536
8209
5059
9724
16010
26456
20540
5517
7185
1212
18401
20487
10463
4874
8550
2590
12744
2829
17262
26437
22381
116
15781
9828
11405
1627
18408
9764
20044
21766
16177
3572
9888
3073
14484
18610
17002
8161
23393
24572
9437
7874
3553
13442
11318
20562
25968
424
16179
10146
7983
8746
7550
19320
9138
13036
6213
25423
22773
20047
7449
21639
22022
14487
14231
4669
22373
2815
8982
8875
25897
25381
253
10833
19438
12584
2427
8175
19146
2118
16728
12560
24502
23487
21537
19326
638
9338
7918
6314
13019
26166
13227
8869
10438
13074
6550
12607
18055
20048
21225
17985
18425
4513
11463
6276
4518
16153
22239
18390
8154
16264
3555
13316
9117
7594
18321
9438
11510
9460
1096
11560
15313
24917
13951
21246
26149
13869
22403
552
2534
9015
26553
13225
19740
21830
23333
12436
1791
2483
12162
4826
14060
19662
6458
15634
10800
20111
9135
16138
12444
17122
14470
4050
15118
26203
15537
25380
14319
6982
24892
13968
376
23936
26592
2956
22527
511
3108
3446
21653
7660
10166
12472
25786
16317
25165
20498
16193
3358
24725
8852
1928
9746
9818
19583
3321
358
13241
20760
7789
22059
9654
15548
23998
7432
21257
5835
2270
8828
4392
226
18347
19409
3104
9693
19115
25768
16776
10722
20093
15618
18597
17301
8002
19870
18691
4155
26289
23099
19603
5849
24874
6941
19703
20100
26145
12602
17393
6352
8271
2988
26579
9194
18311
26054
7395
5952
7802
12928
13028
22548
9336
10794
2995
7349
14758
13743
26532
16490
3458
16526
7498
5860
22670
7704
3736
25732
11179
4772
7904
4040
18614
3055
13015
4630
11155
16218
14651
2507
16227
13212
13848
7018
23331
18142
22839
3368
7247
13478
3709
18113
23114
1710
19551
21523
20202
21955
11218
7609
22795
21318
11614
17079
16548
7003
20155
10330
10832
3243
23048
14784
13049
14340
4517
19790
4666
18621
24668
26380
22800
235
186
4963
10574
17481
4635
21954
2998
25967
23005
18516
4944
18306
6524
20906
14778
21348
23938
15333
14735
11380
2682
419
17168
20235
16249
1745
8233
19074
15446
10194
2430
7805
9479
11539
5761
16950
14985
20054
6306
14616
3549
14924
6912
15744
210
12982
1183
9326
21319
15292
18526
13687
15962
16667
8298
8830
15081
12354
26487
14104
24055
2667
26423
13040
4407
254
22715
15575
5910
2511
8555
10028
24774
17264
22076
775
15825
20750
11329
19540
9499
22262
16928
25272
7418
19052
7501
26371
3754
26598
10229
20445
23516
26529
4753
9610
9784
12337
5275
19956
2257
13437
15589
24211
22432
8112
23387
23532
17236
9823
923
13724
9799
8513
11429
26453
22651
4832
26475
22682
2807
13646
23139
17337
23513
24751
6444
3266
19978
5015
24403
359
18190
23443
18483
12820
14790
24920
25734
22659
8676
19478
16440
15916
1185
26264
1100
17310
17082
25713
109
4422
10161
22735
13008
8799
16168
7279
2424
8020
2491
22029
3400
5560
2935
233
13404
22128
24680
2284
7364
22370
6268
21812
10270
19299
19263
4371
649
3112
16202
11061
25319
15161
14075
19966
10185
3049
25202
22102
22233
22708
2549
11640
7257
11105
13101
3907
5650
14292
18988
24671
9779
20254
180
14529
24900
10298
11491
13430
25829
18284
3216
5854
4559
2557
8941
19577
19731
14686
7642
335
8013
7927
17877
3309
22501
3480
2926
26647
6977
880
13660
4683
24000
25293
17966
19942
19896
5223
21545
4534
21216
808
21970
12346
19230
9738
17828
18292
15027
21283
26518
15749
19323
3048
15799
14275
10736
8847
15224
25418
13418
21736
7699
12957
12233
3374
11
16368
20576
20275
4294
279
4774
18555
15724
21292
21491
18121
7263
16319
19953
17834
20819
7311
1998
8181
4853
5890
11608
6847
3562
16004
24565
2269
19890
7598
5153
14623
21616
13791
22342
9066
3271
5191
15160
2635
13786
14171
2702
17113
16486
9749
3405
14911
21890
8460
22916
13678
11585
5778
888
19926
21660
5117
10179
1089
16610
14173
17491
15475
22993
348
21297
13912
7479
24402
9880
2713
21681
12368
6993
13647
13164
23478
6575
18422
15607
10467
18394
7417
12350
4488
21142
18933
22144
1854
18633
21370
255
21819
2421
19902
16230
16959
26502
11370
21809
496
10247
645
19043
22845
9765
7718
24901
18089
15082
9445
7274
25977
19527
15230
17472
12338
16357
7540
21781
24060
2437
21364
8313
15068
16014
14775
25822
20930
540
23992
20422
14777
25715
26300
5528
7568
12800
16398
25949
2130
2708
2613
10236
411
21393
20024
7009
2579
20990
15501
6974
6272
19697
2175
9763
18989
15398
25014
19898
1287
25083
21218
15928
23566
9159
4699
7833
18262
15158
11135
20544
20083
9057
5199
13900
21334
26424
26243
9690
23490
19241
3697
14254
16064
16648
9624
17901
6599
8419
16009
324
15560
15033
17866
1582
9376
15073
342
1007
25763
13826
6854
23129
16504
7495
21151
2745
15328
22728
5740
15414
6863
14741
1894
12653
12384
24983
10151
25382
25007
19834
19862
10022
10243
19725
11213
2405
13463
24954
15205
18534
14069
21761
8495
18627
9136
21092
12234
14937
9981
13475
7298
6494
8081
2135
17811
3240
22047
98
2598
18437
24391
25993
2902
13566
13295
5945
5567
12279
9626
16454
22970
8647
26318
14766
13023
13664
26013
8671
9898
18615
20475
23993
10255
16259
5840
8287
21706
26283
3072
16556
19756
26015
21411
7849
16763
16712
11452
17440
12248
21614
9305
21508
19911
1191
16424
19737
1602
1328
7022
12678
15416
23344
5224
26470
8111
25997
4854
15770
81
18116
17453
16889
13060
8447
18064
9766
10376
25191
12968
3300
6428
23956
3559
22435
19180
2407
9149
23293
25064
539
18331
11457
14218
10842
20122
26186
24812
11481
12309
19947
16020
24676
6274
14946
3685
12662
4701
26408
25402
24688
14151
16842
10160
8376
16984
11062
8155
13501
22444
18015
4974
19884
16651
16749
7381
22041
21379
4113
21014
9461
14086
5000
11040
10182
2593
8177
5725
2650
18550
7867
24085
5239
3260
18594
17829
2600
11633
17011
14716
18624
21638
2402
8608
12274
5664
22813
12448
19498
11175
3394
13754
20533
14457
25951
13508
13197
15045
9549
14518
8231
5521
24514
17865
413
15789
21405
18081
11473
18758
22829
15574
22924
7517
19576
18322
3922
2701
15831
17348
2158
6979
655
26077
11432
16069
21884
20986
22686
10799
15593
15944
6962
9998
22259
3428
12674
25839
11146
3148
15048
17699
7344
2498
12811
15923
24072
22330
9200
16023
15490
23933
9577
12567
3706
19803
7396
23162
21587
19578
4907
23161
25704
21486
4845
16921
15320
9311
22994
14598
13755
22346
1601
17896
2276
21454
7673
7697
4068
3447
12243
8253
7544
4454
3830
7616
19174
16840
17383
17438
8975
11344
26363
7461
11353
23525
16397
4919
12449
24057
20008
25845
6999
17726
3136
14726
4596
3213
19598
14879
3163
19763
23937
14217
1184
20501
10762
8787
10193
25011
19462
6501
7631
15301
6970
16701
25203
18222
26088
6505
17688
20928
13709
19711
16960
13635
26593
18225
10020
14737
15663
18333
19160
18386
26392
19324
14286
7335
7947
5207
23862
16699
16142
10218
8025
8628
6472
18184
17895
26139
14910
18177
15212
959
19017
19422
18378
12635
15031
4409
2286
3013
23290
13955
1045
16474
16331
11472
15250
1339
2410
2456
25084
17860
9809
1644
2267
13261
26509
12258
3899
17845
23294
13229
15461
7265
19187
26605
17245
7471
13383
26218
9946
5490
26646
20579
3571
11234
4923
14215
9204
15086
2578
20022
23062
5974
23601
9469
21679
24101
19638
9691
1068
24426
19249
26322
21242
5084
5497
12792
20772
21206
8093
9669
13987
12655
24160
10439
7890
18137
16351
25954
1137
22452
18404
19136
19222
1530
9875
22891
24623
25990
24242
8108
6359
24727
12203
4080
14637
24679
11069
14534
12303
1569
6310
17182
19250
10819
7143
13653
19444
2479
15311
10729
17911
5021
16965
18480
10748
22503
677
469
26081
19505
14050
11616
7506
4275
17864
13934
21378
24940
1102
13427
5966
23428
17160
15442
10237
10380
5926
3080
21519
5735
24431
10015
3588
13696
13628
5119
25892
12608
1344
8152
24064
20256
25059
24173
1070
891
15302
15952
1985
16151
25682
133
22468
2734
3357
2730
5814
13986
25182
19235
25345
4642
1796
9778
19818
16727
16948
2489
20408
20195
24655
26308
16463
15512
7357
8560
23903
7920
22472
4404
14090
21123
15331
21279
9115
5468
18371
12815
25066
10449
17463
9343
24407
22789
146
8505
4805
6537
11226
1990
9807
18043
2876
4157
9358
13892
20181
10558
17353
16315
17013
2864
24884
4851
22372
7213
11172
19805
4542
13495
17119
25074
18345
11242
16337
9751
2455
13343
5990
5201
10016
2820
21622
9027
4439
15640
21409
18563
25695
22031
26154
12588
16458
25079
17912
19474
24628
16460
3526
26576
18214
26006
17407
13804
6395
7027
20090
11345
24541
13081
22768
20534
20965
16642
16990
14618
15265
4912
15057
23446
8323
2601
3580
5479
24482
18003
2440
8130
21640
6318
19915
7394
4883
15390
7600
18011
4134
10738
13190
3544
14318
7689
23014
19702
18917
449
9920
15199
17461
10786
4564
9177
1870
15399
5029
22007
7981
9414
18019
15268
23289
23574
5276
895
13381
9660
19859
14185
12756
7405
17328
22378
7456
18376
15170
3403
16465
8644
24666
13622
12559
1494
17110
7818
4619
20557
14666
11164
8442
14774
5005
4378
24397
8400
8580
8267
26448
4301
16529
19097
19858
15522
16976
23283
13497
16115
4200
5585
16761
9822
3422
8327
12645
5879
24399
8961
5739
13059
10212
15171
7824
16099
9736
13327
21547
19339
6893
394
18412
10447
20147
14502
7334
18426
13200
18009
8058
26633
15930
18613
26446
12977
16041
21747
16251
15631
26564
14687
7196
1996
1003
2979
19218
5467
5977
12287
195
5082
24616
13046
24534
16123
12220
6455
10394
24796
23557
6548
4973
26281
9664
9905
25353
5154
13811
20245
16491
9387
10267
15132
25663
14973
25975
21
22206
22890
18502
22359
12325
16816
10769
11609
15759
21898
9383
956
3380
26182
7011
18410
24214
2115
4913
12305
20069
8053
23495
1498
13675
18908
813
12182
8089
6484
24916
3171
19248
19150
24141
5078
2804
17419
16571
13362
8690
19143
3605
5043
24124
5942
9349
13104
18764
13941
22912
21170
2739
4387
18288
9304
21608
10399
23865
23142
3229
6877
7791
13732
10809
18065
21793
3291
3566
15940
4229
8143
20795
15269
4979
25762
25043
400
4696
13464
11311
22898
3201
25749
20407
2277
18605
8272
21563
1239
544
14521
5576
5050
21185
10276
9483
23598
18574
8935
16435
12972
5865
23181
7564
3101
12270
20943
26162
11540
24965
26367
11520
22734
19591
25978
20907
8102
10466
3401
14210
2846
4530
24696
25169
26147
12318
685
11653
13155
21813
19558
12951
3537
6464
22711
16738
19946
22674
13798
21299
11238
8122
17658
13984
8371
15791
18244
5891
13788
8694
10292
26472
25139
24138
5304
9772
9936
5712
3512
16045
22225
3043
7184
3079
15352
16964
26208
4207
20107
13243
9770
23480
15979
14869
25204
11052
1085
9973
14501
5466
4449
6497
276
23412
17313
9949
3991
3255
9944
22809
22731
4540
19546
18514
7460
12457
17953
13473
4561
444
10279
13779
19853
23123
13989
15252
14339
23906
2831
4878
19289
8485
16698
26136
22440
16475
9785
5693
21102
18491
19058
199
8526
18949
4965
26510
8571
25894
19200
5295
18045
22882
24579
19311
11398
20783
3935
17998
15150
17650
7245
9687
9582
24078
12589
17876
5118
23955
11523
5186
3191
7470
15644
22228
3702
18634
15980
1907
20779
15004
1917
16706
17659
13099
13815
21961
18961
11536
8582
12167
23898
10564
8445
3117
7999
10214
25154
26192
26468
1210
675
1860
22014
22691
4487
13114
25010
6571
23415
6607
22207
8441
5237
17999
18506
20717
21933
14450
5836
21349
20446
12866
3155
471
3133
25925
13498
5091
18278
15151
23140
13633
12402
22869
17131
3411
16279
9486
16877
15579
3270
13644
15459
11631
7337
3694
24282
23131
4828
4867
16487
7120
9396
2752
21963
11458
25167
6865
8350
22641
18667
17172
22191
15188
23580
19258
6237
7726
1064
23541
4693
19023
24757
23527
26066
287
17507
12568
21998
7531
26631
21705
16247
18912
19819
9375
2646
20184
3128
25311
5950
12871
17858
8501
21965
8794
23061
14830
96
10398
8283
6587
5590
22147
22021
19223
4143
8106
26614
2697
22226
2278
13683
18481
23494
3823
19294
18986
16128
20497
21267
3543
4550
11133
25946
16305
12856
7151
15662
25268
23100
9250
4893
24693
8269
3716
12452
18147
8162
12458
16184
15017
2112
18763
13356
2594
3120
8101
24613
20827
18118
15196
26491
16710
214
19762
1566
9867
11603
23979
18010
24432
5665
15120
12795
2825
399
2791
7665
4182
6553
667
6910
14836
10277
18346
22005
13185
16301
3169
18030
13877
19663
1859
12672
24083
315
21414
17010
14150
23533
19974
4190
11320
13319
25945
3715
17475
8583
9008
12474
9868
21504
1055
18525
14942
11196
6846
14763
24194
21770
4685
5769
26570
6277
1506
26251
3671
215
949
3199
21447
23340
8300
22774
25700
2526
21204
3550
13807
5964
7644
19088
8793
17836
8016
9990
3184
4620
3046
19983
9897
6881
15486
16963
2144
16135
13363
17766
16416
14467
2107
6615
928
8656
16892
21366
23380
24114
17398
17826
4435
22467
13550
5982
16554
26346
16254
3222
7955
19460
8995
22439
23885
19794
6362
21764
15925
10268
9714
2927
26409
3091
5141
4531
8617
979
21363
4106
14309
19490
13980
26394
18692
19153
16766
20715
5520
24434
21505
10259
9496
3766
10579
23479
6572
14172
10321
23944
24266
3302
6909
13318
14693
3131
11511
2895
22529
22380
19067
11240
19675
22216
656
12986
13852
8227
21917
1038
22739
14914
26545
4049
7951
24877
2870
3190
21701
11192
6969
11642
6522
6177
5072
22661
8714
17785
4181
7447
2468
22648
21329
26554
26312
4871
13690
2482
8712
21465
10204
4859
4629
2138
20510
21553
117
11076
16739
15309
18012
19627
14820
865
23102
4236
14834
25955
5272
16307
3014
18062
8783
21741
20282
26306
2280
15632
11499
8988
10013
17183
9581
3375
3973
17801
3732
24706
19642
18211
97
1776
16043
20158
26490
7190
854
12301
5853
5230
13949
14170
16452
24635
24745
7423
24994
10296
19428
913
19610
22374
18850
475
26349
24454
5978
25725
2953
3796
20564
15324
12755
5116
10159
21748
13374
3820
7941
1079
22167
16831
12953
6920
16042
24799
457
8019
2867
11450
14574
8083
23927
3654
18461
3664
11145
3111
10390
15460
9169
25194
11548
17456
17735
2909
16102
19075
19889
13835
16201
7652
9735
15913
21577
5056
11042
2287
17375
25650
19631
1335
20145
3824
26425
17396
2777
3208
4605
3261
18625
4915
1140
22799
8164
5139
19678
21198
19060
17020
380
2469
8887
6222
18995
262
15906
19494
3179
4670
16372
20904
25992
17753
20522
15468
14621
13567
23952
24401
18935
2181
6227
12
3472
18511
26460
18053
7936
14161
26123
7567
2422
23468
19532
5534
6965
22186
20257
25172
22026
6372
25357
11183
22351
21636
13115
24181
13753
20201
23303
21352
23875
9782
15764
25675
22217
4758
21893
8645
3078
20555
3821
11613
16303
16523
20075
22193
19929
9743
22996
21124
11093
13864
8950
4138
3324
10223
5473
23143
13506
4230
5709
9356
20755
11050
17663
22345
1503
16413
20161
24462
11078
11423
19275
3376
26544
4280
12838
12983
2535
9489
10244
10835
17962
6358
24417
17490
13990
19255
23050
16426
16365
11651
12844
6605
12425
10448
13542
3303
23888
10432
13056
6913
21214
2271
25162
5014
5957
4176
19167
7610
12663
20797
11480
12688
11494
20438
23921
1521
16768
5816
9379
11373
15360
10265
17299
21693
24139
11524
7565
16499
22103
21915
4792
684
16987
26225
21874
21979
487
20479
13521
23119
9247
22127
6296
2596
6894
7193
17335
6188
141
20289
4662
8933
20455
14183
14888
3817
1049
18178
20087
18018
4688
11477
23150
8224
19114
15149
15800
3464
19545
21673
16428
3063
9016
17769
18678
24801
7877
21512
26083
19529
7322
26220
22803
7814
23466
18595
17250
26651
26279
20804
3452
13405
4494
9616
5813
22779
23530
21311
9028
5062
16240
19661
2503
85
19914
8239
18223
4730
17723
7750
483
15257
19197
8337
24702
5293
16068
15441
18591
3119
14
23064
3611
22902
19986
8116
20726
6241
18126
6429
12753
23602
19121
25294
8499
12410
26212
15009
3939
11074
11210
2108
19632
5192
22744
10208
14797
5919
22195
16647
23923
13492
22644
13038
13334
5694
15355
5569
17492
17401
11454
14754
2649
11508
21931
12760
294
12876
23918
9553
8333
13302
25362
14650
12966
8721
8512
19808
15008
9380
22095
16461
21968
3945
8389
9791
21645
11243
20488
10546
8250
12273
3293
16753
12377
10180
5499
15665
1736
16603
23043
5548
21699
23476
14950
12421
26337
26417
24473
19337
13194
4525
12693
2651
1134
19055
13737
11425
23886
18541
21099
14517
17222
8985
14272
5687
16384
11647
24095
23398
78
9451
20714
19253
7358
13671
1135
6474
13534
740
16516
935
9184
21617
18547
16097
10404
15022
982
11497
5747
3548
26201
21095
7633
25959
16109
13684
19243
22833
5552
15591
13167
15726
3970
9952
1351
9391
10433
17305
15286
9001
25804
3679
9306
13833
21407
24952
17921
19262
6427
13125
19903
18125
14769
25356
4296
23324
3200
3410
2151
2930
14636
8472
20463
16617
18910
22736
19433
4249
9638
18903
5182
9397
22905
20304
17333
23338
2714
21527
1190
21417
23282
13392
9392
23265
7230
23414
26434
1916
5023
20784
2575
20979
26599
5547
18090
3487
8463
13901
15069
18760
13688
4765
16520
15932
9238
6319
13162
9443
11313
8077
16641
118
12447
25378
21388
26134
9866
4285
5976
13039
13529
8674
22348
5046
15287
11147
4820
10174
11464
10843
21768
18134
10206
23610
14868
15471
14753
21154
5146
20180
6588
16814
19238
25082
17363
7715
1877
21733
2770
16103
13235
8009
19416
5817
22074
21578
1243
16114
24082
14752
18339
9725
23548
24033
18676
24896
8836
162
4700
4507
23013
6387
18115
15050
5677
13479
11629
20418
434
2492
3026
21394
16112
6252
24559
4771
11116
5568
24103
20803
24191
15350
14764
2999
14631
22003
19432
3326
24478
24109
217
11086
7991
20225
16508
4493
2612
17974
4368
1024
22173
5163
3717
5150
16616
24591
7431
20944
6495
26629
23460
3153
18025
14682
9475
6957
184
16228
3159
22832
20957
23087
16412
9682
12477
14193
8477
12932
19049
26200
8650
18938
21886
479
8689
19482
4798
21155
8045
26014
10170
384
17421
16113
4975
22643
4385
14305
24185
8065
4992
13444
9181
3329
19863
26493
23981
14811
18510
12952
17950
26338
9935
16534
3366
17380
16349
6882
11336
23082
14512
520
5874
14740
10731
17941
8520
24067
21138
7716
17114
24886
1215
2881
22667
9615
339
7960
3638
6309
14678
13205
2
6403
15238
12239
3313
22997
23105
24708
21288
1520
4801
5156
20434
18922
26062
1330
2670
4764
24202
7393
5112
22194
23553
22965
13700
25679
18327
12671
19106
4076
3454
17929
21921
18122
17409
9953
21974
827
15386
10782
23032
1605
17770
20812
17124
22706
18409
16273
9050
7779
4719
11558
2171
18070
18936
13135
21977
13494
7975
23089
10749
13948
25332
7898
10815
8163
14997
21026
16974
26602
892
26501
2401
24130
95
14480
22442
23030
4297
18387
19050
21716
14454
4486
11316
7261
15394
21991
20012
6502
19895
19670
8320
8519
21731
14628
7815
16825
11533
11222
22450
6867
21410
4964
8777
3514
19113
22821
22893
14646
7924
3252
4920
18199
25688
12408
7853
11362
19735
17508
15298
24094
2894
20125
7864
1028
17249
25413
8974
5291
20412
2131
12984
6432
14303
24178
20728
8547
25309
3058
3391
3420
1876
18611
23041
17370
9598
19925
2964
15192
17288
21119
20777
12826
2767
4295
22448
8826
16770
7862
16725
16893
25425
11342
18838
20984
8246
14474
25017
826
20432
13390
16189
7942
23556
1910
22394
1112
24070
20134
4269
25984
24936
5898
8140
8850
12991
13443
17431
6250
519
21593
9586
6448
25874
23984
4656
2891
19586
23342
5277
14245
8113
18251
3479
5134
7769
16281
5311
20003
6937
23537
2568
20747
1203
16457
10220
7304
11550
25205
9205
21762
24226
8052
18752
8575
4637
23562
20941
9954
26144
8391
4056
2438
204
2140
17494
19465
14595
6226
22977
24406
561
9913
4364
1543
24930
9459
6189
17868
12973
16779
12591
1022
21975
19516
3419
18518
6490
15777
18919
24224
13077
21149
5145
2740
17350
10002
23268
3740
25389
6987
10284
17859
13982
3367
9562
1699
1336
4639
14895
13296
4187
20507
5889
10725
19813
14477
17678
11066
22838
12339
11156
12212
17024
19939
2882
12627
11059
26091
13173
10804
966
16255
16072
1126
15728
24807
12348
280
19614
20938
19657
25774
10335
20710
3802
134
1154
12437
8626
22656
24182
19398
15184
14785
26548
17841
11403
14672
5227
20702
24053
21967
8632
23588
18160
16091
17653
26528
7416
20536
4257
7189
16723
6192
22861
18247
24068
21180
22984
5514
17095
21281
19799
3577
14220
13668
24298
20912
9652
8232
2744
7659
8537
10006
3406
14743
2569
3276
19806
13259
22065
11064
3022
3773
19874
18098
21367
18987
26498
4957
15660
33
7264
8305
3810
8049
17319
8989
4888
7574
10784
21010
4077
24729
9037
2109
20263
17499
13419
14325
22224
3331
13714
21175
8953
12786
2833
25882
13979
18195
971
9780
11519
24240
7751
7986
6253
18742
19948
3692
6203
23592
17230
17668
7958
4742
4691
24019
15779
9777
11382
15351
22535
4865
4212
6480
3509
22456
6426
26075
20129
1043
832
12818
13275
3768
8949
7619
7781
403
2644
16327
10184
4254
306
3387
2416
7707
22917
7756
5476
3632
22828
22171
9301
25660
26650
15440
7892
13232
17805
7675
11326
17759
11574
22410
19569
14873
25792
21332
2914
10549
21107
4178
21683
2150
12329
21776
22323
18533
16986
2111
25673
340
7893
16832
3662
951
17
22866
2754
24452
1843
7514
14951
14473
21876
10583
14915
183
12271
757
25765
23586
10262
3257
9886
1888
23560
3289
123
16860
5083
12342
5545
1696
20096
20059
1707
3278
26161
4598
15220
25941
7285
21808
4904
23317
26128
19414
3508
10435
4251
19987
7630
9490
3955
8798
8069
24238
15613
1862
22856
12177
622
16590
23359
19193
11582
8577
15836
22897
2128
10163
2733
4748
19892
2868
6840
18975
12649
7489
24658
13512
18524
13094
11206
17080
14528
23180
25333
15584
7475
24670
10572
15492
13097
13124
9346
8987
23402
9019
11387
9498
23355
1562
7523
12566
17387
16253
25410
19315
18111
23899
25999
8476
14089
8147
21415
2565
14485
10581
18747
23057
15741
26393
19484
24014
15392
9576
22054
19411
8803
10460
26574
8542
16163
22155
12768
13429
21682
7765
16150
7379
21256
3084
25770
3475
19872
23067
13004
1861
16485
4839
4482
8054
24249
7000
10454
17344
10201
2973
12862
14643
15270
19617
4085
1645
9228
19397
19809
7672
22688
5857
4406
4305
3956
6983
21116
4311
14871
22776
16872
20568
17345
8159
2259
13352
13547
21255
6383
7684
18505
15814
23492
9148
12905
3643
22794
19244
26344
3932
12816
24246
5929
16154
11049
10305
23327
13717
83
1720
25782
924
23036
10225
2180
6329
547
29
10164
9756
25320
21233
11518
18420
4091
23038
5195
10165
19640
9157
24982
19468
21438
25153
9604
13270
899
26
21404
18993
3476
11530
14067
23988
636
25871
17936
23413
12361
22723
3325
16077
23308
8940
16032
14590
18596
13423
24576
12909
1885
8700
8576
6531
19297
24001
12369
5242
16567
21230
25918
11461
11191
19700
16110
15801
5193
17321
21094
2192
15821
19568
22143
17244
25349
839
26116
16198
18431
7766
26064
13078
24428
838
24609
2399
22042
25735
14155
19130
22961
23349
21275
6919
9510
18687
11151
5958
25080
8218
17779
2418
13314
2892
9715
14684
17693
1738
6363
11352
6223
19581
24685
11572
23046
6374
18636
22759
20810
13522
12993
8382
9838
209
3779
15467
2444
21353
17969
3135
5052
968
19608
5051
1225
26461
16522
4651
26466
7803
18754
20781
12885
24270
7607
12460
3789
6546
3680
21719
13278
9052
10813
18564
14707
24798
17016
3958
20268
6287
24620
24912
26534
3370
26333
4584
25764
14845
26311
2742
17987
11236
17291
4391
18293
4932
17995
12956
7299
19836
25877
19759
24080
12748
11129
9688
19128
22395
14515
4594
13517
12600
8565
7554
17447
18551
15036
4202
26076
18549
23137
12821
6515
18710
1496
19560
821
3532
876
18005
16011
22326
1281
6236
11339
12473
7894
898
3603
11430
8029
23545
10171
21952
16261
4211
2853
8601
4597
13659
8048
14921
5500
19124
21794
26247
20559
22390
20430
1886
16051
17428
26326
8068
12628
23433
12434
9049
23093
15076
17169
5750
13705
889
6207
8532
2637
874
4562
4812
22172
13783
3241
12380
10177
2643
5109
5707
2989
8602
7777
2261
16119
14219
906
19671
4924
21350
21139
319
15669
3534
25041
21031
194
23554
13178
23919
28
8359
14890
23509
5020
24768
19732
9960
17150
2197
26097
19039
20299
16459
16939
10452
1493
6499
11130
26354
1507
13031
24129
20143
10803
10341
25775
733
19203
14844
9958
20410
8263
4243
22219
23503
25036
23907
3982
19860
25674
8845
16190
6874
484
21670
4608
9464
3585
2183
21317
20947
19855
16826
18907
11381
24063
6964
3282
21463
26590
2473
25803
929
18536
9229
3711
9993
7422
8379
14619
867
17486
26552
19864
4461
7369
2504
7238
21909
13288
3418
4381
652
17096
20159
299
7722
9713
3636
2813
14918
25331
23127
9518
24606
26215
24159
14848
22871
14001
13143
18856
11521
25776
17978
24562
25343
18289
4941
4884
3703
7797
12969
8208
19649
6884
12774
17736
5110
19225
6478
336
6249
8309
12823
19464
20525
6415
2903
24645
19709
7834
7637
2599
22211
9350
3486
26328
19427
25952
5596
23996
875
18680
22788
14587
124
6385
15273
18601
1523
19930
26549
464
26185
14280
12433
25173
16926
15554
16370
7998
5300
9620
1352
24518
20919
2474
22016
1245
26113
19186
23887
24764
20818
1088
16762
26390
25987
24278
17945
20972
12746
4167
18902
7362
18556
20057
9167
14334
11332
15795
22969
17242
15646
18699
8038
15174
332
26288
9010
11604
13459
7980
19100
14807
2836
12851
18156
3275
24213
11641
9871
7373
20547
5507
17957
24790
15245
22957
4244
17938
5697
4090
11363
4628
26551
25693
18707
19507
8315
407
25195
3722
8317
11090
2464
10727
11367
829
7984
25090
15753
17414
11492
3466
10250
23407
4414
19557
15588
20546
20397
5515
467
12831
10274
20205
15907
22329
1531
22203
9832
506
13650
24638
1972
5738
19423
16513
10317
7131
12980
13072
4721
1231
9939
16697
19085
16096
21437
18361
11534
23115
23015
13353
22765
2505
22689
4648
9140
7219
12247
23296
4818
12887
12997
7801
20130
8288
20762
19341
23179
18665
14304
10456
13637
20569
16930
11476
8736
14065
9554
14329
12922
26500
12897
21137
26412
21250
13358
3784
21254
921
9107
20062
20104
14776
7207
11576
23134
19817
9189
4869
18307
19626
2905
14532
23901
25027
3741
21176
22343
20166
24486
12429
23895
974
22414
16058
10841
17394
7284
19633
25710
15310
7382
15181
18581
13880
24698
11465
4903
25932
776
19543
8705
21320
6206
25151
25833
1556
13648
13857
16673
2449
11591
18447
20223
23358
19496
10275
4124
19034
14266
10552
2160
24763
16308
16628
9158
19612
1568
20092
17003
14657
26588
19655
19261
16711
16562
20382
22778
7618
15297
9872
6601
21758
15945
3971
13387
7292
26336
22002
26122
21615
21009
15558
3345
26010
10227
11406
21385
7593
16830
15595
23186
22989
7491
19463
25900
10306
21541
2753
5278
308
1009
12281
14952
114
9859
9146
17132
17509
18350
679
5002
7552
12326
12242
18362
21964
14675
26395
4284
19166
5478
15128
22756
7204
14725
15976
14314
3698
3813
7899
17946
14976
24127
7258
20031
13957
18189
2417
19147
20932
13311
8879
17366
22713
15251
16353
25285
14854
14068
19293
21686
9183
14159
10222
22787
12311
20243
22519
23176
18423
15415
3083
26642
8121
20127
4850
160
8739
15896
6379
12470
6325
18430
11168
17832
8351
630
7995
17468
24649
11091
2700
17712
8000
3412
3704
12849
9906
9456
181
23929
7611
15244
9128
3474
24157
12611
15756
15219
15520
537
7566
3944
23587
4270
22237
1286
17352
10413
16073
21995
11082
19497
14955
7436
14053
3700
22725
18136
24570
14658
17952
17397
6579
23577
3246
10011
12749
26151
20961
14984
20968
9219
19499
1554
7484
8891
1642
8028
24939
4217
9287
22729
17462
19151
16760
10219
13715
12617
8507
25986
8592
14703
20963
25758
3174
23016
25384
19181
16769
3459
14095
10295
3099
11438
12176
18992
920
1202
5678
6182
15974
13196
3162
13699
26494
15643
8938
25940
11209
10820
10147
25942
14838
9543
17176
3714
15020
10414
7282
3336
17931
13062
16089
23174
25740
21825
3696
16742
11396
3539
9487
11224
21570
2923
5906
6411
21475
22518
21018
8622
10153
2860
11376
6340
21556
4096
20301
20206
5018
6297
19514
16982
7638
6580
20572
26485
25962
18405
21503
12686
11526
4150
9039
1081
3113
9801
25339
19854
3180
13846
1021
9277
23506
21223
17666
8228
7122
18263
9116
4232
4595
20186
9360
2174
12256
261
4763
26086
22836
20538
21220
21987
3468
4567
14191
15135
2747
13744
5007
22232
5793
4424
18101
4937
22747
24581
18337
1495
19685
17118
4504
24488
26361
8386
17247
14904
20934
24436
17365
9890
15642
23083
8014
6343
3040
16720
20197
12641
15449
15561
171
16925
9207
13708
10430
8885
5882
8556
12304
23273
15774
16718
4875
23097
17285
1709
19593
32
16839
11184
21601
6338
20077
14233
22798
21702
14481
1603
2675
7228
3707
15211
14530
14490
548
3015
9271
1359
6366
22023
22783
4223
17094
9312
12612
5306
25890
19284
7480
15040
143
4142
14511
17924
3492
24108
9056
6554
22112
11343
7026
8886
13237
12938
18342
15242
8788
3818
24918
7667
4260
150
24980
4808
13156
3598
13757
24883
18590
945
5180
8666
19927
3456
10737
24229
13917
17154
21750
9237
766
7690
13161
8825
4617
7620
21141
8843
23954
26607
22950
375
14663
13199
5088
14875
25717
5701
9196
3737
23536
17153
6475
22417
26352
23437
466
12219
11131
15209
23381
18497
445
23277
13496
14659
9345
26219
99
9431
8562
25304
213
15034
12799
5755
24512
1042
17373
2189
15775
5218
19343
16640
7627
23280
15412
5211
6552
23455
16143
25175
15619
25354
767
14197
1835
13913
14057
13905
20954
18021
2727
17104
16280
19500
16890
1553
7919
8387
13964
13712
4432
9285
20551
20537
18381
12197
16183
15393
2585
6265
22061
6598
24265
16988
21888
10757
8150
18909
3798
19660
11549
13794
13851
4490
21190
11056
5518
19524
2896
7744
23420
5210
18672
10303
21022
26377
9839
2654
23010
8528
11422
9955
17261
6194
9493
22335
16721
21282
7632
18571
12455
19215
21295
9700
13438
23365
10807
19707
12579
20277
23916
137
869
5564
21133
24271
4111
21514
13691
3430
3957
19747
5284
20051
9294
24946
25308
15108
24549
12439
16858
3388
15580
12238
11051
24261
9793
17415
1029
18151
329
20071
18028
25656
21753
21383
11324
14960
5075
15622
1538
14308
16558
7433
12363
23363
23583
23969
25401
5080
4431
812
11127
13027
21586
3583
2944
9527
9463
13740
16355
13765
11194
20381
19622
19556
1514
16120
4268
15610
8524
22639
8591
17165
17709
23056
19184
9471
8687
25881
18655
5897
1604
4233
22451
26148
18020
15349
7176
6593
22364
16285
9999
20956
24479
24809
18001
11483
8781
9202
5509
5681
24455
18330
1922
4960
26449
6302
17760
20227
16394
2966
12285
4130
19133
25146
26637
22355
10411
1754
3913
9436
14176
13103
24106
15445
21269
17778
15044
19021
16403
3317
21469
1095
15496
12694
11102
25985
17698
12573
2873
19846
6849
24615
1879
11568
11202
15937
13153
2653
8563
23884
16155
13203
5792
17971
24742
5168
10405
12805
24446
5972
13634
17175
25788
2678
7786
492
13721
2609
8610
8469
24731
13883
17298
26009
8183
14773
4838
9721
5867
4084
13502
2409
7705
5098
7655
25746
4205
1831
10331
26526
8523
1128
8569
815
5788
6923
16563
3639
24627
10291
9324
24102
12335
18353
23470
8482
20244
25752
8773
12561
13643
23521
16269
25352
5855
24190
10025
19506
3350
11125
19743
11214
20939
11081
21799
21875
3602
23497
5923
7956
3893
1208
4394
21328
6975
17316
1282
17823
16565
10770
22849
12378
10290
13821
26589
5472
18926
21507
8691
7555
4657
18679
10555
20500
11649
2258
11503
15107
3748
24543
15465
112
17454
9895
14602
551
13974
12954
23130
25898
8017
14074
25000
25793
7977
1631
4879
7538
14462
6850
21539
7492
26627
17005
2294
11439
442
19592
11559
25344
8668
12403
18303
24942
7545
23377
23103
25891
25844
2625
14798
14782
24775
5698
7930
14169
22331
526
17434
23040
13144
22024
14264
19786
20084
16560
22679
16517
5820
11181
6946
13836
16931
4242
9164
10014
2710
11443
19842
21561
13952
12267
13151
23542
2296
3390
16145
2116
6903
8433
10542
965
7901
20164
3635
5653
9323
8866
9488
17739
19742
19413
7225
5764
2114
15229
1051
7307
22218
312
374
17174
10445
18737
7806
4163
17460
18008
13770
560
24569
19967
19562
18508
24554
2835
5928
19488
382
1122
17869
13722
23091
12310
20462
1855
21709
8431
16197
4592
12583
19972
19644
19553
20387
13942
23112
10033
8294
22494
4653
17376
8522
10336
23079
20508
4524
4692
3161
23379
14600
13548
4624
22841
10269
9608
2191
24715
22502
9340
20980
2400
14641
5299
23329
15383
18299
18083
16320
12940
8005
9061
4071
5765
24105
18438
11441
556
18607
4610
738
1980
541
18388
4097
13014
23319
7280
25315
7407
16334
7014
2537
16578
17682
8153
14938
19718
14253
1242
3087
24128
3546
14747
5674
14186
23375
502
514
22923
19109
17483
21520
22265
14878
4953
17643
13551
25824
2513
22538
24781
188
3023
15463
21221
20903
16569
21594
11187
11178
290
26276
9491
21482
5226
9677
4738
19764
25287
23167
8824
15983
4362
1851
9789
5140
5256
13920
19919
7969
4814
1155
19149
16885
25015
129
20284
2188
8012
24788
13255
13328
1739
19623
4420
4899
18684
16735
9453
12837
12830
2983
21442
11652
15384
515
18446
1989
15637
9255
22848
10573
19303
22
8384
2924
9059
22952
1639
9269
5823
15290
4129
24125
25337
11087
15557
3604
14337
2476
21727
7497
8385
24684
9217
2303
19237
15547
18609
9883
14064
4088
19760
11204
20778
24966
7443
18512
26370
8703
9695
25912
6879
16714
17000
447
18751
2522
15114
20577
736
12929
16730
19189
21153
7861
3177
18566
23399
13
18051
13642
8947
20982
24300
8652
5549
14492
3764
15070
12464
18677
20908
8552
24225
11195
13897
25667
20190
3427
26357
15353
4520
26533
8340
21323
24251
21944
18929
15768
4094
6370
3527
24272
11402
19334
20515
10772
7848
18853
12398
9354
6392
735
25300
24571
26369
516
7829
24985
25802
14683
16030
9162
17982
22915
1698
23264
11092
5189
17322
13066
10774
25292
22166
573
24560
1217
9530
2554
16323
11486
1893
8176
18732
25809
17420
17482
17925
17940
7524
15013
16125
998
4390
13360
22884
13736
10192
4776
26615
4947
4367
20405
25866
17007
22086
2411
15228
24086
6520
22006
7875
22967
12236
379
20574
25672
22425
8146
22513
18644
19410
2159
24550
2809
13276
11190
961
22464
18269
6180
15173
130
22244
1246
13623
13689
21754
5582
5316
1906
14733
14661
12250
2861
25707
19866
20739
9012
11053
12784
7601
23194
21792
13519
7727
4092
1519
10853
12165
18897
13544
20566
4048
14504
2145
13998
22496
11143
9602
4452
20560
24457
24404
20439
26560
6452
21707
22913
4
18726
18963
21665
1500
18706
7557
4317
22098
6402
15798
18560
24927
12580
18474
410
3776
4906
1247
22185
1551
4761
3574
12166
3584
5513
9628
22860
5313
13310
19843
21945
20010
3641
6445
3440
25387
14849
1845
12427
9903
19471
22652
19135
14271
26282
4886
23908
21173
7822
17234
25366
25034
24726
5881
25771
11198
7
17314
15941
8464
3450
21304
8169
23004
5280
4120
12896
12658
12772
18604
18643
3712
7444
23042
3510
2919
15024
3988
26538
21580
3396
23163
13899
23395
9529
26512
8023
11150
21432
16245
3031
18432
11650
18663
7249
4557
26320
3906
5101
2523
24131
25651
7197
18174
4652
14493
12308
12563
19791
19489
7621
24773
6228
12592
8954
6517
2302
19687
8584
15585
234
1633
13513
13467
17143
23300
314
19573
12282
1153
13832
7318
24986
3558
18762
5294
17146
23940
7882
4861
15283
2501
9230
3250
20209
7530
17162
13369
12766
24009
8265
24784
13105
9013
6450
8742
19211
6951
20065
20807
9454
8295
25198
13335
25867
6467
24450
5939
14654
6201
10545
25837
19479
15731
10009
24805
25358
18140
23071
6481
6507
7242
15079
6400
26643
26644
26527
18096
9564
1902
24648
24005
10568
20392
1337
17903
12789
22455
25077
19117
16568
24390
16258
26608
4996
18544
6210
9418
22940
7724
26059
11237
9922
4982
25385
3215
15385
23121
6496
6335
1847
17689
21790
19158
8462
21814
21114
9503
2723
25745
9462
13402
4816
8280
7770
7227
11453
8791
23424
16396
22152
19012
19029
21779
20101
16287
9538
13413
19548
7742
7887
10780
19183
3288
8548
21829
11580
19458
21103
1130
26309
24241
13412
15997
24047
7339
4448
412
6955
26596
852
9644
25168
7691
23295
26582
5220
11148
24601
23031
22637
9884
11421
21342
9928
7836
9130
16260
1539
16148
6462
1098
17112
12903
9405
10580
21960
10410
12372
22073
814
15372
18264
8480
3984
15307
1641
3470
19140
14483
9625
18366
9535
25412
19309
17145
7425
11331
18651
13166
13842
13134
21612
10191
4927
26362
7855
7634
13867
6853
15909
13828
19574
19682
19975
25051
16631
555
12475
22010
1499
9901
10008
15915
9961
7150
9980
17897
26537
1182
16328
4916
22907
8210
19595
13772
24013
9209
13112
14584
25718
21115
16118
1728
13170
23563
8952
25375
15953
6280
4785
18650
6315
14348
13433
18937
12676
20168
17657
772
1691
16187
24878
21605
532
9226
21322
4997
17334
6555
7361
742
20027
12853
17748
22531
21023
20902
14190
25708
24481
17802
20070
14670
9979
14248
3804
4196
7755
5818
26443
3628
24690
13665
952
4523
20386
15758
19847
175
18267
24087
26625
12575
16356
337
7366
3344
19342
12264
14268
7333
12409
2627
14781
20199
16346
4972
5181
24660
4750
16344
10797
18538
488
4401
17294
16455
6391
24100
22805
24034
20271
9022
18144
13001
10582
22663
5245
21132
512
22356
3892
23321
15934
10796
4380
24284
1731
4306
1008
19941
528
3930
909
20514
25050
9717
25705
22525
23047
14255
9655
4208
7974
13382
2161
762
9904
26157
2012
14507
13814
4788
12379
19738
8292
1999
25957
8125
8257
10024
26606
23146
5914
9845
3503
22240
12610
13631
5481
3600
16329
21879
10750
11124
8484
17892
9841
11113
500
16046
527
11489
14986
12456
9333
22533
4240
289
20236
2518
24505
1837
19729
4515
15458
10844
18940
2493
19772
15964
3806
17439
25655
22408
13991
22230
10818
5288
9122
17654
7854
16220
3963
10724
16679
22337
22730
5160
7220
3812
4661
13208
8427
19402
13399
15165
24548
17846
3248
690
10245
14088
23039
25003
24012
834
16093
18348
5228
5040
10802
20055
4889
16429
8338
8618
1890
19485
259
6438
19659
11566
13174
25733
3365
24924
21209
25193
13325
19022
4382
1108
770
21996
1238
22954
25692
14235
18026
19313
21546
16572
16985
8673
17652
9697
401
9528
22428
5006
15179
24054
17489
3413
5880
16345
3778
4066
9800
26079
4734
18298
24520
9587
3772
2972
17822
5546
2506
24881
17812
12886
23948
14225
10239
21565
7509
18456
16000
12778
3505
20558
24140
21939
15592
7682
18477
19161
24619
18239
17289
4191
14592
22791
22087
8486
1558
23989
1866
15157
21786
5501
559
10761
23528
9212
5539
15528
9972
10538
17137
12769
7017
9033
24285
9176
22745
3156
20095
2162
17127
26235
9769
23405
22197
219
18072
22738
22490
25284
8559
17257
20823
11375
14243
9633
4827
4931
13507
9759
18734
13186
22820
7252
23572
23110
26324
14967
17255
10436
11610
459
19251
4160
7839
9851
2477
16502
3743
8990
16856
21219
905
17355
18855
16933
9827
23183
23469
5243
21937
1590
8979
8168
17656
4876
15326
9575
6404
22544
3285
26286
15743
25982
25956
16290
17720
6488
12890
6590
11103
10560
11128
21013
6926
11149
5485
3920
13149
13217
7931
23972
192
9570
1347
25367
2255
13277
15038
22079
21008
26635
5221
22847
1571
21971
15802
14721
18952
9273
4505
6304
18861
2941
3382
9239
26330
8040
1643
21260
10162
7736
26124
3071
24578
24010
19647
19044
19038
15972
6339
14945
2817
7133
10235
13557
23519
26382
1842
5252
13260
25088
13421
19308
20148
15387
6931
26165
24992
5829
4107
22710
19032
4898
9829
23489
25838
7587
22134
22263
16140
2668
24052
16369
20435
14604
24247
10149
19259
5799
13455
7164
853
15982
21207
1132
19951
7653
1926
3281
19907
1087
25911
2395
11221
26340
22340
24453
16417
17329
25981
973
15596
3205
19053
7830
24029
9047
18741
13195
9786
26612
24990
9649
10210
18470
14496
16430
17853
494
10440
20423
13055
4365
5594
19517
13978
14284
18343
22878
15804
9472
19937
18338
14717
15156
122
19960
8698
22852
2517
13300
22840
9435
13491
8873
26254
15359
8424
24975
16971
20964
26315
17125
3322
22245
22062
19472
19304
18230
15732
13266
11619
20278
9123
20735
14755
3145
26477
24976
2496
639
22202
3178
5921
26217
11517
19954
12185
9795
14818
3895
23052
864
14452
23482
21815
21122
26567
9444
7674
866
11648
8128
1567
18669
18154
25926
16618
21112
3152
2300
4664
24941
1206
19904
21962
7799
17392
7929
19118
4532
17810
9029
2712
13242
3054
193
12639
18618
1052
7383
15616
4123
3320
16612
15967
24889
9971
436
1625
1640
2445
26476
4281
6907
11593
24659
22658
15325
17817
7551
16390
824
9873
15680
26068
17979
24524
22958
4841
16174
17847
364
5010
5530
8862
22495
8963
5100
11446
7128
4638
5579
4376
11115
12696
15525
3050
26216
5850
12405
7306
2551
4890
212
2288
13410
6567
861
16672
2889
8274
9771
7721
15626
17700
16497
22013
3814
14236
4165
2285
12863
21905
4526
18854
21235
24204
14828
5756
22393
24427
668
2746
26386
25187
24291
25087
9274
12204
21178
20103
14153
18058
24908
18990
313
21821
5570
8955
20247
20482
7714
7719
23335
9394
7513
1911
25723
25875
12751
7666
4118
12827
22797
16944
16122
23941
18393
7287
18168
9879
22445
1747
1914
21877
9428
13902
11468
17496
2139
22458
13813
250
21236
16919
1106
7288
24678
4971
14779
7842
22332
12995
12615
2838
26583
14475
13341
8139
22409
11223
11043
16325
13731
6563
19138
26319
7816
8236
13886
3173
23106
21389
19047
24392
15272
12200
13053
17824
9161
7748
21030
7749
1586
19831
11410
22270
17078
14939
15751
18373
8782
17809
5543
15323
4366
2975
18318
11509
9497
7764
25142
3771
16420
7442
18315
15922
23600
17116
22258
20279
11047
26431
2177
5979
3217
17670
13868
6405
5661
22804
19555
15347
22514
27
10412
19107
4363
25057
6493
3323
9280
9694
9945
5553
19683
18899
18391
229
23109
24239
5956
12249
26252
5991
10
1097
9926
16414
25840
9665
879
24744
4146
14212
969
6373
2566
23304
4612
5212
24600
10224
25008
6570
11569
15617
20208
2602
1034
1110
8648
14079
12842
11448
18349
20495
5470
3315
1564
4720
9932
12228
451
10431
24604
20468
9313
6597
3759
13472
18657
21270
6899
5064
936
24220
16989
3751
4573
8959
10721
20921
13408
7421
21226
1727
10771
24753
18496
7589
2834
21596
22212
20724
11359
24722
8279
8665
7415
7149
2176
8981
8473
14323
3738
11537
19776
282
11173
22118
15567
21692
18535
17873
4896
24410
8438
5876
14230
8030
8080
8967
9517
16256
18750
7016
3621
8185
15110
20742
23058
17934
4282
18363
4151
26284
13935
25350
1234
25938
8498
4714
9351
14184
22269
17722
11079
15123
23021
9282
10381
22515
24423
25388
20461
19957
3189
19567
216
9182
16407
14714
25359
22938
16050
21656
14805
4209
10300
5229
14460
4780
21691
9720
8086
11366
3386
23104
25711
21873
19924
3186
13018
18622
12374
14606
1515
5022
6557
23524
19830
23
21891
13299
19636
9792
17170
20043
9218
16282
1735
26193
24984
21131
13670
13499
21215
26131
24183
21712
8070
3953
8145
20153
20766
15216
24756
3593
23505
24563
12416
15485
9642
19710
2859
16970
22874
8478
3016
11075
15271
17645
21662
3915
7762
16442
1148
11235
24288
9927
6479
5148
26060
7728
5888
9597
16350
2943
2508
245
7997
6889
16881
10852
21676
8252
6185
2915
12396
443
1575
11475
11409
10316
125
8515
4078
10781
12638
1016
18735
22242
25681
5264
26155
24162
8497
20221
13456
14239
425
20015
21412
20297
3889
21168
4654
7270
8554
15529
3940
13626
11041
25701
1896
13146
9002
19502
8061
14495
5042
25853
10241
4503
10575
26525
1537
23926
10565
2497
17988
7580
4121
25376
11597
23291
5748
21724
26531
19170
3415
7639
1923
4847
16127
17111
9195
26426
8488
23190
16541
3625
13458
15021
1040
6382
19026
5266
18575
21012
19594
6266
18991
12888
25400
22963
19155
6930
1748
7221
13931
19722
4430
15479
5782
13947
15947
5686
12454
20516
25903
26092
18479
7863
10373
7843
258
8179
4563
16156
387
373
9374
13065
24232
19144
15729
15822
24415
15762
8861
24873
19101
2781
1883
4822
1593
18059
19935
480
26018
1014
15473
570
5235
1583
1588
14732
6311
17937
18233
19501
2586
15182
20765
21591
20745
15914
12221
25176
13063
16605
11215
9105
2883
24235
12777
12315
26078
12979
211
5984
1510
25698
19
1048
2728
5724
7424
25731
21881
23267
1622
2156
8545
8437
7870
13006
12695
24943
16705
3378
14977
17300
16324
14597
19188
264
15348
8535
7599
14302
20262
9506
10773
26348
12426
15556
1929
15051
9352
7024
11408
18047
26262
21717
4161
1703
20216
1329
24006
11088
9703
18712
24803
16134
21900
127
13426
1874
4674
15294
15502
15337
2004
5591
164
20565
24749
20526
11620
4728
18384
17166
24144
4105
5938
24287
13324
24155
9347
15140
22131
10280
1349
15201
25780
22146
3815
24528
9662
15226
24741
24236
24561
5185
8444
3209
13379
19306
345
17497
8422
6386
22462
1222
12743
17022
24740
9755
26202
9737
13973
4705
7457
21694
7706
13231
3928
3960
24540
9211
22256
18756
12581
848
16675
26385
21618
26376
8172
16983
22459
2306
6259
522
19352
14925
22038
4247
5806
21231
21169
19533
3124
8743
12640
22726
15897
4172
16437
15189
15658
20214
24274
18100
13141
15444
12284
14640
17665
11354
1788
12642
21613
5274
1152
26055
14941
2970
10282
22699
12794
16024
2432
11637
19169
4248
21988
24031
19781
8514
8006
26156
22700
2720
6519
4539
21734
2725
7434
811
16246
6195
18110
17517
5273
1277
14577
21468
10199
8549
24719
16873
886
5032
13348
12226
21333
8494
12975
15112
7526
13556
25748
3264
4492
21887
10468
15035
22895
13903
6337
9781
13219
22139
1592
1585
8235
18131
13943
22692
11554
22236
21202
25872
26007
3705
21252
4677
14874
24051
128
17661
21575
18945
26603
23172
9911
12296
18478
23435
3894
23330
9446
16462
25908
17815
20273
4781
25055
20484
3004
26649
23158
24468
12998
25895
5710
10158
24661
9776
2778
6996
14168
9978
20066
5537
16086
6273
9065
21224
22209
10386
12286
24597
2775
15243
25720
22008
3669
13460
6525
6243
6209
8170
17123
21550
6262
23467
25800
21602
15342
8050
4174
20004
6396
6198
265
14655
8434
20491
16165
22811
681
16470
3723
23432
7778
21940
12225
21572
13739
14494
5838
4289
2724
6312
1726
22973
5918
3359
20229
15267
24115
18690
13661
4955
8395
24868
26287
908
16547
1869
3268
2841
14653
24135
22066
15765
26507
13977
2610
9631
13806
11557
23081
664
4604
6447
18375
8312
19503
12895
6441
8511
26302
15369
12181
2660
22775
16284
14705
12356
26648
25061
13915
9125
23388
17910
20725
17655
12803
6886
13139
11057
5811
16139
19528
25964
9508
19440
17727
5113
3613
13526
3142
1578
17006
25185
5592
15993
21603
23354
20817
8432
15334
11357
13655
25806
22704
23107
25813
12933
20105
20920
23285
7636
20121
24498
19285
11445
14966
26645
3192
16670
15519
17849
24304
878
5122
18649
4553
20390
12684
23431
22126
13796
21310
450
7397
13007
79
23024
1
7289
20425
21802
20078
11067
18040
8846
7028
23959
18857
13450
21422
1549
18167
25158
5779
8725
26223
3467
16938
21446
18608
9407
10273
15065
22918
3914
13350
21464
25948
16663
3637
23397
172
6328
14669
25980
5198
17317
26516
6460
9291
1078
15636
2645
23352
24973
18207
4727
11506
17840
21441
20098
22673
5034
18979
18099
2842
12666
14289
9967
2996
916
15102
7173
6514
26442
18068
7959
15587
24437
20116
9043
18150
3392
3493
1037
11435
16871
15059
25939
22901
15117
1065
11545
248
11628
10272
20494
19785
16124
22234
1743
18360
11456
3608
12562
9819
12283
21530
2810
11163
22863
9309
18359
19690
9572
14508
19439
15675
20285
5484
18448
12564
14612
21506
14929
9473
3699
16288
7787
20573
20814
15738
4945
15639
22261
20480
9663
13735
5196
22266
14833
4984
20050
18417
3587
14629
15733
6526
23096
15236
25907
5675
11071
11434
5026
21606
21435
15066
4858
4616
11417
24487
9256
7216
4607
22802
20708
7763
19699
17339
10808
14674
18520
16726
12469
24999
12861
2866
22914
22190
5795
25038
21450
10254
17254
23925
11581
7934
26358
24280
13763
12343
13762
15336
21901
16600
17776
6254
4192
14690
12745
15456
7817
14265
15397
14099
18395
7771
15966
11203
17814
22675
15111
3051
21534
16037
13193
15946
18727
24117
8521
9752
13251
25689
12265
19227
8374
20759
9733
6551
13938
2509
25289
25983
7256
18666
19256
5912
545
24880
18320
22384
9730
20194
14312
15576
18500
25825
10383
8889
26112
654
7577
2391
14456
3517
4571
15992
9108
23869
5111
9811
4128
1280
7328
22843
218
8749
16630
765
19837
3056
14988
341
24179
4175
17441
24699
7558
17126
6421
5911
13263
9599
8403
11182
9425
21195
24971
20554
9874
5744
18312
22896
17989
12435
8261
20389
3488
11470
972
22680
19865
3346
19828
5760
5758
5780
17961
12703
17994
4398
21729
15166
26634
2403
15145
4067
6861
13396
15164
4246
18433
25052
17477
22751
9220
4587
24023
13967
14704
4442
12207
4498
7535
13131
22192
24967
6516
12386
11157
8976
24808
7168
3504
25857
2463
16887
24077
15437
5556
301
17905
20718
19162
19715
16374
17704
16927
18598
4663
34
9837
14259
9298
17733
24442
25324
2170
5305
7944
23019
15481
21171
11374
17708
23877
4744
13093
3752
18249
20014
17246
13322
11358
4153
14166
22221
26535
15653
15109
22156
2762
756
3987
1613
18688
3594
10726
11611
23044
8716
4810
8074
5464
4459
9758
9281
11322
5471
9175
13245
5308
7273
3640
26483
10176
18739
11094
3028
16094
20556
26404
19470
4443
4044
17764
16614
330
26260
7400
15194
18927
14852
357
7888
4725
26104
21972
3746
16724
23581
3106
18467
8470
5510
13069
16001
1576
19637
16383
11606
3237
11513
19120
26620
15218
7515
6503
5222
21161
24152
23007
26547
8360
3896
22039
2481
25884
12332
24911
13436
19547
7982
739
4214
21722
9750
858
11158
285
10450
227
20402
19646
12229
25876
18341
7676
14706
15470
20080
5285
25288
531
4245
17825
1624
22109
24151
17307
6871
6388
19765
3793
24969
26241
9424
15457
2292
19336
5094
4535
9671
22055
18097
13966
20751
1778
16382
21240
8361
6449
24017
13448
18521
26183
19317
960
18670
20428
2127
13890
20916
433
8630
21584
7949
22238
14730
3827
13676
9846
19069
13723
7978
5808
23008
5902
4072
10817
18953
4928
17374
3096
22655
11246
3689
13830
9372
8872
3491
24132
8094
9241
20994
3115
11365
22138
11227
19104
2772
18022
12255
7798
14847
1076
4998
9753
16130
2799
14051
17691
23360
25299
1795
12468
12657
22267
24443
26561
390
136
20393
14192
4141
26378
24028
17372
17403
10795
25368
6433
1557
12804
8534
10142
18755
5831
17819
9573
7932
3490
22941
19696
24642
21100
21483
9314
16483
18492
1702
3516
19749
3385
23500
5250
873
22986
17422
24451
5244
14800
18105
8829
4732
16878
24743
26488
5741
7360
18302
5028
16936
22247
12981
1630
22975
1637
106
21789
2985
2459
22876
13025
26436
22427
21239
22972
2681
7658
25653
7206
13972
3644
22187
21922
19201
11372
2443
25
21148
23964
1777
22540
15148
15177
11420
13981
25070
13487
8212
13016
13816
1201
6269
21208
25991
19272
26550
9129
3429
777
12843
14822
11588
26401
16445
20927
4184
1248
14330
12404
21752
196
486
20898
19833
3942
18006
8362
13357
26630
21894
3688
25327
3828
23973
6257
18664
11401
19726
24441
5143
19913
21461
17788
23864
7329
3921
22338
2014
21306
21669
22150
1718
15094
9132
173
21782
3280
12691
20924
26559
678
21569
16995
23585
4958
14297
4256
15911
22521
20749
23152
644
6294
22801
9812
4379
19132
14677
21677
14718
16015
19129
20915
4082
20922
13320
26345
3607
24104
9878
23546
12917
930
11123
17105
275
7608
7019
19815
2274
14934
22721
16008
19333
15903
23376
19570
16306
21713
22825
4910
23427
20581
4274
23088
22722
24905
15295
25769
3210
23022
19307
9798
4388
18023
12440
15003
157
19224
26474
919
13910
12366
16234
9232
10831
16019
8278
5137
491
12590
19599
5519
14709
20701
8165
13777
3524
15429
24981
21433
3451
18024
26268
1290
19515
23006
21611
5673
292
15093
20705
19344
21892
26278
4468
5563
5121
1146
7408
6384
15306
830
26250
17097
4739
22934
16500
16116
18344
13044
13844
7873
2875
2495
9361
13375
15960
18493
26523
8966
20068
10144
21644
20458
22362
7695
8031
12289
22208
21347
6585
7896
10375
24948
16596
9208
13823
16235
21672
6898
14908
10391
2824
16555
20204
7355
19111
7336
21787
22826
3062
11220
22942
16453
25047
12413
2184
9532
2703
18620
9152
24
3478
9258
24438
6498
7635
16380
13837
19141
16951
8792
7377
15603
14971
5933
25211
9747
2631
13118
2546
26387
8865
18923
13706
2124
21157
14100
18674
6873
21878
26197
17806
19134
17915
23419
25744
18540
9678
8097
1334
8558
4204
11098
12216
13703
15625
25334
1780
2106
2617
20238
9817
2949
19408
5905
20457
8035
18717
3065
21181
23320
23023
11120
18568
5290
7129
4872
9434
14863
5004
5045
22483
12316
23135
8072
13420
7939
178
26332
16226
15474
12172
17443
5667
13307
22083
19534
7125
24456
366
19031
17944
4136
22719
8216
25024
20250
21118
26520
8951
21339
9368
3107
14187
20005
22476
1799
15092
13034
20126
4228
22000
22512
19814
20255
13292
12375
16090
16304
7198
12833
571
6334
7872
1283
15611
4206
20406
21300
2940
2136
5215
14723
26519
5597
5525
1220
24253
7229
5166
18229
23465
6251
18846
2164
23001
11488
17187
19417
24411
20017
8837
21708
18445
2299
26360
20992
16853
23318
6439
25827
19873
12875
4465
17476
9468
16311
5722
6239
15495
23178
15356
7987
17516
10169
1092
24523
9820
9643
18490
10197
9325
21222
19544
16991
1236
16917
24419
88
12661
14979
5973
7581
10010
16818
21745
14341
3379
12594
13863
14234
9754
4793
17248
901
21936
17711
10264
22170
20513
8148
7124
14087
17312
23905
13029
1881
22231
23270
11586
4643
25852
670
3677
17449
14970
16650
15757
9557
18928
19918
17728
25069
11077
15074
6510
22121
17768
9145
6908
13042
7759
4139
23113
3936
1834
17292
9415
23334
23438
20486
19979
9222
17141
24171
1891
22092
4668
4900
24913
14680
17480
23144
3196
1232
4885
8483
20700
890
14294
14471
9231
25081
14987
22149
23568
12188
25767
8335
16318
4073
1619
22702
22724
19290
17360
24150
24170
1545
12910
16575
18085
17506
17471
18044
16294
21920
8868
14622
15551
1574
13150
8117
7275
10293
13037
3286
3497
16002
817
12839
7410
7928
1127
25953
20456
20951
2272
9708
2957
14757
6204
7811
15638
13301
11555
3088
2406
14900
350
25691
12685
22830
23033
507
15958
3203
7378
15780
10805
11104
19630
25407
19952
5314
7250
16441
12894
7314
18216
21315
16929
22122
8598
17965
9024
2413
5776
26638
15007
3538
3739
20552
22911
22932
24765
4777
5103
15735
15645
1730
18314
14510
14857
17347
9174
6360
7462
6523
2818
16029
3465
4283
240
13218
18570
15985
7012
25781
105
21381
4218
7171
8425
20045
153
17405
3744
18509
15253
5174
11216
7692
4787
18944
18415
15231
16629
7685
20706
17956
2962
23417
3710
15299
12857
4451
2832
19766
9767
25757
5135
19552
9924
19943
18675
26406
11126
3187
14965
3094
2652
15612
19035
270
13364
5771
26402
8621
8226
18063
7413
25206
19812
14851
3791
6583
13092
10407
20991
835
20548
15274
15246
11440
13128
13110
15676
4681
533
16945
19066
2978
24209
8084
22159
25703
9861
22158
15247
2008
15249
8570
10836
3232
23603
21720
8659
23866
5683
20732
4222
9068
7343
17442
19504
24193
7159
3214
8662
7575
17789
3589
8649
671
18243
16736
24248
15898
22927
17283
25659
15204
9018
7327
20454
22246
18847
6233
24758
21436
17511
6397
26240
7852
16864
16635
825
271
6361
22742
7543
3
26008
665
15752
14244
10139
23529
8136
24707
12868
15241
21926
3542
16527
6586
13132
17338
18641
3761
2275
19788
14625
19958
22145
18523
14324
3943
23985
1897
836
21020
16583
4745
18436
20799
2872
17156
24895
12819
20185
20788
18515
1584
5915
16052
24783
3463
20806
15524
11341
22064
26331
11592
1197
20089
26244
25658
2132
7426
6543
14199
15019
19070
6584
9892
13355
14189
2655
24398
691
17899
17455
19518
15455
19894
21500
2168
1090
8001
9179
4873
19635
24440
14995
6928
23299
25424
9603
22551
631
14613
807
3434
19062
19950
3581
26626
9745
2541
14759
19466
4179
4606
15782
1031
13514
14647
17756
20917
19025
26261
3975
9266
9970
7900
7602
13414
3829
4591
15657
22132
19775
20955
20798
17906
9623
12328
15168
2843
1053
13304
15581
19102
23347
2283
12603
14819
15991
10464
11444
7519
11431
20
4585
15973
15061
25192
16704
7957
16837
12606
5586
14676
17715
1023
1995
17268
14260
16298
1207
14936
16531
10550
12609
16065
8633
23271
8276
8010
1532
4148
21243
3319
25835
20775
23434
14972
23538
23874
26595
5581
23155
14824
13985
16653
303
4418
11241
6506
16263
6858
26130
1348
15523
12478
6529
13738
25318
25302
19977
25207
11407
24126
4318
26384
22125
16225
6219
12205
149
7342
21564
2133
12682
4119
1594
115
16157
11658
18652
16758
21953
22894
8614
6942
5204
9908
19480
19810
15291
5524
17406
17984
15908
6303
15462
24510
8883
24750
17484
10785
17084
18738
11399
24522
14933
18970
1073
18579
5128
21816
3483
370
22946
14648
6489
191
18164
25208
17667
23949
21165
7885
9104
15413
4137
9150
22354
2119
26163
18326
25970
17164
13043
8044
14063
9118
1213
7973
22136
16740
1205
17662
23281
13809
5115
20505
646
22786
14695
3634
8653
16098
22741
19881
16354
2169
5511
9201
4570
10576
17755
6933
6205
5205
7281
8775
19852
236
25159
17336
431
11333
20231
16543
18719
8597
12893
21976
13789
7686
12891
15578
3800
5197
15260
5730
2721
4723
26438
5120
24273
22248
15030
13656
5482
4609
6473
20398
14930
13662
4645
7170
15450
23288
4989
23098
24872
3578
1591
10783
24472
14094
3727
2626
16021
15067
8849
15681
17648
7496
20280
1732
8566
15193
267
10216
22743
5721
2954
903
14455
8234
21880
15807
16582
4070
19346
12196
14691
10329
14855
21791
9071
23326
7278
2793
17922
2757
3676
3064
3950
2265
19734
8586
7711
2397
8399
16297
20567
7752
18973
11060
19519
14593
8635
24045
7371
7518
5047
23066
14326
6293
1001
8958
13841
4396
24121
17423
7965
5225
20217
5931
23364
1054
18484
24099
12210
5922
16645
5147
23426
25355
13057
18256
23597
13183
13140
25923
3090
13084
22694
18143
8567
19625
12266
19968
4464
201
18471
818
18087
14607
24890
14656
7845
21273
17718
18731
448
14214
4057
23472
9322
12614
18403
26184
2117
21192
7746
12836
24113
1832
15338
20403
18969
1189
18858
490
25929
25989
25785
21172
3042
6876
1579
9997
1779
7404
2412
24574
2010
20791
9987
5033
22165
5202
24495
6212
16066
19932
7612
10816
4062
15543
10537
11599
6872
2691
20704
15824
22369
8986
2163
6512
6844
1534
14514
6866
1620
17354
900
1889
8802
16007
18027
18139
9133
6437
4290
9502
16716
24018
13561
21668
5809
25910
20743
8456
16833
15963
5077
3775
2844
476
4709
13160
21554
3431
26191
17772
9278
18465
26327
25054
5786
21262
26600
14458
4939
19077
21826
13718
24222
1529
922
8440
25842
24710
16623
1542
10196
21294
5013
10469
15509
13774
22045
23126
14745
4061
17686
8589
21528
10540
7905
11390
17939
18981
7663
22091
11108
9716
13963
161
8737
22333
9705
402
14078
25411
7970
18504
20959
23322
9060
9579
5217
2129
9986
19013
15508
6989
24297
20239
5041
26051
3615
21912
11229
6364
4586
17026
13780
8774
12195
11058
21397
21106
18352
24201
3649
23125
15827
4162
9552
13088
25888
24712
22324
16450
22334
11589
11364
18632
25022
18530
18580
3646
21695
4434
19620
15464
24632
25210
771
7891
5828
17857
4897
16
20905
8590
21560
13639
21810
18716
14662
23339
13532
23535
16006
19921
20203
1151
5584
2661
14935
8540
22899
17377
26141
22386
11528
10775
20512
4135
24922
26206
16439
21384
8137
25016
11338
18489
26447
7784
14299
24867
16388
4704
8015
15933
26231
9429
10577
2562
10403
19487
12832
15730
6399
10200
12352
9760
4568
4833
5717
16674
18577
19240
1878
4659
21456
2786
14343
8615
11404
10248
13309
25067
14862
21604
4433
15565
2581
17157
509
2441
23187
10840
2420
9994
4458
689
17109
18695
386
2567
6530
15047
13380
21355
17302
1746
2755
13641
19080
14948
3477
18586
9893
14767
19681
8457
12636
2141
4578
5830
24418
17267
17399
12411
23269
20416
9523
23498
24897
25342
2113
25273
24602
6901
16644
9292
16391
23145
2167
1638
13401
20730
20091
17644
274
7547
20183
22755
23314
3082
19879
482
14464
15614
24065
16200
11132
19861
13838
9293
5773
2884
5310
9400
20929
13400
22124
15438
9137
10263
15538
10547
12599
15794
16432
18094
7201
13130
816
2475
5302
20503
24720
18901
8780
577
19721
4631
24629
3007
20549
18733
1787
23550
2591
1332
8527
24250
7398
22892
16166
25836
11643
13667
25275
17783
19152
18135
6891
331
13181
14345
10281
10190
25664
4235
10271
14961
3395
5887
11046
14083
12924
3900
9006
25157
3501
20519
13481
4497
2448
9494
14472
14164
8004
22009
20703
958
22978
7988
21277
9110
17185
5259
20420
25913
220
9830
19571
7452
18206
21882
7321
1116
356
12574
9925
22048
26236
7450
15668
6218
774
20931
2658
9707
12780
19922
21927
6565
13254
13564
2874
20464
8368
24203
12595
9762
25798
15734
12867
24515
17446
16613
12401
9653
9701
22070
16092
24519
11072
1358
12327
12802
19459
887
102
15737
24205
10563
2822
6610
2011
20016
7725
5908
7572
11350
18060
14250
24723
621
18287
19769
15808
22328
3622
15784
7846
20142
16133
7469
256
12471
25316
1750
249
17161
15555
25071
3287
557
15948
8341
17323
4943
15364
17926
12829
1119
8064
21471
16033
12388
13488
7430
3277
20400
23873
13764
24161
17341
4252
13750
17433
8972
6355
14861
15957
5214
22763
4767
3353
428
18898
3138
2912
1863
24810
18522
9342
19606
1157
6295
3018
21451
19727
15261
13792
15232
16484
5655
5216
13707
9020
6231
22757
12399
7255
17470
7303
10233
14698
13570
20081
18179
24875
22883
17237
8421
4065
14789
16054
20058
25666
3655
3573
5663
13238
12806
11553
21484
18114
16676
19773
20721
7420
25180
21684
16408
18201
11106
17402
18921
6308
26269
7521
12211
3372
295
23306
22486
18301
16316
24755
2826
2536
15478
4042
21658
23305
19196
9124
5532
1535
13568
15740
111
9403
26133
20973
14898
17500
22784
18848
21478
12967
15406
9726
9225
2816
6244
16434
16080
7590
25714
23517
14073
19878
19549
1187
851
8099
18396
4829
20035
26253
16937
7340
9359
21199
1548
18519
17710
2460
7372
18332
6453
23060
7241
25346
13795
20018
1013
7240
20740
268
19212
1544
4743
12215
6592
14760
7015
4309
23034
4495
3556
25280
8942
9395
8426
13939
21835
18132
5241
190
7953
22028
8853
24517
863
4707
5093
17692
4241
5718
26504
17139
15411
13449
11507
682
18194
21532
21097
3448
12618
15965
24228
23323
19600
23307
82
4255
3006
1895
14174
3656
18913
18389
93
9406
21751
25931
7680
10847
14228
18305
26096
1204
15275
10211
18626
15159
6470
3925
2268
21631
20532
18682
25209
25787
17765
159
12869
3977
2484
4569
17730
2290
113
11119
3384
10837
19207
1240
2779
12230
4835
12824
15577
4933
16167
9956
454
7963
18271
20419
20925
1714
12462
11388
23272
5053
6178
17361
26296
22368
16348
23579
16083
4962
16191
2193
20272
8223
8541
20409
21244
17933
13290
6307
4259
12785
20141
5803
21272
1066
12621
18258
1561
1194
19561
26622
17914
3258
12632
17514
9683
18931
11659
7427
4715
11501
3666
22858
5732
9869
16731
3499
18708
9127
1216
20414
13422
9307
9213
3011
17358
2674
7946
10451
8455
23054
6613
635
5114
18069
14198
950
14482
14158
16367
21268
6457
24804
244
2798
23055
8536
8546
6
7703
12320
22693
7865
17804
6921
8439
6368
9203
8727
1492
25791
7119
14632
13184
24728
4773
4168
14885
10739
7923
1606
24991
16585
18169
25880
9500
15652
2845
13079
10396
4565
1992
9474
14679
4940
23876
25174
5909
15477
24243
6271
23977
7561
14301
13017
2597
8349
202
4316
9302
9511
19520
25013
24995
6576
8643
5652
8133
8352
8254
18569
19245
12758
15939
24444
13223
741
24263
20789
8056
7562
1915
12345
16194
20136
3034
25799
22853
8131
19624
21477
16410
16774
17012
16819
13933
18180
17009
20474
12659
3005
846
19832
18673
18066
2756
22163
25156
24972
4276
9113
26351
24806
12883
20785
19821
4103
12941
3409
17687
18542
20738
1797
8342
760
24709
19024
18951
169
327
10462
19613
9109
3251
6423
21160
22758
8893
24551
14749
22822
18399
22992
21735
9863
21386
3253
9516
20550
18485
8353
14923
7389
4682
22545
8538
5832
15010
7783
13992
4370
2814
1341
4154
16764
4373
11212
15162
3125
3030
25265
23456
14928
3041
6569
20399
2925
19234
12604
26100
13919
24499
23599
4210
2429
22769
8238
18495
2281
16962
1973
5875
18722
24938
21145
9485
5065
10455
7187
22864
12850
9509
13849
8492
9501
1289
14300
14837
8642
8487
4399
8407
22750
632
9214
22449
15115
8655
22015
22835
16108
16589
16136
18013
22106
22796
18839
11122
12173
20470
8627
1729
11607
16257
6532
20219
24879
23514
22137
9571
16865
22877
25160
11579
20473
284
4041
13839
22443
14465
11460
13233
4455
4054
4983
7828
17673
12357
7910
22703
1118
17743
16431
16958
19897
24231
9718
1623
8383
16376
25259
15078
24746
24421
18057
4453
15493
19268
23396
16326
17386
10374
6560
758
12199
22964
1598
13829
17384
24904
22108
25086
19602
25404
21229
2908
19971
15936
3570
15621
18441
26459
9950
16314
21509
23957
7253
12702
22875
15813
13411
12302
17781
13240
24111
20734
9319
9648
23894
25963
22027
12963
14816
18473
2921
16966
17820
21540
7628
3316
23063
13861
23332
19217
20769
2564
5483
2706
22446
283
23045
1123
22707
21655
17683
21147
24461
21189
12362
24567
16049
417
4440
26577
8874
5775
13224
13730
25795
14489
17954
15064
296
21238
8997
17378
19804
12926
18254
7734
321
558
25778
10801
19046
11516
13129
6289
15053
4508
3337
23011
26017
1587
7127
11605
156
18600
19587
11546
19349
1115
20007
849
11065
16715
2419
21989
13361
23575
1512
21980
5169
15237
21895
18210
21093
20727
25190
4478
9794
5158
21574
3262
17295
22493
7757
25145
17149
6176
4689
23606
14991
15401
23881
4402
26098
13176
12646
80
3123
5743
1285
13389
18073
14080
19510
26365
24279
15382
23297
8965
18994
2862
8605
15786
9914
625
22837
11490
24893
25796
7747
24672
12333
14715
23068
13279
1596
1035
22647
12324
7670
19099
14285
12822
18694
24989
4412
1209
7994
17152
21455
12630
24484
13831
25789
4782
554
15894
24914
2856
12174
26234
21134
7952
9522
17265
21671
21156
1712
5963
5108
3027
8105
10776
22642
21108
2550
14896
2886
12994
11334
23316
8059
20082
18196
12664
14070
14652
24626
9067
7940
5847
9525
2499
19089
1338
23336
1491
2295
19666
11121
9568
4991
6342
26435
19048
2906
9034
15122
13047
18357
15026
8654
18406
648
3681
5009
17867
12191
13930
26492
7341
25394
15305
18628
24069
13543
6885
3755
6594
16395
18416
10228
9810
21949
14823
3552
19145
658
5734
18198
1342
1991
9055
17725
12393
7712
9170
5934
20114
15803
16530
23049
1723
12585
22701
2604
3610
25722
7283
6217
14627
14870
9386
8244
5983
9865
9439
9723
19985
22536
14002
2871
110
16778
25138
26418
22164
8458
18071
9165
16411
11542
1700
2830
16622
18141
7844
16851
23483
5292
8658
3540
6589
25021
18192
3417
4140
1864
19202
6944
8046
19081
20828
3416
12677
13159
4902
7301
2514
3225
5716
6927
15641
24555
24511
14486
18457
15586
8715
17418
1223
18705
241
22951
5522
5268
24652
10246
9267
2544
4694
20215
7277
25887
24149
1129
5477
4676
17147
4934
1006
23983
24737
13020
18074
6341
4551
8450
26090
17964
16708
23361
13397
20067
8078
6981
9421
11139
19347
8041
6915
2802
10175
24929
14963
2761
11177
26140
354
3541
26640
21624
23878
15198
20949
9299
4588
22740
23287
16018
12704
25178
5819
16992
243
12418
6559
26146
4149
10036
17900
11391
23549
16438
26310
12381
2580
3150
11248
9141
8936
23982
521
14808
18308
16206
22196
15476
26280
12906
22664
9962
9611
19076
8578
10198
17228
15998
19278
10849
17448
14872
17923
7990
8672
9367
8481
7989
17780
12633
26597
12912
4760
8370
9348
4079
12246
7002
15609
18851
20946
4198
13965
19936
10392
11159
22025
15071
19845
13323
18588
11570
18660
3036
16717
17391
25662
16211
13076
14839
25023
25818
7290
1838
19119
18572
15819
8807
9257
4713
25669
9843
8838
9912
12798
12648
16509
12373
22120
4095
1572
870
22542
4224
22953
9063
6917
17891
3269
13894
23156
12790
7976
14573
25177
19712
17320
7800
19036
3713
6936
15402
18681
22117
18374
14232
24044
21592
26290
20746
2879
17758
17993
2254
25797
7915
8841
4384
4783
22101
23120
9251
21479
440
578
2796
1497
1060
4791
19523
25858
15319
23555
19673
9995
2389
25719
25186
26616
21308
12788
23950
10728
13447
9632
9455
107
20106
13465
12389
25329
6468
23122
10148
17741
23501
25706
1010
22955
24167
12807
23085
4312
5899
16144
18054
23890
6354
2002
15832
10195
14071
263
18584
9969
20719
14817
3035
6247
22114
7643
4397
16979
12882
11346
22210
12260
1753
8710
3299
3803
8393
495
871
16934
16081
10544
12334
6562
16957
151
22717
15113
8790
3777
3025
12178
8115
23860
2527
4711
9442
12619
22780
23544
9011
15583
18265
25979
22995
1518
14761
8429
12964
11314
16335
19825
19652
1867
13198
26540
26069
19273
18539
11617
1884
13071
15635
3074
16511
4114
25919
17343
21105
8707
21521
13749
4496
11529
24926
13480
19645
2467
9566
9335
17083
9432
16828
4770
3305
19792
26266
862
7512
17167
917
4647
7782
4990
9889
26619
647
20914
2572
2877
12947
16409
10570
200
22160
8733
20218
21908
21517
19976
14283
21343
6500
12750
25422
20575
6356
5463
11575
2574
14931
16886
1279
13054
17148
9259
21406
22782
8587
7310
131
24891
11167
20801
3259
18659
17838
1986
3432
5536
25960
8661
16993
16773
26562
20029
22690
2502
8525
22253
16838
3923
3629
17129
19867
21159
16756
8331
11639
15018
4536
13711
208
15921
22229
1354
22058
13523
20493
17429
5807
22831
18494
14893
8304
17705
10461
26056
17464
16399
4377
22962
7428
3952
328
18257
12201
21351
13230
13559
17991
13719
15971
1516
17750
11532
23366
7520
15788
14503
16250
16632
17138
16332
16943
1536
7126
15060
20974
17014
8573
21113
503
12808
9704
5575
1211
16436
20086
15368
26291
8240
11369
9646
25906
15582
12451
9026
395
13041
26499
12668
13745
14288
20720
18246
4803
5070
17253
422
6193
16017
21951
23185
2840
23410
4147
26581
9674
19179
1853
18683
19226
2634
13776
24608
21981
842
21096
15950
10242
14832
12643
8806
18545
8230
7884
2942
624
8588
15546
15427
23084
10548
8518
1141
15143
8100
2743
8708
21359
15176
18647
8724
8960
9670
4180
13206
6367
14062
16510
1615
19090
9004
26568
21232
22697
21549
5699
3272
7390
2396
16003
19198
13415
18402
22402
21648
3769
22859
18576
9263
13462
21831
9583
23590
16013
7825
508
18029
23394
22030
2669
21595
6440
15664
18004
4969
21544
2390
14258
26053
152
25297
9384
20820
19526
19190
2172
25885
16524
9246
16505
18335
20466
8884
13860
13510
17308
1841
13720
4304
7617
4601
15513
8344
18653
14912
13787
3211
19172
19512
165
24002
26521
24734
16525
14748
20232
22157
7954
18702
15358
14615
19912
3328
24592
23313
7008
26297
1695
4795
4372
21473
22188
6890
16637
2009
4673
11621
19777
24420
4954
5601
1525
11504
25696
16342
15536
18639
10395
18567
26585
19068
8377
10253
23371
17889
5589
8347
13333
23512
24292
22344
21651
15739
17382
22933
1181
25958
19938
8318
26628
16212
1912
4618
23441
24978
24293
8667
20200
20582
22827
2500
1979
13000
22474
12787
9593
14581
16338
3279
16274
13950
8639
16666
6215
20293
7821
14167
19257
15370
16817
21775
15091
21566
20113
5092
620
499
3756
1856
5704
16746
7004
21135
269
17981
223
16660
5060
7895
4852
25988
13898
5711
11535
12237
23504
10308
21460
3144
177
7210
17973
8660
7826
430
19228
10543
6459
25654
25031
18728
18364
23892
18434
19857
6947
11205
25341
13937
13083
20169
10209
6454
25652
14077
11383
9248
8123
90
8355
21788
5981
5801
7353
14983
25065
13560
19403
15422
6540
22037
16047
24776
174
19962
3223
12587
674
19095
2547
16129
14956
22635
22056
14727
11193
9592
3665
1612
13283
13336
16503
3691
11594
23350
2696
14213
20424
7368
4754
6261
4740
20228
4292
20182
16199
22423
24500
17767
24447
11601
22044
11097
25831
20009
16067
4857
5821
12698
21632
20294
4166
3522
12874
145
20545
423
20782
25909
17021
14685
14980
20266
8375
12367
26211
19531
23418
10768
23000
22411
18162
23059
4844
16518
5684
21690
3052
17259
26569
4291
5167
9449
24081
4804
19279
4403
22669
23436
18638
17916
12331
20737
19876
14751
7522
2735
1977
13026
26524
12420
24110
14959
3536
23464
6521
18930
14665
10320
15433
4830
6202
18915
12319
17425
12317
26623
8249
3528
2543
18379
4302
10821
9112
26073
16581
19108
18191
24429
26419
12202
4444
18270
26107
22069
12170
7217
9369
9190
21361
5249
1218
9519
22367
6988
21316
20945
8120
3349
22336
10779
7494
25170
189
8036
18133
7232
16444
16843
14313
14520
1913
7694
13697
12466
9761
16196
1692
16767
9009
25032
326
11590
286
25996
16038
19886
6465
10562
15191
3788
10155
25197
19820
23124
14794
4521
26135
3954
26407
8334
9741
8508
18354
24036
21555
15428
22668
3227
4917
7720
25420
2142
10029
21314
8423
16588
16665
22252
21823
7499
23917
4894
14082
680
3103
23092
25930
17318
1908
15969
19142
15304
3521
24599
14611
15346
16341
24906
22971
4400
24168
19461
4988
16322
2768
24785
25878
4253
21183
26473
11249
13504
20128
26270
13068
21258
26429
3731
18693
1000
962
13505
4314
5265
19535
18548
25805
17782
2722
7254
1030
8286
7195
3551
15363
15124
4039
24552
13052
9365
1062
15080
158
15648
6508
5654
230
16862
17001
8973
12438
1069
26307
4279
22696
7758
24951
10434
20417
3708
26539
6963
6305
26444
8436
7182
23995
9388
15153
22850
3949
15627
1149
9389
15315
6232
10231
22104
2394
13778
25307
17140
8394
20242
18723
3799
16472
12586
108
11180
16044
768
16584
24008
4045
23188
24163
9014
14270
15670
4286
24752
14673
4736
18221
3946
25904
9221
3076
1904
14630
20188
975
4819
8663
2404
7926
7723
2695
18840
10753
15308
203
10789
24164
24043
25947
12699
13470
9030
2855
9036
24464
4880
9540
19554
24928
23138
17787
3008
15654
15454
5883
9197
396
9657
24283
7007
24692
4089
20707
17178
25823
9698
3660
22819
7330
4441
7945
23457
18648
9860
3408
3912
19435
5751
18630
9114
19601
16870
2680
8449
11474
9393
12958
5705
19691
15988
15949
10755
22264
5526
22634
18130
13785
25012
3012
1786
14463
21480
3668
19584
897
23149
13817
11348
11426
10152
5069
18460
26314
4981
205
465
19704
14742
23118
7768
25944
4702
12834
9234
25761
11531
26343
12644
953
13354
850
1186
14451
22498
10787
1124
11199
12914
23351
14783
5157
20039
11455
3471
13286
7172
23475
10261
13669
14311
9404
14762
19164
20011
22777
26214
1147
25684
12781
24588
21001
9601
20020
22645
16559
23136
24058
5071
8043
18334
17282
12812
2783
24049
15816
4697
14084
361
23502
8266
9943
6578
683
24898
6211
8784
26329
12616
3897
21101
4552
12651
18328
14594
18623
10541
18918
14506
24011
15506
4423
20483
12762
15332
20230
429
22814
23373
22748
8937
5017
3274
17732
25856
5904
16137
7132
11657
24396
21120
6393
1581
23165
12217
6549
26624
24299
2961
15550
6476
13954
2986
26303
23368
19045
4386
8392
16406
23863
4199
19708
5263
15975
25665
18841
9531
16633
5565
8075
8373
7188
18252
2632
15096
8047
13971
734
8801
21470
11174
3330
11118
23974
9639
9931
15572
6971
26273
18218
8060
305
20913
6954
7376
14860
2462
22421
16330
14310
2289
8358
16131
3961
13996
18093
5671
16595
8808
3929
20952
10278
7315
23195
5164
13855
21466
13878
25966
17932
633
5980
5503
8281
23891
2266
2607
19137
3435
12569
3595
1871
10465
9373
21757
5762
18642
16972
8594
14519
20764
10266
8110
369
246
22096
13490
7200
9647
16170
2901
6864
18245
11239
6914
1609
12605
14850
21663
5504
14688
25973
10379
22979
18259
13384
21278
16363
17235
6596
7914
22660
17128
18355
20097
2436
14882
6389
24802
4101
5580
20006
16295
23986
8452
13782
11055
5961
3633
14157
22541
7354
9303
16576
24738
7157
26181
17342
2007
26232
15503
22422
15296
15837
3790
13393
22945
23101
14066
5713
3721
24142
16744
7903
12347
14583
17181
8732
13171
16654
9423
14589
12340
19928
2659
17842
17163
5700
21942
13138
24977
14599
11309
26478
8776
4239
22415
7243
4790
12341
5691
3652
25149
26517
26016
3801
15530
11556
15920
18281
8664
19508
15834
22523
11498
4775
9173
25969
7419
2687
21576
26405
26373
1046
4152
3157
25281
10756
14926
23020
17404
672
19156
3092
10302
17089
22904
24915
7476
4110
23409
13294
18844
21607
6611
20911
2955
18904
372
23072
7879
19579
15811
20026
20489
25266
6604
24777
26099
25310
3003
13698
19538
8034
16343
1892
24953
6892
3160
18696
16876
10328
16286
22063
2647
21016
21510
9768
23604
257
10183
25141
22516
16207
25751
16545
21978
942
7943
18565
19590
12783
20524
7767
10258
4109
1634
25937
24667
24766
5203
3221
17674
17930
6242
24260
18559
12422
15125
4891
17469
9977
19171
26323
11225
16751
12974
9155
15515
17870
17266
3734
2819
6208
20978
19329
22001
12763
14163
22176
13398
23173
6401
18092
16880
8800
2577
15001
4516
6527
7902
21481
7760
16923
15400
10337
17101
2182
13359
23422
23276
1114
3224
15000
22761
1752
25396
16551
3460
9265
11602
16208
2603
3750
310
1717
15773
23012
7165
14338
21685
22389
15526
26366
24944
17898
21918
18088
4646
4081
8934
18463
6381
20120
20967
16954
8118
17270
14699
18721
19733
2606
12916
743
7881
19680
12224
24302
26511
15085
11384
8229
12779
21217
15366
22130
1180
14728
8604
19110
1193
17777
26503
4698
5754
8493
1921
22504
893
19525
19475
24035
17238
26440
15766
10324
18255
15790
23196
21005
2614
392
4075
21472
7385
8878
2801
25816
22817
1033
16205
22072
391
13571
20699
5151
16883
7402
344
3567
13695
20449
20773
15750
22657
5538
24907
16611
18718
3533
1900
14216
19473
12629
23157
5797
4755
19940
20411
9422
7693
19893
12667
3672
3057
21340
11512
3010
17972
16580
22698
21807
2938
1647
5572
25018
18103
5054
23910
4877
17731
13169
4250
17272
14072
1705
9417
21032
10288
13666
1142
3617
19850
4710
6561
2690
7856
24955
1032
26272
19016
11514
5851
19796
20729
8831
954
518
7796
6214
14780
1061
25365
19653
18041
657
9858
19779
5493
19061
13793
2291
7175
12801
17226
8007
15403
8706
4967
23962
17754
13165
6984
147
23372
247
18368
1343
25784
4479
26364
9542
26374
18709
2155
19236
10005
9341
6612
2293
232
7140
12901
22976
23491
4942
7807
6221
15404
14249
8992
24032
15552
1798
8182
25995
13797
6534
5936
19033
25924
9546
6990
421
5161
18761
3733
19984
2679
4956
5562
13686
20396
24200
15970
2512
16752
91
24471
14664
13825
4842
3783
14509
12959
1628
16655
2922
6843
6181
18736
24993
14096
3695
8428
19679
11587
14989
22454
6581
19955
13924
16012
8835
7541
18462
20448
1522
24787
16956
19351
11154
4881
14799
9825
338
7123
22463
10189
24644
24003
9284
14642
17749
17177
13702
10230
7549
18743
22169
2595
14188
20901
8420
8609
6333
10188
8510
26400
3693
3962
19298
26233
7352
20240
25676
22532
14696
19643
4703
7869
5723
26422
26221
23540
881
12970
1047
3314
22469
13940
7147
26143
9249
25274
3231
4116
14149
17155
323
13098
17850
3967
9676
872
435
13834
12920
20124
11495
7203
3795
26359
21000
10140
6929
21425
21462
7174
21994
17719
12810
18513
21571
24466
2608
23474
15280
21338
26071
26061
8343
26067
17904
5884
4999
14162
10752
14883
16664
5941
13784
6466
18939
20394
25076
19316
19609
536
22842
23953
16591
18276
15833
13918
8561
22437
18358
5508
7510
7831
1981
2453
3620
13210
7448
4717
16173
17501
4555
6545
26000
13253
669
8797
446
23279
1563
19751
14897
5763
19195
17106
17412
15672
18188
19030
12321
14148
12184
17690
17738
26496
8157
5715
9144
12344
15032
15516
497
16248
4519
15322
3941
2904
10397
7429
8834
10385
19826
24544
12360
7907
16223
26058
22771
11636
18268
13630
15899
19827
17229
26467
12965
9744
1721
25089
16031
10339
13116
22205
7688
9607
25865
24968
4800
22088
15142
20754
460
16757
25201
4421
1711
24935
18965
25046
15012
23337
7886
26610
14526
19880
293
13761
4411
6263
12570
14853
20252
23551
3726
15499
6573
7576
22060
14626
16141
15329
4445
6603
19522
12227
100
24485
20276
17424
15134
2584
26403
18658
6606
9355
653
10851
13067
4293
21533
18911
19492
4627
15055
22695
16820
12376
21635
5574
19748
17935
14694
20290
17287
13126
11561
20987
513
21439
7897
5096
21182
24046
260
21643
1004
16036
4273
18704
7700
21818
896
9051
18077
3204
2698
16433
12395
20821
7646
13434
22749
7996
8096
237
3310
2792
8160
6591
15101
10586
7851
11600
12428
18697
167
884
980
9275
17887
18543
17450
23975
4834
15597
6365
18837
19467
23003
1541
21146
10437
21344
8502
3974
3648
6336
1143
9101
6614
8489
13759
8310
14291
18602
20780
18208
15785
12898
22638
18187
13489
12364
15155
13518
1880
11393
19431
19116
24556
21928
8607
26469
22500
4419
24594
22966
21331
15263
24430
18635
22178
13891
23383
22909
3682
23128
24970
17960
6842
16060
17757
9826
3496
21193
24133
8864
1094
11392
17843
23912
9821
19086
14958
25183
24934
4611
21718
7435
16352
10446
24245
8702
6407
21443
7794
16164
7925
19542
23298
13471
7837
4125
26368
20151
22988
23078
19302
23868
21630
14052
13729
11428
8827
4213
5877
15435
18455
6186
2490
5097
19541
9495
5959
902
6199
2620
24307
23965
21187
15075
23404
18370
7539
7488
5067
19185
12791
347
15771
22903
24633
3377
16577
2699
22727
13239
11412
5943
25395
19730
26609
9923
24921
16643
14969
19920
17151
11596
15491
21345
4171
26179
10401
16231
2960
18272
17742
5257
21136
20144
16389
16932
20108
22497
9710
21241
16371
510
15746
4759
8796
16082
20421
10838
19282
3811
1646
534
538
22767
17130
14596
17133
3218
3360
16835
25716
26356
16469
18213
5231
1020
12450
5927
12899
9591
1017
11563
8596
7121
5498
6542
18552
11584
1018
18916
565
9659
976
25326
22547
15521
23448
8616
5866
9032
13441
20460
2393
21245
21205
13048
26199
3653
8293
16347
12665
5281
25383
20427
25152
9290
23484
9031
6413
753
13936
19875
20758
15119
7810
13391
19276
8999
18730
16678
8369
3235
16443
22906
23053
17362
10240
21538
26101
6574
5558
22327
21667
16732
4303
24739
7268
5236
17296
126
12231
18852
6351
11361
9505
3482
9021
1011
2530
11211
4993
7588
24096
18845
8871
4144
2945
25699
14453
3020
5554
20469
12262
8114
12613
4778
19154
21771
2803
9757
22482
4219
17444
24016
5870
17120
3172
15466
15172
20709
11308
23980
21263
4970
15180
26463
19981
5794
9719
8867
14347
9185
8132
3616
7708
19871
16473
12705
641
11355
25808
9102
8670
17260
16362
6916
25271
4914
20995
2185
26430
11340
25961
2910
22479
623
25258
18129
7868
16722
7403
12884
144
4806
21678
2967
4797
16492
20241
9320
18014
2827
23275
4395
3904
24800
19330
651
18369
1783
461
24871
418
1857
15533
21201
6431
23471
24894
17835
16574
16229
4064
11462
2885
14744
15999
12870
16035
7992
24145
5469
23999
18316
17451
12198
13287
7386
4481
18501
9041
4554
26546
26413
16415
15217
15797
22223
22985
17134
4672
6191
26391
18654
18228
16657
14891
22400
14180
3530
4108
12423
24956
14227
22974
22093
14238
20481
4499
23909
24030
6255
5068
894
13850
23171
24503
20431
2657
14469
1840
12218
10018
24583
12430
6841
26636
3168
3933
23987
15628
11054
7163
13378
8443
3021
8042
404
10723
4811
23111
22944
10004
17086
18095
15262
16025
8277
3239
420
26416
23148
1192
9440
21597
25860
11447
6332
5138
4813
1595
16656
997
9382
7730
15248
15504
9390
22111
8142
18215
4201
5016
2865
2636
19605
5491
7661
24607
21625
8516
13317
14336
21291
25386
11176
20295
10730
17861
12675
4415
2521
15829
22004
16532
13298
1690
18238
18578
24059
5841
21186
14876
26618
6446
26239
15129
3513
20452
7911
2648
9850
21674
15127
7729
17702
23191
11624
10777
8932
11493
25374
19216
2630
25001
3659
23461
2642
18146
8717
3167
242
19157
3780
25323
22685
2442
7582
9254
12164
14720
17115
4483
4794
3535
20415
1113
22068
17729
12757
11335
23002
3444
25196
564
9550
4185
23510
1244
7483
21739
18056
2812
7866
9692
14804
14269
11479
24116
121
3618
2917
9264
755
4706
26152
7780
5219
20752
24501
8833
14903
11068
5843
26342
26462
13435
14282
2198
3002
12385
25163
8103
5975
21800
22090
10559
3576
23963
25854
24098
13969
2673
17751
8631
16188
13226
21362
8745
23904
18587
3500
5839
14580
18729
12620
18300
18948
6238
15303
16321
14982
21943
8211
3481
12214
20731
23970
8026
8242
22365
18689
530
2977
6406
3245
8037
4863
24618
7235
21302
2428
24945
943
1120
21947
5987
4188
16405
7745
7411
8225
1072
20897
3916
7208
13265
1526
13127
25750
24061
2465
15144
12908
17871
20459
3053
13386
12394
14710
18104
11394
5901
13885
5571
25736
6258
5965
9641
25893
4308
23523
10318
24004
22481
10150
25179
17515
24252
23356
18967
6547
914
25742
26353
13535
21188
21265
11162
26415
18082
18123
24526
20222
470
19754
19973
16488
13879
22360
325
21305
15956
11543
16981
24433
23182
13337
5487
17269
5533
12987
15488
24508
16815
12432
24639
11152
23605
4170
12261
9362
18905
3690
2633
10168
4221
24663
207
947
17816
18231
5948
11437
11085
14660
9699
12858
2672
5759
10019
15376
3601
14466
4215
19888
16573
15345
16076
6267
2148
3624
21740
15154
13192
9992
15185
16359
12775
6492
23882
5213
1105
8262
5105
18075
18661
24206
18668
16824
5955
10257
9466
5736
5512
7388
19782
18947
22507
11630
10471
24210
3498
9198
24909
5662
15361
18974
7743
3786
16521
19054
18050
16994
24180
1356
25754
8977
19481
23607
25037
16539
13431
22011
13871
9048
4514
23564
18250
2143
628
21797
19399
24697
24221
21006
13926
15656
26632
9805
21626
22846
21129
3265
16421
26397
21637
23477
2619
7921
6298
26350
23990
20811
16022
26057
3407
22089
16601
1227
19701
120
13887
4501
8435
19676
11144
3134
9035
19684
13154
17278
15025
19877
933
20171
25317
22433
14571
393
7964
20270
1093
15317
10400
170
5175
22184
2524
21872
21723
26001
9933
9139
6600
2263
13921
462
6918
9062
907
3531
26313
13372
17863
4749
19965
860
17379
9353
11200
9882
21760
9619
10217
3198
4802
16056
4994
4849
3297
7913
18475
2790
4220
9896
15763
15594
21203
19800
17369
25899
666
22341
13769
1019
2592
2446
5066
542
16848
2555
25147
24489
3371
21117
688
8983
13329
5733
6902
21408
11112
2677
6511
13249
20472
24296
3019
2959
22939
15293
11319
5248
15405
14746
21237
19619
19575
8500
13080
17703
3642
26339
17844
23193
23440
2997
12257
1546
9847
7316
3518
13222
18959
16158
14801
19509
7194
26004
13884
15259
23116
20085
24575
12921
24301
21194
12582
13050
4374
14200
13932
15924
18240
26381
19252
11197
26005
24865
19271
15354
6240
6420
9894
2782
18078
1490
19838
2878
7406
14175
22071
9909
11400
8996
20157
26571
132
15014
4946
13509
2126
19530
6896
12431
19539
16195
20517
2732
17837
19755
13305
20102
15443
17790
19491
13976
3724
19728
20123
15959
8719
10758
18117
18849
3347
5298
13108
5282
25373
15900
8636
8701
16998
8859
13291
4634
2003
19899
2121
14940
5940
25325
19761
18842
13095
26207
20511
19959
25671
569
26621
5892
24568
138
19752
7323
10806
16884
4864
22666
25889
16579
12765
24717
16419
1509
25772
4405
17186
3426
13624
17990
15043
21360
21387
25846
24689
11541
21721
22235
9308
20258
7916
23341
25338
2556
12761
4762
1616
4625
12679
4267
9058
427
26085
15106
12417
16293
8291
1865
9236
8870
12397
21784
21579
13248
1744
24112
7391
3393
15407
21140
3673
26558
15062
19232
12596
16292
12900
22405
9658
9536
24158
25935
10307
1784
24643
22509
2987
19265
19191
24027
17179
5587
16161
16863
16557
3348
8354
11627
198
21489
7772
6595
2478
4825
239
16719
5465
14156
21426
17980
1565
20958
16055
3070
22709
25212
8245
23453
12213
23991
8082
25915
13032
25855
24215
8877
26452
6301
13533
16535
21296
10556
3175
10187
15494
1887
2858
19607
13274
5301
15002
19550
9154
15225
7142
16101
3343
140
11544
5846
15942
16310
22818
13944
1528
9640
21019
13321
15531
13332
2573
4093
7790
17432
10470
14649
300
20444
7859
4729
12175
22478
24657
16953
19321
22189
5871
13853
12872
21997
841
24564
31
16700
18468
10226
22404
25148
26222
2990
25721
17231
14578
2893
17498
18960
26411
2640
4226
7297
307
19291
9712
16999
5303
16969
20541
5049
5542
7209
19125
7662
19400
17943
20056
20388
22677
3433
23539
16599
24192
8599
11644
15549
26065
24694
9685
4131
6602
18424
14756
24048
4063
19477
13552
17474
3102
22053
18711
25270
18537
19112
23889
7761
25726
18313
5561
16312
26114
4457
14786
13773
24733
19829
9559
12978
18972
16888
7502
22339
3404
20220
12759
24219
25729
17367
20467
24675
23408
12770
8613
17279
17714
19421
24237
6956
26257
12992
26578
14572
9427
25921
5261
21017
16536
5003
277
4104
7477
6536
9727
17008
14738
16340
13172
501
17107
21932
15601
12463
5258
25426
2525
15233
20805
9940
2529
9637
7878
14516
24974
22084
19071
2794
20948
5267
21125
9337
21421
11469
18700
11134
25171
15987
6998
11109
12925
15902
4824
9433
4737
334
21285
11478
21321
7463
10319
15152
20395
13748
14605
20786
4132
3983
23411
26317
15186
21174
13439
8993
6568
5505
22683
21531
11368
8741
21251
14209
5798
24465
16745
2780
19442
23493
11321
22812
9233
16946
19210
25661
4271
11186
26195
94
8657
8466
23117
5774
25295
4895
21336
9038
23086
24716
18482
3130
22834
18
8079
21126
6504
9199
1015
8842
14461
20391
6175
19882
16159
17303
9594
7570
17144
24931
17888
23439
16088
8087
21993
7679
2122
14459
22868
18336
5720
16772
22168
4735
2656
92
25883
5729
22078
17510
371
9556
16185
20150
744
9835
8504
8465
18411
21274
19582
15792
9481
15968
3129
12371
7511
13022
8948
1724
2194
8962
18464
7622
9227
12406
12419
20025
4447
1982
22746
5251
21234
26471
8731
26158
20053
398
18459
2487
25330
8544
4796
2152
15830
1288
18323
12854
25056
20528
19615
7135
20021
23153
5770
10443
3389
18380
9569
26601
24123
15620
22844
3980
25680
19063
24580
7365
2415
14831
13446
8939
19964
7696
14922
24308
16237
20450
11315
26248
22174
13847
10444
14994
24786
10798
12461
10003
20506
19204
21127
6451
14055
8018
2559
20249
21657
1742
3976
16734
6868
9833
25976
22485
4560
18645
13775
16822
17875
18365
1621
17395
4909
21946
11385
16059
8623
25886
13925
14697
15666
19910
5603
26427
18038
2848
12312
24422
22119
10221
26508
3511
4987
17724
769
17252
3774
9005
4537
22113
12840
14708
25905
7478
4117
2974
15200
11044
19078
10387
19424
17430
7591
4731
20969
15314
7459
745
26613
16866
19795
8892
19672
21990
3579
3674
25393
15282
3614
5130
6880
3919
13123
10338
8553
3304
13137
24718
6430
4375
8329
837
7546
19436
21365
26556
18124
1617
17025
12235
3911
4450
15362
3469
18127
10839
14877
24647
18002
5494
8640
20404
22032
25078
18138
13893
5920
11573
19322
1597
20563
4644
4313
3206
7286
19176
16217
13649
20283
10031
17671
414
17309
8129
1976
20539
1994
11451
2461
4127
21293
21261
2157
15371
2847
18507
3296
13866
13956
7302
26573
4460
20753
4590
19822
9507
22438
4055
22762
25340
19177
179
9457
15487
12776
13191
21907
20518
9215
8256
16854
22385
20118
14671
19969
15796
23369
20523
4870
13082
18283
22793
9042
7152
21330
4169
25747
3993
17951
4462
15095
20074
3565
19934
1636
24532
25370
4393
25262
17734
14608
23406
3247
19961
17872
18724
298
2766
349
1925
6518
23928
14768
15905
16813
20213
18715
17970
13546
2711
15489
10458
15986
9017
8243
24504
21828
5822
8970
19014
18589
8574
6187
22115
16192
19665
5868
2688
3195
934
13881
17713
11083
4058
2264
19028
12690
8003
3745
13701
1901
19780
15300
25841
3918
22357
19816
26505
6412
15039
23594
23582
15755
14222
23141
1839
18319
23442
25730
1083
26441
3234
302
737
16422
687
15810
251
11395
26052
12647
8795
18356
19328
3256
24153
16849
1345
1716
15335
20274
21259
18304
18978
12782
25843
9983
13147
16392
14317
24079
1278
6905
3181
12269
25914
16649
17281
12881
468
5903
17413
15978
24724
13120
13882
21502
8401
12241
15389
16827
20535
6978
22077
5913
17851
8956
3523
22349
19783
16028
8270
4641
20543
22153
25690
13911
18419
15105
23569
10181
12855
22910
18427
2760
24490
16126
14229
22792
11080
3687
22718
843
19292
3725
6953
20504
15379
139
14978
15006
21769
18686
17306
25724
5159
24073
18748
5102
16176
14058
15
882
20383
13234
15929
7251
7183
4538
11598
15210
18603
1577
7961
19945
9656
2561
19513
13096
18956
1858
2466
8744
6300
8789
13827
11317
9773
17827
7788
4145
21346
9339
18219
13064
19856
9609
16707
3969
14681
3794
1136
2741
6483
25834
22140
9937
13189
9989
21011
11500
8600
25821
14076
25164
7271
17680
7309
4892
3089
13371
12913
22477
5696
9172
16219
14633
20531
14949
22183
11048
22257
24598
10441
12942
19686
7615
23893
13331
18637
26457
8459
8297
3495
4671
5937
15187
8173
24795
8454
1195
18612
16268
8603
26555
19443
11547
15426
9450
12845
9634
25305
13474
23154
3985
1125
1737
4675
16850
17381
19891
16677
26432
759
16537
2808
355
13133
1993
19476
16553
22900
6509
4527
12631
16609
4216
24933
6270
25351
17928
15901
20977
4158
3667
3797
26285
19536
24195
5035
16079
9166
7317
2939
17685
8543
5209
21301
18450
3000
20578
14999
22676
6878
574
1527
9526
22922
7542
10384
2776
22363
15141
21490
9151
9272
10287
4640
8943
21458
18119
18977
19628
