97921
91902
60154
38022
64533
10967
24733
61854
9265
81823
33788
24897
70665
22507
48045
28652
76545
69465
36154
65935
21052
27310
89409
5569
23057
85181
19968
37474
32382
28426
47352
23317
36174
38828
2406
36633
68354
87753
34491
12230
23413
71330
68217
29510
71254
7294
80588
46322
24741
39031
10101
56293
10352
12229
5476
46010
37448
7579
73973
70116
83908
79339
54514
2241
45260
17462
44228
87793
73796
22586
53593
66822
55586
67512
86648
96856
78530
61759
77967
66868
39846
37255
5931
22511
31984
4081
24796
90691
68153
92541
42139
35297
96169
45958
16597
90206
46177
77910
64035
22116
35137
38859
23059
73810
63869
46089
33406
57205
43210
38962
83618
91392
8728
72172
34958
76672
62148
39777
50196
34135
50012
37463
8196
67277
24732
27512
53213
23700
78541
98187
33441
95533
1732
49479
85127
65771
50214
83601
76240
12082
45614
38367
89438
67755
48953
19829
8791
12097
9846
8813
30209
64211
37890
91193
32615
24232
89323
63415
37583
65077
18479
45037
41760
92109
68602
86466
49229
86452
91486
35131
12606
77163
71816
50757
31415
80566
2364
41427
85264
5332
55591
54713
68020
52724
37372
77981
12288
76098
56107
23024
55237
22964
17932
82593
13515
39763
51828
24387
88963
92439
48207
13613
42367
14316
22250
70994
63647
92752
21998
73547
37603
29064
13637
88846
11740
11126
24126
52427
10100
86039
18446
76219
17271
88295
75198
63547
6039
75083
32183
89479
63648
63978
10204
8053
88318
97541
12265
49796
55178
84421
71549
68710
83754
61061
64034
62260
23660
68204
80618
29249
54317
55430
94470
74426
50582
72952
31077
32153
86451
50171
80799
3350
16646
16259
46523
42869
57514
33143
64675
6608
81365
20869
18838
25479
47974
50983
39914
31685
57617
89050
44276
50839
70725
50708
14263
8467
89629
67208
44592
11707
17702
66697
78359
31354
22168
41750
3757
72897
39834
2618
60490
94657
42793
67505
52801
26773
13839
20431
56355
72170
29091
61693
47835
57046
56768
18040
49546
50369
95653
67899
59890
23100
3941
59967
55991
86046
21661
79677
28564
66913
68976
38985
88613
39929
45297
64811
22197
29764
40309
60795
96220
51968
40924
83953
28240
40793
66690
2478
49663
39472
39080
58499
43003
25600
13490
88280
18478
16394
84595
46093
96535
88948
51355
92916
43419
42454
18450
42451
75902
28702
8264
52231
4142
43989
69137
65715
9698
53133
42484
38739
33033
19685
55744
40610
71895
98195
78621
96657
98289
976
47734
35730
9020
50067
94078
40947
73730
82946
15790
63902
25120
34744
11766
93683
42176
76861
35194
65397
97671
49725
84148
22593
56726
36144
48183
54707
19882
35428
11250
13541
30263
21528
20097
93951
16400
68532
33941
25107
17904
56295
84017
47144
81775
75026
78642
37734
18061
79633
17011
34022
48461
75208
86484
59381
10384
76125
76671
22375
70496
37285
92480
66497
23146
44610
40484
48968
75010
50609
88239
64922
97405
23494
33500
97260
55961
53391
57768
13476
93408
18009
41813
39842
9377
36519
88421
37605
3903
96356
11958
32668
46768
5880
94227
30063
18674
52493
63638
60401
26229
62818
52226
77938
22941
41726
51538
15271
50726
68529
20059
27937
73705
69634
58658
68179
64286
4752
12032
34412
21245
22259
94533
98086
18698
21982
20366
87370
30213
48193
24182
8164
21873
55524
77707
65091
40407
97502
39350
36281
25452
7704
30229
41788
69466
33478
98130
62359
78877
48432
26314
31028
9926
62064
26338
84555
23688
39884
74015
72357
42292
22614
65054
80513
94424
27675
48234
37077
94520
92237
4601
27377
27668
88606
42775
68500
25180
34024
92381
96603
6367
97922
46766
79288
43722
53826
9894
33163
90117
77877
18068
46938
74767
42812
7206
77426
54059
18957
75586
2630
27562
27811
60998
48775
32568
93722
42344
8730
38951
49739
4767
78637
6287
50395
56716
71297
43286
14624
81163
66831
47959
71501
68502
31405
50860
28219
80493
39193
6456
57598
58449
42709
10524
76558
51437
947
45832
95654
7555
84375
69483
43328
32596
76962
17847
66399
75686
70391
49294
30018
31252
80552
21875
91700
46503
59380
95789
10747
83659
22706
1527
43451
12512
35732
19055
65380
37590
16249
14809
18753
97815
88659
7870
69976
72933
51220
89327
98089
91378
96304
68442
64705
81054
43917
24095
6010
5890
52442
14398
40669
71608
50155
12629
40286
65746
66880
58773
23736
89560
94543
2776
30837
66516
93617
19324
79755
77290
39835
20954
19029
77083
35343
30227
46055
49825
10474
27626
42473
46544
47035
92393
36996
22219
40929
22100
30934
58089
54802
32171
26978
88634
16443
59497
52838
59410
5776
10065
84299
90544
86249
39992
35822
57112
31418
59626
52407
13567
42497
83434
30884
92943
28059
41856
86836
32772
25568
8398
20839
41758
43333
61723
48249
8858
29990
95975
74266
52376
80262
23695
28488
79185
19065
72414
22081
9731
90073
57826
11471
79232
36643
41781
7648
56093
87191
65667
20207
36802
52644
37355
6808
55385
154
93019
66495
38992
88968
36906
29916
10525
71333
67285
73340
56208
71712
81977
95397
76561
26710
17553
68085
23576
2831
13624
53477
23349
13314
36148
19496
20746
3821
37608
11595
31909
77747
10832
81952
46528
9721
53393
48031
78377
66285
49799
79518
49217
33934
86449
22959
15014
97073
5426
10014
54800
8917
46486
59584
37028
18186
2447
22451
33199
8861
16562
57353
24851
44394
16017
54280
94513
49945
85790
13634
95307
55339
53670
58275
43558
29143
25909
42121
21941
19936
11599
19603
31771
97193
21319
4082
40103
32704
1840
73287
40978
33312
8572
52460
97771
43983
82861
64612
13620
15946
69985
27632
26571
61182
92876
51846
56945
32333
58136
15228
59392
31650
13965
24669
46725
40981
39841
87440
94834
47878
76318
82765
82466
87271
52614
96509
86642
70283
33094
79402
89389
19799
70573
64470
27477
13596
87182
19779
81720
3649
47098
95907
37339
98102
28421
97895
39799
26540
2985
59637
32929
39094
62785
52330
55469
19535
26078
70309
62844
62382
16935
51706
29583
43270
19888
61484
52369
24159
57690
58875
28659
18199
74401
29096
3314
7622
36202
93783
20871
1744
25350
46713
53598
34537
50289
86641
3482
49328
71453
67393
16147
90298
81257
52971
87197
11699
56311
39760
60265
10988
43443
44298
67568
80373
89771
62585
92704
23776
72947
83871
67356
2358
34984
64896
87895
32792
27324
26904
24146
80643
45332
23838
20796
778
60902
29790
25147
92415
88160
75549
24411
4747
92765
29892
38461
4884
88145
37000
18715
96937
76513
15035
44420
26280
78874
65042
5833
54081
44612
60909
46094
21415
71506
82421
23538
68224
86472
45119
75828
93873
29859
51356
81488
17222
40932
51738
52934
21807
5579
88193
6019
69381
16291
33951
4558
32149
88075
87063
75741
63854
2750
51092
85513
23761
17922
52315
93985
82497
49511
95234
25146
18248
32714
68028
44717
7234
79030
56011
48592
40462
78702
91973
16893
78394
15068
75608
44154
91082
75724
92101
754
30016
70598
46018
47447
6890
53862
27199
50154
45632
22987
12864
4262
11380
51573
19154
48662
92902
31097
46890
58957
25927
61133
53731
39225
89164
26779
56371
60775
23834
62633
17293
17814
92889
34643
50084
6195
82526
46306
42459
31469
33738
74301
30124
53721
64929
67868
73707
10681
1810
50278
63038
67497
25552
52892
53143
52840
46582
22048
23350
97878
9695
20066
48557
42412
62034
20671
78393
10764
28584
73162
80027
75454
79094
20450
46594
97110
22844
94742
42105
67119
76572
17798
68378
78218
8661
27750
50747
92286
60391
34665
98207
20274
76020
9494
48382
80161
67654
67440
231
44181
51549
9680
61223
96755
67459
24477
79582
22936
89518
49270
75412
33182
37548
80996
74235
36409
1148
70146
10748
53344
74058
14408
78565
17483
59310
37228
9519
16471
33882
5342
40178
96899
16945
56959
79174
85891
14642
68509
23478
52903
30232
57076
6507
73962
9473
48960
7936
25783
78360
76794
67485
95008
34849
66436
74376
34645
98171
14364
48156
67341
84808
4163
3551
85157
80779
22232
94588
3542
40588
75051
34065
60044
88189
86319
34992
60388
18150
49932
64690
87431
76554
45109
3371
89271
87390
34279
27080
81714
50539
42404
80413
6304
92048
36593
71984
36370
30222
22113
95621
74381
47884
58776
38146
59851
56345
82427
31408
69513
49808
58882
38876
89988
84457
77553
13661
71957
23075
97035
56761
58117
49661
50512
36897
27593
66524
67478
7613
83667
77281
6293
14698
66137
31019
49770
10575
964
95090
43607
64821
28074
45910
66393
4575
10321
60426
95188
96923
11621
54391
12989
54811
70829
22153
61405
63779
16118
97515
25112
75915
7114
56145
80747
22995
74556
72472
27134
76348
58256
47641
56706
28149
59367
65603
31008
42232
69931
29532
69482
86686
57998
65577
35180
26622
53223
37569
89408
92108
31115
96157
28898
46366
52967
37481
59468
55078
34751
14290
96374
60354
56091
81497
4510
53530
50966
52321
42206
50862
44633
27972
70646
42377
23763
30239
14359
86256
91142
63425
40027
72247
69766
27699
95680
6949
30185
5232
52634
65539
45005
91513
14323
72786
64339
37137
15593
93007
9878
70814
12844
60100
55254
84073
73331
57672
18056
12696
9770
83412
24371
16351
48900
29047
8998
79514
18070
50615
65103
65779
68488
86664
75774
23307
67793
63688
36
69581
67854
59668
23982
89338
68213
13290
44120
82617
57241
1473
51061
9405
46998
77117
57530
86448
21785
26072
32458
19031
55016
59923
68540
8009
54031
9358
23533
30481
17166
63984
67983
34318
63655
10288
9628
23836
44069
57536
29151
12808
9746
15671
59102
82728
3292
24250
4871
59091
34649
77051
10872
97727
67544
62567
86678
55793
56727
21288
22279
5965
11511
48162
45213
77075
21991
88511
38850
27503
73043
76850
36984
82619
81256
35342
50607
26369
12956
22337
74952
84143
58877
46003
4031
89451
26272
64068
85057
65237
85477
67623
13710
84394
47738
56531
26934
28514
48535
13732
52629
57691
74568
61803
40069
50936
62583
50390
81627
48284
71803
50673
87750
56240
83562
35815
86100
11143
46546
95075
95349
51522
85117
31366
87216
60254
12659
18495
15061
45733
38040
22203
67903
18688
73546
73757
43180
24144
4069
70380
58663
22561
58108
65817
37096
34488
56880
46061
64523
58926
73693
42851
62761
90286
34555
73850
53588
46146
57119
40820
2561
52454
21554
39097
36562
54160
32671
81263
64648
19872
65532
52645
80972
33197
27327
67494
26395
59977
48138
20538
35400
82682
23009
37430
97315
52148
51136
94730
22071
49781
27119
61518
71903
33082
34035
39584
38165
53800
78396
89606
55353
86803
63300
28474
21969
36364
10312
72945
81337
85838
71030
61155
30951
40104
6041
51702
61669
23289
20546
11135
61648
61108
29921
46228
48895
49140
71152
43151
56955
74022
78141
35955
93085
80926
76250
75816
77881
20684
7889
49109
67523
44636
64296
11706
53221
29734
84399
47115
71350
89745
15376
30954
84351
44011
27216
71651
8118
97527
67269
95368
43563
74144
30972
54486
74827
65604
73787
50978
6305
16810
21596
16598
41933
10441
83627
35176
81484
30399
66930
43307
89585
96004
4368
86539
39601
92309
67162
25318
98109
96671
36901
22762
94310
11251
87436
89604
61749
89138
84230
77101
45716
60727
90853
45305
71719
70251
21895
27204
25087
12017
31236
79672
56197
67989
57002
1745
49692
89019
10542
46048
27354
27419
33480
36382
81679
21626
17292
85865
31867
89906
44005
59563
8952
43082
62399
44982
38849
2885
15259
6828
24780
62062
67952
54008
50720
96854
15595
29961
43472
31125
61502
48035
2058
64699
38723
57959
36793
39582
45409
46253
11519
71068
29711
35821
94878
83055
27707
74897
77867
91209
48913
42448
6523
45278
88391
95588
81554
46553
13380
17687
43427
48385
12724
18341
63663
47046
74808
25045
59849
27465
65753
41930
35795
42238
91405
28589
20543
47820
74226
91305
84307
76261
63715
3909
48688
6227
51545
23061
64155
66302
91004
95833
27980
28143
72783
11459
44223
70583
80745
28417
20525
12530
17253
77270
83341
41765
45122
83081
87667
72699
88851
46563
79663
70874
44656
83199
90037
11420
32316
46880
23966
52457
97355
35792
3123
95710
52265
40542
16780
6216
86269
73163
72992
13412
12362
98106
7868
97657
79715
42309
79549
45834
59866
71381
97024
86176
37627
65851
32016
57398
15052
29062
18078
54504
95766
42087
43156
68321
33576
6509
96330
72498
92737
54951
38724
13720
41510
9173
9154
60624
77365
62852
80778
19274
59794
95634
43020
26344
27188
94716
68218
85364
15054
46379
91901
62176
82564
14731
86337
19566
37427
6504
39041
40681
26667
14999
88993
63133
88405
63191
94976
69660
29363
84524
92546
22793
96460
61554
77198
79218
2934
68801
11793
97209
70727
33538
29364
97955
64810
16182
20719
76549
29265
3752
52249
78896
33035
87867
34987
23567
92985
62078
40927
94865
69490
93311
67226
68582
29749
94132
37192
70997
36931
42125
75280
43765
97097
25980
52101
32019
69380
69010
85144
62980
31248
29171
93360
96781
45149
75305
64257
31992
44203
73741
73975
15250
81564
26569
76082
51184
36704
43058
4476
18742
18904
26701
52665
31574
75344
91790
49972
89565
70919
89302
86668
71553
84311
82888
3869
49635
53926
43135
12136
51861
70557
95758
54825
53091
59859
55443
63067
19921
79671
86676
79963
15042
79312
52512
43306
44346
25097
16990
44564
4396
92157
14242
10081
19534
23160
27573
84451
59883
37256
81489
88923
79305
8715
45909
54209
8996
35299
87353
84248
33541
7396
30474
35346
95691
23362
49208
67185
4017
4496
29619
3280
60983
80706
58295
42134
14008
16614
59340
32494
19661
70278
16469
63397
61658
34625
20229
33211
43811
56315
35272
41700
74135
7895
25888
77242
54066
10381
34313
19738
62436
24514
76885
30740
71893
85334
53514
48525
10911
88242
28653
53361
58004
62261
8900
10549
43131
45541
50750
60213
60048
59540
42581
68286
84902
38298
52156
79024
79509
33583
18723
77618
24978
83279
20738
41282
85095
23210
17491
22537
88044
57605
15023
60508
27651
50763
56290
55197
76375
9986
54775
47375
56443
30249
48211
71251
52218
43964
17417
60717
69873
2993
55459
78309
87446
5530
36968
57044
57614
10348
70844
86463
61588
24977
90617
87706
66517
33232
25033
14312
89562
35807
44341
48104
3706
44811
59542
53116
6624
60685
79087
76637
90094
79708
81466
85599
56288
92729
93453
70151
11974
17076
9933
72720
60449
47154
88486
92709
17042
22156
70460
98110
20044
41609
68170
78543
94160
11846
29651
2304
88336
52201
56734
49472
58706
69470
33308
28706
31298
7576
91634
39683
32827
61928
30950
15171
71966
67631
22946
25239
64599
15121
66713
13343
23070
94260
21053
37932
24619
15206
89816
59463
12861
81025
57592
45419
10980
28625
91977
62550
92681
49449
14994
84699
52944
60363
19365
27841
22993
80046
8246
5592
86053
6736
11804
40059
86538
58015
68583
35501
73501
86409
47841
12985
38119
70162
16873
47390
2242
11985
63934
59485
26241
51815
85092
36150
18947
25451
79781
74602
35208
70819
52831
46417
55796
12996
60050
43946
27366
69686
40896
82674
30855
56600
30834
72495
38725
25160
82702
91596
25988
85254
27400
34621
20416
33471
51134
30600
21555
92975
38707
9987
60118
65529
67443
5946
64188
5952
19336
89820
73194
82963
33469
41383
45986
75554
46837
62940
61861
65149
7606
15539
89961
3586
30807
12020
65697
56560
1529
44710
67362
9853
24099
50509
59351
35997
20456
81252
24711
72078
87093
18502
3213
34421
9204
48415
7035
30453
84350
82733
86066
57573
55729
45521
64202
48352
93631
48393
70537
25283
95398
41446
12561
25547
95052
66948
16895
21273
95708
68315
59472
35151
30511
14884
35156
59282
15188
68381
54316
26895
72658
81101
22112
76267
61217
52667
66239
53085
29321
87660
12862
79184
56526
76427
9042
97202
68437
20590
63885
58423
58232
96486
23378
46120
79805
22438
66876
953
82353
10847
94600
97938
24169
44076
16648
28778
15287
32811
18622
67582
38028
14075
67184
87150
18969
57442
24534
85005
11130
48058
91666
32894
83737
40956
63078
86103
24811
26570
49016
76849
80278
37556
92291
29920
25825
94800
9126
46199
37122
19939
22399
64106
68340
84703
54408
33965
9390
31020
67844
55661
20699
37198
18497
57991
53385
52855
23621
61947
15788
80006
72499
19013
76466
51108
20374
53918
14095
69394
95606
43688
38751
20433
38479
13805
47859
82735
64438
48293
43831
15534
9959
9463
79379
64574
80038
28209
13667
86025
32010
35303
73888
52959
58907
65202
9134
34090
42453
81460
7393
43028
73421
74089
37321
97904
37567
13245
17182
36752
88987
69389
14241
39032
77314
48803
73109
15078
57083
88995
76496
60713
11880
18842
5474
52258
14245
77439
18855
19447
39785
47755
91170
16406
41507
67316
46802
3181
31409
18424
54667
47895
97181
12962
72391
82226
10090
20834
23786
64656
93158
87703
60018
51721
49644
24271
58467
14968
12243
90088
7138
55130
86956
80185
86427
94691
81507
85472
85943
91965
74554
95721
16585
6572
15426
63696
13438
89815
37196
91759
87778
56187
63168
43184
56253
70469
30143
80556
97008
13437
24012
22152
88158
87849
75381
35847
13780
51435
12473
39069
46448
17201
10984
44169
61865
75398
64987
60040
33379
28919
5726
44559
82531
76099
74128
31073
22714
71982
43708
49111
38381
42234
55654
30501
62475
60644
42751
20753
17360
10799
35269
65884
67902
73097
76689
6814
46639
57895
77611
92074
91575
60770
56720
58964
25817
56528
44545
31055
60233
3032
95986
6648
33686
34095
48414
12296
4283
97104
44604
8122
62622
77816
50047
29981
27491
39731
32933
15889
78806
85804
78861
56299
37493
17092
17168
79100
15649
14160
95400
65068
80269
76387
59658
30926
88452
85074
79047
42194
46741
24500
22900
71545
27180
78491
54080
3848
17279
64147
79879
40557
14776
27231
96620
43023
92784
47711
62142
68362
73780
92308
72624
81885
19465
76862
64200
60249
36509
9517
26855
92098
26221
41181
46125
82100
93002
53936
81769
41867
82543
15401
14834
75841
37540
70675
76401
42260
59413
60561
29131
70121
89405
80359
40660
95283
66724
86081
13297
17175
53499
39052
30847
6666
78813
73756
50515
41204
43692
43915
82506
8386
88278
36309
5514
76140
60607
31346
95515
86535
46955
11479
17806
34317
27860
26465
28930
9496
32452
74048
11381
19931
41775
57285
62028
26607
58709
73474
23760
5057
19259
45344
11002
80832
86481
24840
34969
66115
13717
84917
19733
31183
51387
8990
79228
55533
62422
24112
8538
6743
38956
12618
9285
86640
62552
72851
3021
10901
17032
64072
97148
15747
60835
98285
9977
8575
38408
32097
82444
58558
38170
69840
81868
26040
66714
51385
23006
28977
70336
93654
55310
48223
63442
95428
18638
11757
20092
26972
84270
1351
49120
75181
28017
25559
87858
20162
6022
68936
13957
74815
33825
39602
20006
18853
22379
64360
85351
95377
66655
92144
87072
73772
5006
73434
73511
21937
4485
19804
14149
48847
81305
37194
37969
29663
2922
56294
4166
40780
64091
62841
44262
47757
89665
81891
26254
88369
12839
75141
54829
84024
62389
58496
50585
64274
75055
16481
72668
58418
16599
31585
24833
10693
95001
82989
36153
65438
42398
5470
49451
6117
3898
77362
68870
36782
69309
35855
61120
42316
89650
57269
34588
52830
69101
54171
39050
29580
96541
56912
56386
76587
9672
42126
29562
95704
20453
60509
63928
34437
46912
90226
18536
35898
8673
3873
41606
2792
82223
68715
74141
47613
28204
89147
15956
30905
7846
61742
51844
83410
95247
77
51544
52618
42715
76011
19395
33518
65946
83491
41677
30522
69726
54320
24442
51575
29512
55163
25775
41058
44649
86948
75287
86498
36845
55472
41379
6970
44477
46474
11116
67852
42850
9929
14319
4497
50100
26798
18374
79086
23421
43943
68630
44261
19349
25476
77059
75439
62668
90237
61888
11826
53164
34708
63410
4216
80653
81423
77954
92172
30468
51668
26807
22773
13194
47989
35468
82853
84417
63486
32123
34142
64277
80767
64812
4491
48542
57792
50173
59494
14876
96289
93245
23651
33148
41863
26237
4285
61382
86558
54830
72410
12470
88722
93028
87938
60875
75644
42345
62792
49572
36997
81246
21371
22783
28693
22425
21810
86546
87050
1383
74980
81079
65693
27908
58891
79182
22388
35978
58641
21097
83328
90402
22680
18666
90344
75514
15647
96467
38953
69917
24590
13782
84310
7556
51494
44801
46301
23407
93312
1301
40620
27629
39129
9947
93634
77356
7731
12047
17080
96271
5825
14089
77036
40222
84564
34483
8067
31498
615
40290
30050
37705
80480
39368
22435
41201
25432
91872
30373
63970
28621
21351
11493
88861
34489
80194
90581
38100
75943
77829
51489
22017
72809
34996
85455
26684
19071
57253
41711
91801
86447
76055
40183
61222
76426
1952
930
50644
13903
42347
59882
94081
31956
65009
13377
90899
70817
48093
18043
31046
42009
71606
48213
24464
77440
56911
45077
91669
41179
1174
58712
66040
89131
20031
74535
65403
13714
90003
10238
69576
67043
43462
67194
93039
7208
6067
83696
11562
28313
31379
46925
88205
87214
57946
33219
38646
60106
52591
88715
97594
29750
74153
39652
74589
6031
96258
73460
9280
32487
29260
58986
47867
51720
14591
81500
22426
54278
44074
44795
24533
4555
39593
45531
92945
21719
76977
69375
83068
17038
37223
18098
92388
77575
92928
56963
23912
40469
70722
49336
42013
93315
26924
89586
9992
7720
58705
66814
4316
93049
53336
53724
72358
57122
35527
48770
29624
24357
24236
60027
68162
42584
30921
95399
37772
24325
88116
95160
69923
76592
93618
33294
24683
45567
87684
25333
47287
54774
402
62478
87790
64888
68474
40092
78213
17315
24996
16519
22582
96386
4637
18313
25342
63603
80490
58999
21929
62174
13447
67120
66402
90483
37990
62997
72272
92779
21446
69147
35387
79211
34679
50578
47530
29581
14304
49156
92180
38168
94162
51476
62756
70343
52697
36105
38169
69140
1004
96653
7046
65663
13676
42702
5070
81089
25127
54619
10900
28001
88362
96414
82615
20386
16779
5509
23198
86007
38655
9856
57579
86250
63749
16285
52424
74064
86652
94445
17236
23869
28988
79597
5612
528
14010
92690
12599
38253
42233
65413
65097
68083
6108
61878
33256
53435
39414
58873
60107
39119
30268
69457
12794
4275
75551
10413
25225
92672
41627
11636
55293
1698
4853
4740
25865
53602
29114
84029
89165
29994
82443
32934
25510
62347
51514
96895
45074
67531
13863
7073
43380
31554
19070
58684
24226
88971
33960
41920
18105
41189
41206
32777
23640
79869
60313
40385
38099
61267
77863
19340
75267
53088
49908
13085
87413
55919
11437
76410
75481
61991
8138
60312
32198
33291
10260
41796
95694
53303
35552
69851
25620
56370
33086
71252
93350
42218
97040
28025
93191
89460
21073
16096
56116
34456
84118
59858
13765
93280
97375
3754
30918
63194
65151
88197
92249
58487
74997
80883
31701
5443
25094
41367
98061
24103
43196
76753
65611
38281
4239
73804
59727
19795
33298
38301
28053
96042
46115
81280
1936
41547
86362
76202
85611
22260
90222
96869
42202
71845
85923
62620
2853
79712
93411
7904
38514
76154
94419
20079
70947
15590
29337
35843
18899
9102
4705
27000
4190
23065
53822
27169
28582
31847
48700
29751
36429
90732
38544
10890
79240
13718
53695
89577
89765
54485
84580
78049
75457
52518
26728
82313
41820
22405
8072
53219
14059
75595
50934
70999
33720
53683
36395
59458
93404
64124
34727
63180
3749
35470
27729
50525
73010
8641
19235
93084
12435
8779
11592
10252
62428
48860
48771
9972
93659
83982
17303
33840
26471
29071
85517
60414
33424
97877
93578
46278
14891
32237
45911
39297
54056
70894
86561
56067
90201
88330
45688
65820
10695
49388
96147
8316
20281
23299
83411
20599
48453
33311
32624
90340
19073
87209
83920
58781
11274
34010
67545
61907
44666
79486
86018
77813
96882
22692
67501
43428
46813
68945
16558
51757
13424
74772
55027
79479
8261
32107
61734
73352
68010
24491
30001
42884
7190
91968
60918
20778
33277
74056
7023
78929
12785
78150
75538
33791
22909
15675
84142
40886
31428
17708
51948
50956
55663
23195
12771
68451
85326
42899
27982
53161
71258
41699
55463
91388
78622
61051
71689
35872
2461
81624
41666
75747
15277
40419
55544
73753
30471
61240
53714
64605
71756
38441
96728
33626
37659
16872
19533
51865
23589
26935
53754
21794
72477
11370
49885
62580
83658
49324
49254
46584
13615
71636
63661
70626
29747
73723
14787
65194
63763
43104
65395
39370
97398
74531
75408
83465
8978
34644
41429
24098
35313
81740
49774
36507
33716
37023
62961
58825
76884
32942
75234
29884
27227
7339
6407
30058
13902
48117
60718
12481
31037
66758
14084
19426
59044
34713
21954
10544
94563
32635
44214
60584
79293
52054
33681
26197
41318
31626
89075
81151
45936
82175
93086
63470
80374
37831
16715
45906
53241
97890
72038
97622
22406
11036
6001
77995
93173
63380
54826
62341
76529
69162
7293
32169
81765
29244
30920
90936
27576
3849
93250
41695
54604
40708
40401
97852
32350
27116
53837
88689
19645
31314
55723
20354
47232
61654
45352
17086
68102
2778
60293
19049
74390
94070
69359
395
28611
36176
93060
77730
65174
68580
56289
38613
67294
19323
91287
30942
53269
56999
27474
37619
52693
39470
41159
62741
14859
92164
79373
16590
95752
24575
81917
91704
66640
57184
27919
2999
85075
44373
57971
19601
49098
30983
21143
63473
57649
41258
30117
55973
87806
85148
23322
8051
610
45217
32430
43848
55933
16786
83929
43746
90509
32365
45867
10291
50827
78617
35758
43302
79670
69968
72802
93953
94473
54746
32936
41764
59103
53701
36310
97915
27177
74274
35217
62252
54568
34114
29299
85266
57696
45998
36404
12562
47453
95084
14905
16536
24422
5500
72280
34176
51415
50949
22287
36168
65600
76133
71027
38903
30875
74239
10663
15436
57355
17619
4146
4504
10999
19038
12580
19741
32366
62892
34685
49736
46079
9622
91350
62434
80415
94750
77961
94283
34813
75130
24980
12070
18302
24523
76652
67943
98240
22652
59625
50287
6561
12419
73129
27414
67416
84916
62211
48187
30535
9037
39410
23689
33816
53026
30154
90685
86922
8134
20831
14400
67282
50632
77430
35880
54885
63962
85322
80774
21243
77501
50590
20686
53414
31606
19074
41536
61957
44149
94481
62223
68780
71458
72831
56444
5067
74971
15336
42333
27708
41255
33351
54257
57568
21359
68705
37730
31658
69007
53446
78470
67603
95059
94314
39977
43636
11301
81735
18225
28243
77037
16167
55200
48751
58915
32017
32376
60017
98291
37218
39156
67773
89622
21662
9962
93011
80104
7636
38950
8857
12582
78354
55188
73663
82830
24787
78585
49827
30202
85811
62175
5902
65205
60074
23787
62708
16282
5093
89666
84297
51391
49971
58646
20221
95482
34944
86845
95388
37361
65201
16613
47973
35109
65324
49766
33042
67261
97392
88400
67509
51447
13887
68941
29407
54255
76121
15971
59347
74757
28063
50327
33632
77542
66816
43745
98209
75144
70445
76028
84778
41622
64696
80861
88750
72654
56995
42889
46946
69397
48859
66029
37572
51940
18552
39486
40753
58024
96677
75143
11033
73308
7918
82101
48425
50259
80145
69922
75690
35616
28336
14793
93209
41542
7092
3392
35181
29803
39899
29394
49206
24276
36959
17897
74664
78853
74021
25281
70904
97760
18432
30200
16995
13796
37708
21745
18327
29380
15523
62610
21164
37076
90363
19155
80680
64603
75618
59530
56358
4935
50865
51662
76669
29517
47332
39817
81367
61550
73576
94027
37710
37755
39001
92400
3824
6472
98016
60823
20334
9843
95218
43772
49314
18922
52180
80394
56304
60673
58767
49512
56038
43888
20807
20887
79813
38682
64579
55830
54513
61445
66649
24152
71751
68167
73543
2348
61823
81153
48174
36543
39379
30241
83583
20107
2290
69500
81579
15173
59659
91342
92696
12974
41906
35508
67298
54834
67058
92039
33303
66836
44873
48145
51919
54392
40282
60049
12935
91345
3973
25047
85606
87305
25012
84527
14801
23765
85508
54900
11053
62090
65998
56178
57237
23997
5955
53386
68177
55073
43229
78601
89074
34902
78837
35147
21830
6096
5497
22920
12120
42939
50388
17107
37035
35058
93462
54201
16794
86238
12057
60043
19085
5411
13091
10448
89743
22759
22390
97793
12899
27394
95437
28624
77855
90489
52445
26195
69122
79164
21212
75744
45612
68741
94719
21618
14874
20622
80074
50549
76896
86702
96914
63376
68277
15550
13847
91985
16245
75113
6133
62715
49213
74358
18429
86913
46819
85028
73694
1800
98225
56991
81010
17795
27202
86407
59389
63217
80180
8938
70801
82815
13715
69902
61139
38161
56308
93901
5185
60932
84347
38449
95143
59271
94399
16673
68687
14915
15947
48675
25412
84534
52595
30290
11102
92059
58758
16087
55880
11872
18863
5614
16616
17589
97281
29524
67172
68222
15028
95765
2961
26814
53544
52653
3167
28837
58077
52939
63691
78147
25895
66103
22174
36480
78442
15394
97340
69211
84742
36185
81476
93107
74264
60654
23284
43279
46411
81221
27195
65401
726
82605
30850
52549
59301
42097
63402
25644
34721
79883
55447
93149
54229
32335
44303
47397
45949
76937
46213
67439
87810
41330
97439
17868
6408
23827
24225
14786
91364
7137
22486
57335
55555
96774
80980
23133
49671
77970
29513
57376
14693
97485
31826
73891
74636
68694
7864
74421
72468
57675
87501
48252
96167
63234
31758
48919
20779
22736
31207
58988
80280
26885
56004
73202
85800
2584
1833
9876
94000
38872
64405
12546
18286
55271
83604
66765
30294
13357
78446
17384
28144
95860
76498
88545
45090
39339
86341
40944
30706
48178
2213
40637
54551
93959
79723
90959
64746
75848
14983
81515
13039
76402
74034
92304
38808
28146
28032
7437
41335
37968
80896
9329
53394
94176
33595
63947
45412
64216
40856
93731
71770
22660
52580
21665
88365
95646
10159
9092
19399
69898
9733
83828
69833
58502
33015
36489
71248
64595
40518
39514
14034
71502
78555
73794
94334
92838
94261
81495
15375
67500
19518
65554
39305
27726
96483
43782
50063
94017
56251
83137
19865
36233
93795
57889
84582
25876
31511
76060
73072
44575
42051
79644
56399
8924
92290
90731
41520
12518
65078
42577
53582
75523
94250
58838
50620
78083
36205
32559
62395
31166
89662
57650
55801
81955
25046
31492
6374
41071
31434
68556
37396
44976
20154
44794
39291
71662
18347
14969
15961
27480
16822
95036
80153
24633
92478
15870
6571
23229
23782
79028
8966
86536
49522
16644
52105
82916
69301
85357
73282
84665
67389
65727
34103
61292
32354
82874
12192
82454
42341
72864
60308
10994
31797
56247
97660
70889
35382
54259
85252
77196
45622
82190
61833
15077
69004
13585
4177
43762
94562
16236
4634
51600
42249
78287
54863
62486
3957
92248
47430
32848
47985
73548
54051
50422
14883
30465
13256
7163
93612
61320
70019
14078
85832
21240
16243
40744
2823
95018
71087
96597
28280
60194
78630
83374
21862
64069
18438
97065
31159
78997
13533
63883
49567
65166
78073
72059
3107
93516
25956
94672
9281
22347
60155
48816
53233
58584
9226
87343
81987
18852
15301
92593
33316
79392
36926
24915
12685
19169
71028
91882
63061
8558
17128
81625
28696
8018
63240
17552
34828
71830
52079
62979
59064
60621
5645
92762
82440
60642
51639
31404
37275
81112
40998
78011
95171
38333
52912
41352
55337
93780
85292
67697
1639
24489
13138
16952
28349
45683
62985
17097
89761
38515
6535
28191
64845
54680
21169
71019
94268
3692
74383
74623
55474
17024
28735
72223
37468
79167
88557
71848
93960
12869
27148
33052
40004
57566
35724
41984
563
4312
42187
20939
13640
36982
25829
35743
20137
76385
36930
8005
63954
75777
61653
9484
38755
20249
43025
2648
12213
2950
60660
44396
87357
63114
80989
43717
43268
27010
65786
50728
90350
6181
78343
88263
68225
66286
66205
82001
77932
62458
80737
70802
97572
85764
1364
47612
73484
35276
46442
33783
71479
79359
12110
96913
96128
47955
30960
5626
66599
47949
67211
72140
20918
42628
10922
73667
17095
48937
35434
33272
24263
60302
74006
48844
9879
19268
52023
16119
3614
8262
92618
14199
94880
66830
3028
97719
67799
48969
93880
11350
64680
69204
7256
15723
23217
91452
37269
7273
76933
66028
55404
77780
56217
15288
18728
67267
29000
62949
7669
31743
54644
32605
97670
39084
62707
38765
13478
55762
47122
21011
58079
73360
36670
48161
84829
68300
53784
28741
9238
59789
72306
52995
46632
56448
19232
27623
21943
60988
18648
62304
27104
23604
11773
16397
74305
40875
23817
15724
53788
16011
66707
30062
43990
36190
53111
86166
55987
78318
42462
70154
9917
23519
85333
83304
14900
58456
24881
1963
49263
9081
46091
18839
43208
69758
49955
26578
11174
1444
98234
68175
71856
62321
9916
4965
51503
74964
81854
93871
82489
33761
22596
41284
75156
59097
11
63865
62629
27967
86519
49628
73679
21244
26761
70147
4284
23124
60281
74669
65526
1650
65388
68848
19474
63272
61397
13981
49406
10326
61919
66584
46635
97945
9216
18079
36511
43192
82106
2540
52013
9896
55058
6237
39420
11464
31795
79972
34508
56198
75170
31799
17848
23067
15151
33299
68128
4402
49404
74111
19407
10543
30642
32868
42253
15141
73111
50651
23305
95031
33234
42767
77179
9027
1106
67346
70213
75422
38027
53324
25564
16064
78292
51148
66551
94462
83990
42817
95040
8376
8370
45370
65669
23721
46892
38511
30223
79490
94889
7537
63710
57818
41857
29136
5440
58675
45520
57600
49606
13524
77488
86163
85462
13944
63878
25222
22445
51527
75497
23593
64003
32247
4643
90656
53969
50312
50670
82580
75342
81357
75254
80800
17078
79806
30021
68115
54791
55063
84858
18059
77798
72046
4276
14330
42977
67352
25667
3886
51633
81209
9904
40534
55878
16189
26354
77883
62939
87085
11971
38721
75907
27557
55037
84683
24799
14904
87805
62791
26043
17181
12252
13701
33134
81448
76031
72889
9535
11780
28116
72338
25563
79874
12369
83044
20704
38722
25133
29830
29291
85593
79370
2665
92654
18183
2573
38618
72447
33346
9053
73198
48412
12694
3286
64159
69128
96315
57966
18462
70591
3755
93379
59251
89386
80790
41927
59184
69244
75212
17368
25603
44927
84685
11148
20535
40267
43348
78549
48616
73773
46066
62524
69725
21044
74916
55846
32367
10342
46413
94234
85661
40726
91939
65024
73325
25899
96134
30737
6254
21817
42395
38202
62679
83072
52080
14720
29888
49480
69282
28088
8647
43254
39304
51864
87638
7357
62817
85226
60065
18938
43218
72030
83033
48410
69142
80579
85391
69855
93891
55068
73285
81748
47788
93140
36785
42658
94556
32313
36760
56254
55875
17624
28218
62876
68573
51100
61707
64314
80724
68577
9596
55863
41361
65686
60594
92040
5745
46873
21316
14085
26767
77405
40214
71039
34270
12390
81738
63817
63512
10424
23135
20362
59475
74884
18993
75273
79099
42230
60933
77522
76168
93176
68917
35829
34455
32755
73630
91315
78212
75625
5372
71640
35170
13452
76532
11574
60005
76534
14019
81747
22638
65462
18725
17933
13535
61695
67936
37535
29132
46588
17123
79875
56717
81502
2342
77523
53705
10166
2982
13642
9882
27405
38706
5703
63350
42568
50244
28289
76747
21793
56723
55952
17989
82241
73112
60250
79886
62788
31027
53688
12567
53624
85205
46516
30309
29369
39404
40447
18309
22779
39539
37527
15685
34589
9769
68891
1118
13574
66776
15957
42142
20379
34822
7191
4996
72891
49431
25972
94338
49123
34447
77475
52578
44892
36727
11425
74826
54891
51992
66011
23696
73159
22657
75730
57187
1141
52437
1784
94503
40085
37379
38979
59141
48176
27217
79984
8198
80613
40281
65025
35780
72811
83467
94067
11841
53681
71200
30303
90152
88744
56938
4506
89457
77630
93024
11188
92626
14434
80144
57824
10046
12726
87605
28824
35892
13347
84967
88988
57113
83915
9907
42027
31515
71184
16771
21634
54072
66969
77677
90397
90638
93079
88307
85503
92934
30338
81612
15229
93629
89078
8525
25631
87458
51672
8847
96999
12187
41374
5064
66800
88893
14716
95924
96574
52489
89614
23192
18818
19457
95255
13279
36043
35761
58587
82535
7248
25445
27301
59569
36189
57949
11729
51135
68963
67732
33723
9914
39794
17686
43119
71426
11961
24531
45836
93599
64090
70218
70344
31210
34328
75303
84405
66857
30333
78928
71366
65982
95896
10760
86912
6350
52025
78207
95250
21648
79956
60217
67300
39875
31838
42549
88470
60253
68026
81864
68601
29592
65530
39605
70540
84422
26643
77016
36787
56697
57868
14236
85577
88612
40509
55005
72799
14822
64996
25751
40704
47921
14507
80594
62191
73961
52764
53727
47556
29617
49697
5455
12367
51821
35635
82528
57401
62641
9650
8963
13306
3777
69996
63035
23338
44621
75161
92071
66687
86085
82652
66253
26603
29307
91010
76856
9739
10562
87379
96080
32152
83149
