9
36
38
41
45
46
47
50
52
53
54
57
58
62
63
64
65
66
67
68
69
70
71
72
73
74
75
76
77
86
87
103
104
148
154
155
163
166
168
176
197
206
221
222
224
225
231
238
252
272
278
288
316
317
343
346
351
352
353
360
363
365
368
377
383
385
388
406
408
415
416
432
437
438
439
453
455
456
463
474
478
485
489
498
517
524
525
529
535
546
549
550
562
568
575
582
585
586
587
589
592
594
596
597
598
599
600
601
606
607
609
610
612
615
616
617
618
619
626
627
629
640
661
662
663
673
693
695
696
697
700
703
705
707
708
709
710
711
712
714
715
717
718
720
721
722
723
724
725
727
728
731
732
746
747
748
749
751
752
754
761
763
764
779
780
786
787
788
789
790
791
792
793
794
795
797
798
799
800
801
804
805
806
809
819
820
828
840
844
845
855
856
859
868
877
885
904
910
911
912
918
926
931
932
937
938
939
940
944
957
963
964
970
977
978
984
990
992
994
995
999
1005
1026
1027
1036
1056
1057
1058
1059
1067
1074
1075
1080
1082
1091
1104
1107
1111
1121
1138
1139
1145
1156
1161
1164
1166
1167
1168
1169
1170
1172
1173
1175
1176
1177
1178
1179
1188
1196
1198
1200
1221
1224
1226
1228
1229
1230
1233
1241
1255
1257
1258
1259
1260
1261
1262
1263
1264
1267
1268
1270
1271
1272
1274
1294
1296
1297
1298
1301
1302
1303
1305
1306
1307
1308
1309
1310
1312
1313
1314
1316
1317
1318
1319
1320
1321
1322
1323
1324
1325
1333
1346
1350
1353
1355
1357
1361
1362
1363
1368
1369
1370
1371
1372
1373
1374
1375
1376
1380
1381
1382
1383
1386
1387
1388
1389
1390
1391
1392
1393
1394
1397
1398
1399
1400
1401
1402
1403
1404
1405
1406
1407
1408
1409
1415
1418
1419
1420
1423
1424
1425
1426
1428
1429
1430
1436
1437
1440
1441
1442
1444
1445
1446
1451
1453
1457
1458
1459
1460
1461
1462
1463
1464
1465
1466
1467
1469
1470
1471
1473
1474
1475
1477
1478
1479
1480
1481
1482
1483
1484
1485
1486
1487
1488
1489
1501
1502
1504
1505
1508
1513
1524
1533
1540
1550
1559
1560
1589
1618
1626
1649
1651
1653
1656
1657
1658
1659
1660
1661
1662
1664
1665
1666
1667
1668
1669
1670
1672
1673
1674
1675
1676
1678
1679
1680
1681
1683
1684
1685
1686
1687
1688
1689
1704
1715
1734
1740
1741
1749
1751
1759
1761
1763
1764
1767
1768
1769
1770
1771
1772
1774
1775
1781
1782
1785
1789
1790
1792
1793
1794
1805
1806
1812
1813
1814
1815
1817
1818
1819
1821
1822
1823
1824
1825
1826
1827
1828
1829
1830
1833
1844
1846
1848
1849
1868
1872
1873
1882
1898
1903
1905
1918
1919
1920
1924
1931
1933
1934
1937
1938
1940
1941
1942
1943
1946
1947
1948
1951
1952
1953
1954
1955
1956
1957
1958
1959
1960
1961
1962
1963
1964
1965
1966
1967
1968
1969
1970
1971
1983
1984
1997
2001
2005
2006
2013
2019
2020
2021
2023
2024
2025
2026
2027
2028
2029
2030
2031
2032
2033
2034
2035
2036
2039
2040
2043
2045
2046
2047
2048
2049
2050
2052
2053
2054
2055
2056
2057
2058
2059
2061
2062
2063
2064
2066
2067
2068
2069
2070
2071
2072
2073
2078
2080
2081
2082
2083
2085
2086
2087
2088
2090
2091
2092
2093
2094
2095
2096
2097
2099
2100
2101
2102
2103
2104
2105
2110
2125
2137
2147
2154
2178
2179
2186
2187
2190
2201
2202
2203
2205
2206
2210
2211
2212
2215
2216
2217
2218
2219
2222
2223
2225
2226
2227
2228
2229
2230
2231
2234
2235
2236
2237
2240
2242
2243
2244
2245
2246
2247
2251
2252
2253
2256
2260
2279
2282
2297
2301
2305
2310
2311
2312
2313
2314
2315
2316
2317
2320
2321
2322
2323
2324
2326
2327
2328
2329
2330
2331
2332
2333
2334
2335
2336
2337
2338
2339
2340
2341
2343
2344
2345
2348
2349
2350
2351
2352
2354
2358
2360
2361
2362
2363
2366
2367
2368
2371
2372
2373
2374
2375
2376
2377
2378
2380
2381
2382
2384
2385
2386
2387
2392
2398
2423
2425
2426
2433
2434
2447
2450
2451
2452
2471
2472
2480
2485
2486
2510
2515
2516
2519
2520
2528
2531
2538
2539
2540
2542
2548
2552
2553
2560
2571
2576
2582
2583
2587
2588
2589
2611
2615
2621
2622
2623
2641
2662
2663
2671
2684
2685
2686
2689
2692
2693
2694
2715
2716
2717
2718
2719
2736
2737
2738
2748
2749
2750
2751
2758
2759
2763
2764
2765
2784
2787
2789
2805
2806
2821
2823
2828
2837
2849
2850
2851
2869
2887
2888
2890
2897
2898
2899
2900
2907
2911
2916
2920
2929
2931
2932
2933
2934
2936
2937
2946
2947
2950
2951
2952
2958
2963
2968
2969
2971
2976
2981
2982
2992
2993
2994
3009
3032
3037
3038
3039
3047
3059
3060
3061
3067
3068
3069
3077
3085
3086
3093
3095
3097
3098
3109
3110
3114
3116
3118
3121
3126
3127
3137
3141
3146
3147
3149
3165
3166
3170
3182
3183
3185
3193
3194
3202
3207
3219
3220
3228
3233
3238
3242
3244
3249
3254
3263
3267
3283
3284
3290
3294
3301
3306
3332
3333
3334
3335
3338
3339
3341
3342
3351
3352
3354
3355
3356
3362
3363
3369
3373
3383
3397
3398
3399
3414
3421
3423
3424
3437
3438
3439
3441
3442
3443
3445
3449
3461
3462
3473
3484
3485
3489
3506
3507
3515
3519
3520
3529
3547
3554
3560
3568
3569
3575
3582
3596
3597
3606
3609
3612
3626
3627
3630
3631
3645
3650
3651
3657
3658
3670
3675
3678
3686
3701
3718
3719
3720
3729
3730
3742
3747
3749
3753
3758
3760
3763
3767
3770
3781
3782
3785
3805
3807
3809
3816
3819
3822
3825
3826
3833
3834
3836
3840
3842
3844
3845
3846
3848
3851
3852
3853
3854
3855
3860
3862
3863
3864
3865
3866
3869
3870
3873
3875
3876
3877
3878
3879
3882
3883
3884
3885
3886
3890
3898
3901
3902
3903
3908
3909
3910
3917
3924
3926
3927
3934
3937
3938
3947
3948
3951
3964
3965
3966
3972
3978
3979
3981
3990
3992
3997
3998
3999
4001
4002
4003
4004
4005
4006
4009
4011
4014
4015
4016
4017
4018
4019
4020
4021
4023
4024
4025
4026
4028
4029
4030
4031
4032
4033
4034
4036
4043
4046
4047
4051
4052
4060
4069
4086
4087
4098
4099
4100
4112
4115
4133
4164
4173
4183
4193
4194
4195
4231
4237
4238
4258
4262
4263
4264
4277
4278
4288
4307
4310
4315
4320
4321
4322
4324
4326
4327
4328
4331
4332
4336
4337
4338
4339
4340
4341
4344
4345
4351
4352
4354
4355
4356
4357
4358
4359
4361
4369
4408
4410
4425
4426
4427
4428
4429
4436
4437
4438
4466
4467
4470
4471
4472
4473
4474
4475
4476
4477
4480
4502
4506
4509
4510
4511
4512
4528
4529
4541
4543
4544
4545
4546
4547
4548
4549
4566
4575
4576
4577
4579
4580
4581
4582
4583
4589
4599
4600
4602
4603
4614
4615
4621
4622
4623
4626
4633
4636
4649
4655
4658
4667
4678
4679
4687
4695
4708
4716
4718
4724
4741
4751
4752
4766
4769
4784
4786
4789
4815
4823
4836
4837
4843
4848
4855
4856
4860
4862
4866
4868
4887
4921
4922
4925
4929
4930
4938
4948
4949
4950
4961
4966
4977
4978
4985
4986
4995
5001
5008
5011
5012
5024
5025
5030
5031
5036
5037
5038
5039
5044
5055
5057
5058
5061
5073
5074
5076
5081
5085
5086
5087
5089
5090
5104
5106
5107
5123
5124
5125
5129
5131
5132
5136
5149
5152
5170
5171
5172
5173
5177
5178
5179
5183
5184
5190
5206
5232
5233
5234
5240
5246
5247
5253
5254
5255
5260
5269
5270
5283
5286
5289
5296
5297
5307
5312
5318
5320
5321
5323
5324
5325
5326
5327
5328
5329
5330
5331
5332
5333
5342
5343
5344
5345
5347
5349
5350
5351
5353
5355
5356
5357
5358
5362
5364
5365
5366
5367
5368
5369
5370
5371
5372
5373
5374
5375
5376
5377
5378
5379
5380
5381
5382
5388
5389
5390
5391
5392
5393
5395
5396
5397
5398
5399
5400
5401
5402
5403
5404
5405
5406
5409
5410
5411
5412
5413
5414
5415
5416
5417
5418
5422
5423
5424
5425
5428
5429
5430
5431
5432
5433
5434
5435
5436
5437
5439
5440
5445
5446
5447
5448
5450
5451
5452
5453
5454
5455
5456
5457
5458
5459
5460
5461
5462
5474
5489
5492
5495
5496
5502
5506
5540
5541
5544
5550
5551
5555
5559
5577
5583
5595
5599
5604
5606
5607
5609
5612
5613
5615
5616
5617
5618
5619
5621
5622
5623
5624
5626
5627
5628
5629
5630
5631
5633
5634
5636
5637
5641
5642
5643
5644
5645
5646
5647
5648
5651
5656
5657
5658
5659
5660
5666
5669
5676
5679
5680
5682
5685
5688
5689
5695
5706
5708
5714
5719
5726
5727
5728
5731
5737
5742
5745
5746
5752
5753
5757
5766
5767
5768
5772
5777
5783
5784
5785
5787
5791
5796
5800
5805
5810
5812
5815
5824
5825
5826
5827
5834
5837
5844
5845
5848
5852
5859
5861
5862
5863
5864
5872
5885
5886
5893
5894
5895
5896
5900
5907
5916
5917
5924
5932
5935
5947
5949
5953
5954
5960
5962
5967
5968
5969
5970
5971
5985
5986
5988
5993
5994
5997
5998
5999
6000
6001
6002
6003
6004
6005
6006
6007
6008
6009
6010
6011
6012
6013
6014
6015
6018
6019
6020
6022
6024
6025
6026
6027
6028
6029
6030
6031
6032
6033
6034
6035
6036
6037
6038
6040
6041
6042
6046
6047
6048
6049
6050
6051
6052
6053
6055
6057
6058
6061
6062
6063
6064
6065
6066
6067
6068
6069
6071
6072
6073
6074
6075
6076
6077
6078
6079
6080
6081
6082
6083
6084
6085
6087
6088
6091
6093
6094
6095
6096
6098
6100
6101
6102
6104
6105
6106
6107
6108
6109
6110
6111
6112
6114
6115
6116
6117
6118
6120
6121
6123
6124
6126
6127
6128
6129
6130
6131
6133
6134
6135
6136
6137
6138
6140
6141
6142
6143
6145
6146
6147
6148
6149
6150
6151
6155
6156
6157
6158
6159
6160
6161
6164
6165
6166
6167
6168
6169
6170
6172
6173
6174
6184
6190
6200
6234
6235
6256
6264
6278
6279
6281
6282
6283
6284
6285
6286
6288
6291
6292
6313
6316
6317
6320
6321
6322
6323
6324
6347
6348
6349
6350
6357
6369
6371
6376
6377
6378
6380
6398
6408
6409
6410
6416
6417
6424
6425
6434
6435
6436
6442
6443
6461
6471
6482
6485
6486
6487
6513
6528
6556
6564
6609
6618
6619
6621
6622
6623
6624
6627
6628
6629
6630
6631
6632
6633
6634
6635
6637
6638
6639
6640
6641
6642
6644
6645
6646
6647
6648
6649
6650
6651
6652
6653
6654
6655
6656
6657
6658
6659
6660
6661
6662
6663
6665
6666
6669
6670
6671
6672
6673
6674
6675
6676
6678
6681
6682
6683
6684
6685
6687
6688
6689
6690
6691
6692
6693
6694
6695
6696
6703
6704
6705
6706
6708
6709
6710
6711
6712
6713
6714
6715
6716
6717
6718
6719
6720
6721
6722
6723
6724
6725
6726
6727
6728
6729
6730
6731
6732
6733
6734
6735
6736
6737
6738
6739
6740
6741
6742
6746
6747
6748
6750
6753
6754
6755
6756
6757
6758
6759
6760
6761
6762
6763
6764
6765
6766
6767
6768
6769
6770
6773
6774
6779
6782
6783
6784
6785
6786
6787
6788
6789
6790
6791
6792
6793
6796
6797
6802
6803
6804
6805
6806
6807
6808
6809
6810
6814
6815
6816
6817
6818
6819
6820
6825
6826
6827
6828
6829
6831
6832
6833
6834
6837
6839
6851
6855
6856
6857
6862
6869
6870
6875
6883
6887
6888
6897
6900
6911
6922
6924
6925
6932
6934
6935
6938
6943
6948
6949
6950
6952
6959
6960
6961
6967
6968
6972
6973
6985
6986
6992
6994
6995
7005
7006
7010
7020
7021
7025
7034
7035
7036
7038
7039
7040
7041
7042
7043
7044
7045
7046
7047
7048
7049
7055
7056
7057
7058
7059
7060
7062
7063
7066
7067
7068
7069
7070
7071
7072
7073
7074
7075
7076
7077
7078
7079
7080
7081
7082
7085
7089
7090
7092
7093
7095
7096
7097
7098
7099
7100
7101
7102
7103
7107
7108
7109
7110
7114
7117
7130
7136
7137
7138
7139
7144
7145
7146
7148
7154
7155
7158
7160
7161
7162
7166
7169
7177
7178
7179
7181
7191
7192
7211
7212
7214
7218
7222
7223
7224
7233
7237
7246
7259
7260
7262
7267
7269
7291
7293
7294
7295
7308
7312
7319
7320
7324
7325
7326
7332
7345
7346
7347
7348
7350
7351
7359
7363
7367
7370
7374
7380
7387
7392
7399
7401
7412
7414
7437
7438
7439
7440
7441
7445
7446
7453
7454
7455
7464
7465
7466
7467
7468
7472
7473
7474
7481
7482
7485
7486
7487
7500
7507
7508
7525
7527
7528
7532
7533
7534
7536
7537
7548
7556
7559
7560
7571
7573
7578
7579
7583
7584
7585
7586
7595
7596
7597
7603
7604
7605
7606
7613
7614
7623
7624
7625
7626
7640
7647
7648
7650
7656
7657
7668
7669
7671
7677
7678
7681
7687
7701
7702
7709
7710
7732
7737
7738
7739
7740
7741
7754
7773
7774
7775
7785
7792
7804
7819
7820
7823
7827
7840
7841
7857
7858
7860
7871
7876
7883
7889
7908
7909
7922
7935
7937
7938
7948
7966
7967
7968
7972
7979
7985
8008
8011
8024
8027
8032
8039
8051
8063
8067
8076
8085
8088
8092
8098
8104
8126
8134
8138
8144
8149
8151
8166
8167
8174
8178
8184
8193
8199
8200
8202
8207
8213
8214
8217
8221
8222
8241
8247
8248
8251
8255
8258
8259
8260
8264
8273
8275
8284
8285
8289
8290
8296
8299
8301
8302
8303
8306
8307
8308
8314
8316
8319
8321
8322
8324
8325
8328
8330
8332
8346
8356
8357
8363
8364
8365
8366
8372
8380
8381
8396
8397
8398
8402
8405
8406
8410
8411
8412
8413
8418
8448
8461
8467
8468
8471
8474
8475
8479
8490
8506
8529
8533
8557
8564
8572
8579
8581
8593
8606
8611
8612
8619
8620
8625
8629
8646
8669
8677
8680
8682
8685
8692
8693
8695
8696
8699
8704
8709
8711
8718
8722
8723
8726
8728
8729
8730
8734
8751
8753
8754
8755
8756
8757
8759
8761
8763
8765
8766
8767
8768
8769
8770
8785
8811
8813
8816
8818
8819
8820
8822
8832
8839
8844
8848
8854
8855
8856
8857
8858
8863
8880
8881
8882
8888
8895
8897
8898
8899
8900
8901
8902
8903
8905
8906
8907
8908
8909
8910
8917
8918
8919
8921
8922
8924
8926
8928
8931
8957
8968
8978
8998
9000
9007
9044
9046
9054
9064
9069
9074
9075
9078
9079
9080
9081
9082
9084
9088
9090
9092
9093
9094
9095
9096
9097
9098
9100
9103
9111
9119
9134
9142
9153
9163
9168
9178
9180
9186
9187
9188
9191
9192
9216
9223
9240
9242
9243
9244
9245
9253
9261
9283
9286
9288
9289
9295
9300
9315
9316
9317
9318
9327
9328
9329
9330
9331
9332
9334
9363
9366
9370
9371
9378
9381
9385
9398
9399
9401
9402
9408
9409
9410
9411
9412
9413
9416
9426
9448
9452
9458
9465
9467
9476
9477
9480
9482
9484
9512
9513
9514
9515
9520
9521
9533
9534
9537
9539
9544
9548
9551
9561
9565
9567
9584
9585
9589
9596
9600
9605
9614
9622
9627
9629
9661
9666
9667
9668
9672
9675
9679
9680
9681
9684
9686
9689
9696
9709
9722
9731
9734
9740
9742
9748
9774
9775
9787
9788
9796
9797
9803
9804
9808
9813
9814
9815
9824
9834
9842
9844
9848
9849
9853
9854
9855
9856
9857
9864
9870
9876
9877
9881
9887
9899
9900
9910
9916
9917
9918
9919
9929
9930
9934
9938
9941
9942
9951
9957
9964
9965
9966
9968
9975
9976
9982
9984
9988
9996
10001
10007
10012
10017
10023
10026
10027
10030
10032
10035
10039
10040
10042
10043
10044
10045
10046
10047
10048
10051
10052
10059
10060
10061
10065
10066
10068
10069
10070
10071
10072
10073
10074
10075
10076
10077
10078
10082
10083
10084
10085
10089
10090
10091
10092
10094
10095
10100
10102
10104
10105
10106
10107
10108
10109
10110
10114
10115
10116
10117
10118
10121
10122
10124
10125
10126
10130
10131
10132
10133
10134
10135
10138
10141
10156
10157
10167
10207
10213
10234
10251
10256
10260
10285
10286
10294
10297
10299
10304
10309
10310
10311
10312
10313
10314
10315
10322
10323
10325
10326
10327
10332
10333
10334
10343
10346
10347
10348
10349
10350
10352
10353
10355
10358
10360
10361
10362
10363
10366
10367
10370
10371
10372
10377
10378
10382
10388
10393
10402
10408
10418
10421
10424
10425
10429
10453
10457
10459
10475
10476
10478
10479
10480
10481
10482
10483
10485
10487
10490
10493
10494
10495
10497
10498
10500
10501
10502
10503
10504
10505
10506
10507
10508
10509
10510
10511
10512
10513
10514
10515
10516
10517
10518
10519
10520
10521
10522
10523
10524
10525
10526
10527
10528
10529
10531
10533
10534
10535
10536
10539
10551
10557
10566
10567
10569
10578
10584
10585
10587
10588
10590
10591
10592
10593
10594
10595
10596
10597
10598
10599
10600
10603
10604
10605
10609
10610
10611
10614
10616
10617
10618
10619
10620
10621
10622
10623
10624
10625
10626
10627
10629
10631
10633
10634
10635
10636
10637
10638
10639
10640
10641
10643
10644
10645
10646
10648
10649
10651
10652
10653
10655
10656
10657
10658
10659
10660
10662
10665
10666
10668
10669
10670
10671
10672
10675
10676
10677
10678
10679
10683
10684
10685
10686
10687
10688
10692
10694
10695
10696
10697
10699
10700
10701
10702
10703
10704
10705
10708
10709
10710
10711
10713
10715
10716
10717
10718
10719
10720
10733
10734
10735
10740
10741
10742
10743
10744
10751
10763
10764
10765
10766
10767
10778
10788
10790
10791
10792
10810
10811
10812
10814
10823
10824
10825
10826
10827
10828
10830
10834
10854
10857
10858
10860
10861
10867
10871
10873
10874
10875
10880
10881
10882
10883
10884
10885
10886
10887
10888
10890
10891
10892
10893
10896
10897
10899
10900
10901
10902
10903
10906
10907
10908
10909
10910
10911
10912
10913
10914
10915
10916
10917
10918
10919
10920
10921
10922
10923
10925
10926
10927
10929
10931
10932
10934
10935
10937
10944
10945
10946
10947
10951
10953
10954
10955
10957
10959
10960
10961
10962
10963
10964
10970
10972
10973
10974
10975
10976
10977
10980
10981
10983
10984
10985
10988
10989
10991
10992
10993
10996
10999
11000
11001
11002
11003
11004
11005
11006
11007
11008
11009
11010
11011
11012
11013
11014
11015
11016
11017
11019
11020
11021
11022
11024
11025
11026
11027
11028
11029
11031
11032
11033
11034
11035
11036
11037
11038
11039
11045
11070
11073
11095
11096
11099
11100
11101
11117
11136
11137
11138
11141
11142
11160
11165
11166
11169
11170
11185
11207
11208
11228
11232
11233
11245
11247
11251
11252
11253
11254
11255
11256
11257
11259
11261
11262
11263
11265
11266
11267
11270
11271
11273
11274
11275
11276
11277
11278
11279
11280
11281
11282
11283
11284
11286
11287
11288
11289
11290
11291
11294
11295
11296
11298
11300
11301
11302
11303
11304
11305
11306
11310
11325
11327
11328
11356
11378
11379
11413
11414
11415
11416
11419
11442
11466
11467
11484
11487
11502
11515
11522
11527
11551
11552
11562
11567
11583
11612
11615
11622
11623
11625
11626
11638
11645
11646
11654
11655
11656
11660
11662
11663
11664
11665
11666
11667
11668
11669
11670
11671
11673
11674
11675
11676
11679
11680
11681
11682
11683
11684
11687
11690
11692
11694
11695
11696
11697
11698
11699
11700
11701
11702
11703
11704
11705
11706
11707
11708
11709
11710
11711
11712
11713
11714
11715
11716
11717
11718
11719
11720
11721
11722
11723
11725
11726
11727
11728
11729
11730
11731
11732
11733
11734
11740
11741
11742
11743
11744
11745
11746
11749
11750
11751
11752
11753
11754
11755
11756
11757
11758
11759
11760
11761
11762
11763
11764
11765
11766
11767
11768
11769
11770
11771
11772
11773
11774
11775
11778
11779
11780
11781
11782
11784
11786
11788
11789
11790
11791
11792
11793
11794
11795
11796
11797
11798
11799
11800
11804
11805
11806
11807
11809
11810
11811
11812
11813
11814
11815
11816
11817
11818
11820
11823
11826
11827
11828
11829
11830
11831
11832
11833
11834
11836
11837
11838
11839
11840
11841
11842
11843
11846
11847
11848
11849
11850
11851
11854
11856
11858
11859
11860
11861
11862
11863
11864
11865
11866
11867
11868
11869
11870
11872
11873
11875
11877
11879
11880
11881
11883
11887
11888
11889
11890
11891
11892
11893
11894
11895
11896
11897
11898
11899
11900
11901
11902
11903
11904
11905
11906
11908
11909
11910
11911
11912
11913
11914
11915
11916
11917
11918
11919
11920
11921
11922
11923
11924
11929
11930
11931
11932
11933
11934
11935
11937
11938
11939
11940
11941
11942
11943
11944
11945
11946
11947
11948
11949
11950
11952
11953
11956
11957
11958
11963
11964
11965
11966
11968
11969
11972
11973
11974
11975
11976
11977
11978
11979
11980
11981
11982
11983
11984
11985
11986
11987
11988
11989
11990
11991
11992
11993
11994
11995
11996
11997
11998
11999
12000
12001
12003
12004
12006
12008
12009
12010
12011
12012
12013
12014
12016
12019
12020
12022
12023
12024
12027
12030
12031
12032
12033
12034
12035
12036
12039
12040
12041
12043
12047
12048
12050
12051
12052
12053
12054
12055
12056
12057
12058
12059
12060
12061
12062
12063
12064
12065
12066
12067
12068
12069
12070
12071
12072
12075
12079
12080
12081
12082
12083
12084
12085
12086
12087
12088
12089
12090
12091
12092
12095
12096
12097
12098
12099
12101
12102
12103
12104
12105
12107
12108
12109
12111
12113
12115
12116
12117
12118
12119
12120
12121
12122
12123
12124
12126
12127
12128
12129
12130
12131
12132
12133
12134
12135
12136
12143
12144
12145
12146
12147
12148
12149
12150
12153
12154
12155
12156
12157
12159
12168
12179
12180
12186
12189
12190
12193
12194
12208
12209
12223
12232
12240
12244
12245
12253
12254
12268
12272
12276
12277
12278
12288
12293
12298
12299
12300
12313
12330
12336
12349
12355
12358
12382
12383
12392
12412
12414
12415
12424
12441
12442
12443
12445
12459
12465
12476
12480
12481
12482
12483
12484
12485
12486
12488
12489
12490
12491
12495
12496
12498
12499
12500
12502
12503
12504
12505
12506
12507
12508
12509
12512
12513
12514
12515
12516
12519
12520
12523
12526
12528
12531
12533
12534
12537
12538
12539
12540
12541
12542
12544
12545
12546
12550
12551
12553
12555
12571
12572
12576
12597
12623
12624
12625
12626
12634
12654
12673
12680
12687
12689
12697
12701
12707
12708
12709
12710
12711
12712
12714
12715
12716
12717
12718
12719
12720
12722
12723
12726
12728
12729
12730
12731
12732
12733
12734
12736
12737
12738
12740
12742
12747
12767
12793
12796
12809
12814
12817
12825
12835
12841
12846
12847
12848
12852
12859
12864
12865
12877
12878
12879
12880
12889
12902
12904
12907
12918
12919
12927
12930
12931
12934
12935
12936
12937
12939
12948
12949
12950
12960
12961
12962
12971
12988
12989
12990
12996
13009
13010
13011
13012
13013
13021
13030
13035
13051
13073
13085
13086
13087
13089
13090
13091
13100
13102
13106
13107
13111
13117
13121
13122
13136
13142
13145
13148
13152
13157
13158
13168
13177
13179
13180
13182
13187
13188
13204
13209
13214
13215
13220
13221
13228
13246
13247
13256
13257
13258
13262
13264
13267
13268
13269
13271
13272
13273
13285
13289
13293
13303
13306
13308
13312
13315
13338
13339
13340
13345
13346
13347
13365
13366
13367
13368
13370
13388
13406
13407
13417
13424
13425
13428
13440
13445
13451
13452
13453
13457
13466
13468
13476
13482
13483
13484
13485
13486
13500
13511
13515
13520
13527
13528
13530
13531
13537
13538
13539
13540
13541
13558
13565
13569
13573
13574
13576
13577
13578
13579
13580
13585
13586
13587
13588
13590
13591
13592
13593
13594
13596
13599
13602
13603
13604
13605
13606
13610
13611
13614
13615
13618
13645
13651
13652
13654
13657
13673
13674
13677
13679
13680
13681
13682
13685
13692
13693
13694
13725
13726
13727
13728
13733
13734
13741
13742
13746
13747
13751
13752
13756
13766
13767
13768
13771
13799
13800
13801
13802
13803
13805
13808
13810
13812
13818
13820
13840
13858
13859
13862
13872
13873
13875
13876
13888
13895
13896
13906
13907
13908
13909
13914
13922
13927
13928
13945
13958
13959
13960
13961
13962
13970
13993
13994
13999
14000
14005
14006
14007
14008
14009
14010
14014
14015
14016
14017
14018
14019
14022
14023
14026
14027
14029
14032
14035
14037
14038
14039
14040
14042
14043
14044
14046
14092
14093
14098
14101
14103
14106
14108
14109
14110
14113
14114
14115
14116
14117
14119
14120
14121
14123
14124
14125
14127
14128
14130
14131
14132
14134
14135
14136
14137
14138
14141
14144
14145
14152
14160
14165
14177
14178
14181
14182
14194
14195
14202
14203
14204
14205
14206
14208
14211
14223
14224
14226
14237
14240
14241
14242
14246
14247
14252
14257
14263
14267
14273
14274
14276
14277
14278
14279
14287
14290
14293
14295
14296
14298
14307
14315
14320
14321
14322
14327
14328
14333
14335
14351
14352
14355
14356
14358
14359
14360
14363
14364
14365
14366
14367
14368
14369
14370
14371
14372
14373
14374
14377
14381
14382
14383
14384
14385
14387
14388
14389
14390
14391
14392
14394
14395
14396
14397
14398
14399
14400
14401
14402
14403
14404
14405
14406
14408
14409
14410
14411
14413
14414
14415
14416
14423
14424
14425
14426
14427
14428
14429
14430
14431
14432
14433
14434
14437
14438
14439
14440
14441
14442
14444
14445
14446
14447
14468
14478
14479
14488
14491
14498
14499
14500
14505
14522
14523
14524
14525
14527
14536
14537
14539
14540
14542
14544
14545
14546
14549
14550
14551
14552
14553
14556
14557
14558
14559
14560
14562
14563
14564
14565
14568
14569
14575
14576
14585
14586
14591
14603
14609
14610
14614
14624
14635
14638
14639
14644
14667
14668
14702
14712
14713
14722
14734
14736
14765
14770
14771
14772
14791
14792
14793
14795
14796
14810
14812
14813
14814
14826
14827
14841
14842
14843
14859
14864
14865
14866
14867
14884
14886
14887
14894
14899
14901
14902
14906
14907
14909
14913
14916
14919
14920
14927
14943
14944
14947
14953
14954
14962
14964
14974
14975
14981
14996
15005
15015
15023
15029
15037
15041
15042
15046
15049
15056
15058
15063
15072
15083
15087
15088
15089
15097
15098
15099
15103
15104
15116
15130
15131
15133
15137
15138
15139
15146
15147
15163
15175
15178
15183
15195
15197
15202
15203
15207
15208
15213
15214
15215
15221
15222
15223
15234
15235
15254
15255
15256
15264
15266
15276
15277
15278
15281
15285
15316
15330
15339
15340
15341
15344
15357
15367
15373
15374
15375
15377
15380
15381
15388
15391
15395
15396
15409
15410
15418
15419
15420
15421
15424
15425
15430
15431
15432
15434
15451
15452
15453
15469
15483
15484
15497
15498
15500
15505
15507
15510
15511
15514
15517
15518
15527
15532
15534
15539
15540
15541
15542
15553
15568
15570
15571
15590
15599
15600
15604
15605
15606
15615
15623
15629
15633
15647
15649
15650
15651
15655
15659
15661
15667
15671
15673
15677
15678
15679
15684
15685
15686
15687
15688
15690
15691
15692
15693
15694
15698
15699
15700
15701
15702
15705
15706
15707
15708
15710
15711
15715
15716
15717
15718
15720
15721
15723
15727
15736
15742
15745
15747
15760
15761
15767
15769
15778
15783
15787
15793
15806
15812
15815
15817
15818
15820
15826
15835
15838
15839
15842
15844
15845
15846
15848
15849
15850
15854
15855
15856
15857
15858
15861
15863
15865
15866
15868
15872
15873
15874
15875
15877
15878
15879
15882
15883
15884
15885
15886
15887
15888
15892
15893
15904
15912
15917
15918
15919
15926
15927
15931
15951
15954
15955
15961
15977
15981
15989
15990
15994
15995
15996
16016
16026
16034
16039
16040
16053
16062
16063
16074
16075
16084
16085
16095
16106
16111
16117
16121
16132
16147
16160
16171
16172
16178
16180
16181
16182
16203
16204
16209
16210
16213
16214
16215
16232
16233
16238
16239
16241
16242
16243
16244
16252
16265
16266
16270
16271
16272
16275
16276
16277
16278
16289
16291
16309
16313
16336
16339
16358
16364
16366
16373
16378
16381
16385
16386
16400
16401
16418
16447
16448
16449
16456
16466
16467
16468
16471
16478
16494
16495
16498
16506
16514
16528
16533
16540
16542
16546
16549
16552
16566
16570
16586
16587
16592
16593
16598
16604
16606
16607
16615
16620
16621
16624
16625
16626
16627
16634
16638
16639
16646
16652
16659
16661
16662
16671
16682
16683
16684
16685
16687
16688
16689
16692
16693
16702
16703
16709
16713
16729
16733
16737
16741
16747
16750
16754
16755
16759
16777
16782
16783
16784
16785
16786
16787
16788
16789
16792
16793
16794
16795
16796
16797
16799
16805
16806
16807
16808
16810
16811
16812
16821
16823
16829
16834
16844
16845
16846
16847
16855
16857
16859
16861
16868
16874
16875
16882
16896
16897
16898
16899
16900
16901
16902
16903
16904
16906
16909
16910
16911
16912
16913
16915
16916
16918
16920
16924
16940
16941
16955
16967
16968
16996
17018
17019
17029
17030
17031
17032
17033
17034
17035
17036
17038
17039
17040
17042
17043
17045
17048
17049
17050
17051
17053
17054
17055
17056
17057
17058
17060
17062
17064
17065
17067
17068
17069
17070
17071
17072
17074
17085
17087
17088
17091
17092
17093
17098
17099
17100
17102
17103
17108
17117
17121
17158
17171
17173
17180
17184
17190
17191
17192
17193
17194
17195
17196
17198
17199
17200
17201
17202
17204
17205
17206
17207
17208
17209
17212
17213
17214
17215
17216
17218
17219
17221
17223
17224
17225
17239
17240
17241
17258
17275
17276
17277
17284
17297
17324
17325
17326
17327
17331
17332
17340
17357
17359
17364
17368
17385
17389
17390
17410
17411
17416
17426
17427
17435
17436
17437
17445
17457
17458
17459
17466
17467
17478
17479
17487
17488
17493
17495
17502
17503
17504
17505
17513
17518
17520
17525
17526
17528
17529
17530
17532
17533
17534
17535
17539
17540
17541
17542
17543
17544
17547
17549
17550
17551
17552
17553
17554
17555
17556
17560
17561
17562
17563
17564
17565
17566
17567
17568
17570
17571
17572
17573
17574
17575
17576
17581
17582
17583
17584
17585
17586
17587
17588
17589
17590
17591
17592
17593
17594
17595
17598
17599
17600
17601
17602
17603
17604
17605
17606
17609
17610
17611
17612
17613
17614
17615
17616
17617
17618
17619
17620
17621
17622
17623
17626
17627
17628
17629
17630
17631
17632
17633
17634
17635
17636
17637
17638
17639
17640
17646
17647
17649
17651
17664
17669
17672
17675
17676
17677
17679
17694
17695
17696
17697
17707
17716
17717
17721
17737
17744
17745
17746
17747
17752
17763
17773
17774
17775
17791
17792
17793
17794
17795
17796
17797
17798
17799
17800
17807
17808
17821
17831
17833
17855
17856
17878
17879
17880
17881
17882
17883
17884
17885
17886
17893
17894
17907
17908
17917
17918
17920
17948
17949
17955
17959
17963
17967
17968
17975
17976
17977
17983
17986
17996
17997
18007
18016
18031
18032
18033
18034
18035
18036
18037
18042
18046
18049
18052
18061
18067
18076
18079
18080
18084
18102
18106
18107
18108
18109
18112
18120
18145
18152
18153
18155
18157
18158
18161
18165
18170
18171
18172
18173
18175
18182
18185
18186
18197
18202
18203
18205
18209
18212
18217
18224
18227
18234
18235
18236
18237
18241
18242
18260
18261
18266
18273
18274
18279
18280
18282
18285
18286
18294
18295
18296
18297
18309
18310
18324
18340
18351
18372
18377
18382
18385
18392
18397
18413
18414
18421
18435
18439
18440
18442
18443
18444
18451
18452
18453
18466
18486
18487
18488
18498
18517
18527
18528
18529
18557
18558
18561
18562
18573
18592
18593
18599
18606
18616
18617
18631
18656
18662
18703
18713
18714
18744
18745
18746
18749
18753
18759
18766
18767
18768
18769
18770
18771
18772
18773
18774
18775
18776
18777
18778
18781
18784
18785
18786
18787
18788
18789
18790
18791
18793
18797
18798
18799
18802
18804
18805
18806
18807
18808
18809
18810
18812
18815
18816
18817
18818
18819
18820
18821
18822
18823
18824
18825
18827
18830
18833
18834
18835
18836
18843
18860
18866
18868
18870
18872
18873
18874
18875
18877
18878
18879
18880
18881
18882
18883
18884
18886
18887
18888
18889
18890
18895
18900
18906
18920
18924
18934
18941
18942
18943
18946
18950
18958
18962
18964
18971
18976
18983
18984
18997
18998
18999
19000
19001
19004
19005
19006
19007
19015
19018
19019
19020
19040
19041
19051
19056
19057
19059
19064
19065
19072
19082
19083
19084
19087
19093
19096
19098
19122
19123
19126
19131
19139
19148
19173
19178
19192
19194
19199
19205
19213
19221
19231
19233
19239
19246
19254
19266
19270
19277
19280
19281
19287
19288
19296
19305
19310
19312
19314
19325
19327
19331
19338
19340
19348
19350
19356
19357
19358
19360
19361
19362
19364
19365
19366
19367
19368
19370
19371
19372
19374
19375
19378
19382
19383
19384
19386
19387
19388
19390
19394
19395
19396
19401
19404
19405
19406
19412
19415
19418
19419
19420
19425
19426
19434
19437
19441
19447
19448
19451
19493
19511
19563
19564
19572
19580
19589
19596
19597
19616
19618
19621
19629
19634
19648
19650
19651
19664
19668
19669
19689
19692
19693
19694
19695
19698
19706
19713
19714
19716
19717
19719
19723
19724
19741
19744
19745
19746
19750
19753
19758
19770
19771
19787
19789
19793
19797
19801
19824
19835
19839
19840
19841
19848
19849
19868
19869
19887
19901
19906
19908
19933
19944
19949
19970
19980
19989
19990
19991
19992
19993
19994
19995
19996
20002
20013
20019
20023
20030
20032
20033
20034
20040
20041
20049
20052
20060
20061
20063
20064
20079
20088
20099
20109
20112
20115
20117
20131
20137
20138
20139
20146
20152
20154
20156
20162
20163
20165
20170
20172
20174
20177
20178
20179
20187
20191
20192
20193
20196
20210
20211
20212
20224
20233
20234
20259
20260
20261
20264
20267
20286
20287
20288
20292
20298
20300
20306
20307
20308
20309
20310
20311
20313
20314
20315
20316
20317
20318
20319
20320
20321
20322
20323
20324
20325
20326
20328
20329
20330
20331
20332
20333
20334
20337
20339
20340
20344
20347
20348
20349
20350
20351
20352
20353
20354
20355
20356
20357
20358
20359
20360
20361
20364
20366
20368
20369
20370
20371
20372
20373
20374
20375
20377
20378
20379
20384
20385
20401
20413
20426
20429
20433
20436
20441
20442
20443
20447
20451
20471
20476
20477
20485
20490
20492
20496
20499
20502
20509
20520
20530
20542
20571
20580
20586
20589
20590
20591
20592
20593
20595
20596
20597
20598
20599
20600
20603
20604
20605
20606
20607
20608
20609
20610
20611
20612
20613
20614
20615
20616
20617
20618
20620
20621
20622
20623
20624
20625
20626
20627
20628
20630
20631
20633
20636
20640
20641
20643
20644
20645
20646
20647
20649
20650
20654
20655
20656
20657
20658
20659
20660
20661
20662
20663
20664
20665
20666
20667
20668
20669
20670
20671
20672
20674
20675
20676
20677
20678
20679
20680
20682
20683
20684
20685
20687
20689
20690
20691
20695
20696
20697
20698
20711
20712
20713
20722
20736
20741
20744
20748
20756
20757
20763
20768
20770
20774
20776
20794
20796
20800
20808
20809
20813
20815
20816
20824
20825
20829
20831
20834
20835
20837
20839
20840
20843
20844
20845
20846
20847
20848
20849
20850
20851
20852
20853
20854
20855
20856
20857
20858
20859
20860
20864
20865
20866
20867
20870
20872
20873
20875
20877
20878
20879
20880
20881
20882
20883
20884
20886
20888
20889
20890
20891
20893
20896
20899
20900
20909
20910
20918
20923
20926
20935
20936
20937
20940
20942
20950
20953
20960
20966
20970
20971
20975
20981
20983
20988
20989
20993
20996
20997
21002
21003
21004
21007
21015
21021
21024
21033
21036
21039
21040
21042
21043
21044
21046
21049
21050
21051
21052
21053
21054
21055
21057
21058
21059
21060
21062
21065
21066
21067
21068
21069
21070
21071
21072
21073
21074
21075
21076
21077
21081
21082
21084
21085
21086
21087
21089
21090
21091
21110
21111
21121
21128
21150
21152
21163
21164
21166
21167
21177
21179
21196
21197
21200
21210
21211
21212
21213
21227
21228
21247
21248
21253
21280
21286
21289
21290
21309
21312
21324
21325
21327
21337
21341
21354
21356
21357
21358
21368
21371
21372
21373
21374
21375
21376
21377
21390
21391
21395
21396
21398
21399
21400
21401
21402
21403
21418
21419
21420
21423
21424
21427
21428
21429
21430
21431
21440
21444
21445
21448
21449
21459
21467
21474
21476
21487
21488
21492
21493
21494
21495
21496
21497
21498
21513
21515
21516
21522
21525
21535
21542
21543
21551
21558
21562
21567
21568
21573
21581
21582
21585
21588
21589
21590
21598
21599
21600
21609
21610
21619
21620
21621
21623
21627
21628
21629
21633
21634
21641
21642
21647
21650
21659
21661
21664
21675
21680
21687
21688
21689
21696
21697
21698
21710
21711
21715
21732
21737
21738
21742
21743
21744
21759
21767
21772
21773
21777
21778
21783
21785
21798
21803
21804
21805
21806
21811
21822
21827
21832
21833
21834
21838
21839
21840
21841
21842
21843
21844
21845
21847
21848
21849
21850
21851
21852
21853
21855
21856
21857
21858
21859
21860
21863
21865
21867
21868
21869
21871
21885
21889
21897
21899
21902
21903
21906
21913
21914
21916
21923
21924
21925
21929
21930
21935
21941
21950
21956
21957
21959
21969
21982
21983
21984
21985
21986
21992
22012
22017
22018
22019
22020
22033
22034
22035
22040
22043
22046
22049
22050
22051
22052
22080
22081
22082
22094
22099
22100
22107
22110
22116
22129
22135
22141
22151
22154
22161
22162
22177
22179
22180
22181
22198
22199
22200
22201
22204
22214
22215
22220
22222
22243
22249
22250
22254
22268
22271
22274
22275
22276
22277
22278
22279
22280
22281
22282
22285
22286
22290
22291
22292
22293
22294
22295
22296
22297
22298
22299
22300
22301
22302
22303
22304
22305
22306
22307
22308
22309
22310
22311
22314
22316
22317
22318
22319
22320
22321
22325
22352
22353
22361
22366
22371
22375
22376
22377
22379
22382
22383
22387
22388
22396
22397
22398
22401
22406
22407
22412
22416
22418
22419
22424
22430
22431
22447
22460
22461
22465
22471
22473
22475
22480
22487
22488
22489
22491
22492
22499
22505
22506
22508
22510
22511
22517
22520
22522
22526
22528
22530
22537
22539
22546
22549
22550
22555
22556
22557
22558
22559
22560
22561
22562
22565
22566
22568
22572
22573
22574
22575
22577
22579
22583
22586
22588
22589
22590
22591
22592
22593
22595
22596
22597
22598
22601
22602
22603
22604
22605
22606
22607
22608
22609
22611
22612
22613
22618
22619
22621
22623
22624
22627
22630
22633
22636
22646
22649
22665
22681
22684
22687
22705
22720
22732
22733
22753
22754
22766
22770
22772
22806
22807
22808
22810
22816
22823
22851
22854
22855
22857
22865
22867
22879
22880
22881
22885
22886
22887
22888
22919
22920
22921
22925
22926
22928
22929
22930
22931
22935
22936
22947
22948
22956
22959
22960
22980
22981
22982
22983
22987
22990
22991
22998
23017
23018
23025
23026
23027
23028
23029
23065
23070
23073
23074
23075
23076
23077
23080
23094
23095
23132
23133
23147
23151
23160
23168
23169
23170
23175
23189
23192
23198
23200
23201
23202
23203
23204
23205
23206
23207
23208
23209
23210
23211
23213
23214
23215
23216
23217
23218
23219
23220
23223
23225
23226
23228
23229
23230
23231
23232
23233
23234
23235
23236
23237
23238
23239
23240
23241
23242
23243
23244
23245
23249
23252
23253
23254
23255
23256
23257
23258
23259
23260
23261
23262
23263
23274
23278
23284
23286
23292
23301
23302
23310
23311
23312
23345
23346
23353
23357
23362
23370
23378
23382
23384
23385
23386
23390
23391
23392
23400
23401
23416
23429
23430
23447
23449
23451
23452
23458
23459
23462
23473
23485
23486
23488
23508
23522
23534
23552
23558
23559
23565
23567
23570
23584
23589
23591
23596
23609
23611
23613
23614
23615
23616
23617
23619
23621
23622
23623
23624
23625
23626
23627
23628
23629
23631
23632
23633
23635
23639
23641
23642
23643
23644
23645
23647
23648
23649
23650
23652
23655
23656
23657
23658
23660
23664
23665
23666
23667
23668
23670
23671
23673
23674
23675
23676
23677
23678
23679
23681
23682
23683
23685
23687
23689
23690
23691
23692
23693
23694
23695
23696
23697
23698
23699
23700
23704
23706
23707
23708
23709
23711
23716
23717
23718
23719
23720
23721
23722
23723
23725
23727
23729
23730
23733
23734
23735
23736
23737
23738
23739
23743
23744
23745
23746
23747
23748
23751
23752
23753
23754
23755
23756
23757
23758
23759
23760
23761
23762
23763
23764
23765
23766
23767
23768
23769
23770
23771
23772
23774
23775
23776
23777
23778
23779
23780
23781
23782
23784
23785
23786
23787
23788
23789
23790
23791
23792
23793
23794
23795
23797
23798
23801
23802
23803
23804
23807
23808
23809
23811
23812
23813
23814
23815
23816
23817
23818
23819
23820
23821
23822
23823
23824
23825
23827
23828
23829
23830
23831
23832
23834
23835
23839
23840
23841
23842
23843
23844
23845
23846
23847
23849
23850
23851
23852
23853
23855
23857
23867
23871
23872
23879
23880
23883
23896
23900
23913
23914
23915
23920
23922
23924
23932
23934
23943
23945
23946
23947
23961
23966
23967
23968
23971
24007
24020
24021
24022
24024
24025
24037
24038
24039
24040
24041
24042
24056
24074
24075
24076
24084
24088
24089
24090
24091
24092
24093
24097
24107
24118
24122
24134
24143
24146
24147
24148
24166
24174
24175
24177
24184
24186
24187
24188
24189
24196
24197
24198
24199
24207
24208
24216
24217
24218
24223
24227
24230
24233
24234
24244
24254
24255
24256
24257
24258
24259
24262
24267
24269
24275
24276
24277
24281
24286
24294
24295
24303
24305
24306
24311
24312
24313
24314
24315
24316
24317
24318
24319
24320
24321
24322
24323
24324
24325
24327
24328
24329
24330
24331
24332
24333
24337
24338
24339
24340
24342
24344
24345
24346
24347
24348
24349
24350
24351
24352
24357
24358
24360
24361
24362
24365
24366
24369
24370
24371
24374
24375
24376
24377
24378
24380
24382
24383
24384
24385
24386
24387
24393
24394
24405
24408
24409
24412
24413
24424
24425
24448
24449
24458
24459
24460
24467
24475
24476
24477
24483
24491
24492
24493
24497
24506
24507
24513
24521
24527
24529
24530
24531
24536
24537
24542
24545
24546
24547
24553
24558
24566
24577
24582
24584
24585
24586
24589
24590
24593
24595
24596
24605
24610
24611
24612
24614
24621
24622
24630
24631
24634
24636
24637
24640
24641
24650
24651
24653
24662
24664
24665
24673
24681
24682
24686
24687
24700
24703
24704
24705
24730
24735
24736
24747
24759
24769
24770
24772
24782
24792
24793
24815
24816
24817
24818
24820
24821
24822
24823
24825
24826
24827
24829
24831
24832
24833
24834
24835
24836
24837
24838
24839
24840
24841
24842
24843
24844
24845
24846
24847
24848
24849
24850
24851
24853
24858
24859
24860
24861
24862
24863
24869
24885
24887
24888
24899
24902
24903
24910
24949
24950
24957
24958
24959
24960
24961
24963
24964
24979
24996
24998
25002
25004
25005
25019
25020
25025
25026
25028
25029
25039
25040
25044
25045
25048
25049
25058
25060
25068
25072
25073
25092
25093
25094
25095
25096
25097
25098
25099
25100
25101
25102
25103
25104
25105
25106
25107
25108
25109
25110
25112
25113
25114
25115
25117
25118
25120
25123
25124
25125
25126
25127
25128
25129
25130
25131
25132
25133
25134
25135
25143
25144
25155
25181
25184
25188
25189
25214
25215
25217
25218
25219
25220
25222
25223
25225
25229
25230
25231
25232
25233
25234
25235
25236
25239
25240
25241
25242
25243
25244
25245
25246
25247
25248
25249
25250
25251
25252
25253
25254
25255
25260
25261
25267
25269
25277
25278
25279
25282
25283
25290
25291
25298
25313
25314
25321
25322
25335
25336
25348
25361
25363
25369
25372
25379
25390
25391
25392
25397
25398
25399
25405
25406
25415
25416
25417
25419
25428
25429
25430
25431
25433
25434
25437
25443
25444
25448
25449
25450
25451
25452
25453
25454
25455
25456
25457
25458
25459
25460
25461
25462
25463
25464
25465
25466
25468
25469
25470
25471
25477
25478
25479
25480
25481
25482
25483
25486
25490
25491
25492
25493
25494
25496
25499
25500
25501
25502
25504
25507
25511
25512
25513
25514
25516
25517
25518
25519
25520
25521
25523
25524
25525
25526
25527
25528
25529
25530
25531
25533
25534
25535
25536
25537
25538
25539
25541
25542
25543
25544
25545
25546
25548
25551
25552
25553
25554
25556
25557
25561
25562
25563
25566
25567
25569
25570
25572
25573
25574
25575
25578
25579
25580
25582
25583
25584
25585
25586
25587
25588
25589
25590
25594
25595
25596
25597
25598
25599
25600
25601
25602
25603
25611
25612
25613
25614
25615
25619
25620
25621
25622
25623
25624
25625
25628
25629
25630
25631
25632
25633
25636
25637
25638
25639
25640
25641
25642
25643
25644
25645
25646
25647
25648
25657
25677
25678
25685
25686
25697
25709
25727
25728
25737
25739
25753
25755
25756
25759
25760
25766
25814
25815
25819
25820
25828
25832
25847
25848
25849
25850
25861
25862
25863
25864
25868
25869
25870
25879
25896
25917
25920
25927
25934
25936
25972
25974
26011
26012
26020
26021
26022
26024
26025
26026
26027
26028
26032
26033
26034
26035
26038
26039
26040
26041
26042
26044
26072
26074
26080
26084
26087
26093
26094
26095
26102
26103
26105
26111
26115
26117
26118
26119
26125
26132
26137
26142
26153
26159
26160
26164
26171
26172
26174
26175
26176
26180
26187
26188
26189
26194
26196
26204
26205
26226
26227
26228
26229
26230
26237
26242
26245
26255
26256
26258
26259
26263
26265
26267
26271
26274
26277
26292
26295
26298
26299
26301
26305
26321
26334
26335
26341
26372
26379
26383
26388
26389
26414
26450
26451
26454
26455
26464
26480
26481
26482
26484
26486
26513
26514
26515
26536
26541
26542
26563
26580
26584
26594
26617
26652
