0
1
2
3
4
5
6
7
8
10
11
12
13
14
15
16
17
18
19
20
21
22
23
24
25
26
27
28
29
30
31
32
33
34
35
78
79
80
81
82
83
84
85
88
89
90
91
92
93
94
95
96
97
98
99
100
101
102
105
106
107
108
109
110
111
112
113
114
115
116
117
118
119
120
121
122
123
124
125
126
127
128
129
130
131
132
133
134
135
136
137
138
139
140
141
142
143
144
145
146
147
149
150
151
152
153
156
157
158
159
160
161
162
164
165
167
169
170
171
172
173
174
175
177
178
179
180
181
182
183
184
185
186
187
188
189
190
191
192
193
194
195
196
198
199
200
201
202
203
204
205
207
208
209
210
211
212
213
214
215
216
217
218
219
220
223
226
227
228
229
230
232
233
234
235
236
237
239
240
241
242
243
244
245
246
247
248
249
250
251
253
254
255
256
257
258
259
260
261
262
263
264
265
266
267
268
269
270
271
273
274
275
276
277
279
280
281
282
283
284
285
286
287
289
290
291
292
293
294
295
296
297
298
299
300
301
302
303
304
305
306
307
308
309
310
311
312
313
314
315
318
319
320
321
322
323
324
325
326
327
328
329
330
331
332
333
334
335
336
337
338
339
340
341
342
344
345
347
348
349
350
354
355
356
357
358
359
361
362
364
366
367
369
370
371
372
373
374
375
376
378
379
380
381
382
384
386
387
389
390
391
392
393
394
395
396
397
398
399
400
401
402
403
404
405
407
409
410
411
412
413
414
417
418
419
420
421
422
423
424
425
426
427
428
429
430
431
433
434
435
436
440
441
442
443
444
445
446
447
448
449
450
451
452
454
457
458
459
460
461
462
464
465
466
467
468
469
470
471
472
473
475
476
477
479
480
481
482
483
484
486
487
488
490
491
492
493
494
495
496
497
499
500
501
502
503
504
505
506
507
508
509
510
511
512
513
514
515
516
518
519
520
521
522
523
526
527
528
530
531
532
533
534
536
537
538
539
540
541
542
543
544
545
547
548
551
552
553
554
555
556
557
558
559
560
561
563
564
565
566
567
569
570
571
572
573
574
576
577
578
620
621
622
623
624
625
628
630
631
632
633
634
635
636
637
638
639
641
642
643
644
645
646
647
648
649
650
651
652
653
654
655
656
657
658
659
660
664
665
666
667
668
669
670
671
672
674
675
676
677
678
679
680
681
682
683
684
685
686
687
688
689
690
691
733
734
735
736
737
738
739
740
741
742
743
744
745
750
753
755
756
757
758
759
760
762
765
766
767
768
769
770
771
772
773
774
775
776
777
807
808
810
811
812
813
814
815
816
817
818
821
822
823
824
825
826
827
829
830
831
832
833
834
835
836
837
838
839
841
842
843
846
847
848
849
850
851
852
853
854
857
858
860
861
862
863
864
865
866
867
869
870
871
872
873
874
875
876
878
879
880
881
882
883
884
886
887
888
889
890
891
892
893
894
895
896
897
898
899
900
901
902
903
905
906
907
908
909
913
914
915
916
917
919
920
921
922
923
924
925
927
928
929
930
933
934
935
936
941
942
943
945
946
947
948
949
950
951
952
953
954
955
956
958
959
960
961
962
965
966
967
968
969
971
972
973
974
975
976
979
980
981
982
997
998
1000
1001
1002
1003
1004
1006
1007
1008
1009
1010
1011
1012
1013
1014
1015
1016
1017
1018
1019
1020
1021
1022
1023
1024
1025
1028
1029
1030
1031
1032
1033
1034
1035
1037
1038
1039
1040
1041
1042
1043
1044
1045
1046
1047
1048
1049
1050
1051
1052
1053
1054
1055
1060
1061
1062
1063
1064
1065
1066
1068
1069
1070
1071
1072
1073
1076
1077
1078
1079
1081
1083
1084
1085
1086
1087
1088
1089
1090
1092
1093
1094
1095
1096
1097
1098
1099
1100
1101
1102
1103
1105
1106
1108
1109
1110
1112
1113
1114
1115
1116
1117
1118
1119
1120
1122
1123
1124
1125
1126
1127
1128
1129
1130
1131
1132
1133
1134
1135
1136
1137
1140
1141
1142
1143
1144
1146
1147
1148
1149
1150
1151
1152
1153
1154
1155
1157
1158
1180
1181
1182
1183
1184
1185
1186
1187
1189
1190
1191
1192
1193
1194
1195
1197
1199
1201
1202
1203
1204
1205
1206
1207
1208
1209
1210
1211
1212
1213
1214
1215
1216
1217
1218
1219
1220
1222
1223
1225
1227
1231
1232
1234
1235
1236
1237
1238
1239
1240
1242
1243
1244
1245
1246
1247
1248
1277
1278
1279
1280
1281
1282
1283
1284
1285
1286
1287
1288
1289
1290
1328
1329
1330
1331
1332
1334
1335
1336
1337
1338
1339
1340
1341
1342
1343
1344
1345
1347
1348
1349
1351
1352
1354
1356
1358
1359
1490
1491
1492
1493
1494
1495
1496
1497
1498
1499
1500
1503
1506
1507
1509
1510
1511
1512
1514
1515
1516
1517
1518
1519
1520
1521
1522
1523
1525
1526
1527
1528
1529
1530
1531
1532
1534
1535
1536
1537
1538
1539
1541
1542
1543
1544
1545
1546
1547
1548
1549
1551
1552
1553
1554
1555
1556
1557
1558
1561
1562
1563
1564
1565
1566
1567
1568
1569
1570
1571
1572
1573
1574
1575
1576
1577
1578
1579
1580
1581
1582
1583
1584
1585
1586
1587
1588
1590
1591
1592
1593
1594
1595
1596
1597
1598
1599
1600
1601
1602
1603
1604
1605
1606
1607
1608
1609
1610
1611
1612
1613
1614
1615
1616
1617
1619
1620
1621
1622
1623
1624
1625
1627
1628
1629
1630
1631
1632
1633
1634
1635
1636
1637
1638
1639
1640
1641
1642
1643
1644
1645
1646
1647
1690
1691
1692
1693
1694
1695
1696
1697
1698
1699
1700
1701
1702
1703
1705
1706
1707
1708
1709
1710
1711
1712
1713
1714
1716
1717
1718
1719
1720
1721
1722
1723
1724
1725
1726
1727
1728
1729
1730
1731
1732
1733
1735
1736
1737
1738
1739
1742
1743
1744
1745
1746
1747
1748
1750
1752
1753
1754
1776
1777
1778
1779
1780
1783
1784
1786
1787
1788
1791
1795
1796
1797
1798
1799
1831
1832
1834
1835
1836
1837
1838
1839
1840
1841
1842
1843
1845
1847
1850
1851
1852
1853
1854
1855
1856
1857
1858
1859
1860
1861
1862
1863
1864
1865
1866
1867
1869
1870
1871
1874
1875
1876
1877
1878
1879
1880
1881
1883
1884
1885
1886
1887
1888
1889
1890
1891
1892
1893
1894
1895
1896
1897
1899
1900
1901
1902
1904
1906
1907
1908
1909
1910
1911
1912
1913
1914
1915
1916
1917
1921
1922
1923
1925
1926
1927
1928
1929
1972
1973
1974
1975
1976
1977
1978
1979
1980
1981
1982
1985
1986
1987
1988
1989
1990
1991
1992
1993
1994
1995
1996
1998
1999
2000
2002
2003
2004
2007
2008
2009
2010
2011
2012
2014
2106
2107
2108
2109
2111
2112
2113
2114
2115
2116
2117
2118
2119
2120
2121
2122
2123
2124
2126
2127
2128
2129
2130
2131
2132
2133
2134
2135
2136
2138
2139
2140
2141
2142
2143
2144
2145
2146
2148
2149
2150
2151
2152
2153
2155
2156
2157
2158
2159
2160
2161
2162
2163
2164
2165
2166
2167
2168
2169
2170
2171
2172
2173
2174
2175
2176
2177
2180
2181
2182
2183
2184
2185
2188
2189
2191
2192
2193
2194
2195
2196
2197
2198
2254
2255
2257
2258
2259
2261
2262
2263
2264
2265
2266
2267
2268
2269
2270
2271
2272
2273
2274
2275
2276
2277
2278
2280
2281
2283
2284
2285
2286
2287
2288
2289
2290
2291
2292
2293
2294
2295
2296
2298
2299
2300
2302
2303
2304
2306
2388
2389
2390
2391
2393
2394
2395
2396
2397
2399
2400
2401
2402
2403
2404
2405
2406
2407
2408
2409
2410
2411
2412
2413
2414
2415
2416
2417
2418
2419
2420
2421
2422
2424
2427
2428
2429
2430
2431
2432
2435
2436
2437
2438
2439
2440
2441
2442
2443
2444
2445
2446
2448
2449
2453
2454
2455
2456
2457
2458
2459
2460
2461
2462
2463
2464
2465
2466
2467
2468
2469
2470
2473
2474
2475
2476
2477
2478
2479
2481
2482
2483
2484
2487
2488
2489
2490
2491
2492
2493
2494
2495
2496
2497
2498
2499
2500
2501
2502
2503
2504
2505
2506
2507
2508
2509
2511
2512
2513
2514
2517
2518
2521
2522
2523
2524
2525
2526
2527
2529
2530
2532
2533
2534
2535
2536
2537
2541
2543
2544
2545
2546
2547
2549
2550
2551
2554
2555
2556
2557
2558
2559
2561
2562
2563
2564
2565
2566
2567
2568
2569
2570
2572
2573
2574
2575
2577
2578
2579
2580
2581
2584
2585
2586
2590
2591
2592
2593
2594
2595
2596
2597
2598
2599
2600
2601
2602
2603
2604
2605
2606
2607
2608
2609
2610
2612
2613
2614
2616
2617
2618
2619
2620
2624
2625
2626
2627
2628
2629
2630
2631
2632
2633
2634
2635
2636
2637
2638
2639
2640
2642
2643
2644
2645
2646
2647
2648
2649
2650
2651
2652
2653
2654
2655
2656
2657
2658
2659
2660
2661
2664
2665
2666
2667
2668
2669
2670
2672
2673
2674
2675
2676
2677
2678
2679
2680
2681
2682
2683
2687
2688
2690
2691
2695
2696
2697
2698
2699
2700
2701
2702
2703
2704
2705
2706
2707
2708
2709
2710
2711
2712
2713
2714
2720
2721
2722
2723
2724
2725
2726
2727
2728
2729
2730
2731
2732
2733
2734
2735
2739
2740
2741
2742
2743
2744
2745
2746
2747
2752
2753
2754
2755
2756
2757
2760
2761
2762
2766
2767
2768
2769
2770
2771
2772
2773
2774
2775
2776
2777
2778
2779
2780
2781
2782
2783
2785
2786
2788
2790
2791
2792
2793
2794
2795
2796
2797
2798
2799
2800
2801
2802
2803
2804
2807
2808
2809
2810
2811
2812
2813
2814
2815
2816
2817
2818
2819
2820
2822
2824
2825
2826
2827
2829
2830
2831
2832
2833
2834
2835
2836
2838
2839
2840
2841
2842
2843
2844
2845
2846
2847
2848
2852
2853
2854
2855
2856
2857
2858
2859
2860
2861
2862
2863
2864
2865
2866
2867
2868
2870
2871
2872
2873
2874
2875
2876
2877
2878
2879
2880
2881
2882
2883
2884
2885
2886
2889
2891
2892
2893
2894
2895
2896
2901
2902
2903
2904
2905
2906
2908
2909
2910
2912
2913
2914
2915
2917
2918
2919
2921
2922
2923
2924
2925
2926
2927
2928
2930
2935
2938
2939
2940
2941
2942
2943
2944
2945
2948
2949
2953
2954
2955
2956
2957
2959
2960
2961
2962
2964
2965
2966
2967
2970
2972
2973
2974
2975
2977
2978
2979
2980
2983
2984
2985
2986
2987
2988
2989
2990
2991
2995
2996
2997
2998
2999
3000
3001
3002
3003
3004
3005
3006
3007
3008
3010
3011
3012
3013
3014
3015
3016
3017
3018
3019
3020
3021
3022
3023
3024
3025
3026
3027
3028
3029
3030
3031
3033
3034
3035
3036
3040
3041
3042
3043
3044
3045
3046
3048
3049
3050
3051
3052
3053
3054
3055
3056
3057
3058
3062
3063
3064
3065
3066
3070
3071
3072
3073
3074
3075
3076
3078
3079
3080
3081
3082
3083
3084
3087
3088
3089
3090
3091
3092
3094
3096
3099
3100
3101
3102
3103
3104
3105
3106
3107
3108
3111
3112
3113
3115
3117
3119
3120
3122
3123
3124
3125
3128
3129
3130
3131
3132
3133
3134
3135
3136
3138
3139
3140
3142
3143
3144
3145
3148
3150
3151
3152
3153
3154
3155
3156
3157
3158
3159
3160
3161
3162
3163
3164
3167
3168
3169
3171
3172
3173
3174
3175
3176
3177
3178
3179
3180
3181
3184
3186
3187
3188
3189
3190
3191
3192
3195
3196
3197
3198
3199
3200
3201
3203
3204
3205
3206
3208
3209
3210
3211
3212
3213
3214
3215
3216
3217
3218
3221
3222
3223
3224
3225
3226
3227
3229
3230
3231
3232
3234
3235
3236
3237
3239
3240
3241
3243
3245
3246
3247
3248
3250
3251
3252
3253
3255
3256
3257
3258
3259
3260
3261
3262
3264
3265
3266
3268
3269
3270
3271
3272
3273
3274
3275
3276
3277
3278
3279
3280
3281
3282
3285
3286
3287
3288
3289
3291
3292
3293
3295
3296
3297
3298
3299
3300
3302
3303
3304
3305
3307
3308
3309
3310
3311
3312
3313
3314
3315
3316
3317
3318
3319
3320
3321
3322
3323
3324
3325
3326
3327
3328
3329
3330
3331
3336
3337
3340
3343
3344
3345
3346
3347
3348
3349
3350
3353
3357
3358
3359
3360
3361
3364
3365
3366
3367
3368
3370
3371
3372
3374
3375
3376
3377
3378
3379
3380
3381
3382
3384
3385
3386
3387
3388
3389
3390
3391
3392
3393
3394
3395
3396
3400
3401
3402
3403
3404
3405
3406
3407
3408
3409
3410
3411
3412
3413
3415
3416
3417
3418
3419
3420
3422
3425
3426
3427
3428
3429
3430
3431
3432
3433
3434
3435
3436
3440
3444
3446
3447
3448
3450
3451
3452
3453
3454
3455
3456
3457
3458
3459
3460
3463
3464
3465
3466
3467
3468
3469
3470
3471
3472
3474
3475
3476
3477
3478
3479
3480
3481
3482
3483
3486
3487
3488
3490
3491
3492
3493
3494
3495
3496
3497
3498
3499
3500
3501
3502
3503
3504
3505
3508
3509
3510
3511
3512
3513
3514
3516
3517
3518
3521
3522
3523
3524
3525
3526
3527
3528
3530
3531
3532
3533
3534
3535
3536
3537
3538
3539
3540
3541
3542
3543
3544
3545
3546
3548
3549
3550
3551
3552
3553
3555
3556
3557
3558
3559
3561
3562
3563
3564
3565
3566
3567
3570
3571
3572
3573
3574
3576
3577
3578
3579
3580
3581
3583
3584
3585
3586
3587
3588
3589
3590
3591
3592
3593
3594
3595
3598
3599
3600
3601
3602
3603
3604
3605
3607
3608
3610
3611
3613
3614
3615
3616
3617
3618
3619
3620
3621
3622
3623
3624
3625
3628
3629
3632
3633
3634
3635
3636
3637
3638
3639
3640
3641
3642
3643
3644
3646
3647
3648
3649
3652
3653
3654
3655
3656
3659
3660
3661
3662
3663
3664
3665
3666
3667
3668
3669
3671
3672
3673
3674
3676
3677
3679
3680
3681
3682
3683
3684
3685
3687
3688
3689
3690
3691
3692
3693
3694
3695
3696
3697
3698
3699
3700
3702
3703
3704
3705
3706
3707
3708
3709
3710
3711
3712
3713
3714
3715
3716
3717
3721
3722
3723
3724
3725
3726
3727
3728
3731
3732
3733
3734
3735
3736
3737
3738
3739
3740
3741
3743
3744
3745
3746
3748
3750
3751
3752
3754
3755
3756
3757
3759
3761
3762
3764
3765
3766
3768
3769
3771
3772
3773
3774
3775
3776
3777
3778
3779
3780
3783
3784
3786
3787
3788
3789
3790
3791
3792
3793
3794
3795
3796
3797
3798
3799
3800
3801
3802
3803
3804
3806
3808
3810
3811
3812
3813
3814
3815
3817
3818
3820
3821
3823
3824
3827
3828
3829
3830
3889
3891
3892
3893
3894
3895
3896
3897
3899
3900
3904
3905
3906
3907
3911
3912
3913
3914
3915
3916
3918
3919
3920
3921
3922
3923
3925
3928
3929
3930
3931
3932
3933
3935
3936
3939
3940
3941
3942
3943
3944
3945
3946
3949
3950
3952
3953
3954
3955
3956
3957
3958
3959
3960
3961
3962
3963
3967
3968
3969
3970
3971
3973
3974
3975
3976
3977
3980
3982
3983
3984
3985
3986
3987
3988
3989
3991
3993
4038
4039
4040
4041
4042
4044
4045
4048
4049
4050
4053
4054
4055
4056
4057
4058
4059
4061
4062
4063
4064
4065
4066
4067
4068
4070
4071
4072
4073
4074
4075
4076
4077
4078
4079
4080
4081
4082
4083
4084
4085
4088
4089
4090
4091
4092
4093
4094
4095
4096
4097
4101
4102
4103
4104
4105
4106
4107
4108
4109
4110
4111
4113
4114
4116
4117
4118
4119
4120
4121
4122
4123
4124
4125
4126
4127
4128
4129
4130
4131
4132
4134
4135
4136
4137
4138
4139
4140
4141
4142
4143
4144
4145
4146
4147
4148
4149
4150
4151
4152
4153
4154
4155
4156
4157
4158
4159
4160
4161
4162
4163
4165
4166
4167
4168
4169
4170
4171
4172
4174
4175
4176
4177
4178
4179
4180
4181
4182
4184
4185
4186
4187
4188
4189
4190
4191
4192
4196
4197
4198
4199
4200
4201
4202
4203
4204
4205
4206
4207
4208
4209
4210
4211
4212
4213
4214
4215
4216
4217
4218
4219
4220
4221
4222
4223
4224
4225
4226
4227
4228
4229
4230
4232
4233
4234
4235
4236
4239
4240
4241
4242
4243
4244
4245
4246
4247
4248
4249
4250
4251
4252
4253
4254
4255
4256
4257
4259
4260
4261
4265
4266
4267
4268
4269
4270
4271
4272
4273
4274
4275
4276
4279
4280
4281
4282
4283
4284
4285
4286
4287
4289
4290
4291
4292
4293
4294
4295
4296
4297
4298
4299
4300
4301
4302
4303
4304
4305
4306
4308
4309
4311
4312
4313
4314
4316
4317
4318
4362
4363
4364
4365
4366
4367
4368
4370
4371
4372
4373
4374
4375
4376
4377
4378
4379
4380
4381
4382
4383
4384
4385
4386
4387
4388
4389
4390
4391
4392
4393
4394
4395
4396
4397
4398
4399
4400
4401
4402
4403
4404
4405
4406
4407
4409
4411
4412
4413
4414
4415
4416
4417
4418
4419
4420
4421
4422
4423
4424
4430
4431
4432
4433
4434
4435
4439
4440
4441
4442
4443
4444
4445
4446
4447
4448
4449
4450
4451
4452
4453
4454
4455
4456
4457
4458
4459
4460
4461
4462
4463
4464
4465
4468
4469
4478
4479
4481
4482
4483
4484
4485
4486
4487
4488
4489
4490
4491
4492
4493
4494
4495
4496
4497
4498
4499
4500
4501
4503
4504
4505
4507
4508
4513
4514
4515
4516
4517
4518
4519
4520
4521
4522
4523
4524
4525
4526
4527
4530
4531
4532
4533
4534
4535
4536
4537
4538
4539
4540
4542
4550
4551
4552
4553
4554
4555
4556
4557
4558
4559
4560
4561
4562
4563
4564
4565
4567
4568
4569
4570
4571
4572
4573
4574
4578
4584
4585
4586
4587
4588
4590
4591
4592
4593
4594
4595
4596
4597
4598
4601
4604
4605
4606
4607
4608
4609
4610
4611
4612
4613
4616
4617
4618
4619
4620
4624
4625
4627
4628
4629
4630
4631
4632
4634
4635
4637
4638
4639
4640
4641
4642
4643
4644
4645
4646
4647
4648
4650
4651
4652
4653
4654
4656
4657
4659
4660
4661
4662
4663
4664
4665
4666
4668
4669
4670
4671
4672
4673
4674
4675
4676
4677
4680
4681
4682
4683
4684
4685
4686
4688
4689
4690
4691
4692
4693
4694
4696
4697
4698
4699
4700
4701
4702
4703
4704
4705
4706
4707
4709
4710
4711
4712
4713
4714
4715
4717
4719
4720
4721
4722
4723
4725
4726
4727
4728
4729
4730
4731
4732
4733
4734
4735
4736
4737
4738
4739
4740
4742
4743
4744
4745
4746
4747
4748
4749
4750
4753
4754
4755
4756
4757
4758
4759
4760
4761
4762
4763
4764
4765
4767
4768
4770
4771
4772
4773
4774
4775
4776
4777
4778
4779
4780
4781
4782
4783
4785
4787
4788
4790
4791
4792
4793
4794
4795
4796
4797
4798
4799
4800
4801
4802
4803
4804
4805
4806
4807
4808
4809
4810
4811
4812
4813
4814
4816
4817
4818
4819
4820
4821
4822
4824
4825
4826
4827
4828
4829
4830
4831
4832
4833
4834
4835
4838
4839
4840
4841
4842
4844
4845
4846
4847
4849
4850
4851
4852
4853
4854
4857
4858
4859
4861
4863
4864
4865
4867
4869
4870
4871
4872
4873
4874
4875
4876
4877
4878
4879
4880
4881
4882
4883
4884
4885
4886
4888
4889
4890
4891
4892
4893
4894
4895
4896
4897
4898
4899
4900
4901
4902
4903
4904
4905
4906
4907
4908
4909
4910
4911
4912
4913
4914
4915
4916
4917
4918
4919
4920
4923
4924
4926
4927
4928
4931
4932
4933
4934
4935
4936
4937
4939
4940
4941
4942
4943
4944
4945
4946
4947
4951
4952
4953
4954
4955
4956
4957
4958
4959
4960
4962
4963
4964
4965
4967
4968
4969
4970
4971
4972
4973
4974
4975
4976
4979
4980
4981
4982
4983
4984
4987
4988
4989
4990
4991
4992
4993
4994
4996
4997
4998
4999
5000
5002
5003
5004
5005
5006
5007
5009
5010
5013
5014
5015
5016
5017
5018
5019
5020
5021
5022
5023
5026
5027
5028
5029
5032
5033
5034
5035
5040
5041
5042
5043
5045
5046
5047
5048
5049
5050
5051
5052
5053
5054
5056
5059
5060
5062
5063
5064
5065
5066
5067
5068
5069
5070
5071
5072
5075
5077
5078
5079
5080
5082
5083
5084
5088
5091
5092
5093
5094
5095
5096
5097
5098
5099
5100
5101
5102
5103
5105
5108
5109
5110
5111
5112
5113
5114
5115
5116
5117
5118
5119
5120
5121
5122
5126
5127
5128
5130
5133
5134
5135
5137
5138
5139
5140
5141
5142
5143
5144
5145
5146
5147
5148
5150
5151
5153
5154
5155
5156
5157
5158
5159
5160
5161
5162
5163
5164
5165
5166
5167
5168
5169
5174
5175
5176
5180
5181
5182
5185
5186
5187
5188
5189
5191
5192
5193
5194
5195
5196
5197
5198
5199
5200
5201
5202
5203
5204
5205
5207
5208
5209
5210
5211
5212
5213
5214
5215
5216
5217
5218
5219
5220
5221
5222
5223
5224
5225
5226
5227
5228
5229
5230
5231
5235
5236
5237
5238
5239
5241
5242
5243
5244
5245
5248
5249
5250
5251
5252
5256
5257
5258
5259
5261
5262
5263
5264
5265
5266
5267
5268
5271
5272
5273
5274
5275
5276
5277
5278
5279
5280
5281
5282
5284
5285
5287
5288
5290
5291
5292
5293
5294
5295
5298
5299
5300
5301
5302
5303
5304
5305
5306
5308
5309
5310
5311
5313
5314
5315
5316
5463
5464
5465
5466
5467
5468
5469
5470
5471
5472
5473
5475
5476
5477
5478
5479
5480
5481
5482
5483
5484
5485
5486
5487
5488
5490
5491
5493
5494
5497
5498
5499
5500
5501
5503
5504
5505
5507
5508
5509
5510
5511
5512
5513
5514
5515
5516
5517
5518
5519
5520
5521
5522
5523
5524
5525
5526
5527
5528
5529
5530
5531
5532
5533
5534
5535
5536
5537
5538
5539
5542
5543
5545
5546
5547
5548
5549
5552
5553
5554
5556
5557
5558
5560
5561
5562
5563
5564
5565
5566
5567
5568
5569
5570
5571
5572
5573
5574
5575
5576
5578
5579
5580
5581
5582
5584
5585
5586
5587
5588
5589
5590
5591
5592
5593
5594
5596
5597
5598
5600
5601
5602
5603
5649
5650
5652
5653
5654
5655
5661
5662
5663
5664
5665
5667
5668
5670
5671
5672
5673
5674
5675
5677
5678
5681
5683
5684
5686
5687
5690
5691
5692
5693
5694
5696
5697
5698
5699
5700
5701
5702
5703
5704
5705
5707
5709
5710
5711
5712
5713
5715
5716
5717
5718
5720
5721
5722
5723
5724
5725
5729
5730
5732
5733
5734
5735
5736
5738
5739
5740
5741
5743
5744
5747
5748
5749
5750
5751
5754
5755
5756
5758
5759
5760
5761
5762
5763
5764
5765
5769
5770
5771
5773
5774
5775
5776
5778
5779
5780
5781
5782
5786
5788
5789
5790
5792
5793
5794
5795
5797
5798
5799
5801
5802
5803
5804
5806
5807
5808
5809
5811
5813
5814
5816
5817
5818
5819
5820
5821
5822
5823
5828
5829
5830
5831
5832
5833
5835
5836
5838
5839
5840
5841
5842
5843
5846
5847
5849
5850
5851
5853
5854
5855
5856
5857
5858
5860
5865
5866
5867
5868
5869
5870
5871
5873
5874
5875
5876
5877
5878
5879
5880
5881
5882
5883
5884
5887
5888
5889
5890
5891
5892
5897
5898
5899
5901
5902
5903
5904
5905
5906
5908
5909
5910
5911
5912
5913
5914
5915
5918
5919
5920
5921
5922
5923
5925
5926
5927
5928
5929
5930
5931
5933
5934
5936
5937
5938
5939
5940
5941
5942
5943
5944
5945
5948
5950
5951
5952
5955
5956
5957
5958
5959
5961
5963
5964
5965
5966
5972
5973
5974
5975
5976
5977
5978
5979
5980
5981
5982
5983
5984
5987
5989
5990
5991
6175
6176
6177
6178
6179
6180
6181
6182
6183
6185
6186
6187
6188
6189
6191
6192
6193
6194
6195
6196
6197
6198
6199
6201
6202
6203
6204
6205
6206
6207
6208
6209
6210
6211
6212
6213
6214
6215
6216
6217
6218
6219
6220
6221
6222
6223
6224
6225
6226
6227
6228
6229
6230
6231
6232
6233
6236
6237
6238
6239
6240
6241
6242
6243
6244
6245
6246
6247
6248
6249
6250
6251
6252
6253
6254
6255
6257
6258
6259
6260
6261
6262
6263
6265
6266
6267
6268
6269
6270
6271
6272
6273
6274
6275
6276
6277
6280
6287
6289
6290
6293
6294
6295
6296
6297
6298
6299
6300
6301
6302
6303
6304
6305
6306
6307
6308
6309
6310
6311
6312
6314
6315
6318
6319
6325
6326
6327
6328
6329
6330
6331
6332
6333
6334
6335
6336
6337
6338
6339
6340
6341
6342
6343
6344
6345
6346
6351
6352
6353
6354
6355
6356
6358
6359
6360
6361
6362
6363
6364
6365
6366
6367
6368
6370
6372
6373
6374
6375
6379
6381
6382
6383
6384
6385
6386
6387
6388
6389
6390
6391
6392
6393
6394
6395
6396
6397
6399
6400
6401
6402
6403
6404
6405
6406
6407
6411
6412
6413
6414
6415
6418
6419
6420
6421
6422
6423
6426
6427
6428
6429
6430
6431
6432
6433
6437
6438
6439
6440
6441
6444
6445
6446
6447
6448
6449
6450
6451
6452
6453
6454
6455
6456
6457
6458
6459
6460
6462
6463
6464
6465
6466
6467
6468
6469
6470
6472
6473
6474
6475
6476
6477
6478
6479
6480
6481
6483
6484
6488
6489
6490
6491
6492
6493
6494
6495
6496
6497
6498
6499
6500
6501
6502
6503
6504
6505
6506
6507
6508
6509
6510
6511
6512
6514
6515
6516
6517
6518
6519
6520
6521
6522
6523
6524
6525
6526
6527
6529
6530
6531
6532
6533
6534
6535
6536
6537
6538
6539
6540
6541
6542
6543
6544
6545
6546
6547
6548
6549
6550
6551
6552
6553
6554
6555
6557
6558
6559
6560
6561
6562
6563
6565
6566
6567
6568
6569
6570
6571
6572
6573
6574
6575
6576
6577
6578
6579
6580
6581
6582
6583
6584
6585
6586
6587
6588
6589
6590
6591
6592
6593
6594
6595
6596
6597
6598
6599
6600
6601
6602
6603
6604
6605
6606
6607
6608
6610
6611
6612
6613
6614
6615
6840
6841
6842
6843
6844
6845
6846
6847
6848
6849
6850
6852
6853
6854
6858
6859
6860
6861
6863
6864
6865
6866
6867
6868
6871
6872
6873
6874
6876
6877
6878
6879
6880
6881
6882
6884
6885
6886
6889
6890
6891
6892
6893
6894
6895
6896
6898
6899
6901
6902
6903
6904
6905
6906
6907
6908
6909
6910
6912
6913
6914
6915
6916
6917
6918
6919
6920
6921
6923
6926
6927
6928
6929
6930
6931
6933
6936
6937
6939
6940
6941
6942
6944
6945
6946
6947
6951
6953
6954
6955
6956
6957
6958
6962
6963
6964
6965
6966
6969
6970
6971
6974
6975
6976
6977
6978
6979
6980
6981
6982
6983
6984
6987
6988
6989
6990
6991
6993
6996
6997
6998
6999
7000
7001
7002
7003
7004
7007
7008
7009
7011
7012
7013
7014
7015
7016
7017
7018
7019
7022
7023
7024
7026
7027
7028
7119
7120
7121
7122
7123
7124
7125
7126
7127
7128
7129
7131
7132
7133
7134
7135
7140
7141
7142
7143
7147
7149
7150
7151
7152
7153
7156
7157
7159
7163
7164
7165
7167
7168
7170
7171
7172
7173
7174
7175
7176
7180
7182
7183
7184
7185
7186
7187
7188
7189
7190
7193
7194
7195
7196
7197
7198
7199
7200
7201
7202
7203
7204
7205
7206
7207
7208
7209
7210
7213
7215
7216
7217
7219
7220
7221
7225
7226
7227
7228
7229
7230
7231
7232
7234
7235
7236
7238
7239
7240
7241
7242
7243
7244
7245
7247
7248
7249
7250
7251
7252
7253
7254
7255
7256
7257
7258
7261
7263
7264
7265
7266
7268
7270
7271
7272
7273
7274
7275
7276
7277
7278
7279
7280
7281
7282
7283
7284
7285
7286
7287
7288
7289
7290
7292
7296
7297
7298
7299
7300
7301
7302
7303
7304
7305
7306
7307
7309
7310
7311
7313
7314
7315
7316
7317
7318
7321
7322
7323
7327
7328
7329
7330
7331
7333
7334
7335
7336
7337
7338
7339
7340
7341
7342
7343
7344
7349
7352
7353
7354
7355
7356
7357
7358
7360
7361
7362
7364
7365
7366
7368
7369
7371
7372
7373
7375
7376
7377
7378
7379
7381
7382
7383
7384
7385
7386
7388
7389
7390
7391
7393
7394
7395
7396
7397
7398
7400
7402
7403
7404
7405
7406
7407
7408
7409
7410
7411
7413
7415
7416
7417
7418
7419
7420
7421
7422
7423
7424
7425
7426
7427
7428
7429
7430
7431
7432
7433
7434
7435
7436
7442
7443
7444
7447
7448
7449
7450
7451
7452
7456
7457
7458
7459
7460
7461
7462
7463
7469
7470
7471
7475
7476
7477
7478
7479
7480
7483
7484
7488
7489
7490
7491
7492
7493
7494
7495
7496
7497
7498
7499
7501
7502
7503
7504
7505
7506
7509
7510
7511
7512
7513
7514
7515
7516
7517
7518
7519
7520
7521
7522
7523
7524
7526
7529
7530
7531
7535
7538
7539
7540
7541
7542
7543
7544
7545
7546
7547
7549
7550
7551
7552
7553
7554
7555
7557
7558
7561
7562
7563
7564
7565
7566
7567
7568
7569
7570
7572
7574
7575
7576
7577
7580
7581
7582
7587
7588
7589
7590
7591
7592
7593
7594
7598
7599
7600
7601
7602
7607
7608
7609
7610
7611
7612
7615
7616
7617
7618
7619
7620
7621
7622
7627
7628
7629
7630
7631
7632
7633
7634
7635
7636
7637
7638
7639
7641
7642
7643
7644
7645
7646
7649
7651
7652
7653
7654
7655
7658
7659
7660
7661
7662
7663
7664
7665
7666
7667
7670
7672
7673
7674
7675
7676
7679
7680
7682
7683
7684
7685
7686
7688
7689
7690
7691
7692
7693
7694
7695
7696
7697
7698
7699
7700
7703
7704
7705
7706
7707
7708
7711
7712
7713
7714
7715
7716
7717
7718
7719
7720
7721
7722
7723
7724
7725
7726
7727
7728
7729
7730
7731
7733
7734
7735
7736
7742
7743
7744
7745
7746
7747
7748
7749
7750
7751
7752
7753
7755
7756
7757
7758
7759
7760
7761
7762
7763
7764
7765
7766
7767
7768
7769
7770
7771
7772
7776
7777
7778
7779
7780
7781
7782
7783
7784
7786
7787
7788
7789
7790
7791
7793
7794
7795
7796
7797
7798
7799
7800
7801
7802
7803
7805
7806
7807
7808
7809
7810
7811
7812
7813
7814
7815
7816
7817
7818
7821
7822
7824
7825
7826
7828
7829
7830
7831
7832
7833
7834
7835
7836
7837
7838
7839
7842
7843
7844
7845
7846
7847
7848
7849
7850
7851
7852
7853
7854
7855
7856
7859
7861
7862
7863
7864
7865
7866
7867
7868
7869
7870
7872
7873
7874
7875
7877
7878
7879
7880
7881
7882
7884
7885
7886
7887
7888
7890
7891
7892
7893
7894
7895
7896
7897
7898
7899
7900
7901
7902
7903
7904
7905
7906
7907
7910
7911
7912
7913
7914
7915
7916
7917
7918
7919
7920
7921
7923
7924
7925
7926
7927
7928
7929
7930
7931
7932
7933
7934
7936
7939
7940
7941
7942
7943
7944
7945
7946
7947
7949
7950
7951
7952
7953
7954
7955
7956
7957
7958
7959
7960
7961
7962
7963
7964
7965
7969
7970
7971
7973
7974
7975
7976
7977
7978
7980
7981
7982
7983
7984
7986
7987
7988
7989
7990
7991
7992
7993
7994
7995
7996
7997
7998
7999
8000
8001
8002
8003
8004
8005
8006
8007
8009
8010
8012
8013
8014
8015
8016
8017
8018
8019
8020
8021
8022
8023
8025
8026
8028
8029
8030
8031
8033
8034
8035
8036
8037
8038
8040
8041
8042
8043
8044
8045
8046
8047
8048
8049
8050
8052
8053
8054
8055
8056
8057
8058
8059
8060
8061
8062
8064
8065
8066
8068
8069
8070
8071
8072
8073
8074
8075
8077
8078
8079
8080
8081
8082
8083
8084
8086
8087
8089
8090
8091
8093
8094
8095
8096
8097
8099
8100
8101
8102
8103
8105
8106
8107
8108
8109
8110
8111
8112
8113
8114
8115
8116
8117
8118
8119
8120
8121
8122
8123
8124
8125
8127
8128
8129
8130
8131
8132
8133
8135
8136
8137
8139
8140
8141
8142
8143
8145
8146
8147
8148
8150
8152
8153
8154
8155
8156
8157
8158
8159
8160
8161
8162
8163
8164
8165
8168
8169
8170
8171
8172
8173
8175
8176
8177
8179
8180
8181
8182
8183
8185
8208
8209
8210
8211
8212
8215
8216
8218
8219
8220
8223
8224
8225
8226
8227
8228
8229
8230
8231
8232
8233
8234
8235
8236
8237
8238
8239
8240
8242
8243
8244
8245
8246
8249
8250
8252
8253
8254
8256
8257
8261
8262
8263
8265
8266
8267
8268
8269
8270
8271
8272
8274
8276
8277
8278
8279
8280
8281
8282
8283
8286
8287
8288
8291
8292
8293
8294
8295
8297
8298
8300
8304
8305
8309
8310
8311
8312
8313
8315
8317
8318
8320
8323
8326
8327
8329
8331
8333
8334
8335
8336
8337
8338
8339
8340
8341
8342
8343
8344
8345
8347
8348
8349
8350
8351
8352
8353
8354
8355
8358
8359
8360
8361
8362
8367
8368
8369
8370
8371
8373
8374
8375
8376
8377
8378
8379
8382
8383
8384
8385
8386
8387
8388
8389
8390
8391
8392
8393
8394
8395
8399
8400
8401
8403
8404
8407
8419
8420
8421
8422
8423
8424
8425
8426
8427
8428
8429
8430
8431
8432
8433
8434
8435
8436
8437
8438
8439
8440
8441
8442
8443
8444
8445
8446
8447
8449
8450
8451
8452
8453
8454
8455
8456
8457
8458
8459
8460
8462
8463
8464
8465
8466
8469
8470
8472
8473
8476
8477
8478
8480
8481
8482
8483
8484
8485
8486
8487
8488
8489
8491
8492
8493
8494
8495
8496
8497
8498
8499
8500
8501
8502
8503
8504
8505
8507
8508
8509
8510
8511
8512
8513
8514
8515
8516
8517
8518
8519
8520
8521
8522
8523
8524
8525
8526
8527
8528
8530
8531
8532
8534
8535
8536
8537
8538
8539
8540
8541
8542
8543
8544
8545
8546
8547
8548
8549
8550
8551
8552
8553
8554
8555
8556
8558
8559
8560
8561
8562
8563
8565
8566
8567
8568
8569
8570
8571
8573
8574
8575
8576
8577
8578
8580
8582
8583
8584
8585
8586
8587
8588
8589
8590
8591
8592
8594
8595
8596
8597
8598
8599
8600
8601
8602
8603
8604
8605
8607
8608
8609
8610
8613
8614
8615
8616
8617
8618
8621
8622
8623
8624
8626
8627
8628
8630
8631
8632
8633
8634
8635
8636
8637
8638
8639
8640
8641
8642
8643
8644
8645
8647
8648
8649
8650
8651
8652
8653
8654
8655
8656
8657
8658
8659
8660
8661
8662
8663
8664
8665
8666
8667
8668
8670
8671
8672
8673
8674
8675
8676
8687
8688
8689
8690
8691
8694
8697
8698
8700
8701
8702
8703
8705
8706
8707
8708
8710
8712
8713
8714
8715
8716
8717
8719
8720
8721
8724
8725
8727
8731
8732
8733
8735
8736
8737
8738
8739
8740
8741
8742
8743
8744
8745
8746
8747
8748
8749
8772
8773
8774
8775
8776
8777
8778
8779
8780
8781
8782
8783
8784
8786
8787
8788
8789
8790
8791
8792
8793
8794
8795
8796
8797
8798
8799
8800
8801
8802
8803
8804
8805
8806
8807
8808
8823
8824
8825
8826
8827
8828
8829
8830
8831
8833
8834
8835
8836
8837
8838
8840
8841
8842
8843
8845
8846
8847
8849
8850
8851
8852
8853
8859
8860
8861
8862
8864
8865
8866
8867
8868
8869
8870
8871
8872
8873
8874
8875
8876
8877
8878
8879
8883
8884
8885
8886
8887
8889
8890
8891
8892
8893
8930
8932
8933
8934
8935
8936
8937
8938
8939
8940
8941
8942
8943
8944
8945
8946
8947
8948
8949
8950
8951
8952
8953
8954
8955
8956
8958
8959
8960
8961
8962
8963
8964
8965
8966
8967
8969
8970
8971
8972
8973
8974
8975
8976
8977
8979
8980
8981
8982
8983
8984
8985
8986
8987
8988
8989
8990
8991
8992
8993
8994
8995
8996
8997
8999
9001
9002
9003
9004
9005
9006
9008
9009
9010
9011
9012
9013
9014
9015
9016
9017
9018
9019
9020
9021
9022
9023
9024
9025
9026
9027
9028
9029
9030
9031
9032
9033
9034
9035
9036
9037
9038
9039
9040
9041
9042
9043
9045
9047
9048
9049
9050
9051
9052
9053
9055
9056
9057
9058
9059
9060
9061
9062
9063
9065
9066
9067
9068
9070
9071
9101
9102
9104
9105
9106
9107
9108
9109
9110
9112
9113
9114
9115
9116
9117
9118
9120
9121
9122
9123
9124
9125
9126
9127
9128
9129
9130
9131
9132
9133
9135
9136
9137
9138
9139
9140
9141
9143
9144
9145
9146
9147
9148
9149
9150
9151
9152
9154
9155
9156
9157
9158
9159
9160
9161
9162
9164
9165
9166
9167
9169
9170
9171
9172
9173
9174
9175
9176
9177
9179
9181
9182
9183
9184
9185
9189
9190
9193
9194
9195
9196
9197
9198
9199
9200
9201
9202
9203
9204
9205
9206
9207
9208
9209
9210
9211
9212
9213
9214
9215
9217
9218
9219
9220
9221
9222
9224
9225
9226
9227
9228
9229
9230
9231
9232
9233
9234
9235
9236
9237
9238
9239
9241
9246
9247
9248
9249
9250
9251
9252
9254
9255
9256
9257
9258
9259
9260
9262
9263
9264
9265
9266
9267
9268
9269
9270
9271
9272
9273
9274
9275
9276
9277
9278
9279
9280
9281
9282
9284
9285
9287
9290
9291
9292
9293
9294
9296
9297
9298
9299
9301
9302
9303
9304
9305
9306
9307
9308
9309
9310
9311
9312
9313
9314
9319
9320
9321
9322
9323
9324
9325
9326
9333
9335
9336
9337
9338
9339
9340
9341
9342
9343
9344
9345
9346
9347
9348
9349
9350
9351
9352
9353
9354
9355
9356
9357
9358
9359
9360
9361
9362
9364
9365
9367
9368
9369
9372
9373
9374
9375
9376
9377
9379
9380
9382
9383
9384
9386
9387
9388
9389
9390
9391
9392
9393
9394
9395
9396
9397
9400
9403
9404
9405
9406
9407
9414
9415
9417
9418
9419
9420
9421
9422
9423
9424
9425
9427
9428
9429
9430
9431
9432
9433
9434
9435
9436
9437
9438
9439
9440
9441
9442
9443
9444
9445
9446
9447
9449
9450
9451
9453
9454
9455
9456
9457
9459
9460
9461
9462
9463
9464
9466
9468
9469
9470
9471
9472
9473
9474
9475
9478
9479
9481
9483
9485
9486
9487
9488
9489
9490
9491
9492
9493
9494
9495
9496
9497
9498
9499
9500
9501
9502
9503
9504
9505
9506
9507
9508
9509
9510
9511
9516
9517
9518
9519
9522
9523
9524
9525
9526
9527
9528
9529
9530
9531
9532
9535
9536
9538
9540
9541
9542
9543
9545
9546
9547
9549
9550
9552
9553
9554
9555
9556
9557
9558
9559
9560
9562
9563
9564
9566
9568
9569
9570
9571
9572
9573
9574
9575
9576
9577
9578
9579
9580
9581
9582
9583
9586
9587
9588
9590
9591
9592
9593
9594
9595
9597
9598
9599
9601
9602
9603
9604
9606
9607
9608
9609
9610
9611
9612
9613
9615
9616
9617
9618
9619
9620
9621
9623
9624
9625
9626
9628
9630
9631
9632
9633
9634
9635
9636
9637
9638
9639
9640
9641
9642
9643
9644
9645
9646
9647
9648
9649
9650
9651
9652
9653
9654
9655
9656
9657
9658
9659
9660
9662
9663
9664
9665
9669
9670
9671
9673
9674
9676
9677
9678
9682
9683
9685
9687
9688
9690
9691
9692
9693
9694
9695
9697
9698
9699
9700
9701
9702
9703
9704
9705
9706
9707
9708
9710
9711
9712
9713
9714
9715
9716
9717
9718
9719
9720
9721
9723
9724
9725
9726
9727
9728
9729
9730
9732
9733
9735
9736
9737
9738
9739
9741
9743
9744
9745
9746
9747
9749
9750
9751
9752
9753
9754
9755
9756
9757
9758
9759
9760
9761
9762
9763
9764
9765
9766
9767
9768
9769
9770
9771
9772
9773
9776
9777
9778
9779
9780
9781
9782
9783
9784
9785
9786
9789
9790
9791
9792
9793
9794
9795
9798
9799
9800
9801
9802
9805
9806
9807
9809
9810
9811
9812
9816
9817
9818
9819
9820
9821
9822
9823
9825
9826
9827
9828
9829
9830
9831
9832
9833
9835
9836
9837
9838
9839
9840
9841
9843
9845
9846
9847
9850
9851
9852
9858
9859
9860
9861
9862
9863
9865
9866
9867
9868
9869
9871
9872
9873
9874
9875
9878
9879
9880
9882
9883
9884
9885
9886
9888
9889
9890
9891
9892
9893
9894
9895
9896
9897
9898
9901
9902
9903
9904
9905
9906
9907
9908
9909
9911
9912
9913
9914
9915
9920
9921
9922
9923
9924
9925
9926
9927
9928
9931
9932
9933
9935
9936
9937
9939
9940
9943
9944
9945
9946
9947
9948
9949
9950
9952
9953
9954
9955
9956
9958
9959
9960
9961
9962
9963
9967
9969
9970
9971
9972
9973
9974
9977
9978
9979
9980
9981
9983
9985
9986
9987
9989
9990
9991
9992
9993
9994
9995
9997
9998
9999
10000
10002
10003
10004
10005
10006
10008
10009
10010
10011
10013
10014
10015
10016
10018
10019
10020
10021
10022
10024
10025
10028
10029
10031
10033
10034
10036
10139
10140
10142
10143
10144
10145
10146
10147
10148
10149
10150
10151
10152
10153
10154
10155
10158
10159
10160
10161
10162
10163
10164
10165
10166
10168
10169
10170
10171
10172
10173
10174
10175
10176
10177
10178
10179
10180
10181
10182
10183
10184
10185
10186
10187
10188
10189
10190
10191
10192
10193
10194
10195
10196
10197
10198
10199
10200
10201
10202
10203
10204
10205
10206
10208
10209
10210
10211
10212
10214
10215
10216
10217
10218
10219
10220
10221
10222
10223
10224
10225
10226
10227
10228
10229
10230
10231
10232
10233
10235
10236
10237
10238
10239
10240
10241
10242
10243
10244
10245
10246
10247
10248
10249
10250
10252
10253
10254
10255
10257
10258
10259
10261
10262
10263
10264
10265
10266
10267
10268
10269
10270
10271
10272
10273
10274
10275
10276
10277
10278
10279
10280
10281
10282
10283
10284
10287
10288
10289
10290
10291
10292
10293
10295
10296
10298
10300
10301
10302
10303
10305
10306
10307
10308
10316
10317
10318
10319
10320
10321
10324
10328
10329
10330
10331
10335
10336
10337
10338
10339
10340
10341
10342
10373
10374
10375
10376
10379
10380
10381
10383
10384
10385
10386
10387
10389
10390
10391
10392
10394
10395
10396
10397
10398
10399
10400
10401
10403
10404
10405
10406
10407
10409
10410
10411
10412
10413
10414
10430
10431
10432
10433
10434
10435
10436
10437
10438
10439
10440
10441
10442
10443
10444
10445
10446
10447
10448
10449
10450
10451
10452
10454
10455
10456
10458
10460
10461
10462
10463
10464
10465
10466
10467
10468
10469
10470
10471
10537
10538
10540
10541
10542
10543
10544
10545
10546
10547
10548
10549
10550
10552
10553
10554
10555
10556
10558
10559
10560
10561
10562
10563
10564
10565
10568
10570
10571
10572
10573
10574
10575
10576
10577
10579
10580
10581
10582
10583
10586
10721
10722
10723
10724
10725
10726
10727
10728
10729
10730
10731
10732
10736
10737
10738
10739
10745
10746
10747
10748
10749
10750
10752
10753
10754
10755
10756
10757
10758
10759
10760
10761
10762
10768
10769
10770
10771
10772
10773
10774
10775
10776
10777
10779
10780
10781
10782
10783
10784
10785
10786
10787
10789
10793
10794
10795
10796
10797
10798
10799
10800
10801
10802
10803
10804
10805
10806
10807
10808
10809
10813
10815
10816
10817
10818
10819
10820
10821
10822
10829
10831
10832
10833
10835
10836
10837
10838
10839
10840
10841
10842
10843
10844
10845
10846
10847
10848
10849
10850
10851
10852
10853
11040
11041
11042
11043
11044
11046
11047
11048
11049
11050
11051
11052
11053
11054
11055
11056
11057
11058
11059
11060
11061
11062
11063
11064
11065
11066
11067
11068
11069
11071
11072
11074
11075
11076
11077
11078
11079
11080
11081
11082
11083
11084
11085
11086
11087
11088
11089
11090
11091
11092
11093
11094
11097
11098
11102
11103
11104
11105
11106
11107
11108
11109
11110
11111
11112
11113
11114
11115
11116
11118
11119
11120
11121
11122
11123
11124
11125
11126
11127
11128
11129
11130
11131
11132
11133
11134
11135
11139
11140
11143
11144
11145
11146
11147
11148
11149
11150
11151
11152
11153
11154
11155
11156
11157
11158
11159
11161
11162
11163
11164
11167
11168
11171
11172
11173
11174
11175
11176
11177
11178
11179
11180
11181
11182
11183
11184
11186
11187
11188
11189
11190
11191
11192
11193
11194
11195
11196
11197
11198
11199
11200
11201
11202
11203
11204
11205
11206
11209
11210
11211
11212
11213
11214
11215
11216
11217
11218
11219
11220
11221
11222
11223
11224
11225
11226
11227
11229
11230
11231
11234
11235
11236
11237
11238
11239
11240
11241
11242
11243
11244
11246
11248
11249
11308
11309
11311
11312
11313
11314
11315
11316
11317
11318
11319
11320
11321
11322
11323
11324
11326
11329
11330
11331
11332
11333
11334
11335
11336
11337
11338
11339
11340
11341
11342
11343
11344
11345
11346
11347
11348
11349
11350
11351
11352
11353
11354
11355
11357
11358
11359
11360
11361
11362
11363
11364
11365
11366
11367
11368
11369
11370
11371
11372
11373
11374
11375
11376
11377
11380
11381
11382
11383
11384
11385
11386
11387
11388
11389
11390
11391
11392
11393
11394
11395
11396
11397
11398
11399
11400
11401
11402
11403
11404
11405
11406
11407
11408
11409
11410
11411
11412
11417
11418
11420
11421
11422
11423
11424
11425
11426
11427
11428
11429
11430
11431
11432
11433
11434
11435
11436
11437
11438
11439
11440
11441
11443
11444
11445
11446
11447
11448
11449
11450
11451
11452
11453
11454
11455
11456
11457
11458
11459
11460
11461
11462
11463
11464
11465
11468
11469
11470
11471
11472
11473
11474
11475
11476
11477
11478
11479
11480
11481
11482
11483
11485
11486
11488
11489
11490
11491
11492
11493
11494
11495
11496
11497
11498
11499
11500
11501
11503
11504
11505
11506
11507
11508
11509
11510
11511
11512
11513
11514
11516
11517
11518
11519
11520
11521
11523
11524
11525
11526
11528
11529
11530
11531
11532
11533
11534
11535
11536
11537
11538
11539
11540
11541
11542
11543
11544
11545
11546
11547
11548
11549
11550
11553
11554
11555
11556
11557
11558
11559
11560
11561
11563
11564
11565
11566
11568
11569
11570
11571
11572
11573
11574
11575
11576
11577
11578
11579
11580
11581
11582
11584
11585
11586
11587
11588
11589
11590
11591
11592
11593
11594
11595
11596
11597
11598
11599
11600
11601
11602
11603
11604
11605
11606
11607
11608
11609
11610
11611
11613
11614
11616
11617
11618
11619
11620
11621
11624
11627
11628
11629
11630
11631
11632
11633
11634
11635
11636
11637
11639
11640
11641
11642
11643
11644
11647
11648
11649
11650
11651
11652
11653
11657
11658
11659
12162
12163
12164
12165
12166
12167
12169
12170
12171
12172
12173
12174
12175
12176
12177
12178
12181
12182
12183
12184
12185
12187
12188
12191
12192
12195
12196
12197
12198
12199
12200
12201
12202
12203
12204
12205
12206
12207
12210
12211
12212
12213
12214
12215
12216
12217
12218
12219
12220
12221
12222
12224
12225
12226
12227
12228
12229
12230
12231
12233
12234
12235
12236
12237
12238
12239
12241
12242
12243
12246
12247
12248
12249
12250
12251
12252
12255
12256
12257
12258
12259
12260
12261
12262
12263
12264
12265
12266
12267
12269
12270
12271
12273
12274
12275
12279
12280
12281
12282
12283
12284
12285
12286
12287
12289
12290
12291
12292
12294
12295
12296
12297
12301
12302
12303
12304
12305
12306
12307
12308
12309
12310
12311
12312
12314
12315
12316
12317
12318
12319
12320
12321
12322
12323
12324
12325
12326
12327
12328
12329
12331
12332
12333
12334
12335
12337
12338
12339
12340
12341
12342
12343
12344
12345
12346
12347
12348
12350
12351
12352
12353
12354
12356
12357
12359
12360
12361
12362
12363
12364
12365
12366
12367
12368
12369
12370
12371
12372
12373
12374
12375
12376
12377
12378
12379
12380
12381
12384
12385
12386
12387
12388
12389
12390
12391
12393
12394
12395
12396
12397
12398
12399
12400
12401
12402
12403
12404
12405
12406
12407
12408
12409
12410
12411
12413
12416
12417
12418
12419
12420
12421
12422
12423
12425
12426
12427
12428
12429
12430
12431
12432
12433
12434
12435
12436
12437
12438
12439
12440
12444
12446
12447
12448
12449
12450
12451
12452
12453
12454
12455
12456
12457
12458
12460
12461
12462
12463
12464
12466
12467
12468
12469
12470
12471
12472
12473
12474
12475
12477
12478
12559
12560
12561
12562
12563
12564
12565
12566
12567
12568
12569
12570
12573
12574
12575
12577
12578
12579
12580
12581
12582
12583
12584
12585
12586
12587
12588
12589
12590
12591
12592
12593
12594
12595
12596
12598
12599
12600
12601
12602
12603
12604
12605
12606
12607
12608
12609
12610
12611
12612
12613
12614
12615
12616
12617
12618
12619
12620
12621
12622
12627
12628
12629
12630
12631
12632
12633
12635
12636
12637
12638
12639
12640
12641
12642
12643
12644
12645
12646
12647
12648
12649
12650
12651
12652
12653
12655
12656
12657
12658
12659
12660
12661
12662
12663
12664
12665
12666
12667
12668
12669
12670
12671
12672
12674
12675
12676
12677
12678
12679
12681
12682
12683
12684
12685
12686
12688
12690
12691
12692
12693
12694
12695
12696
12698
12699
12700
12702
12703
12704
12705
12743
12744
12745
12746
12748
12749
12750
12751
12752
12753
12754
12755
12756
12757
12758
12759
12760
12761
12762
12763
12764
12765
12766
12768
12769
12770
12771
12772
12773
12774
12775
12776
12777
12778
12779
12780
12781
12782
12783
12784
12785
12786
12787
12788
12789
12790
12791
12792
12794
12795
12797
12798
12799
12800
12801
12802
12803
12804
12805
12806
12807
12808
12810
12811
12812
12813
12815
12816
12818
12819
12820
12821
12822
12823
12824
12826
12827
12828
12829
12830
12831
12832
12833
12834
12836
12837
12838
12839
12840
12842
12843
12844
12845
12849
12850
12851
12853
12854
12855
12856
12857
12858
12860
12861
12862
12863
12866
12867
12868
12869
12870
12871
12872
12873
12874
12875
12876
12881
12882
12883
12884
12885
12886
12887
12888
12890
12891
12892
12893
12894
12895
12896
12897
12898
12899
12900
12901
12903
12905
12906
12908
12909
12910
12911
12912
12913
12914
12915
12916
12917
12920
12921
12922
12923
12924
12925
12926
12928
12929
12932
12933
12938
12940
12941
12942
12943
12944
12945
12946
12947
12951
12952
12953
12954
12955
12956
12957
12958
12959
12963
12964
12965
12966
12967
12968
12969
12970
12972
12973
12974
12975
12976
12977
12978
12979
12980
12981
12982
12983
12984
12985
12986
12987
12991
12992
12993
12994
12995
12997
12998
12999
13000
13001
13002
13003
13004
13005
13006
13007
13008
13014
13015
13016
13017
13018
13019
13020
13022
13023
13024
13025
13026
13027
13028
13029
13031
13032
13033
13034
13036
13037
13038
13039
13040
13041
13042
13043
13044
13045
13046
13047
13048
13049
13050
13052
13053
13054
13055
13056
13057
13058
13059
13060
13061
13062
13063
13064
13065
13066
13067
13068
13069
13070
13071
13072
13074
13075
13076
13077
13078
13079
13080
13081
13082
13083
13084
13088
13092
13093
13094
13095
13096
13097
13098
13099
13101
13103
13104
13105
13108
13109
13110
13112
13113
13114
13115
13116
13118
13119
13120
13123
13124
13125
13126
13127
13128
13129
13130
13131
13132
13133
13134
13135
13137
13138
13139
13140
13141
13143
13144
13146
13147
13149
13150
13151
13153
13154
13155
13156
13159
13160
13161
13162
13163
13164
13165
13166
13167
13169
13170
13171
13172
13173
13174
13175
13176
13178
13181
13183
13184
13185
13186
13189
13190
13191
13192
13193
13194
13195
13196
13197
13198
13199
13200
13201
13202
13203
13205
13206
13207
13208
13210
13211
13212
13213
13216
13217
13218
13219
13222
13223
13224
13225
13226
13227
13229
13230
13231
13232
13233
13234
13235
13236
13237
13238
13239
13240
13241
13242
13243
13244
13245
13248
13249
13250
13251
13252
13253
13254
13255
13259
13260
13261
13263
13265
13266
13270
13274
13275
13276
13277
13278
13279
13280
13281
13282
13283
13284
13286
13287
13288
13290
13291
13292
13294
13295
13296
13297
13298
13299
13300
13301
13302
13304
13305
13307
13309
13310
13311
13313
13314
13316
13317
13318
13319
13320
13321
13322
13323
13324
13325
13326
13327
13328
13329
13330
13331
13332
13333
13334
13335
13336
13337
13341
13342
13343
13344
13348
13349
13350
13351
13352
13353
13354
13355
13356
13357
13358
13359
13360
13361
13362
13363
13364
13369
13371
13372
13373
13374
13375
13376
13377
13378
13379
13380
13381
13382
13383
13384
13385
13386
13387
13389
13390
13391
13392
13393
13394
13395
13396
13397
13398
13399
13400
13401
13402
13403
13404
13405
13408
13409
13410
13411
13412
13413
13414
13415
13416
13418
13419
13420
13421
13422
13423
13426
13427
13429
13430
13431
13432
13433
13434
13435
13436
13437
13438
13439
13441
13442
13443
13444
13446
13447
13448
13449
13450
13454
13455
13456
13458
13459
13460
13461
13462
13463
13464
13465
13467
13469
13470
13471
13472
13473
13474
13475
13477
13478
13479
13480
13481
13487
13488
13489
13490
13491
13492
13493
13494
13495
13496
13497
13498
13499
13501
13502
13503
13504
13505
13506
13507
13508
13509
13510
13512
13513
13514
13516
13517
13518
13519
13521
13522
13523
13524
13525
13526
13529
13532
13533
13534
13535
13536
13542
13543
13544
13545
13546
13547
13548
13549
13550
13551
13552
13553
13554
13555
13556
13557
13559
13560
13561
13562
13563
13564
13566
13567
13568
13570
13571
13622
13623
13624
13625
13626
13627
13628
13629
13630
13631
13632
13633
13634
13635
13636
13637
13638
13639
13640
13641
13642
13643
13644
13646
13647
13648
13649
13650
13653
13655
13656
13658
13659
13660
13661
13662
13663
13664
13665
13666
13667
13668
13669
13670
13671
13672
13675
13676
13678
13683
13684
13686
13687
13688
13689
13690
13691
13695
13696
13697
13698
13699
13700
13701
13702
13703
13704
13705
13706
13707
13708
13709
13710
13711
13712
13713
13714
13715
13716
13717
13718
13719
13720
13721
13722
13723
13724
13729
13730
13731
13732
13735
13736
13737
13738
13739
13740
13743
13744
13745
13748
13749
13750
13753
13754
13755
13757
13758
13759
13760
13761
13762
13763
13764
13765
13769
13770
13772
13773
13774
13775
13776
13777
13778
13779
13780
13781
13782
13783
13784
13785
13786
13787
13788
13789
13790
13791
13792
13793
13794
13795
13796
13797
13798
13804
13806
13807
13809
13811
13813
13814
13815
13816
13817
13819
13821
13822
13823
13824
13825
13826
13827
13828
13829
13830
13831
13832
13833
13834
13835
13836
13837
13838
13839
13841
13842
13843
13844
13845
13846
13847
13848
13849
13850
13851
13852
13853
13854
13855
13856
13857
13860
13861
13863
13864
13865
13866
13867
13868
13869
13870
13871
13874
13877
13878
13879
13880
13881
13882
13883
13884
13885
13886
13887
13889
13890
13891
13892
13893
13894
13897
13898
13899
13900
13901
13902
13903
13904
13905
13910
13911
13912
13913
13915
13916
13917
13918
13919
13920
13921
13923
13924
13925
13926
13929
13930
13931
13932
13933
13934
13935
13936
13937
13938
13939
13940
13941
13942
13943
13944
13946
13947
13948
13949
13950
13951
13952
13953
13954
13955
13956
13957
13963
13964
13965
13966
13967
13968
13969
13971
13972
13973
13974
13975
13976
13977
13978
13979
13980
13981
13982
13983
13984
13985
13986
13987
13988
13989
13990
13991
13992
13995
13996
13997
13998
14001
14002
14049
14050
14051
14052
14053
14054
14055
14056
14057
14058
14059
14060
14061
14062
14063
14064
14065
14066
14067
14068
14069
14070
14071
14072
14073
14074
14075
14076
14077
14078
14079
14080
14081
14082
14083
14084
14085
14086
14087
14088
14089
14090
14091
14094
14095
14096
14097
14099
14100
14102
14104
14148
14149
14150
14151
14153
14154
14155
14156
14157
14158
14159
14161
14162
14163
14164
14166
14167
14168
14169
14170
14171
14172
14173
14174
14175
14176
14179
14180
14183
14184
14185
14186
14187
14188
14189
14190
14191
14192
14193
14196
14197
14198
14199
14200
14201
14207
14209
14210
14212
14213
14214
14215
14216
14217
14218
14219
14220
14221
14222
14225
14227
14228
14229
14230
14231
14232
14233
14234
14235
14236
14238
14239
14243
14244
14245
14248
14249
14250
14251
14253
14254
14255
14256
14258
14259
14260
14261
14262
14264
14265
14266
14268
14269
14270
14271
14272
14275
14280
14281
14282
14283
14284
14285
14286
14288
14289
14291
14292
14294
14297
14299
14300
14301
14302
14303
14304
14305
14306
14308
14309
14310
14311
14312
14313
14314
14316
14317
14318
14319
14323
14324
14325
14326
14329
14330
14331
14332
14334
14336
14337
14338
14339
14340
14341
14342
14343
14344
14345
14346
14347
14348
14349
14450
14451
14452
14453
14454
14455
14456
14457
14458
14459
14460
14461
14462
14463
14464
14465
14466
14467
14469
14470
14471
14472
14473
14474
14475
14476
14477
14480
14481
14482
14483
14484
14485
14486
14487
14489
14490
14492
14493
14494
14495
14496
14497
14501
14502
14503
14504
14506
14507
14508
14509
14510
14511
14512
14513
14514
14515
14516
14517
14518
14519
14520
14521
14526
14528
14529
14530
14531
14532
14533
14534
14571
14572
14573
14574
14577
14578
14579
14580
14581
14582
14583
14584
14587
14588
14589
14590
14592
14593
14594
14595
14596
14597
14598
14599
14600
14601
14602
14604
14605
14606
14607
14608
14611
14612
14613
14615
14616
14617
14618
14619
14620
14621
14622
14623
14625
14626
14627
14628
14629
14630
14631
14632
14633
14634
14636
14637
14640
14641
14642
14643
14645
14646
14647
14648
14649
14650
14651
14652
14653
14654
14655
14656
14657
14658
14659
14660
14661
14662
14663
14664
14665
14666
14669
14670
14671
14672
14673
14674
14675
14676
14677
14678
14679
14680
14681
14682
14683
14684
14685
14686
14687
14688
14689
14690
14691
14692
14693
14694
14695
14696
14697
14698
14699
14700
14701
14703
14704
14705
14706
14707
14708
14709
14710
14711
14714
14715
14716
14717
14718
14719
14720
14721
14723
14724
14725
14726
14727
14728
14729
14730
14731
14732
14733
14735
14737
14738
14739
14740
14741
14742
14743
14744
14745
14746
14747
14748
14749
14750
14751
14752
14753
14754
14755
14756
14757
14758
14759
14760
14761
14762
14763
14764
14766
14767
14768
14769
14773
14774
14775
14776
14777
14778
14779
14780
14781
14782
14783
14784
14785
14786
14787
14788
14789
14790
14794
14797
14798
14799
14800
14801
14802
14803
14804
14805
14806
14807
14808
14809
14811
14815
14816
14817
14818
14819
14820
14821
14822
14823
14824
14825
14828
14829
14830
14831
14832
14833
14834
14835
14836
14837
14838
14839
14840
14844
14845
14846
14847
14848
14849
14850
14851
14852
14853
14854
14855
14856
14857
14858
14860
14861
14862
14863
14868
14869
14870
14871
14872
14873
14874
14875
14876
14877
14878
14879
14880
14881
14882
14883
14885
14888
14889
14890
14891
14892
14893
14895
14896
14897
14898
14900
14903
14904
14905
14908
14910
14911
14912
14914
14915
14917
14918
14921
14922
14923
14924
14925
14926
14928
14929
14930
14931
14932
14933
14934
14935
14936
14937
14938
14939
14940
14941
14942
14945
14946
14948
14949
14950
14951
14952
14955
14956
14957
14958
14959
14960
14961
14963
14965
14966
14967
14968
14969
14970
14971
14972
14973
14976
14977
14978
14979
14980
14982
14983
14984
14985
14986
14987
14988
14989
14990
14991
14992
14993
14994
14995
14997
14998
14999
15000
15001
15002
15003
15004
15006
15007
15008
15009
15010
15011
15012
15013
15014
15016
15017
15018
15019
15020
15021
15022
15024
15025
15026
15027
15028
15030
15031
15032
15033
15034
15035
15036
15038
15039
15040
15043
15044
15045
15047
15048
15050
15051
15052
15053
15054
15055
15057
15059
15060
15061
15062
15064
15065
15066
15067
15068
15069
15070
15071
15073
15074
15075
15076
15077
15078
15079
15080
15081
15082
15084
15085
15086
15090
15091
15092
15093
15094
15095
15096
15100
15101
15102
15105
15106
15107
15108
15109
15110
15111
15112
15113
15114
15115
15117
15118
15119
15120
15121
15122
15123
15124
15125
15126
15127
15128
15129
15132
15134
15135
15136
15140
15141
15142
15143
15144
15145
15148
15149
15150
15151
15152
15153
15154
15155
15156
15157
15158
15159
15160
15161
15162
15164
15165
15166
15167
15168
15169
15170
15171
15172
15173
15174
15176
15177
15179
15180
15181
15182
15184
15185
15186
15187
15188
15189
15190
15191
15192
15193
15194
15196
15198
15199
15200
15201
15204
15205
15206
15209
15210
15211
15212
15216
15217
15218
15219
15220
15224
15225
15226
15227
15228
15229
15230
15231
15232
15233
15236
15237
15238
15239
15240
15241
15242
15243
15244
15245
15246
15247
15248
15249
15250
15251
15252
15253
15257
15258
15259
15260
15261
15262
15263
15265
15267
15268
15269
15270
15271
15272
15273
15274
15275
15279
15280
15282
15283
15284
15286
15287
15288
15289
15290
15291
15292
15293
15294
15295
15296
15297
15298
15299
15300
15301
15302
15303
15304
15305
15306
15307
15308
15309
15310
15311
15312
15313
15314
15315
15317
15318
15319
15320
15321
15322
15323
15324
15325
15326
15327
15328
15329
15331
15332
15333
15334
15335
15336
15337
15338
15342
15343
15345
15346
15347
15348
15349
15350
15351
15352
15353
15354
15355
15356
15358
15359
15360
15361
15362
15363
15364
15365
15366
15368
15369
15370
15371
15372
15376
15378
15379
15382
15383
15384
15385
15386
15387
15389
15390
15392
15393
15394
15397
15398
15399
15400
15401
15402
15403
15404
15405
15406
15407
15408
15411
15412
15413
15414
15415
15416
15417
15422
15423
15426
15427
15428
15429
15433
15435
15436
15437
15438
15439
15440
15441
15442
15443
15444
15445
15446
15447
15448
15449
15450
15454
15455
15456
15457
15458
15459
15460
15461
15462
15463
15464
15465
15466
15467
15468
15470
15471
15472
15473
15474
15475
15476
15477
15478
15479
15480
15481
15482
15485
15486
15487
15488
15489
15490
15491
15492
15493
15494
15495
15496
15499
15501
15502
15503
15504
15506
15508
15509
15512
15513
15515
15516
15519
15520
15521
15522
15523
15524
15525
15526
15528
15529
15530
15531
15533
15535
15536
15537
15538
15543
15544
15545
15546
15547
15548
15549
15550
15551
15552
15554
15555
15556
15557
15558
15559
15560
15561
15562
15563
15564
15565
15566
15567
15569
15572
15573
15574
15575
15576
15577
15578
15579
15580
15581
15582
15583
15584
15585
15586
15587
15588
15589
15591
15592
15593
15594
15595
15596
15597
15598
15601
15602
15603
15607
15608
15609
15610
15611
15612
15613
15614
15616
15617
15618
15619
15620
15621
15622
15624
15625
15626
15627
15628
15630
15631
15632
15634
15635
15636
15637
15638
15639
15640
15641
15642
15643
15644
15645
15646
15648
15652
15653
15654
15656
15657
15658
15660
15662
15663
15664
15665
15666
15668
15669
15670
15672
15674
15675
15676
15680
15681
15724
15725
15726
15728
15729
15730
15731
15732
15733
15734
15735
15737
15738
15739
15740
15741
15743
15744
15746
15748
15749
15750
15751
15752
15753
15754
15755
15756
15757
15758
15759
15762
15763
15764
15765
15766
15768
15770
15771
15772
15773
15774
15775
15776
15777
15779
15780
15781
15782
15784
15785
15786
15788
15789
15790
15791
15792
15794
15795
15796
15797
15798
15799
15800
15801
15802
15803
15804
15805
15807
15808
15809
15810
15811
15813
15814
15816
15819
15821
15822
15823
15824
15825
15827
15828
15829
15830
15831
15832
15833
15834
15836
15837
15894
15895
15896
15897
15898
15899
15900
15901
15902
15903
15905
15906
15907
15908
15909
15910
15911
15913
15914
15915
15916
15920
15921
15922
15923
15924
15925
15928
15929
15930
15932
15933
15934
15935
15936
15937
15938
15939
15940
15941
15942
15943
15944
15945
15946
15947
15948
15949
15950
15952
15953
15956
15957
15958
15959
15960
15962
15963
15964
15965
15966
15967
15968
15969
15970
15971
15972
15973
15974
15975
15976
15978
15979
15980
15982
15983
15984
15985
15986
15987
15988
15991
15992
15993
15997
15998
15999
16000
16001
16002
16003
16004
16005
16006
16007
16008
16009
16010
16011
16012
16013
16014
16015
16017
16018
16019
16020
16021
16022
16023
16024
16025
16027
16028
16029
16030
16031
16032
16033
16035
16036
16037
16038
16041
16042
16043
16044
16045
16046
16047
16048
16049
16050
16051
16052
16054
16055
16056
16057
16058
16059
16060
16061
16064
16065
16066
16067
16068
16069
16070
16071
16072
16073
16076
16077
16078
16079
16080
16081
16082
16083
16086
16087
16088
16089
16090
16091
16092
16093
16094
16096
16097
16098
16099
16100
16101
16102
16103
16104
16105
16107
16108
16109
16110
16112
16113
16114
16115
16116
16118
16119
16120
16122
16123
16124
16125
16126
16127
16128
16129
16130
16131
16133
16134
16135
16136
16137
16138
16139
16140
16141
16142
16143
16144
16145
16146
16148
16149
16150
16151
16152
16153
16154
16155
16156
16157
16158
16159
16161
16162
16163
16164
16165
16166
16167
16168
16169
16170
16173
16174
16175
16176
16177
16179
16183
16184
16185
16186
16187
16188
16189
16190
16191
16192
16193
16194
16195
16196
16197
16198
16199
16200
16201
16202
16205
16206
16207
16208
16211
16212
16216
16217
16218
16219
16220
16221
16222
16223
16224
16225
16226
16227
16228
16229
16230
16231
16234
16235
16236
16237
16240
16245
16246
16247
16248
16249
16250
16251
16253
16254
16255
16256
16257
16258
16259
16260
16261
16262
16263
16264
16267
16268
16269
16273
16274
16279
16280
16281
16282
16283
16284
16285
16286
16287
16288
16290
16292
16293
16294
16295
16296
16297
16298
16299
16300
16301
16302
16303
16304
16305
16306
16307
16308
16310
16311
16312
16314
16315
16316
16317
16318
16319
16320
16321
16322
16323
16324
16325
16326
16327
16328
16329
16330
16331
16332
16333
16334
16335
16337
16338
16340
16341
16342
16343
16344
16345
16346
16347
16348
16349
16350
16351
16352
16353
16354
16355
16356
16357
16359
16360
16361
16362
16363
16365
16367
16368
16369
16370
16371
16372
16374
16375
16376
16377
16379
16380
16382
16383
16384
16387
16388
16389
16390
16391
16392
16393
16394
16395
16396
16397
16398
16399
16402
16403
16404
16405
16406
16407
16408
16409
16410
16411
16412
16413
16414
16415
16416
16417
16419
16420
16421
16422
16423
16424
16425
16426
16427
16428
16429
16430
16431
16432
16433
16434
16435
16436
16437
16438
16439
16440
16441
16442
16443
16444
16445
16446
16450
16451
16452
16453
16454
16455
16457
16458
16459
16460
16461
16462
16463
16464
16465
16469
16470
16472
16473
16474
16475
16483
16484
16485
16486
16487
16488
16489
16490
16491
16492
16493
16496
16497
16499
16500
16501
16502
16503
16504
16505
16507
16508
16509
16510
16511
16512
16513
16515
16516
16517
16518
16519
16520
16521
16522
16523
16524
16525
16526
16527
16529
16530
16531
16532
16534
16535
16536
16537
16538
16539
16541
16543
16544
16545
16547
16548
16550
16551
16553
16554
16555
16556
16557
16558
16559
16560
16561
16562
16563
16564
16565
16567
16568
16569
16571
16572
16573
16574
16575
16576
16577
16578
16579
16580
16581
16582
16583
16584
16585
16588
16589
16590
16591
16594
16595
16596
16597
16599
16600
16601
16602
16603
16605
16608
16609
16610
16611
16612
16613
16614
16616
16617
16618
16619
16622
16623
16628
16629
16630
16631
16632
16633
16635
16636
16637
16640
16641
16642
16643
16644
16645
16647
16648
16649
16650
16651
16653
16654
16655
16656
16657
16658
16660
16663
16664
16665
16666
16667
16668
16669
16670
16672
16673
16674
16675
16676
16677
16678
16679
16697
16698
16699
16700
16701
16704
16705
16706
16707
16708
16710
16711
16712
16714
16715
16716
16717
16718
16719
16720
16721
16722
16723
16724
16725
16726
16727
16728
16730
16731
16732
16734
16735
16736
16738
16739
16740
16742
16743
16744
16745
16746
16748
16749
16751
16752
16753
16756
16757
16758
16760
16761
16762
16763
16764
16765
16766
16767
16768
16769
16770
16771
16772
16773
16774
16775
16776
16778
16779
16813
16814
16815
16816
16817
16818
16819
16820
16822
16824
16825
16826
16827
16828
16830
16831
16832
16833
16835
16836
16837
16838
16839
16840
16841
16842
16843
16848
16849
16850
16851
16852
16853
16854
16856
16858
16860
16862
16863
16864
16865
16866
16867
16869
16870
16871
16872
16873
16876
16877
16878
16879
16880
16881
16883
16884
16885
16886
16887
16888
16889
16890
16891
16892
16893
16917
16919
16921
16922
16923
16925
16926
16927
16928
16929
16930
16931
16932
16933
16934
16935
16936
16937
16938
16939
16942
16943
16944
16945
16946
16947
16948
16949
16950
16951
16952
16953
16954
16956
16957
16958
16959
16960
16961
16962
16963
16964
16965
16966
16969
16970
16971
16972
16973
16974
16975
16976
16977
16978
16979
16980
16981
16982
16983
16984
16985
16986
16987
16988
16989
16990
16991
16992
16993
16994
16995
16997
16998
16999
17000
17001
17002
17003
17004
17005
17006
17007
17008
17009
17010
17011
17012
17013
17014
17015
17016
17017
17020
17021
17022
17023
17024
17025
17026
17078
17079
17080
17081
17082
17083
17084
17086
17089
17090
17094
17095
17096
17097
17101
17104
17105
17106
17107
17109
17110
17111
17112
17113
17114
17115
17116
17118
17119
17120
17122
17123
17124
17125
17126
17127
17128
17129
17130
17131
17132
17133
17134
17135
17136
17137
17138
17139
17140
17141
17142
17143
17144
17145
17146
17147
17148
17149
17150
17151
17152
17153
17154
17155
17156
17157
17159
17160
17161
17162
17163
17164
17165
17166
17167
17168
17169
17170
17172
17174
17175
17176
17177
17178
17179
17181
17182
17183
17185
17186
17187
17222
17226
17227
17228
17229
17230
17231
17232
17233
17234
17235
17236
17237
17238
17242
17243
17244
17245
17246
17247
17248
17249
17250
17251
17252
17253
17254
17255
17256
17257
17259
17260
17261
17262
17263
17264
17265
17266
17267
17268
17269
17270
17271
17272
17273
17274
17278
17279
17280
17281
17282
17283
17285
17286
17287
17288
17289
17290
17291
17292
17293
17294
17295
17296
17298
17299
17300
17301
17302
17303
17304
17305
17306
17307
17308
17309
17310
17311
17312
17313
17314
17315
17316
17317
17318
17319
17320
17321
17322
17323
17328
17329
17330
17333
17334
17335
17336
17337
17338
17339
17341
17342
17343
17344
17345
17346
17347
17348
17349
17350
17351
17352
17353
17354
17355
17356
17358
17360
17361
17362
17363
17365
17366
17367
17369
17370
17371
17372
17373
17374
17375
17376
17377
17378
17379
17380
17381
17382
17383
17384
17386
17387
17388
17391
17392
17393
17394
17395
17396
17397
17398
17399
17400
17401
17402
17403
17404
17405
17406
17407
17408
17409
17412
17413
17414
17415
17417
17418
17419
17420
17421
17422
17423
17424
17425
17428
17429
17430
17431
17432
17433
17434
17438
17439
17440
17441
17442
17443
17444
17446
17447
17448
17449
17450
17451
17452
17453
17454
17455
17456
17460
17461
17462
17463
17464
17465
17468
17469
17470
17471
17472
17473
17474
17475
17476
17477
17480
17481
17482
17483
17484
17485
17486
17489
17490
17491
17492
17494
17496
17497
17498
17499
17500
17501
17506
17507
17508
17509
17510
17511
17512
17514
17515
17516
17517
17519
17643
17644
17645
17648
17650
17652
17653
17654
17655
17656
17657
17658
17659
17660
17661
17662
17663
17665
17666
17667
17668
17670
17671
17673
17674
17678
17680
17681
17682
17683
17684
17685
17686
17687
17688
17689
17690
17691
17692
17693
17698
17699
17700
17701
17702
17703
17704
17705
17706
17708
17709
17710
17711
17712
17713
17714
17715
17718
17719
17720
17722
17723
17724
17725
17726
17727
17728
17729
17730
17731
17732
17733
17734
17735
17736
17738
17739
17740
17741
17742
17743
17748
17749
17750
17751
17753
17754
17755
17756
17757
17758
17759
17760
17761
17762
17764
17765
17766
17767
17768
17769
17770
17771
17772
17776
17777
17778
17779
17780
17781
17782
17783
17784
17785
17786
17787
17788
17789
17790
17801
17802
17803
17804
17805
17806
17809
17810
17811
17812
17813
17814
17815
17816
17817
17818
17819
17820
17822
17823
17824
17825
17826
17827
17828
17829
17830
17832
17834
17835
17836
17837
17838
17839
17840
17841
17842
17843
17844
17845
17846
17847
17848
17849
17850
17851
17852
17853
17854
17857
17858
17859
17860
17861
17862
17863
17864
17865
17866
17867
17868
17869
17870
17871
17872
17873
17874
17875
17876
17877
17887
17888
17889
17890
17891
17892
17895
17896
17897
17898
17899
17900
17901
17902
17903
17904
17905
17906
17909
17910
17911
17912
17913
17914
17915
17916
17919
17921
17922
17923
17924
17925
17926
17927
17928
17929
17930
17931
17932
17933
17934
17935
17936
17937
17938
17939
17940
17941
17942
17943
17944
17945
17946
17947
17950
17951
17952
17953
17954
17956
17957
17958
17960
17961
17962
17964
17965
17966
17969
17970
17971
17972
17973
17974
17978
17979
17980
17981
17982
17984
17985
17987
17988
17989
17990
17991
17992
17993
17994
17995
17998
17999
18000
18001
18002
18003
18004
18005
18006
18008
18009
18010
18011
18012
18013
18014
18015
18017
18018
18019
18020
18021
18022
18023
18024
18025
18026
18027
18028
18029
18030
18038
18039
18040
18041
18043
18044
18045
18047
18048
18050
18051
18053
18054
18055
18056
18057
18058
18059
18060
18062
18063
18064
18065
18066
18068
18069
18070
18071
18072
18073
18074
18075
18077
18078
18081
18082
18083
18085
18086
18087
18088
18089
18090
18091
18092
18093
18094
18095
18096
18097
18098
18099
18100
18101
18103
18104
18105
18110
18111
18113
18114
18115
18116
18117
18118
18119
18121
18122
18123
18124
18125
18126
18127
18128
18129
18130
18131
18132
18133
18134
18135
18136
18137
18138
18139
18140
18141
18142
18143
18144
18146
18147
18148
18149
18150
18151
18154
18156
18159
18160
18162
18163
18164
18166
18167
18168
18169
18174
18176
18177
18178
18179
18180
18181
18183
18184
18187
18188
18189
18190
18191
18192
18193
18194
18195
18196
18198
18199
18200
18201
18204
18206
18207
18208
18210
18211
18213
18214
18215
18216
18218
18219
18220
18221
18222
18223
18225
18226
18228
18229
18230
18231
18232
18233
18238
18239
18240
18243
18244
18245
18246
18247
18248
18249
18250
18251
18252
18253
18254
18255
18256
18257
18258
18259
18262
18263
18264
18265
18267
18268
18269
18270
18271
18272
18275
18276
18277
18278
18281
18283
18284
18287
18288
18289
18290
18291
18292
18293
18298
18299
18300
18301
18302
18303
18304
18305
18306
18307
18308
18311
18312
18313
18314
18315
18316
18317
18318
18319
18320
18321
18322
18323
18325
18326
18327
18328
18329
18330
18331
18332
18333
18334
18335
18336
18337
18338
18339
18341
18342
18343
18344
18345
18346
18347
18348
18349
18350
18352
18353
18354
18355
18356
18357
18358
18359
18360
18361
18362
18363
18364
18365
18366
18367
18368
18369
18370
18371
18373
18374
18375
18376
18378
18379
18380
18381
18383
18384
18386
18387
18388
18389
18390
18391
18393
18394
18395
18396
18398
18399
18400
18401
18402
18403
18404
18405
18406
18407
18408
18409
18410
18411
18412
18415
18416
18417
18418
18419
18420
18422
18423
18424
18425
18426
18427
18428
18429
18430
18431
18432
18433
18434
18436
18437
18438
18441
18445
18446
18447
18448
18449
18450
18454
18455
18456
18457
18458
18459
18460
18461
18462
18463
18464
18465
18467
18468
18469
18470
18471
18472
18473
18474
18475
18476
18477
18478
18479
18480
18481
18482
18483
18484
18485
18489
18490
18491
18492
18493
18494
18495
18496
18497
18499
18500
18501
18502
18503
18504
18505
18506
18507
18508
18509
18510
18511
18512
18513
18514
18515
18516
18518
18519
18520
18521
18522
18523
18524
18525
18526
18530
18531
18532
18533
18534
18535
18536
18537
18538
18539
18540
18541
18542
18543
18544
18545
18546
18547
18548
18549
18550
18551
18552
18553
18554
18555
18556
18559
18560
18563
18564
18565
18566
18567
18568
18569
18570
18571
18572
18574
18575
18576
18577
18578
18579
18580
18581
18582
18583
18584
18585
18586
18587
18588
18589
18590
18591
18594
18595
18596
18597
18598
18600
18601
18602
18603
18604
18605
18607
18608
18609
18610
18611
18612
18613
18614
18615
18618
18619
18620
18621
18622
18623
18624
18625
18626
18627
18628
18629
18630
18632
18633
18634
18635
18636
18637
18638
18639
18640
18641
18642
18643
18644
18645
18646
18647
18648
18649
18650
18651
18652
18653
18654
18655
18657
18658
18659
18660
18661
18663
18664
18665
18666
18667
18668
18669
18670
18671
18672
18673
18674
18675
18676
18677
18678
18679
18680
18681
18682
18683
18684
18685
18686
18687
18688
18689
18690
18691
18692
18693
18694
18695
18696
18697
18698
18699
18700
18701
18702
18704
18705
18706
18707
18708
18709
18710
18711
18712
18715
18716
18717
18718
18719
18720
18721
18722
18723
18724
18725
18726
18727
18728
18729
18730
18731
18732
18733
18734
18735
18736
18737
18738
18739
18740
18741
18742
18743
18747
18748
18750
18751
18752
18754
18755
18756
18757
18758
18760
18761
18762
18763
18764
18837
18838
18839
18840
18841
18842
18844
18845
18846
18847
18848
18849
18850
18851
18852
18853
18854
18855
18856
18857
18858
18859
18861
18897
18898
18899
18901
18902
18903
18904
18905
18907
18908
18909
18910
18911
18912
18913
18914
18915
18916
18917
18918
18919
18921
18922
18923
18925
18926
18927
18928
18929
18930
18931
18932
18933
18935
18936
18937
18938
18939
18940
18944
18945
18947
18948
18949
18951
18952
18953
18954
18955
18956
18957
18959
18960
18961
18963
18965
18966
18967
18968
18969
18970
18972
18973
18974
18975
18977
18978
18979
18980
18981
18982
18985
18986
18987
18988
18989
18990
18991
18992
18993
18994
18995
19011
19012
19013
19014
19016
19017
19021
19022
19023
19024
19025
19026
19027
19028
19029
19030
19031
19032
19033
19034
19035
19036
19037
19038
19039
19042
19043
19044
19045
19046
19047
19048
19049
19050
19052
19053
19054
19055
19058
19060
19061
19062
19063
19066
19067
19068
19069
19070
19071
19073
19074
19075
19076
19077
19078
19079
19080
19081
19085
19086
19088
19089
19090
19091
19092
19094
19095
19097
19099
19100
19101
19102
19103
19104
19105
19106
19107
19108
19109
19110
19111
19112
19113
19114
19115
19116
19117
19118
19119
19120
19121
19124
19125
19127
19128
19129
19130
19132
19133
19134
19135
19136
19137
19138
19140
19141
19142
19143
19144
19145
19146
19147
19149
19150
19151
19152
19153
19154
19155
19156
19157
19158
19159
19160
19161
19162
19163
19164
19165
19166
19167
19168
19169
19170
19171
19172
19174
19175
19176
19177
19179
19180
19181
19182
19183
19184
19185
19186
19187
19188
19189
19190
19191
19193
19195
19196
19197
19198
19200
19201
19202
19203
19204
19206
19207
19208
19209
19210
19211
19212
19214
19215
19216
19217
19218
19219
19220
19222
19223
19224
19225
19226
19227
19228
19229
19230
19232
19234
19235
19236
19237
19238
19240
19241
19242
19243
19244
19245
19247
19248
19249
19250
19251
19252
19253
19255
19256
19257
19258
19259
19260
19261
19262
19263
19264
19265
19267
19268
19269
19271
19272
19273
19274
19275
19276
19278
19279
19282
19283
19284
19285
19286
19289
19290
19291
19292
19293
19294
19295
19297
19298
19299
19300
19301
19302
19303
19304
19306
19307
19308
19309
19311
19313
19315
19316
19317
19318
19319
19320
19321
19322
19323
19324
19326
19328
19329
19330
19332
19333
19334
19335
19336
19337
19339
19341
19342
19343
19344
19345
19346
19347
19349
19351
19352
19353
19397
19398
19399
19400
19402
19403
19407
19408
19409
19410
19411
19413
19414
19416
19417
19421
19422
19423
19424
19427
19428
19429
19430
19431
19432
19433
19435
19436
19438
19439
19440
19442
19443
19444
19445
19456
19457
19458
19459
19460
19461
19462
19463
19464
19465
19466
19467
19468
19469
19470
19471
19472
19473
19474
19475
19476
19477
19478
19479
19480
19481
19482
19483
19484
19485
19486
19487
19488
19489
19490
19491
19492
19494
19495
19496
19497
19498
19499
19500
19501
19502
19503
19504
19505
19506
19507
19508
19509
19510
19512
19513
19514
19515
19516
19517
19518
19519
19520
19521
19522
19523
19524
19525
19526
19527
19528
19529
19530
19531
19532
19533
19534
19535
19536
19537
19538
19539
19540
19541
19542
19543
19544
19545
19546
19547
19548
19549
19550
19551
19552
19553
19554
19555
19556
19557
19558
19559
19560
19561
19562
19565
19566
19567
19568
19569
19570
19571
19573
19574
19575
19576
19577
19578
19579
19581
19582
19583
19584
19585
19586
19587
19588
19590
19591
19592
19593
19594
19595
19598
19599
19600
19601
19602
19603
19604
19605
19606
19607
19608
19609
19610
19611
19612
19613
19614
19615
19617
19619
19620
19622
19623
19624
19625
19626
19627
19628
19630
19631
19632
19633
19635
19636
19637
19638
19639
19640
19641
19642
19643
19644
19645
19646
19647
19649
19652
19653
19654
19655
19656
19657
19658
19659
19660
19661
19662
19663
19665
19666
19667
19670
19671
19672
19673
19674
19675
19676
19677
19678
19679
19680
19681
19682
19683
19684
19685
19686
19687
19688
19690
19691
19696
19697
19699
19700
19701
19702
19703
19704
19705
19707
19708
19709
19710
19711
19712
19715
19718
19720
19721
19722
19725
19726
19727
19728
19729
19730
19731
19732
19733
19734
19735
19736
19737
19738
19739
19740
19742
19743
19747
19748
19749
19751
19752
19754
19755
19756
19757
19759
19760
19761
19762
19763
19764
19765
19766
19767
19768
19769
19772
19773
19774
19775
19776
19777
19778
19779
19780
19781
19782
19783
19784
19785
19786
19788
19790
19791
19792
19794
19795
19796
19798
19799
19800
19802
19803
19804
19805
19806
19807
19808
19809
19810
19811
19812
19813
19814
19815
19816
19817
19818
19819
19820
19821
19822
19823
19825
19826
19827
19828
19829
19830
19831
19832
19833
19834
19836
19837
19838
19842
19843
19844
19845
19846
19847
19850
19851
19852
19853
19854
19855
19856
19857
19858
19859
19860
19861
19862
19863
19864
19865
19866
19867
19870
19871
19872
19873
19874
19875
19876
19877
19878
19879
19880
19881
19882
19883
19884
19885
19886
19888
19889
19890
19891
19892
19893
19894
19895
19896
19897
19898
19899
19900
19902
19903
19904
19905
19907
19909
19910
19911
19912
19913
19914
19915
19916
19917
19918
19919
19920
19921
19922
19923
19924
19925
19926
19927
19928
19929
19930
19931
19932
19934
19935
19936
19937
19938
19939
19940
19941
19942
19943
19945
19946
19947
19948
19950
19951
19952
19953
19954
19955
19956
19957
19958
19959
19960
19961
19962
19963
19964
19965
19966
19967
19968
19969
19971
19972
19973
19974
19975
19976
19977
19978
19979
19981
19982
19983
19984
19985
19986
19987
20003
20004
20005
20006
20007
20008
20009
20010
20011
20012
20014
20015
20016
20017
20018
20020
20021
20022
20024
20025
20026
20027
20028
20029
20031
20035
20036
20037
20038
20039
20042
20043
20044
20045
20046
20047
20048
20050
20051
20053
20054
20055
20056
20057
20058
20059
20062
20065
20066
20067
20068
20069
20070
20071
20072
20073
20074
20075
20076
20077
20078
20080
20081
20082
20083
20084
20085
20086
20087
20089
20090
20091
20092
20093
20094
20095
20096
20097
20098
20100
20101
20102
20103
20104
20105
20106
20107
20108
20110
20111
20113
20114
20116
20118
20119
20120
20121
20122
20123
20124
20125
20126
20127
20128
20129
20130
20132
20133
20134
20135
20136
20140
20141
20142
20143
20144
20145
20147
20148
20149
20150
20151
20153
20155
20157
20158
20159
20160
20161
20164
20166
20167
20168
20169
20171
20173
20175
20176
20180
20181
20182
20183
20184
20185
20186
20188
20189
20190
20194
20195
20197
20198
20199
20200
20201
20202
20203
20204
20205
20206
20207
20208
20209
20213
20214
20215
20216
20217
20218
20219
20220
20221
20222
20223
20225
20226
20227
20228
20229
20230
20231
20232
20235
20236
20237
20238
20239
20240
20241
20242
20243
20244
20245
20246
20247
20248
20249
20250
20251
20252
20253
20254
20255
20256
20257
20258
20262
20263
20265
20266
20268
20269
20270
20271
20272
20273
20274
20275
20276
20277
20278
20279
20280
20281
20282
20283
20284
20285
20289
20290
20291
20293
20294
20295
20296
20297
20299
20301
20302
20303
20304
20381
20382
20383
20386
20387
20388
20389
20390
20391
20392
20393
20394
20395
20396
20397
20398
20399
20400
20402
20403
20404
20405
20406
20407
20408
20409
20410
20411
20412
20414
20415
20416
20417
20418
20419
20420
20421
20422
20423
20424
20425
20427
20428
20430
20431
20432
20434
20435
20437
20438
20439
20440
20444
20445
20446
20448
20449
20450
20452
20453
20454
20455
20456
20457
20458
20459
20460
20461
20462
20463
20464
20465
20466
20467
20468
20469
20470
20472
20473
20474
20475
20478
20479
20480
20481
20482
20483
20484
20486
20487
20488
20489
20491
20493
20494
20495
20497
20498
20500
20501
20503
20504
20505
20506
20507
20508
20510
20511
20512
20513
20514
20515
20516
20517
20518
20519
20521
20522
20523
20524
20525
20526
20527
20528
20529
20531
20532
20533
20534
20535
20536
20537
20538
20539
20540
20541
20543
20544
20545
20546
20547
20548
20549
20550
20551
20552
20553
20554
20555
20556
20557
20558
20559
20560
20561
20562
20563
20564
20565
20566
20567
20568
20569
20570
20572
20573
20574
20575
20576
20577
20578
20579
20581
20582
20583
20584
20699
20700
20701
20702
20703
20704
20705
20706
20707
20708
20709
20710
20714
20715
20716
20717
20718
20719
20720
20721
20723
20724
20725
20726
20727
20728
20729
20730
20731
20732
20733
20734
20735
20737
20738
20739
20740
20742
20743
20745
20746
20747
20749
20750
20751
20752
20753
20754
20755
20758
20759
20760
20761
20762
20764
20765
20766
20767
20769
20771
20772
20773
20775
20777
20778
20779
20780
20781
20782
20783
20784
20785
20786
20787
20788
20789
20790
20791
20792
20793
20795
20797
20798
20799
20801
20802
20803
20804
20805
20806
20807
20810
20811
20812
20814
20817
20818
20819
20820
20821
20822
20823
20826
20827
20828
20897
20898
20901
20902
20903
20904
20905
20906
20907
20908
20911
20912
20913
20914
20915
20916
20917
20919
20920
20921
20922
20924
20925
20927
20928
20929
20930
20931
20932
20933
20934
20938
20939
20941
20943
20944
20945
20946
20947
20948
20949
20951
20952
20954
20955
20956
20957
20958
20959
20961
20962
20963
20964
20965
20967
20968
20969
20972
20973
20974
20976
20977
20978
20979
20980
20982
20984
20985
20986
20987
20990
20991
20992
20994
20995
20998
20999
21000
21001
21005
21006
21008
21009
21010
21011
21012
21013
21014
21016
21017
21018
21019
21020
21022
21023
21025
21026
21027
21028
21029
21030
21031
21032
21034
21092
21093
21094
21095
21096
21097
21098
21099
21100
21101
21102
21103
21104
21105
21106
21107
21108
21109
21112
21113
21114
21115
21116
21117
21118
21119
21120
21122
21123
21124
21125
21126
21127
21129
21130
21131
21132
21133
21134
21135
21136
21137
21138
21139
21140
21141
21142
21143
21144
21145
21146
21147
21148
21149
21151
21153
21154
21155
21156
21157
21158
21159
21160
21161
21162
21165
21168
21169
21170
21171
21172
21173
21174
21175
21176
21178
21180
21181
21182
21183
21184
21185
21186
21187
21188
21189
21190
21191
21192
21193
21194
21195
21198
21199
21201
21202
21203
21204
21205
21206
21207
21208
21209
21214
21215
21216
21217
21218
21219
21220
21221
21222
21223
21224
21225
21226
21229
21230
21231
21232
21233
21234
21235
21236
21237
21238
21239
21240
21241
21242
21243
21244
21245
21246
21249
21250
21251
21252
21254
21255
21256
21257
21258
21259
21260
21261
21262
21263
21264
21265
21266
21267
21268
21269
21270
21271
21272
21273
21274
21275
21276
21277
21278
21279
21281
21282
21283
21284
21285
21287
21288
21291
21292
21293
21294
21295
21296
21297
21298
21299
21300
21301
21302
21303
21304
21305
21306
21307
21308
21310
21311
21313
21314
21315
21316
21317
21318
21319
21320
21321
21322
21323
21326
21328
21329
21330
21331
21332
21333
21334
21335
21336
21338
21339
21340
21342
21343
21344
21345
21346
21347
21348
21349
21350
21351
21352
21353
21355
21359
21360
21361
21362
21363
21364
21365
21366
21367
21369
21370
21378
21379
21380
21381
21382
21383
21384
21385
21386
21387
21388
21389
21392
21393
21394
21397
21404
21405
21406
21407
21408
21409
21410
21411
21412
21413
21414
21415
21416
21417
21421
21422
21425
21426
21432
21433
21434
21435
21436
21437
21438
21439
21441
21442
21443
21446
21447
21450
21451
21452
21453
21454
21455
21456
21457
21458
21460
21461
21462
21463
21464
21465
21466
21468
21469
21470
21471
21472
21473
21475
21477
21478
21479
21480
21481
21482
21483
21484
21485
21486
21489
21490
21491
21499
21500
21501
21502
21503
21504
21505
21506
21507
21508
21509
21510
21511
21512
21514
21517
21518
21519
21520
21521
21523
21524
21526
21527
21528
21529
21530
21531
21532
21533
21534
21536
21537
21538
21539
21540
21541
21544
21545
21546
21547
21548
21549
21550
21552
21553
21554
21555
21556
21557
21559
21560
21561
21563
21564
21565
21566
21569
21570
21571
21572
21574
21575
21576
21577
21578
21579
21580
21583
21584
21586
21587
21591
21592
21593
21594
21595
21596
21597
21601
21602
21603
21604
21605
21606
21607
21608
21611
21612
21613
21614
21615
21616
21617
21618
21622
21624
21625
21626
21630
21631
21632
21635
21636
21637
21638
21639
21640
21643
21644
21645
21646
21648
21649
21651
21652
21653
21654
21655
21656
21657
21658
21660
21662
21663
21665
21666
21667
21668
21669
21670
21671
21672
21673
21674
21676
21677
21678
21679
21681
21682
21683
21684
21685
21686
21690
21691
21692
21693
21694
21695
21699
21700
21701
21702
21703
21704
21705
21706
21707
21708
21709
21712
21713
21714
21716
21717
21718
21719
21720
21721
21722
21723
21724
21725
21726
21727
21728
21729
21730
21731
21733
21734
21735
21736
21739
21740
21741
21745
21746
21747
21748
21749
21750
21751
21752
21753
21754
21755
21756
21757
21758
21760
21761
21762
21763
21764
21765
21766
21768
21769
21770
21771
21774
21775
21776
21779
21780
21781
21782
21784
21786
21787
21788
21789
21790
21791
21792
21793
21794
21795
21796
21797
21799
21800
21801
21802
21807
21808
21809
21810
21812
21813
21814
21815
21816
21817
21818
21819
21820
21821
21823
21824
21825
21826
21828
21829
21830
21831
21835
21872
21873
21874
21875
21876
21877
21878
21879
21880
21881
21882
21883
21884
21886
21887
21888
21890
21891
21892
21893
21894
21895
21896
21898
21900
21901
21904
21905
21907
21908
21909
21910
21911
21912
21915
21917
21918
21919
21920
21921
21922
21926
21927
21928
21931
21932
21933
21934
21936
21937
21938
21939
21940
21942
21943
21944
21945
21946
21947
21948
21949
21951
21952
21953
21954
21955
21958
21960
21961
21962
21963
21964
21965
21966
21967
21968
21970
21971
21972
21973
21974
21975
21976
21977
21978
21979
21980
21981
21987
21988
21989
21990
21991
21993
21994
21995
21996
21997
21998
21999
22000
22001
22002
22003
22004
22005
22006
22007
22008
22009
22010
22011
22013
22014
22015
22016
22021
22022
22023
22024
22025
22026
22027
22028
22029
22030
22031
22032
22036
22037
22038
22039
22041
22042
22044
22045
22047
22048
22053
22054
22055
22056
22057
22058
22059
22060
22061
22062
22063
22064
22065
22066
22067
22068
22069
22070
22071
22072
22073
22074
22075
22076
22077
22078
22079
22083
22084
22085
22086
22087
22088
22089
22090
22091
22092
22093
22095
22096
22097
22098
22101
22102
22103
22104
22105
22106
22108
22109
22111
22112
22113
22114
22115
22117
22118
22119
22120
22121
22122
22123
22124
22125
22126
22127
22128
22130
22131
22132
22133
22134
22136
22137
22138
22139
22140
22142
22143
22144
22145
22146
22147
22148
22149
22150
22152
22153
22155
22156
22157
22158
22159
22160
22163
22164
22165
22166
22167
22168
22169
22170
22171
22172
22173
22174
22175
22176
22178
22182
22183
22184
22185
22186
22187
22188
22189
22190
22191
22192
22193
22194
22195
22196
22197
22202
22203
22205
22206
22207
22208
22209
22210
22211
22212
22213
22216
22217
22218
22219
22221
22223
22224
22225
22226
22227
22228
22229
22230
22231
22232
22233
22234
22235
22236
22237
22238
22239
22240
22241
22242
22244
22245
22246
22247
22248
22251
22252
22253
22255
22256
22257
22258
22259
22260
22261
22262
22263
22264
22265
22266
22267
22269
22270
22272
22323
22324
22326
22327
22328
22329
22330
22331
22332
22333
22334
22335
22336
22337
22338
22339
22340
22341
22342
22343
22344
22345
22346
22347
22348
22349
22350
22351
22354
22355
22356
22357
22358
22359
22360
22362
22363
22364
22365
22367
22368
22369
22370
22372
22373
22374
22378
22380
22381
22384
22385
22386
22389
22390
22391
22392
22393
22394
22395
22399
22400
22402
22403
22404
22405
22408
22409
22410
22411
22413
22414
22415
22417
22420
22421
22422
22423
22425
22426
22427
22428
22429
22432
22433
22434
22435
22436
22437
22438
22439
22440
22441
22442
22443
22444
22445
22446
22448
22449
22450
22451
22452
22453
22454
22455
22456
22457
22458
22459
22462
22463
22464
22466
22467
22468
22469
22470
22472
22474
22476
22477
22478
22479
22481
22482
22483
22484
22485
22486
22490
22493
22494
22495
22496
22497
22498
22500
22501
22502
22503
22504
22507
22509
22512
22513
22514
22515
22516
22518
22519
22521
22523
22524
22525
22527
22529
22531
22532
22533
22534
22535
22536
22538
22540
22541
22542
22543
22544
22545
22547
22548
22551
22634
22635
22637
22638
22639
22640
22641
22642
22643
22644
22645
22647
22648
22650
22651
22652
22653
22654
22655
22656
22657
22658
22659
22660
22661
22662
22663
22664
22666
22667
22668
22669
22670
22671
22672
22673
22674
22675
22676
22677
22678
22679
22680
22682
22683
22685
22686
22688
22689
22690
22691
22692
22693
22694
22695
22696
22697
22698
22699
22700
22701
22702
22703
22704
22706
22707
22708
22709
22710
22711
22712
22713
22714
22715
22716
22717
22718
22719
22721
22722
22723
22724
22725
22726
22727
22728
22729
22730
22731
22734
22735
22736
22737
22738
22739
22740
22741
22742
22743
22744
22745
22746
22747
22748
22749
22750
22751
22752
22755
22756
22757
22758
22759
22760
22761
22762
22763
22764
22765
22767
22768
22769
22771
22773
22774
22775
22776
22777
22778
22779
22780
22781
22782
22783
22784
22785
22786
22787
22788
22789
22790
22791
22792
22793
22794
22795
22796
22797
22798
22799
22800
22801
22802
22803
22804
22805
22809
22811
22812
22813
22814
22815
22817
22818
22819
22820
22821
22822
22824
22825
22826
22827
22828
22829
22830
22831
22832
22833
22834
22835
22836
22837
22838
22839
22840
22841
22842
22843
22844
22845
22846
22847
22848
22849
22850
22852
22853
22856
22858
22859
22860
22861
22862
22863
22864
22866
22868
22869
22870
22871
22872
22873
22874
22875
22876
22877
22878
22882
22883
22884
22889
22890
22891
22892
22893
22894
22895
22896
22897
22898
22899
22900
22901
22902
22903
22904
22905
22906
22907
22908
22909
22910
22911
22912
22913
22914
22915
22916
22917
22918
22922
22923
22924
22927
22932
22933
22934
22937
22938
22939
22940
22941
22942
22943
22944
22945
22946
22949
22950
22951
22952
22953
22954
22955
22957
22958
22961
22962
22963
22964
22965
22966
22967
22968
22969
22970
22971
22972
22973
22974
22975
22976
22977
22978
22979
22984
22985
22986
22988
22989
22992
22993
22994
22995
22996
22997
22999
23000
23001
23002
23003
23004
23005
23006
23007
23008
23009
23010
23011
23012
23013
23014
23015
23016
23019
23020
23021
23022
23023
23024
23030
23031
23032
23033
23034
23035
23036
23037
23038
23039
23040
23041
23042
23043
23044
23045
23046
23047
23048
23049
23050
23051
23052
23053
23054
23055
23056
23057
23058
23059
23060
23061
23062
23063
23064
23066
23067
23068
23069
23071
23072
23078
23079
23081
23082
23083
23084
23085
23086
23087
23088
23089
23090
23091
23092
23093
23096
23097
23098
23099
23100
23101
23102
23103
23104
23105
23106
23107
23108
23109
23110
23111
23112
23113
23114
23115
23116
23117
23118
23119
23120
23121
23122
23123
23124
23125
23126
23127
23128
23129
23130
23131
23134
23135
23136
23137
23138
23139
23140
23141
23142
23143
23144
23145
23146
23148
23149
23150
23152
23153
23154
23155
23156
23157
23158
23159
23161
23162
23163
23164
23165
23166
23167
23171
23172
23173
23174
23176
23177
23178
23179
23180
23181
23182
23183
23184
23185
23186
23187
23188
23190
23191
23193
23194
23195
23196
23264
23265
23266
23267
23268
23269
23270
23271
23272
23273
23275
23276
23277
23279
23280
23281
23282
23283
23285
23287
23288
23289
23290
23291
23293
23294
23295
23296
23297
23298
23299
23300
23303
23304
23305
23306
23307
23308
23309
23313
23314
23315
23316
23317
23318
23319
23320
23321
23322
23323
23324
23325
23326
23327
23328
23329
23330
23331
23332
23333
23334
23335
23336
23337
23338
23339
23340
23341
23342
23343
23344
23347
23348
23349
23350
23351
23352
23354
23355
23356
23358
23359
23360
23361
23363
23364
23365
23366
23367
23368
23369
23371
23372
23373
23374
23375
23376
23377
23379
23380
23381
23383
23387
23388
23389
23393
23394
23395
23396
23397
23398
23399
23402
23403
23404
23405
23406
23407
23408
23409
23410
23411
23412
23413
23414
23415
23417
23418
23419
23420
23421
23422
23423
23424
23425
23426
23427
23428
23431
23432
23433
23434
23435
23436
23437
23438
23439
23440
23441
23442
23443
23444
23445
23446
23448
23450
23453
23454
23455
23456
23457
23460
23461
23463
23464
23465
23466
23467
23468
23469
23470
23471
23472
23474
23475
23476
23477
23478
23479
23480
23481
23482
23483
23484
23487
23489
23490
23491
23492
23493
23494
23495
23496
23497
23498
23499
23500
23501
23502
23503
23504
23505
23506
23507
23509
23510
23511
23512
23513
23514
23515
23516
23517
23518
23519
23520
23521
23523
23524
23525
23526
23527
23528
23529
23530
23531
23532
23533
23535
23536
23537
23538
23539
23540
23541
23542
23543
23544
23545
23546
23547
23548
23549
23550
23551
23553
23554
23555
23556
23557
23560
23561
23562
23563
23564
23566
23568
23569
23571
23572
23573
23574
23575
23576
23577
23578
23579
23580
23581
23582
23583
23585
23586
23587
23588
23590
23592
23593
23594
23595
23597
23598
23599
23600
23601
23602
23603
23604
23605
23606
23607
23608
23610
23860
23861
23862
23863
23864
23865
23866
23868
23869
23870
23873
23874
23875
23876
23877
23878
23881
23882
23884
23885
23886
23887
23888
23889
23890
23891
23892
23893
23894
23895
23897
23898
23899
23901
23902
23903
23904
23905
23906
23907
23908
23909
23910
23911
23912
23916
23917
23918
23919
23921
23923
23925
23926
23927
23928
23929
23930
23931
23933
23935
23936
23937
23938
23939
23940
23941
23942
23944
23948
23949
23950
23951
23952
23953
23954
23955
23956
23957
23958
23959
23960
23962
23963
23964
23965
23969
23970
23972
23973
23974
23975
23976
23977
23978
23979
23980
23981
23982
23983
23984
23985
23986
23987
23988
23989
23990
23991
23992
23993
23994
23995
23996
23997
23998
23999
24000
24001
24002
24003
24004
24005
24006
24008
24009
24010
24011
24012
24013
24014
24015
24016
24017
24018
24019
24023
24026
24027
24028
24029
24030
24031
24032
24033
24034
24035
24036
24043
24044
24045
24046
24047
24048
24049
24050
24051
24052
24053
24054
24055
24057
24058
24059
24060
24061
24062
24063
24064
24065
24066
24067
24068
24069
24070
24071
24072
24073
24077
24078
24079
24080
24081
24082
24083
24085
24086
24087
24094
24095
24096
24098
24099
24100
24101
24102
24103
24104
24105
24106
24108
24109
24110
24111
24112
24113
24114
24115
24116
24117
24119
24120
24121
24123
24124
24125
24126
24127
24128
24129
24130
24131
24132
24133
24135
24136
24137
24138
24139
24140
24141
24142
24144
24145
24149
24150
24151
24152
24153
24154
24155
24156
24157
24158
24159
24160
24161
24162
24163
24164
24165
24167
24168
24169
24170
24171
24172
24173
24176
24178
24179
24180
24181
24182
24183
24185
24190
24191
24192
24193
24194
24195
24200
24201
24202
24203
24204
24205
24206
24209
24210
24211
24212
24213
24214
24215
24219
24220
24221
24222
24224
24225
24226
24228
24229
24231
24232
24235
24236
24237
24238
24239
24240
24241
24242
24243
24245
24246
24247
24248
24249
24250
24251
24252
24253
24260
24261
24263
24264
24265
24266
24268
24270
24271
24272
24273
24274
24278
24279
24280
24282
24283
24284
24285
24287
24288
24289
24290
24291
24292
24293
24296
24297
24298
24299
24300
24301
24302
24304
24307
24308
24390
24391
24392
24395
24396
24397
24398
24399
24400
24401
24402
24403
24404
24406
24407
24410
24411
24414
24415
24416
24417
24418
24419
24420
24421
24422
24423
24426
24427
24428
24429
24430
24431
24432
24433
24434
24435
24436
24437
24438
24439
24440
24441
24442
24443
24444
24445
24446
24447
24450
24451
24452
24453
24454
24455
24456
24457
24461
24462
24463
24464
24465
24466
24468
24469
24470
24471
24472
24473
24474
24478
24479
24480
24481
24482
24484
24485
24486
24487
24488
24489
24490
24494
24495
24496
24498
24499
24500
24501
24502
24503
24504
24505
24508
24509
24510
24511
24512
24514
24515
24516
24517
24518
24519
24520
24522
24523
24524
24525
24526
24528
24532
24533
24534
24535
24538
24539
24540
24541
24543
24544
24548
24549
24550
24551
24552
24554
24555
24556
24557
24559
24560
24561
24562
24563
24564
24565
24567
24568
24569
24570
24571
24572
24573
24574
24575
24576
24578
24579
24580
24581
24583
24587
24588
24591
24592
24594
24597
24598
24599
24600
24601
24602
24603
24604
24606
24607
24608
24609
24613
24615
24616
24617
24618
24619
24620
24623
24624
24625
24626
24627
24628
24629
24632
24633
24635
24638
24639
24642
24643
24644
24645
24646
24647
24648
24649
24652
24654
24655
24656
24657
24658
24659
24660
24661
24663
24666
24667
24668
24669
24670
24671
24672
24674
24675
24676
24677
24678
24679
24680
24683
24684
24685
24688
24689
24690
24691
24692
24693
24694
24695
24696
24697
24698
24699
24701
24702
24706
24707
24708
24709
24710
24711
24712
24713
24714
24715
24716
24717
24718
24719
24720
24721
24722
24723
24724
24725
24726
24727
24728
24729
24731
24732
24733
24734
24737
24738
24739
24740
24741
24742
24743
24744
24745
24746
24748
24749
24750
24751
24752
24753
24754
24755
24756
24757
24758
24760
24761
24762
24763
24764
24765
24766
24767
24768
24771
24773
24774
24775
24776
24777
24778
24779
24780
24781
24783
24784
24785
24786
24787
24788
24789
24790
24791
24794
24795
24796
24797
24798
24799
24800
24801
24802
24803
24804
24805
24806
24807
24808
24809
24810
24811
24812
24813
24865
24866
24867
24868
24870
24871
24872
24873
24874
24875
24876
24877
24878
24879
24880
24881
24882
24883
24884
24886
24889
24890
24891
24892
24893
24894
24895
24896
24897
24898
24900
24901
24904
24905
24906
24907
24908
24909
24911
24912
24913
24914
24915
24916
24917
24918
24919
24920
24921
24922
24923
24924
24925
24926
24927
24928
24929
24930
24931
24932
24933
24934
24935
24936
24937
24938
24939
24940
24941
24942
24943
24944
24945
24946
24947
24948
24951
24952
24953
24954
24955
24956
24962
24965
24966
24967
24968
24969
24970
24971
24972
24973
24974
24975
24976
24977
24978
24980
24981
24982
24983
24984
24985
24986
24987
24988
24989
24990
24991
24992
24993
24994
24995
24997
24999
25000
25001
25003
25006
25007
25008
25009
25010
25011
25012
25013
25014
25015
25016
25017
25018
25021
25022
25023
25024
25027
25030
25031
25032
25033
25034
25035
25036
25037
25038
25041
25042
25043
25046
25047
25050
25051
25052
25053
25054
25055
25056
25057
25059
25061
25062
25063
25064
25065
25066
25067
25069
25070
25071
25074
25075
25076
25077
25078
25079
25080
25081
25082
25083
25084
25085
25086
25087
25088
25089
25090
25137
25138
25139
25140
25141
25142
25145
25146
25147
25148
25149
25150
25151
25152
25153
25154
25156
25157
25158
25159
25160
25161
25162
25163
25164
25165
25166
25167
25168
25169
25170
25171
25172
25173
25174
25175
25176
25177
25178
25179
25180
25182
25183
25185
25186
25187
25190
25191
25192
25193
25194
25195
25196
25197
25198
25199
25200
25201
25202
25203
25204
25205
25206
25207
25208
25209
25210
25211
25212
25258
25259
25262
25263
25264
25265
25266
25268
25270
25271
25272
25273
25274
25275
25276
25280
25281
25284
25285
25286
25287
25288
25289
25292
25293
25294
25295
25296
25297
25299
25300
25301
25302
25303
25304
25305
25306
25307
25308
25309
25310
25311
25312
25315
25316
25317
25318
25319
25320
25323
25324
25325
25326
25327
25328
25329
25330
25331
25332
25333
25334
25337
25338
25339
25340
25341
25342
25343
25344
25345
25346
25347
25349
25350
25351
25352
25353
25354
25355
25356
25357
25358
25359
25360
25362
25364
25365
25366
25367
25368
25370
25371
25373
25374
25375
25376
25377
25378
25380
25381
25382
25383
25384
25385
25386
25387
25388
25389
25393
25394
25395
25396
25400
25401
25402
25403
25404
25407
25408
25409
25410
25411
25412
25413
25414
25418
25420
25421
25422
25423
25424
25425
25426
25650
25651
25652
25653
25654
25655
25656
25658
25659
25660
25661
25662
25663
25664
25665
25666
25667
25668
25669
25670
25671
25672
25673
25674
25675
25676
25679
25680
25681
25682
25683
25684
25687
25688
25689
25690
25691
25692
25693
25694
25695
25696
25698
25699
25700
25701
25702
25703
25704
25705
25706
25707
25708
25710
25711
25712
25713
25714
25715
25716
25717
25718
25719
25720
25721
25722
25723
25724
25725
25726
25729
25730
25731
25732
25733
25734
25735
25736
25738
25740
25741
25742
25743
25744
25745
25746
25747
25748
25749
25750
25751
25752
25754
25757
25758
25761
25762
25763
25764
25765
25767
25768
25769
25770
25771
25772
25773
25774
25775
25776
25777
25778
25779
25780
25781
25782
25783
25784
25785
25786
25787
25788
25789
25790
25791
25792
25793
25794
25795
25796
25797
25798
25799
25800
25801
25802
25803
25804
25805
25806
25807
25808
25809
25810
25811
25812
25813
25816
25817
25818
25821
25822
25823
25824
25825
25826
25827
25829
25830
25831
25833
25834
25835
25836
25837
25838
25839
25840
25841
25842
25843
25844
25845
25846
25851
25852
25853
25854
25855
25856
25857
25858
25859
25860
25865
25866
25867
25871
25872
25873
25874
25875
25876
25877
25878
25880
25881
25882
25883
25884
25885
25886
25887
25888
25889
25890
25891
25892
25893
25894
25895
25897
25898
25899
25900
25901
25902
25903
25904
25905
25906
25907
25908
25909
25910
25911
25912
25913
25914
25915
25916
25918
25919
25921
25922
25923
25924
25925
25926
25928
25929
25930
25931
25932
25933
25935
25937
25938
25939
25940
25941
25942
25943
25944
25945
25946
25947
25948
25949
25950
25951
25952
25953
25954
25955
25956
25957
25958
25959
25960
25961
25962
25963
25964
25965
25966
25967
25968
25969
25970
25971
25973
25975
25976
25977
25978
25979
25980
25981
25982
25983
25984
25985
25986
25987
25988
25989
25990
25991
25992
25993
25994
25995
25996
25997
25998
25999
26000
26001
26002
26003
26004
26005
26006
26007
26008
26009
26010
26013
26014
26015
26016
26017
26018
26051
26052
26053
26054
26055
26056
26057
26058
26059
26060
26061
26062
26063
26064
26065
26066
26067
26068
26069
26070
26071
26073
26075
26076
26077
26078
26079
26081
26082
26083
26085
26086
26088
26089
26090
26091
26092
26096
26097
26098
26099
26100
26101
26104
26106
26107
26108
26109
26110
26112
26113
26114
26116
26120
26121
26122
26123
26124
26126
26127
26128
26129
26130
26131
26133
26134
26135
26136
26138
26139
26140
26141
26143
26144
26145
26146
26147
26148
26149
26150
26151
26152
26154
26155
26156
26157
26158
26161
26162
26163
26165
26166
26179
26181
26182
26183
26184
26185
26186
26190
26191
26192
26193
26195
26197
26198
26199
26200
26201
26202
26203
26206
26207
26208
26209
26210
26211
26212
26213
26214
26215
26216
26217
26218
26219
26220
26221
26222
26223
26224
26225
26231
26232
26233
26234
26235
26236
26238
26239
26240
26241
26243
26244
26246
26247
26248
26249
26250
26251
26252
26253
26254
26257
26260
26261
26262
26264
26266
26268
26269
26270
26272
26273
26275
26276
26278
26279
26280
26281
26282
26283
26284
26285
26286
26287
26288
26289
26290
26291
26293
26294
26296
26297
26300
26302
26303
26304
26306
26307
26308
26309
26310
26311
26312
26313
26314
26315
26316
26317
26318
26319
26320
26322
26323
26324
26325
26326
26327
26328
26329
26330
26331
26332
26333
26336
26337
26338
26339
26340
26342
26343
26344
26345
26346
26347
26348
26349
26350
26351
26352
26353
26354
26355
26356
26357
26358
26359
26360
26361
26362
26363
26364
26365
26366
26367
26368
26369
26370
26371
26373
26374
26375
26376
26377
26378
26380
26381
26382
26384
26385
26386
26387
26390
26391
26392
26393
26394
26395
26396
26397
26398
26399
26400
26401
26402
26403
26404
26405
26406
26407
26408
26409
26410
26411
26412
26413
26415
26416
26417
26418
26419
26420
26421
26422
26423
26424
26425
26426
26427
26428
26429
26430
26431
26432
26433
26434
26435
26436
26437
26438
26439
26440
26441
26442
26443
26444
26445
26446
26447
26448
26449
26452
26453
26456
26457
26458
26459
26460
26461
26462
26463
26465
26466
26467
26468
26469
26470
26471
26472
26473
26474
26475
26476
26477
26478
26479
26483
26485
26487
26488
26489
26490
26491
26492
26493
26494
26495
26496
26497
26498
26499
26500
26501
26502
26503
26504
26505
26506
26507
26508
26509
26510
26511
26512
26516
26517
26518
26519
26520
26521
26522
26523
26524
26525
26526
26527
26528
26529
26530
26531
26532
26533
26534
26535
26537
26538
26539
26540
26543
26544
26545
26546
26547
26548
26549
26550
26551
26552
26553
26554
26555
26556
26557
26558
26559
26560
26561
26562
26564
26565
26566
26567
26568
26569
26570
26571
26572
26573
26574
26575
26576
26577
26578
26579
26581
26582
26583
26585
26586
26587
26588
26589
26590
26591
26592
26593
26595
26596
26597
26598
26599
26600
26601
26602
26603
26604
26605
26606
26607
26608
26609
26610
26611
26612
26613
26614
26615
26616
26618
26619
26620
26621
26622
26623
26624
26625
26626
26627
26628
26629
26630
26631
26632
26633
26634
26635
26636
26637
26638
26639
26640
26641
26642
26643
26644
26645
26646
26647
26648
26649
26650
26651
