18264
3940
20030
11712
21936
4232
18216
2997
12554
14631
1862
15510
11661
17594
21646
19942
23155
22688
20789
7730
26301
343
25776
17136
12605
23375
3688
7626
25378
25946
11792
7522
2114
22228
3302
10744
15794
7616
1238
11311
14106
17681
5884
8034
1350
22168
24489
12341
6716
10927
25087
5868
12077
24295
16341
14870
6924
5611
23511
2441
2839
16079
5385
5358
1345
19665
6069
1723
3887
18846
8114
8522
20984
34
9924
16434
4352
20450
18876
15826
4070
3976
18494
591
23741
4112
11708
17467
1392
16494
21289
4400
2121
25985
15831
6070
22214
8818
16647
18236
19085
22738
25870
3227
18692
4348
3695
13781
6689
1190
12492
5872
12326
19459
10404
4671
4606
12783
22949
22985
2577
17096
19053
21658
17490
12681
7859
20616
16160
15266
5815
15796
10757
10263
7954
17485
25159
4759
21758
23846
20036
16232
11711
5702
24515
14262
11720
21666
25939
16123
10398
12699
23987
11805
18959
8195
372
6151
16171
10634
14948
4572
24933
16126
3794
11782
7021
23713
23625
17265
6413
2818
479
15991
24807
15464
16298
26088
22547
4570
3963
21417
10407
5925
11590
11136
14855
4506
23353
13061
196
5870
3044
15491
4732
23706
12181
25821
6265
3755
14062
11686
22908
22733
24549
12981
17358
7928
15403
112
26537
18293
16640
14179
12795
14125
15563
1885
3122
7704
19937
13345
22975
21424
9184
14822
25858
14212
11713
7139
2292
10635
8281
23198
4860
7485
10484
22429
2286
1165
4891
17798
20677
18584
26178
8605
15084
8219
1505
12980
6248
10536
305
13863
17661
410
17920
12999
14467
24648
6548
7655
22235
4478
13954
4141
13831
17796
19866
17770
3814
11134
20604
17356
22124
12132
24507
14306
18134
11041
23226
3840
3319
23627
5160
16651
11197
8575
25783
20096
17618
21721
11721
5236
23820
23967
3728
26285
17761
2287
13991
2620
2112
149
17033
15787
16173
65
5278
19714
10186
8205
4481
24519
8109
24048
22631
2175
16617
6974
15151
15311
2607
23630
14188
18831
3952
14834
25956
7612
26483
1408
22496
14904
4581
17494
17458
10806
2735
13194
19601
26137
3643
9751
12510
11966
1264
21813
2197
5508
2786
12570
23852
22388
13311
16314
15984
4646
6657
16598
23768
1344
24689
25966
6107
13035
14718
14147
7769
17700
1357
24618
12776
2514
23351
21922
11235
4992
20680
7751
24041
6424
2249
26059
11425
17610
5232
4156
19898
15482
7519
10522
20610
5431
7617
17693
11065
10950
11055
19822
7765
1765
14468
11272
25794
14924
23537
23804
8947
2130
12139
13237
24773
63
12566
18451
2986
15782
16752
12480
18980
8098
21266
12662
23964
5201
20462
4600
1446
3890
26040
18322
3761
11513
10327
18961
20015
15542
11765
8428
14741
4584
6306
22424
12325
25222
1658
6297
12811
8440
4684
23158
10881
7905
20660
4436
6076
24024
16234
4138
14171
12251
16357
3885
21942
2306
24310
60
1949
15404
2335
14633
10202
13798
11269
24359
26472
73
7541
21654
18479
11467
16048
14915
14011
26427
18824
19897
12134
13045
17540
15816
13516
1976
12
8046
19889
1146
11519
22929
20903
23331
7210
24303
24830
15351
18721
7097
15631
7933
22461
19780
16033
9795
6038
11957
23145
16049
12202
25252
7533
8409
15268
20737
24470
10171
3313
17220
1456
19732
10262
18898
2982
17559
24484
24820
14002
21209
2450
8427
20406
19542
5292
20601
25492
15849
10896
25393
21538
9732
2777
7051
17605
9213
9859
23686
19663
24641
21214
11430
14076
18400
2371
1343
5762
11050
5436
16879
5312
19947
7084
19940
1620
85
2502
23342
11284
4771
431
19770
19140
5578
16235
23731
21645
21505
22692
9871
21321
5793
26251
2280
24842
17648
16623
25861
2498
888
14496
15506
24506
21011
5276
18078
20996
21172
25117
12430
13518
348
8571
740
7491
18986
24283
7148
22185
14063
24988
25210
17285
14866
26066
26044
26567
10844
12954
23641
18554
6606
10302
26470
25164
20080
2383
12376
7049
21854
9786
6012
4942
1458
12998
12111
25833
14401
17419
19704
7738
18502
20085
6370
19058
15525
13178
21683
1547
19818
7329
24655
16532
20728
4624
23871
4401
11415
469
18936
4080
4425
23791
14632
9033
15641
11247
7927
15100
11838
10758
3139
26077
24619
25133
18523
18820
23165
3746
17776
9296
5909
18868
18181
10291
4971
17814
23312
9081
23144
14506
21700
26083
6407
4686
3101
5643
16351
25131
10295
2005
9089
9805
18478
20785
16676
20411
3443
5732
23886
7480
19121
16090
20310
1636
10611
7661
13323
17904
18379
1134
5320
12175
25194
18244
6702
25398
12547
9175
21944
17262
20564
15836
26223
7625
1891
12411
21644
5616
8101
16238
5450
18382
5849
16227
12541
1290
10566
4162
25282
7908
5173
1390
885
18500
747
2867
18551
4258
20995
9875
26112
23839
22433
5407
16943
10388
25805
5553
1157
7177
11896
4431
3019
23160
13173
4422
15957
4332
23620
15417
16199
6431
7977
25566
194
11457
812
11560
22910
21156
1189
5344
24631
8373
3884
15725
9056
20468
25905
18072
2583
10137
11332
17747
17590
8371
23873
9750
4941
12331
8299
14846
11141
526
8285
5767
25082
24313
24644
11666
2414
6915
14586
25470
10324
17636
7140
14279
920
14259
3370
736
11961
4123
17355
20472
16457
3764
15877
10249
4802
24397
4675
5455
5506
18668
10741
16402
7539
5360
19564
23771
24747
9273
898
18937
4166
7607
5594
12207
23523
10908
1376
6970
16278
22430
5220
2116
22544
1149
21946
22350
26560
4043
7909
4583
13183
18663
22955
21320
26096
14534
14517
15204
11547
26645
23974
8325
20432
5710
1127
16338
22475
25375
5788
24371
26047
16172
6730
14788
20050
1321
14156
6097
10828
15104
15876
11745
6573
1517
16902
3021
15235
20130
24815
25878
2581
18669
13981
23178
10627
25978
12438
17486
2194
7789
24075
17673
59
9885
4765
3143
8369
14538
7439
5535
10588
15883
7154
337
20443
417
21225
23742
21143
13281
10701
3666
15853
24970
19882
12543
17717
21992
10216
6954
16
10520
4654
13273
10918
8602
5898
18201
17086
24286
25601
17075
7334
7171
10705
2571
23211
26398
17126
23867
15711
7410
25215
7770
11380
15297
1996
14341
22701
10519
24011
14101
3033
582
14526
19007
9264
1941
8378
7862
322
7575
25679
11895
6349
22509
20090
18440
9935
13135
22691
13592
20071
24616
17565
15522
21694
16280
11572
7565
24945
21732
10631
24054
8915
2247
24822
26016
17342
10827
6144
24900
16483
21106
19119
20014
23606
20820
14568
20412
19596
20429
16335
1497
1483
3287
18304
4730
1490
24557
4136
24649
5260
3250
25684
22992
2494
6738
17598
23949
12042
22205
23835
8558
4923
16732
21816
25619
14654
19248
4239
10743
16192
21655
4789
2493
22734
8243
4158
1956
1820
12458
10830
16945
13581
16409
4817
25221
6632
6813
7013
24128
11898
9069
19858
14464
1298
25381
2815
11920
12507
12576
11265
21635
3848
14638
472
17416
10475
23763
12765
5771
11243
15082
2482
1858
20751
2092
4483
14485
22674
24788
18885
15915
21490
24311
15744
105
4987
13431
9789
12226
20400
25357
26577
20507
9289
17299
23237
14298
11845
25959
21976
24852
17710
6907
5735
8411
2656
10886
13193
4084
26509
13553
26028
11397
23585
3949
16509
2749
16863
6652
18348
15813
2430
22436
9892
4105
13893
2078
4595
16337
2790
4076
22224
19746
26286
21562
10649
11225
801
5865
23927
4151
12408
17652
4752
23197
20739
18112
21200
3113
24254
12174
25271
2886
6253
11386
18437
8029
7319
26140
12123
26647
13861
4056
20378
23364
10482
8207
13041
13826
925
14890
17741
19045
2573
19920
7463
1286
16903
26308
12137
16648
14957
11190
3279
10483
18964
7424
11194
18156
15320
22358
2647
11964
16175
18364
15701
25568
8454
17653
12228
18436
4747
1958
13255
21278
19794
23362
24702
21158
6329
13211
9203
7810
6561
8773
25473
25715
21596
11147
1191
6752
22968
15197
15804
21518
3901
26447
23914
8618
7476
25851
13415
1294
14170
10128
24334
19672
7965
17073
15368
25564
3047
22673
18927
24488
11471
14074
6697
12084
14017
11117
1877
8088
25803
10933
12961
7982
15293
18571
5303
23792
333
21029
8816
7793
25592
13868
17128
7516
4803
5505
15583
20496
4713
9699
17883
12392
26568
3800
26065
17271
10720
11688
2650
21329
7560
8313
15219
5193
3063
7863
20397
13156
4939
6298
12026
14233
19116
19782
23682
17098
8810
13994
11396
26485
25842
24127
13396
24340
19683
21620
9095
17877
6352
1120
6382
18727
3870
21568
11505
14479
19152
10924
18930
7007
9874
18982
3863
4608
3721
24628
18715
7060
3243
19743
24674
5778
4049
16380
25257
2887
17258
16012
24781
6035
6916
25345
4490
9697
17591
10376
17083
24774
352
19217
14912
10876
16889
16766
21025
15427
25065
8129
52
16210
19559
23858
16197
2595
24662
4995
12272
25742
10323
24496
25820
22042
8448
6698
23769
8217
759
19139
16435
24932
7414
5743
13378
17555
17405
5919
1940
15231
25119
22646
3868
18464
17907
17188
4585
14433
4435
18116
9284
7020
23300
1954
15684
25093
12577
12794
20067
2654
7955
50
7660
18943
13198
2983
14278
13817
3810
23821
24376
11347
4580
11870
8402
4046
16391
14765
8291
16549
13078
13398
22256
18467
4511
17704
2578
25251
722
18317
16404
23922
9931
10502
15934
4533
6269
2923
23263
6788
15996
10375
7837
22412
12081
25876
16743
25578
6335
20933
18207
10545
16620
9798
10218
781
10699
7032
14305
16372
12628
7558
3953
11062
7530
16828
11418
2748
2799
19503
7511
15695
24785
5513
24284
6665
10150
3625
1615
25436
3731
6949
20742
3932
4911
16313
1506
13402
22059
3968
17037
14752
12085
10332
13308
14475
15593
12158
12792
17564
21299
18921
22625
17489
14550
12195
23667
25400
25267
23929
20636
6325
22445
2340
17028
20408
3621
16872
728
19924
22482
9755
20335
3093
21884
12758
23616
8878
22635
6605
19110
19699
1154
5796
789
1419
24037
3677
12555
23930
13365
24106
24335
3006
25736
21570
14911
10794
6942
15788
17818
22270
14049
14256
13421
13878
14449
25249
23749
18498
1302
18716
2572
18090
2447
13298
3777
14270
24547
12034
20137
23208
17205
18138
346
13859
22743
12678
6992
3858
6971
23216
21460
2536
25994
14734
11935
3315
12351
22434
8396
10201
8573
23726
6336
21919
20498
2579
5890
16725
24562
6593
17350
2694
23678
16449
2642
15483
16667
21248
1975
17337
18877
18300
26012
8918
3672
17252
24534
16287
14782
17859
10204
4573
13220
12161
3667
21254
14110
18089
13963
12285
22030
21864
11188
6155
26628
3148
24802
25484
20082
25666
2004
17130
24413
22670
23972
13392
24635
14191
15473
25908
5908
25862
6034
26134
20126
11857
14314
16610
1260
8896
428
1143
25971
21960
15567
10723
16001
12461
10132
21429
18934
4938
15648
16825
10721
7777
2804
4725
26092
13042
20026
8796
6950
25111
15947
13889
19908
19256
20149
13212
7391
13030
10357
15381
5435
9876
17716
4867
6244
4760
15103
15882
8609
24396
16445
18233
11787
18378
22761
24266
1072
1081
24958
23614
14560
12756
18858
24390
16882
6024
10955
1454
10569
5317
20533
6841
9063
17433
5645
8678
19509
4837
2664
11161
24646
11432
20369
24325
24058
15548
207
15749
8542
13366
23877
12656
25921
19810
13289
18989
1848
22148
22788
21531
18870
15091
25790
6122
7630
18066
12186
15170
9108
14231
3842
15539
11796
24677
16342
17273
10256
23830
11954
1217
16592
12639
18246
18972
14148
3759
15241
17543
2284
12346
10885
15379
6819
19815
7449
3266
14767
22773
23327
5921
14211
11355
10895
2128
21722
14777
8426
22758
8018
19257
19273
26591
18133
23947
7337
14135
15611
542
4631
13604
11456
15728
17901
11080
16865
12564
19080
21423
25454
16892
24744
7493
4351
4678
25186
12001
3053
25678
23841
6615
24846
24937
22253
9723
3328
2204
24812
9830
10715
10576
22099
14711
2307
7821
19491
12989
23684
1886
22196
26542
2677
162
21954
24758
25154
20346
25137
23224
15767
2740
14354
1970
15480
6320
4396
8138
17886
3381
26247
17763
4505
1351
24541
8890
1181
2651
25387
25229
13376
22
16094
4183
10232
14483
23528
12058
9172
20379
1889
7443
20911
7499
1470
25359
24793
2390
15653
15188
5473
25411
24712
19451
11691
24051
2851
25793
13372
2918
13233
2611
2226
3211
55
2676
9758
11126
3645
15785
2992
26495
16035
10591
25129
21322
12101
13170
10608
10802
20678
7550
12103
2781
16247
11479
11868
10650
20317
4782
24305
16323
18107
12771
6704
24569
203
16958
139
12180
21033
21445
24040
17804
6132
1275
3005
16540
7112
10474
8814
22395
702
528
1416
8
14338
7347
8309
19125
23339
14795
21698
10184
15646
17076
18334
513
9706
19789
21714
24730
22150
12096
11984
23539
13219
617
17359
2772
5999
5630
19826
14432
20127
16539
15647
1806
17505
1348
12298
25355
24059
18658
17235
26578
13189
4330
20552
22649
25187
23246
13249
17061
1128
3791
24439
10930
26098
4244
20720
25596
10282
897
22702
26585
15666
3420
17675
16098
5738
24809
8137
23363
2422
23998
14005
9276
1482
15378
15323
18853
23623
23337
10271
25914
7680
8270
11451
24405
10391
8091
16563
25651
6875
17566
26391
9933
24239
15659
14865
7043
14806
120
24666
15777
16914
7935
4983
25766
13914
5818
9766
23687
17723
25852
11281
24267
1322
21517
5808
8749
1738
22217
19609
11925
26388
8022
20774
12258
10153
15708
12154
1385
13302
14670
2186
14771
23762
8170
2791
10378
21433
16374
14139
1170
24984
56
24804
1248
4564
9704
14606
7718
19991
23098
11585
10124
175
18170
7380
4864
18129
24682
15639
2333
16471
364
2668
6731
24500
25718
5629
25085
20326
24535
11678
11830
10598
12995
20077
13574
4969
14593
14227
12040
26262
24996
19220
21543
766
25199
729
3634
22021
10346
6566
13371
8206
22467
1278
2520
16394
6082
13373
12412
15679
12080
19137
6749
9280
18832
2684
19084
1252
24955
6914
17215
4253
23840
7025
21573
16020
14105
2834
9070
5652
26489
6770
14013
26133
5280
25200
1084
22329
16028
11049
5167
6655
12807
14595
11913
1113
1472
21279
20437
14478
1859
18101
3628
18448
17641
9178
36
10135
1870
6164
1767
22969
20773
21632
9054
12048
3066
20923
16389
4062
4566
18505
22227
2395
7953
5386
2134
15617
17890
19811
20944
19747
16181
4815
19572
24903
18801
14559
20348
12156
24337
16751
2633
5488
20823
25675
8197
24814
15487
19709
11942
22484
8127
11384
18508
14733
22368
8319
3349
4744
24084
15823
11527
18683
3916
12033
14371
18125
17411
10243
19489
742
18098
19235
10690
25475
18501
22213
26580
13159
13521
12238
13353
14783
23658
21901
15434
18386
17541
19798
408
14337
24595
10222
24914
15845
5366
14213
336
2843
8162
21428
15580
12958
21823
1125
25995
3767
1814
1253
24280
8132
10718
14941
2709
17298
18171
17329
23152
14939
10788
23541
13620
7356
10688
20530
13601
3072
8812
13181
5575
17530
15240
20679
12127
19467
10544
7743
24057
18847
165
5540
24940
20449
5183
4200
24863
15099
9259
12486
23928
1356
12300
4256
13149
20368
15131
19250
15592
11406
14385
4866
11775
25977
14862
20591
6985
15330
12125
10117
14868
12098
6367
16643
11514
24319
26393
10919
17848
16907
222
22785
16009
4728
18230
1513
14824
3866
19077
14735
12192
8535
13890
16361
4512
11153
26011
15850
1291
4586
3357
26093
20382
8565
1101
2525
17439
15152
14037
13572
2613
7722
11878
135
4677
16382
23717
15519
11934
16933
4742
22105
20048
13310
22782
11152
19043
24935
13617
19042
7784
14197
8016
7632
22041
12680
14541
1414
8596
13388
18917
5221
10229
14177
24461
25739
1846
24989
19143
11373
20416
13036
10297
8815
7317
2115
2667
16570
6817
16024
6824
22026
13190
3642
1649
17501
21187
11275
17695
4834
547
11129
234
24700
5927
6880
24420
7624
7497
16747
5532
12814
16547
24978
7006
26151
18269
5828
16110
24121
7090
5313
4133
179
17104
1762
25789
4662
13344
22448
24694
15824
12770
24621
14755
23698
7105
131
21285
8399
20518
22779
21556
14889
5900
18549
15958
13855
11865
26101
24671
11936
5012
20633
18493
2757
9190
13554
8083
4180
5681
9027
20956
26535
3864
25944
10308
4625
17807
14263
1876
10811
24575
9196
7857
15999
16261
26000
14261
4539
17383
109
8817
15399
21582
23770
13169
24244
5554
6999
7858
17341
2922
16344
20325
4345
5284
5014
22490
15436
14283
15982
14137
21119
23912
5782
3067
7586
12407
308
25138
16318
17783
13986
883
7681
6641
24494
19501
23352
20669
8776
17744
22014
21651
25232
334
17571
13612
14224
19925
10120
24856
10934
15244
12023
6081
10936
15344
16877
24538
3263
9864
21959
4221
14857
13383
7368
24111
14488
9845
14899
21735
22719
18229
24620
17277
4137
25415
6934
11875
7677
4083
13067
20822
23956
22384
10655
2190
12276
16184
25276
5821
4082
3377
20131
3286
7510
1430
4893
391
17055
12221
6402
26484
8422
7004
10949
15338
18316
12614
23601
1320
6384
1299
6361
9275
8830
16000
8107
19035
18417
23856
25682
23994
19469
5862
17074
10775
19066
26632
4673
13879
10623
23725
3985
21853
15221
23661
25184
25570
7925
19450
19523
2835
5591
1111
15156
18118
20541
24429
12145
20103
26600
18445
7088
23613
8942
3834
3757
13364
2563
7189
2022
8274
25585
12088
10630
11835
11770
19950
8166
6288
23796
16319
6887
19735
4669
1491
8193
14260
19800
2836
4636
12269
20618
3712
22503
12993
11537
17808
17151
14205
4897
7495
8560
26260
8317
11316
15671
6855
24750
3806
26155
17333
4881
19968
22765
12698
17093
15569
3821
20147
16557
201
6845
10889
23493
12394
11095
11495
17027
7713
2357
12144
2265
26383
10250
11089
21147
13329
17219
26239
18179
9074
13139
19064
23860
15993
1628
26574
19570
12141
7330
12648
5850
24378
12170
1308
26318
15910
16510
570
5813
9201
3361
923
8043
1552
1459
23636
17718
20441
7029
19464
14442
6917
23810
13931
24946
18368
6077
17113
6849
2643
24859
14117
24514
10305
16476
9106
3125
19795
13937
18211
12150
14557
24636
16769
10345
1897
6947
14927
10979
14350
6869
10742
20405
10157
18295
24022
23973
23916
21507
23758
14732
22117
12457
26149
4069
14860
22252
20414
21592
18852
26087
24906
17119
16773
3979
15581
15642
527
7911
14407
14816
10769
1383
8882
22152
23951
20446
6127
24784
10679
12484
2091
23130
23108
10161
11539
18410
1835
24028
19671
6882
11665
13164
18952
3073
24993
10661
7932
2431
14235
3733
3375
12702
311
25740
9810
26175
24590
23752
25798
13069
1536
20639
15644
26084
19788
13013
3720
11969
4161
13586
24326
22086
21581
17080
14143
16291
15924
12775
17836
8033
12557
17332
19032
9700
10428
12462
9040
12526
18687
14027
24066
4068
21567
1673
2377
8921
11312
20497
21178
7936
21280
15621
21495
3098
22163
16683
24388
8523
16575
9869
8187
6865
20704
6827
13619
778
5820
12171
531
3993
2701
23195
16748
9176
19874
14388
17117
15992
23843
20910
7038
24921
8048
4324
17479
14808
24748
7079
18735
17790
3808
10493
23112
13984
7658
6333
18535
21336
15390
25238
14228
23129
6862
25856
26520
11816
20540
2879
20644
7180
9813
25600
5418
13888
25000
25366
18510
6668
26287
2860
20002
17599
21306
12991
16014
22657
17038
18255
17067
13055
10487
16147
19087
18806
8809
13515
17831
1679
3284
13252
4755
6799
8435
9029
18452
14001
24543
15486
10899
14217
5369
15616
2873
2808
16561
6087
24089
13958
25836
17830
6119
17351
20621
1812
10970
1162
3670
3797
5887
12655
4503
10826
6744
9851
70
18285
17320
26492
12188
11056
7860
24047
24944
7183
2145
10354
25763
20522
25927
24645
53
14099
11919
21920
11829
21717
1129
6622
8245
16248
6843
14335
10589
6150
19578
10129
17324
6908
3752
22043
25929
13300
14255
16951
24925
9733
19698
17131
16693
19988
3632
17269
2118
15710
5855
21234
17293
1270
150
8543
1232
8547
11107
1942
1957
3669
17658
24934
20415
12345
7364
25722
19013
15862
22953
14222
16200
7902
15225
25860
11058
19722
7137
102
1971
11279
15650
13966
11249
25128
22103
20606
10975
5857
20079
12978
5314
7353
2364
6695
18414
15274
2769
14603
10217
19603
12657
18981
22170
4406
19099
26389
13815
13925
12525
123
5992
18231
23911
12313
15983
5742
25444
6587
24742
6899
12427
7107
26440
11044
24474
19745
17218
15740
14313
22039
20073
1359
13007
8965
2773
12945
12693
10564
20958
173
2173
17040
20762
4157
13374
4520
17314
4500
9239
5486
20662
1629
17451
15444
25293
25648
7041
21132
15495
14080
10663
10703
14574
17129
4350
7419
2680
5392
6967
16281
10629
11545
17687
18127
20503
17914
20957
6871
12421
10645
14316
18427
7515
18689
3711
5181
20308
10760
25982
23479
13810
19510
14728
17823
7787
20381
13196
25403
16645
25580
1527
6729
11204
19046
2825
22685
2528
18279
26255
14294
14159
8026
21127
5644
7891
20111
22354
11375
17609
24357
12529
10607
228
22532
24260
8768
23782
7328
16312
312
22362
10358
21821
17099
25218
14207
19960
24472
4088
11404
2141
21894
12114
19862
14505
15873
8451
24373
15220
19480
18120
7698
26545
2576
232
17230
1405
4676
8186
7881
3142
22648
23673
11510
5187
18407
16364
3096
15304
1424
3439
26293
16512
2505
11853
21828
13305
17123
22538
16257
5382
22980
13529
7889
17569
7816
17502
26522
17472
313
3371
6779
8592
14272
8002
323
1756
26246
4718
24588
16260
21095
10426
16034
22752
11670
25211
18477
24559
11158
9094
4603
21619
14659
321
169
21483
191
20702
26064
1327
18728
13964
16649
2164
8591
8229
18292
8368
21481
10883
12766
19108
21899
18250
5293
19886
22222
9872
18829
2117
10479
1442
13569
1763
15143
23258
7748
26572
17683
11364
20119
482
24829
22156
2372
13605
9034
6039
12528
1309
10158
23588
5662
6938
3042
7106
817
14748
3055
26364
2521
26029
827
19253
24811
22173
14431
7929
24849
11520
20928
1905
1398
7501
21290
23213
14956
26579
25954
5301
7651
15118
15081
6624
14872
13125
14124
19807
25643
3987
4098
11131
10805
25416
15606
12444
19132
12743
20092
3702
21744
739
1972
6066
22457
22465
19863
15651
2304
2412
14318
22468
20101
4883
10714
8055
26444
6442
3278
15122
8383
10977
25285
24391
9272
25716
13547
15308
12450
8169
12417
1168
24738
14713
21249
16553
23950
6866
186
11512
24386
9086
24669
21613
5354
23174
17275
16883
19124
11097
24661
17069
17891
22928
19097
18132
22180
24394
22708
20649
24778
4418
15967
4777
9832
15108
26441
4339
3846
15388
16627
21171
24511
24581
18287
17659
7335
1375
10778
7202
12667
6773
1163
4689
9745
14362
7689
8518
18190
6280
4546
22006
8780
7345
23924
4831
11218
26443
9764
4612
25748
10495
21719
10789
5475
17239
21997
21180
15154
22789
10764
25374
4159
1524
9047
21332
20402
18931
25686
21638
5026
12498
24941
21224
5997
5522
25632
15721
6330
14155
5933
115
26471
7486
25768
26565
25471
18951
8624
3660
20524
7971
14462
20687
18441
17820
20388
3262
24668
19272
4497
1934
23128
16672
4419
24991
18465
14715
26525
24097
4190
16955
10311
12005
8595
14835
26053
9707
20037
8931
2811
23199
23801
5627
22206
25493
10170
341
17398
17400
7825
3305
26046
6944
3855
25086
23329
1946
24123
19023
11455
23589
19688
17853
26609
18548
10658
5350
24917
7434
12674
3732
15502
6169
4761
13064
6976
22115
4514
18896
15095
12063
4347
3363
10669
26605
1761
20661
4574
9208
5605
26611
23651
21451
21746
13070
11389
8385
21540
15803
7185
5750
15234
21660
17208
7406
25780
17294
21097
15423
5257
22135
22029
14547
26493
12813
8912
17669
14627
3854
15175
24864
48
6636
6173
9265
3422
22169
12962
20458
12336
8634
17587
4428
21479
13833
13513
3697
11245
13163
15935
17773
15828
12506
19529
5638
3244
17918
13571
2387
7944
15939
1160
13019
17464
6769
19676
15846
15761
10233
24608
27
7373
12263
14376
1452
15985
13071
3438
18077
107
1354
17035
5175
12745
9052
23807
21642
11933
20448
13165
17087
9186
9779
1775
17740
14422
20607
4040
17730
7712
21327
14234
22706
22663
26168
5598
24927
12586
2741
19751
21150
19689
6120
22681
14349
2885
11064
25494
15898
2666
6340
19893
26219
5004
4592
24088
16500
3081
5271
21515
18344
7691
9777
10499
13603
21949
6874
4922
8296
12266
25983
22959
8979
17880
21691
25843
13565
22551
3878
13872
25476
26500
23140
6282
5685
5701
10809
17547
7121
13155
19002
8287
13384
1249
4741
25368
26102
4155
26075
7554
17189
18110
25769
19976
17536
2608
14129
12466
5998
14772
5239
18823
21659
26607
2716
14617
19847
7214
4715
3966
16101
12288
1847
16254
16831
8410
12476
6273
11503
7796
13143
17522
12107
15556
1094
22203
5510
6088
2511
24081
435
4664
26534
13613
24901
7869
11738
2291
16153
21647
14963
4212
1386
3787
25654
20772
13213
5198
9928
2742
18075
10299
8520
13054
16061
26231
1644
12540
614
18679
8827
2209
24463
6568
8301
1444
9831
12817
11525
24617
3352
26382
8130
16566
17328
1196
14898
10610
11208
25575
3333
18539
23373
6389
14966
14636
22140
6016
17656
1384
12623
11043
13924
8241
11113
11412
16293
10877
23639
21288
365
16618
1867
5184
4682
20481
16932
2225
11096
3231
13904
8268
20486
21641
23526
20116
5564
2513
19597
10261
2908
8304
434
24544
24926
3656
15835
3195
23683
11726
7968
14893
23316
26157
3722
8400
5903
15756
5480
14096
21871
24818
197
1953
9893
18575
15497
21420
6943
914
13072
23709
404
25958
2088
16229
24282
11956
24552
16354
3639
8420
20940
1330
16259
26131
26373
5677
8774
24782
18712
524
22090
5249
8545
6405
24269
8221
17628
16533
10139
15909
16762
5672
8919
14223
17511
26238
236
14921
24685
19842
15127
3937
5495
11307
15896
25849
12234
2250
18884
16087
26315
26626
1661
15685
22044
5452
10628
3015
26517
1397
3440
2640
21212
26225
7915
4095
3108
4994
12565
23135
25911
11106
15136
12556
1422
12968
17792
25968
19997
25620
13277
17254
14323
18734
9097
4950
921
19845
12113
8061
29
6572
8246
16007
26273
21541
14465
4591
14602
15284
11342
14591
2700
5546
16121
18415
15352
12311
22704
23953
16047
6715
22133
13288
21430
15177
1539
12548
24745
1882
22019
4565
4660
3942
2830
11268
11300
3424
20519
20049
20069
2012
8116
4087
11221
2774
5018
26481
9194
21208
16268
1201
18706
12950
16761
22683
3028
3374
20939
8450
10798
18935
22240
13827
21018
23101
20031
6793
8278
7972
26508
26173
12183
2080
22620
25002
20986
3710
15229
21814
4117
22121
15209
17699
13573
20051
16514
1488
25913
21939
15533
14726
25075
6812
7978
7138
9788
14619
20445
2876
6928
438
22361
8617
25802
14891
26556
23182
14709
14094
11305
23655
7123
17438
15665
18195
14369
23905
8679
6833
4414
22002
14474
18284
11169
20683
1429
22397
21152
20640
15273
14038
23504
2111
20484
19456
13083
17066
25095
14720
15986
6961
19832
13825
25872
7168
13588
23490
24692
18206
19814
19999
8819
13589
4739
18328
10574
15719
5197
19921
15604
8332
24293
14500
81
9209
4899
7843
18910
14521
19240
7008
2670
23716
24318
5711
2402
23607
15822
22027
14527
14967
8007
14907
6982
5269
23602
26531
12365
2692
15977
3729
22079
16637
4648
3091
6614
21985
22428
21705
1633
726
22254
19460
13022
18880
7404
14964
4794
11132
23780
5321
23151
21193
12203
11715
3396
5514
23960
19083
23937
11101
22952
7564
26387
6604
5942
23903
1235
21941
12333
1944
432
5336
18654
18558
14010
2485
12293
4680
9937
97
26172
2410
11862
11544
15733
2831
22216
3234
11822
8554
5642
3630
21809
6075
16622
18919
25
20764
3364
26314
16397
22061
23808
4991
11903
5889
22226
19151
16203
13129
349
7937
23359
11758
10343
6838
7871
23991
14644
2350
5789
7381
557
9223
19052
13076
530
8582
22986
21491
15435
8284
7170
21631
4124
183
8380
17300
10246
17777
9921
13230
19900
2007
25234
1352
5734
5523
17538
8641
18955
3663
4423
14516
22466
24902
18142
18677
18894
13765
6963
18496
2874
2722
13996
2273
2560
1377
3222
12254
18336
9821
5251
25386
19147
16025
19020
4257
26052
18204
23595
8157
12574
24122
15443
24277
2737
17503
8267
20146
2500
613
7504
15191
14370
6256
14127
1621
20017
3725
7042
21625
16102
10560
17655
14859
16460
6399
16579
11052
21421
24061
351
13809
14346
6031
8192
3624
26530
16282
10653
12979
20033
22977
11927
5822
21601
4424
21475
22404
24715
64
20643
26174
8089
2480
2915
24725
7734
11237
3698
26306
18096
5472
26004
2533
17471
10122
14805
5286
14412
17580
8290
14451
6154
4720
16269
5670
8757
8387
8176
6015
713
21231
19134
3818
21964
10381
556
21996
4240
25597
24964
1412
22981
5409
17630
26227
21893
5384
13767
1849
941
1434
15080
7018
21510
13058
17577
5599
26604
23332
8519
18155
17292
22437
25782
11466
14664
1872
3229
23750
14487
20602
24368
23718
23311
25621
5502
4988
11908
11478
15833
227
22439
19772
10304
15329
13591
8321
12120
18238
20709
2649
8630
17758
16619
23360
15249
23480
7063
10510
17827
484
23310
4736
23242
2263
4247
5777
22215
12372
2897
5191
14151
2334
223
24759
2375
7005
4119
23516
15841
8236
25607
25838
12378
13982
17529
2352
18693
10174
3253
5913
11679
15347
22198
15619
7948
24810
16650
21009
8792
15746
13068
6795
575
23540
3435
19786
882
20745
6825
8785
19682
24526
20721
23670
3442
23936
732
14300
16385
12053
3719
6396
24717
18276
7732
15214
11385
23910
3734
17290
13012
2646
8649
10480
5490
10691
1075
3967
20765
8155
15808
18944
21831
26060
25280
23895
8924
21969
13801
18103
25485
13800
3202
21188
19031
23333
24667
16915
11497
12248
22385
7638
1880
2193
19611
16150
22091
3978
18991
10870
20924
14336
14254
24719
18183
20016
25447
20374
14949
23374
8622
23004
6072
2594
8828
6557
7754
18453
19830
14854
16465
10551
4968
17386
3039
17228
10674
25823
902
26594
20539
5374
21650
17567
25167
10506
12032
1282
20372
5916
21693
1950
14281
13160
14803
14437
23184
10521
2557
5223
20319
23309
11684
23543
9905
16439
2539
19538
16608
25646
16906
12705
9032
6065
13235
17562
2298
1326
25775
2589
17319
11379
1099
2434
12665
2270
474
11360
6804
13244
2011
13773
15608
567
19778
18644
12078
5745
5755
17795
8916
10138
16053
1861
13807
14033
18962
6859
22076
2998
3304
22456
24909
21757
14573
16224
11719
24736
5547
15146
12256
10364
8549
13141
23633
2783
16245
12383
22790
17791
13531
16135
19887
25084
13821
15294
7413
7099
19560
24861
15834
23177
18953
18416
13090
25287
25438
3430
1545
1463
3709
5467
1753
18867
3687
20493
6735
8756
14077
6556
23313
17857
20947
3248
13965
3031
7506
23907
6742
7370
24537
14936
6326
14229
19793
22359
7369
7949
25936
20440
25912
18370
12601
3060
23227
14576
13425
1685
4097
1978
22478
8292
15888
20900
25195
4854
11882
19255
24931
25583
13363
11341
25945
14546
1969
23933
10283
18536
1159
25497
11173
19904
1167
20783
3798
13334
9115
537
7425
19269
6562
23303
12079
14112
3218
19993
6028
25405
4486
16632
4927
15354
24913
2729
22718
5618
13346
1178
1519
21521
7211
24540
10251
535
14725
14456
16900
26169
17203
7470
20490
20460
6377
12068
14472
21114
2877
13207
6332
754
6129
17866
14166
17052
18362
18063
16130
25132
350
7644
22116
4948
15105
9053
25744
23485
20477
2466
18100
16317
21716
20376
6599
21316
9051
18585
25800
17339
10181
21692
6084
5698
10848
18283
600
7077
15636
14333
14091
10115
8017
12478
6953
20980
15800
7735
3207
15481
19992
11398
16029
14773
16597
12571
5493
19029
5609
12769
4618
3332
12347
25256
25808
14610
16095
12434
8767
11326
7068
24338
7641
15863
13811
22051
8629
15192
13845
13787
14581
24624
25073
2000
14332
15775
25975
16258
3397
22760
19591
19003
1296
21542
3441
23093
19258
5763
15798
6829
4093
11931
13616
9763
6616
21839
19512
23935
12076
777
15929
11192
22756
17454
6933
21815
17499
10267
10652
9263
21677
25960
11675
21820
19243
4838
3214
14940
17242
1739
24821
14087
15718
17368
21427
23897
4652
16774
2821
20554
2864
3341
15892
2129
6383
5781
11407
14543
23939
19465
4932
13014
1431
25216
21144
10857
8277
2512
21315
1665
21986
18916
4355
4693
5157
11970
7849
20757
23003
14810
6126
2344
12682
25448
8433
24281
22958
26278
15117
18192
13256
23610
2605
21255
4199
13822
16255
2353
26474
3090
17225
419
18135
3774
24460
17680
5420
18346
21824
17697
13933
14138
7855
24764
11232
8073
811
5646
18247
20561
16624
2320
19823
9285
22973
23608
2153
15233
12493
10834
1182
11891
2268
12140
7721
12514
8105
17371
4168
11254
13158
5404
14083
10501
25284
12217
13887
10759
10180
23913
1895
15514
14495
10974
21606
4560
6157
11084
25424
1650
14712
24342
4526
16252
22197
6797
2074
14649
1329
15261
3981
5835
5019
7122
15658
21137
10878
21750
18855
10413
20817
541
22097
15693
22328
25468
15792
24351
7798
26358
5288
20549
16692
15866
7421
5002
26051
24710
20777
11051
14622
21738
5340
17534
1508
10815
16485
14367
13423
6167
25072
10632
12471
19888
11219
3112
11162
5797
2317
5858
9823
21115
21519
19987
16174
7697
25765
16754
22431
10917
12019
12490
2871
6351
2645
19899
19817
24471
25894
25103
1088
16191
13912
11413
20579
7482
1541
19983
21337
14200
21169
3097
11240
22515
9846
6981
19076
733
13162
11700
21667
11746
1083
25791
9292
121
13943
25965
10111
1262
12038
2458
16333
16601
10894
13418
15933
16530
16164
11388
10804
24381
21734
10568
6678
23349
18646
2747
12440
13530
21676
5723
19009
3126
14070
15537
17336
18849
4663
2152
6284
25882
7366
14169
4685
24551
1438
14655
16613
10905
11331
19963
11446
10893
18567
15770
16381
7741
21629
16936
18444
2715
11570
10685
22411
18670
24505
18139
20359
23675
2470
9913
13870
20556
13969
12305
15681
18294
19787
11165
767
887
2296
11202
8786
6166
17861
18835
19091
13772
2708
10624
3727
13934
20668
15904
7919
15762
1544
13871
15576
10855
2991
18165
17892
1246
1293
19803
20992
22334
2393
9192
15714
803
20714
24722
22008
8544
16673
1838
21583
2251
1267
19894
26378
2452
24711
26363
22472
18843
18387
16332
16201
21762
8557
18137
17312
3936
13133
13550
19839
12558
2685
24502
13401
21492
25579
24706
4092
10958
10320
15709
19967
12220
8423
12659
19737
11167
24014
25496
11405
4780
3938
13813
10596
13341
553
24006
19766
8084
3267
24480
6803
20550
12485
2856
2277
16204
25854
12342
22092
18938
24553
18257
2150
9044
14218
10593
8226
16581
5879
11184
13000
20506
3293
5216
14660
19126
6649
17304
2754
10904
11124
20771
21020
25248
14201
6597
9866
24255
5573
24312
7087
20125
13293
11440
16142
3018
25399
14842
3337
26390
15469
14763
4577
18068
15585
7699
14463
15420
22735
2316
25182
10488
8119
17417
3973
8263
2767
22164
4555
5189
14539
11252
22160
8013
17694
12536
1259
18957
14597
14183
6586
21533
14717
7200
22346
3788
6787
18208
3922
22366
6374
12497
7187
13820
7744
7142
539
3647
11369
25659
20573
17361
10736
21662
16729
393
14839
7378
5000
4474
16694
11154
9863
7069
21516
5233
15507
22040
15260
12405
10191
12488
5533
22056
3662
16690
4461
20597
13607
4426
15793
6426
4753
17444
22381
79
21522
4721
13816
16128
24294
2276
19970
15472
21861
12213
1515
2463
590
6317
4698
16644
4460
2638
18545
3061
10154
2683
6798
4785
21034
10114
23234
6439
5266
3291
16156
8950
22961
11082
26007
23744
14812
24501
12748
23149
11907
18219
23650
24999
6102
16611
22179
12607
16055
7847
6957
4989
21962
5155
22711
15629
8631
24627
5311
25641
20474
4974
1448
49
3965
534
6921
4823
11800
23832
8516
5846
11348
25193
2612
8042
25141
17789
11352
17711
5626
9204
20952
12039
7438
8914
19790
9752
3824
25092
25005
5545
4421
7805
21624
13921
15210
2319
4737
2261
4733
4571
15411
24520
8289
24854
4915
15358
3094
3306
24607
13988
2758
3118
20588
21251
8974
19717
18813
23798
18263
21204
2099
15272
15990
7531
5945
17369
18307
4358
11769
7567
3785
14481
23324
16433
20120
11795
2019
5716
14418
24550
7462
6581
14628
4578
1317
18270
19775
13570
8958
22662
4719
13315
7014
142
15570
11986
4259
14491
4499
7584
14393
6883
7583
18463
2409
24816
820
11749
9224
1495
25788
2034
26252
13514
3116
7432
11683
7169
10792
2681
26478
17434
4395
17212
13511
25064
2208
15689
6991
8963
10859
24365
23882
17229
19668
1097
22739
15107
5496
15899
12685
5441
15661
9100
18552
16132
8041
9248
20827
15128
14953
20617
11981
19062
10954
18647
24838
24113
12194
508
18064
18302
5678
20312
787
1982
7740
13780
18724
86
25261
15119
14290
9881
21319
2191
7890
26113
21808
17646
14747
21979
12660
20535
6255
7785
2305
25761
144
22055
14639
26543
18449
5861
13203
2625
11866
24072
3350
8096
7113
18860
26459
17858
7444
9711
23701
6385
15135
13830
18443
1647
17266
1205
5370
5412
4887
15979
476
23962
2411
22933
15752
14052
12779
24364
9857
15382
12523
7628
4590
14634
25623
4463
12362
18722
2518
24079
6621
2506
1740
21914
9837
24465
15672
24922
6682
15236
23814
7036
19475
16521
11393
4152
25714
14327
14176
16497
16322
2018
889
11483
7203
26589
11368
3679
22661
11257
4550
5383
5557
25656
25737
26027
3635
18354
20438
3816
7608
2329
5213
24440
14892
1938
10646
4354
25955
11
436
24959
3437
13088
7498
13400
8941
12075
24529
10287
22665
18310
14309
14447
26167
10912
67
13356
11160
10136
2323
23945
11445
20972
14766
14356
753
1076
5304
21905
25143
15468
16369
192
12560
7794
15413
22386
598
15353
4243
20309
18515
310
20769
24976
14090
18193
7879
18698
5775
3092
18569
24464
16680
6339
7507
22995
2584
2108
16688
22644
610
19733
12629
21282
17684
1642
15941
25685
13576
15509
5248
17765
7209
23221
2462
14330
17360
9912
13205
23157
17719
15799
2849
26
7403
15168
468
17059
18175
17421
24727
8147
6430
1388
13132
8632
26222
3283
5298
14848
903
12990
8837
16757
5290
15430
24597
13776
4614
5749
16495
1437
20133
3127
10529
359
12429
25489
3107
3146
15884
4356
23999
1732
21902
23754
3382
3619
7913
21019
17137
9071
24679
23989
25850
25668
22367
11048
3747
5434
24091
25753
26432
6040
22971
3763
26032
3910
13758
8159
11313
2870
25635
11217
19878
10125
24104
17509
8642
19952
18162
21993
18828
106
25726
2013
5338
13147
13918
1432
19546
5226
604
3723
22932
19835
20927
22481
15637
17395
4547
3857
20032
1216
25201
18248
3249
25467
25598
26050
17422
21437
6271
11806
18079
16359
12239
5603
10563
17837
936
14514
18374
6172
21472
304
18085
18154
1873
17909
3770
3707
24533
22269
21465
14572
23668
13157
13927
11390
24570
18864
18814
12209
4413
15931
26281
19824
6113
24761
15928
25631
10843
11392
16696
4434
12473
19951
1174
24823
7065
2089
16275
19719
5717
24498
6292
11702
21309
19687
17097
6664
19797
8214
13920
16073
19266
6242
20055
13802
26584
10339
26473
12575
4869
15198
22768
25373
104
4825
16166
25334
13860
11286
25432
3919
8143
14242
12641
1832
14085
16117
14358
15879
25990
25883
11108
1896
15149
473
12633
21468
22624
6408
5169
12193
22638
9757
16194
14906
11944
15847
16083
22035
18562
1418
4336
21162
8934
4886
14395
12581
10966
16501
2449
1208
579
7984
25121
19127
2750
18117
14856
23838
20501
4596
20614
13355
11724
14882
16616
26446
16614
22736
6083
24977
21669
5471
22255
8966
2689
5580
184
16451
11586
20997
8019
4901
20682
24344
14130
12778
25606
8081
16279
13538
12089
5001
25384
4754
8917
4921
1292
12401
14625
23743
8871
23892
21222
24963
6612
19602
16316
82
8054
2195
12459
11488
11423
19535
24010
4489
11226
15786
20581
19729
7931
10116
9796
17637
2556
1126
2006
20951
12189
20112
25999
17031
19472
18245
26303
16469
24650
25904
3633
16565
4145
20413
4325
8795
4053
11820
19692
11166
21532
12643
23664
18271
1884
3988
24851
17556
13154
20307
17415
7790
23367
17224
2569
20338
3301
14079
25165
10196
345
5217
15810
18578
7552
15561
17462
14729
12606
514
18990
22463
25205
20758
4187
39
1988
4219
11339
10675
8416
14065
14445
371
14663
18357
26058
564
18306
7472
12451
577
23599
3675
3025
26507
15207
20386
26392
587
26359
9065
1979
25801
15635
5185
8556
18148
23649
19022
20548
6121
19700
26105
6428
11143
7346
2217
16750
8421
8899
6613
5791
24457
23191
3280
21148
24598
7417
2337
24687
7764
7619
22488
8136
18686
730
2674
3149
8303
9714
10497
5376
14093
12697
18800
581
413
7572
25599
10370
25932
16760
23893
5159
20056
20045
568
12414
5905
825
11359
20630
8778
1839
22987
22195
5247
390
2200
6017
5403
15961
10606
3269
18273
13873
19117
18819
7888
13389
21602
14524
22336
12011
8821
18704
20582
26023
25272
14248
3701
14796
2455
14523
5186
5619
19972
3784
15243
11705
6411
21503
5944
24548
2079
2814
213
3265
18141
3792
11974
316
24530
14194
4637
4696
11295
26148
25845
6937
7459
3212
116
22741
1898
4129
18984
8589
26652
16400
19825
24099
18353
3775
22637
8538
23811
6567
23593
22342
21822
17247
12157
26250
12330
11817
2628
21325
26170
15160
26078
17895
13168
21661
25231
25213
18301
3036
89
7009
24349
20743
20775
8576
15895
24345
25442
20521
19935
2438
18933
17249
10682
5447
5744
25451
10326
25437
22248
26569
14626
1819
20107
3041
618
7985
23222
20064
10203
10210
2203
10496
14493
12322
18570
18973
23663
5688
1460
26103
11667
7460
24129
25260
8574
4173
1869
11528
23671
16099
2900
24517
22912
16535
10156
19025
1902
22715
2990
23818
20453
24656
14444
7342
25576
17493
10200
8761
15956
2690
8168
532
21595
2394
4404
16039
12951
24845
15628
3648
15926
17881
15289
19507
16739
8437
22525
18886
25247
68
22926
18187
2451
18144
22543
13928
11472
21712
25762
23779
23849
14372
18893
6149
13337
15713
3277
21906
22331
14535
23672
16016
4115
5003
22539
21707
26637
7598
8645
18432
15652
4749
4209
3815
12503
7622
8228
5503
1435
18542
26162
5712
19520
19982
21915
12308
5680
7813
9794
17231
21671
8156
26451
21528
13359
8567
6281
10477
15764
15699
9049
7851
8326
12501
4924
6068
5663
92
1899
13018
16043
20087
7856
6042
8754
13932
19748
7111
26316
24435
9716
22622
13841
8909
23167
21955
7321
10272
25616
11706
5764
11710
12691
15610
24406
5640
1501
20323
18243
6021
6313
12257
20560
20749
16916
6296
20703
1892
933
11207
8218
1380
1337
22327
22680
17897
18227
22024
7440
2299
4914
19047
4346
15858
20074
12142
10864
20756
3972
13769
4746
4213
26228
26650
22653
14029
19890
16185
9195
23824
23512
12692
6159
19
8179
17726
24366
11825
20987
4493
22964
3811
1358
20334
25158
15690
5897
17144
2189
383
4197
2361
905
18419
18559
19473
1774
12008
21218
6398
12400
22962
4878
17349
6913
7116
8588
18648
10546
4385
13960
1115
807
17495
5405
11807
23817
3232
17752
22046
13242
11912
7477
16272
4773
1481
17573
21870
19872
9725
24789
22373
15747
9938
4142
8249
22112
8181
18402
2465
13285
25725
15158
14276
1138
814
22393
5322
24923
561
20084
15179
15694
17596
9293
5406
21333
21858
138
25633
3903
4459
24545
22748
10205
14605
23847
20464
18114
810
12661
10965
7673
7542
10820
25672
2136
24704
231
8600
8879
15257
8750
24841
23524
1319
12821
20342
18834
18969
11926
17389
25893
11504
19588
8453
14384
16661
11319
19964
17780
18389
22462
3655
22501
7091
22415
23626
18865
2246
4937
23605
7204
15098
5460
15263
3631
12687
7343
23906
2570
16682
14280
6968
12398
10148
10481
18694
7435
14383
9710
25734
11553
19850
5158
12236
23173
11214
4067
1269
18511
1641
23660
2585
17288
17396
8000
7418
395
11447
1311
8564
16065
17607
17353
3945
5664
6905
1553
14303
23855
20551
12768
2475
12959
16898
2245
17466
26533
8386
1328
22615
11689
14047
5853
11130
9227
3654
18186
3289
24493
25909
25657
6438
4510
4122
25567
10127
19492
5178
11508
14420
16668
8585
24791
10884
4178
4615
25969
23980
20122
25771
4518
16507
10390
8231
9891
24675
15768
1183
10252
19540
20945
22477
21956
11996
10393
19990
1130
22750
1626
4475
9058
2170
12483
6440
10329
9927
8208
26361
12160
9812
8262
13150
24309
22728
23942
12782
6940
9103
4114
2999
21482
18946
12363
13027
5703
4241
22479
4328
17327
11982
11248
22049
12589
14342
2211
11327
13913
6648
18288
25208
15385
18365
19098
25778
4639
26033
2641
2883
18421
15139
14359
14003
19082
9806
18844
23859
4430
6978
15181
14434
2763
22996
2202
24443
1507
1342
4193
16264
11562
10293
8212
14441
25923
14004
16188
10556
7512
26396
6699
19695
4787
13599
6290
24039
14057
4224
26494
23163
13428
4705
12249
8087
12673
10118
8577
5574
9218
13947
9211
10310
13510
2082
8923
6574
7930
13819
824
12944
4482
15750
5668
22134
22063
18359
7431
9288
9059
11577
23150
4242
4195
26019
1256
11581
10334
6661
5996
18816
25731
15844
6043
18124
5722
25931
6870
3786
11180
2652
12264
25266
16899
1551
8770
464
8220
1526
24749
396
18977
15147
24314
25292
2914
6137
23844
22085
20454
8074
10810
19752
12381
10557
11831
5511
4984
4826
12349
7746
20558
12603
8758
26372
26319
17635
21304
22984
16339
4248
22052
17331
21727
3141
23648
14145
16315
4338
16076
8972
4905
11285
18561
15779
16373
20593
20485
13970
23659
13040
9820
3057
24263
14355
12148
17251
19943
18173
2490
7402
12016
14841
5492
22507
10227
23790
18217
1415
13240
6274
22931
15878
12469
16604
748
9244
22909
21161
13956
1943
14172
10175
3964
18672
1187
14551
14608
15164
4651
25335
3110
5871
14054
18290
5180
5810
20954
4360
4953
1980
4551
9092
5337
15440
21551
6822
8884
2347
5411
7803
5774
15677
18889
15897
18275
14564
24690
24828
12327
11308
18172
21291
22142
22271
8901
10363
17362
108
19095
22341
25346
21879
11061
6272
15212
12463
90
3376
14665
12561
159
14019
22502
22230
4054
10416
2730
26467
5277
15716
5289
26374
2442
17391
23110
14025
22777
695
381
14668
12309
13995
9759
24904
5586
7922
16537
24430
24035
7178
6853
12373
2417
22204
20694
15940
8126
9082
1773
23851
15190
7192
21971
14304
12690
18258
13246
11566
15394
19136
10350
25068
4343
3426
24102
15893
21725
20990
24775
5252
13261
8165
2157
10668
5608
7433
1989
24001
10626
18226
13306
24077
6726
13923
14250
7848
8777
6580
23819
20144
5368
2770
11824
15431
21687
19932
3038
10231
22154
22239
26428
793
25916
16952
3680
17306
735
16660
3123
18345
23321
21560
7561
4403
15150
19275
2101
8640
3895
26245
15540
13236
4111
783
12003
26524
10408
22999
2509
6728
26529
9903
1550
23926
1836
22158
22495
8636
12385
13999
15554
11374
18587
10269
6867
26464
16475
84
24404
2619
14128
23747
4879
7811
8035
2924
21269
19716
8280
11470
26095
10285
20100
615
1890
23090
4589
7702
20363
16408
19678
1555
5707
3817
19945
6052
22181
1630
7873
26150
20364
18960
7668
17664
13066
580
6318
8247
7627
13161
8185
25924
24431
10315
14558
3984
91
13917
15989
22390
17600
17629
7323
356
2552
4399
2538
940
8071
8282
7795
20531
795
8209
16334
15582
23146
23697
17769
14219
13265
18657
12014
25827
706
4559
22096
18512
15686
20767
20574
10209
20655
1985
21840
13990
23834
20543
6089
1492
3766
8449
16556
20959
25602
21476
7484
25825
17057
3905
9230
14453
10491
23699
18906
18366
25431
7844
12617
16740
1881
15784
1747
1192
11850
21487
18326
12112
10473
17690
15832
20491
10916
25100
20595
24971
3975
15106
10750
6922
24090
12002
18281
11193
15526
17624
12475
23700
16432
22157
20128
1681
24680
26505
18487
6344
16176
2210
16934
12822
16294
1828
3410
8194
4617
3423
14504
5934
20476
4319
4466
1734
2135
9783
11294
24975
7494
5836
11277
14424
2087
17048
7867
13902
5478
18340
10140
22754
1117
14583
16215
4843
24017
25935
3892
6578
4820
5829
13370
18324
10716
12580
2996
19989
24936
20399
21680
21459
22480
21197
12166
8163
19915
4567
16493
18309
24592
26482
2428
9060
26276
24118
12143
16410
17712
2519
24605
14624
16178
7059
16587
4626
6591
15855
3387
25483
14797
7872
24897
1843
9922
7920
20042
6362
7354
3983
18315
11231
10765
21833
4386
5262
26261
18577
17077
4113
20021
13427
18239
13823
4433
6279
17465
10659
23489
24026
8190
11785
9229
21578
11538
26439
2259
10879
8256
5606
13848
11334
24109
16157
12083
3264
6138
19065
19499
21968
3013
2143
4710
7996
4587
17738
17708
21883
26646
11242
19589
7773
18537
22210
25835
12110
5918
1102
3955
20424
23854
10165
19948
26357
8120
14178
1158
16214
15724
6840
21151
19016
16044
16004
10173
10599
23628
21112
357
4956
14613
16950
23705
19454
22709
20000
17772
15466
18854
3692
14243
20425
6286
18277
19938
16353
7086
11345
13204
23376
18398
18805
1535
11707
7026
14519
11344
1171
4118
317
16057
1540
23245
14454
5799
24528
23513
8374
4766
22172
23890
477
7886
12649
18097
16538
24459
21681
18682
12296
24705
23812
14379
12542
2495
21242
6821
12518
14954
21564
4940
23680
11137
24795
3300
8781
3769
129
10978
12798
4075
14807
7956
16506
12184
7017
12027
1856
15599
21895
18560
10619
3288
19909
16482
12437
7490
15094
24020
17207
14761
18349
6863
14582
19466
2829
6310
24308
11867
19054
10211
16226
23231
24837
1991
12567
22058
16097
22184
20508
13229
15840
16141
20608
13877
12969
22200
9111
13368
21126
16591
2036
13784
7555
5877
20747
6268
22513
24288
25178
7580
14571
20646
20949
15966
5468
23729
17799
11433
21912
5600
18695
16685
23637
16528
22474
8102
21520
19873
23825
16162
25237
10823
14513
14187
2634
17557
15088
26491
24009
18131
5621
20088
20320
14
6285
7952
21850
25175
19971
6725
20022
18531
25691
25071
3223
16355
10730
16625
12957
9880
7684
7089
19148
13136
17644
18979
3414
22528
15267
11524
4542
4670
12948
12647
8955
9925
16652
9839
16870
16571
17561
3781
16198
20805
4202
20018
11329
8885
13140
12187
15465
1654
15137
11697
21934
4704
15343
8968
13856
24043
13897
7483
6153
21830
14486
24441
9945
10172
9946
3037
18518
16768
12797
21605
23932
25640
14814
7010
7827
22427
25244
18160
13349
6558
826
6165
1813
13602
25970
14244
19754
22432
4920
1546
19851
17056
8066
804
4579
13214
14950
10673
16388
21739
7349
13862
572
4160
8269
12074
24565
125
5878
17118
21918
12573
8791
9206
7085
19090
5757
14232
6734
14266
890
10188
6919
1118
88
11067
6550
24085
22176
15568
17660
16036
21810
20968
21457
8135
6771
13138
19923
2090
8199
2800
5843
12379
2760
12752
23139
26555
14540
2127
7325
2346
15387
23500
18720
19696
16559
5259
23584
25669
17634
22519
26581
13303
6923
10239
22416
4562
14714
6249
15157
1382
16270
26272
19571
14167
22326
1220
3205
24684
16078
15622
15222
14600
11701
8053
360
14325
6564
22668
6781
16523
23878
7692
2671
26304
24287
20792
5585
18481
7571
5240
9199
26381
26379
3215
10972
15145
5704
7188
13026
15185
26161
2294
15446
19838
14565
15614
25333
5462
22720
3839
16148
13
17545
10651
26514
19074
17377
6592
17856
21755
21241
8536
11434
3856
17824
13797
12284
16959
1548
26284
21604
12044
16824
12592
25380
13146
3802
11318
7078
6147
9790
11828
15255
8604
18815
5415
3383
14345
24307
38
16037
25277
3095
8610
3941
17103
6700
7398
16938
16923
24950
3768
1333
11330
23521
6168
4394
18363
10597
3801
185
1272
20528
4814
2161
19705
4735
26526
13764
22998
2354
21588
20631
12744
22950
5907
5922
10902
8813
18966
17244
21628
25996
7687
24987
25336
18718
4783
23340
24082
6885
6864
19605
15182
7569
18380
6707
23235
4954
4086
21313
8288
14818
8160
5196
6412
20341
1338
1981
19049
517
10
3977
12124
18470
10926
4822
18949
1184
20089
21124
16455
26145
8820
21142
9800
13367
16670
6996
7422
10331
18842
5161
14410
17036
22757
8123
4862
22260
18115
1866
20701
7023
7030
21488
2526
14387
1425
25362
21882
8183
10791
8202
3402
1486
10643
21682
3724
23215
26142
12787
24737
4175
1731
22470
21855
17678
14392
11886
11053
3048
21699
19799
13593
1865
8566
18143
8876
24962
26307
11306
15759
25815
19063
25871
4602
15492
22954
2727
19892
16681
5020
21637
19517
98
21164
17094
14494
18428
5470
23346
2631
22272
25615
21751
26076
12522
19969
13884
566
1618
25185
3406
15455
6658
8887
25124
23122
1203
25988
4251
8635
24686
20925
18314
10835
14190
11094
1532
26229
16925
17860
18397
11073
18681
13967
25662
25993
17775
21535
18546
6387
7656
1622
7807
23005
8769
22118
14119
26230
16239
12323
2587
6638
5555
8539
9901
18312
6359
14312
15350
5633
10913
21889
8541
19537
5327
563
8115
26595
8057
6884
1312
21012
23322
4936
15927
11784
26067
16111
14594
16244
15180
13005
17913
21277
5308
3428
2553
14440
12470
10863
17829
16379
15571
2037
15995
15291
4833
5316
24629
23483
11241
14044
22694
6283
796
22419
2626
10748
20807
18583
1671
14929
4708
18839
15314
19856
8139
8521
13523
26513
21729
22110
10258
16081
19482
24968
3691
7544
17645
7540
4874
8897
2172
5715
7665
11877
19008
15520
14886
17828
18431
16686
21929
11120
20802
8275
3681
24339
11450
8744
6135
8232
7389
2303
26468
8977
10637
16875
5746
20011
21529
23102
26479
16594
26368
7957
5448
17616
16935
13615
15239
19979
14508
16296
9923
22069
8960
7708
10146
21471
2751
16362
20962
2234
910
11246
24092
19471
5013
11236
17222
10399
19808
21825
15183
8272
13153
5484
16941
23201
18249
9884
25152
439
2457
25647
22458
12297
26557
13390
4214
25573
18327
5177
9217
552
2421
6111
16516
17280
5714
2302
9890
5941
4462
1331
509
11303
9811
13895
19544
23702
6620
15217
11760
15871
26280
15328
8121
2349
14236
17737
3873
6830
2274
17145
24532
20315
13085
12760
22772
33
4697
17626
4931
16525
17649
430
15674
8748
10351
9782
14275
15932
21103
23116
751
16918
25372
7663
7322
9829
24985
22145
14408
13842
6989
10906
20589
10392
20515
20040
24969
12675
4781
23347
2392
2343
22349
1808
11848
2785
6688
2985
10752
16595
14031
20700
7453
18119
13312
15743
6577
20029
6105
24008
25377
7415
15130
20689
25412
12671
16461
24966
10169
10525
12049
20123
3912
1937
19274
15662
1687
26498
12418
19461
18922
16262
23611
17894
15110
927
4764
16578
13779
5803
25349
800
24399
10415
16456
10228
15971
16536
15557
14794
11682
8938
25792
20953
26305
7161
22667
12971
18321
1566
26259
10508
8515
23519
6594
20384
21470
8023
1133
13864
14490
3192
14377
16636
21984
3135
21314
10717
10973
731
13526
17766
12955
14820
19865
21449
20916
158
11220
1445
16256
24762
7865
11070
6406
12593
25160
24049
25440
6322
15949
20654
15366
15594
20569
21211
9188
2711
16615
24007
15414
6679
16836
15969
3830
13210
25859
3209
21737
16177
7906
1831
21888
25732
2580
13208
6061
11932
11565
19711
16302
5291
26068
7961
17410
25887
10539
9886
1804
14510
16551
26233
24064
6676
1078
15458
11714
7352
7163
26627
21697
5234
23202
21621
3339
9221
15923
17709
17034
18678
19490
21176
16209
26448
773
2033
13858
344
13362
3237
26536
20105
20810
10208
5515
4605
24268
24776
12684
20673
148
22994
24654
1295
23995
2824
24678
9738
21031
20585
18912
720
1635
22632
14775
24658
23984
22391
18425
14114
23734
26501
23724
20907
17832
521
16742
13180
17724
16669
15532
7382
2833
14073
4494
10601
14390
10419
22634
24998
5737
16089
10385
21990
10321
25967
18911
21448
13347
2266
18945
17041
18209
13556
9904
12306
12204
22476
12283
23189
14768
2076
6800
7706
8613
13409
15754
1498
1411
4077
1112
525
18914
7938
1955
1549
3217
5552
13182
21980
6801
11564
20991
3403
20305
9809
15501
8599
6334
14737
12281
12062
18384
6263
5335
16957
2544
11671
16390
11408
14164
24563
5011
23805
2290
19534
4229
10869
10420
21970
8930
25406
4050
3730
19040
15327
22066
198
26554
17676
9920
9109
1207
17380
16189
9930
3900
18108
23212
15493
26499
2461
22192
2137
18940
12960
14653
5558
11515
12631
6404
10695
5530
12646
392
16348
21138
26177
18261
13195
20428
9873
20046
1961
26244
18166
21130
19462
13188
12552
15288
16911
11227
22189
10183
19549
2707
11223
14397
1475
2448
18395
18527
25434
16360
9210
23925
5242
26486
16829
26146
5920
11176
17149
23366
12636
7146
22483
1250
14792
11540
4949
594
21300
14436
25874
21849
2149
23783
21995
1453
26070
17199
538
16503
14317
11149
22188
26015
10586
6823
9753
2308
25922
19497
17497
10615
24539
17200
21999
7361
6918
18429
20471
23318
6625
9878
5719
16878
15914
12677
13321
12328
20906
2232
8742
13909
25197
2878
20659
24509
12535
23938
19129
23517
2100
25007
18343
21978
26547
24780
17748
23307
10523
21122
21903
1410
21685
25724
11668
17923
8835
22724
4929
4640
1079
20768
24527
10338
8189
6911
20828
4903
18476
18406
11928
7556
511
4349
8030
7983
15232
25577
11918
3206
16542
11119
5287
25777
3434
22037
23335
14134
14196
8580
7350
16833
11861
22536
22923
7799
23358
750
18723
3920
10871
15452
23712
24262
22764
8006
12515
8430
11979
485
24587
543
10786
13145
25665
22530
17523
11985
3673
1336
5625
21972
4643
11685
5548
16190
9041
7040
18439
10199
14769
26176
21235
8685
15861
8064
18358
21105
24739
1440
13184
17915
1401
26644
13386
3676
20366
9778
2219
6275
6998
1257
422
19720
19061
18659
26633
8432
26055
6647
7883
24350
13397
10149
3640
14150
4327
5883
19659
8929
20653
23104
25270
25006
11234
17537
8122
2861
2921
7667
19086
16869
6108
895
9767
21131
11978
7988
10141
15384
2016
17819
1521
22193
6410
4808
8753
9883
25759
16894
17348
13206
24247
4192
13422
4066
2332
4
12521
15640
2761
26080
2183
10961
17272
1487
17445
18907
805
23194
25112
2142
15324
5673
23908
3744
21157
2809
13010
7717
14884
10620
19259
23837
1177
3367
2384
4846
14837
11737
11980
11059
19565
5839
23254
12793
23704
10253
12972
22716
4233
4699
17241
2407
8377
18582
21123
23181
8210
20730
9048
23171
23732
4210
24794
23338
14960
22626
24652
11992
24647
427
4963
7959
23976
1668
3026
1993
6778
6595
2858
13424
3103
23488
22144
7143
5906
12679
23900
22695
6415
25822
14864
7710
16393
8913
15657
15663
4148
26022
7061
2122
2896
18329
20316
25676
17232
21872
2617
5830
4501
4630
13352
701
2318
13309
15398
15251
18099
6796
16032
1904
16428
13060
16834
12992
15964
10507
14417
18265
25622
24740
7745
7841
14793
6270
19547
13248
4909
15203
11677
6761
4910
9858
6289
7683
16119
9036
21900
133
9799
5491
18528
17404
21206
12320
24275
1874
12616
3803
5876
10753
18375
17468
24372
10422
23253
9173
12509
24599
17382
8324
7601
10531
4717
14015
13128
21271
26073
21330
9943
16909
16634
25189
4407
21546
15114
23775
15598
12533
25880
22423
13394
5016
24289
11181
14039
15140
11299
12343
25717
20623
5675
24490
1223
14579
11998
21296
17835
2009
12097
18495
17654
5430
21742
4535
25226
17558
161
18821
2665
18564
3822
13846
9182
7887
23256
5730
22936
6671
1514
10587
12658
23341
17619
7514
11047
17112
23887
815
7509
12668
5832
14879
19511
19566
5624
9234
18435
20544
3014
15144
24910
22267
1186
18223
4641
25278
15860
14443
314
22497
47
13048
10248
23940
22947
8151
4397
21598
22330
13328
20752
5593
10654
16873
16499
26431
24036
12988
13059
13006
4610
9781
16208
15857
22001
7130
26234
11453
5395
6000
11511
22494
4139
24924
25091
5250
15732
14863
14252
13790
21259
12329
17279
25569
24450
26497
3198
12808
9715
14161
14746
21261
20532
17376
15133
10152
21466
6554
20439
17476
13818
18164
20557
2669
5268
8969
7566
14026
20047
605
17689
17631
14315
12235
12070
12302
9847
8329
14786
13222
7144
136
2566
18167
5654
24703
23766
8933
19154
19260
24525
23247
2629
8370
25364
23787
20788
2559
3741
1683
5892
19784
170
10865
17068
5487
12279
8911
318
5427
2548
10215
25928
11280
22921
16003
3694
15869
24016
19484
3230
5928
16058
18803
16837
26061
23635
6048
23154
4856
8095
13919
2838
16223
342
6056
7970
7135
7611
3228
8939
9104
4051
13838
13854
19036
15812
4709
226
1316
10771
6732
22523
23643
24432
5583
22717
1341
26452
8180
12316
8445
9197
24735
10527
11189
12455
8085
8627
1651
206
24276
8414
11283
8238
6993
25420
24623
14742
1751
20778
12396
12147
17309
2816
23767
23207
14064
21499
25964
26587
11911
24995
18070
20053
4772
19234
12546
17480
6794
19852
10971
1503
23107
5910
21513
23323
6740
21411
25963
26454
17496
14446
14878
22408
24707
20919
26496
25581
6962
14492
23688
21684
26548
25873
12549
22378
3894
830
23230
22940
10944
23896
4973
10511
16331
4807
13247
1279
19557
5721
488
6049
15953
9031
24766
5838
19455
24363
20354
5243
1233
5318
1617
20908
806
10832
13253
24743
21845
1652
12983
19449
13882
6092
1332
5438
19763
26159
26156
21441
1096
11122
24767
11549
13935
18176
16472
19021
26546
18297
20502
22100
7892
25796
7103
10784
17898
10344
3904
17703
25770
1366
10307
2002
26477
26039
4554
19536
1764
152
11781
22410
1236
18503
9703
4089
15313
5747
14326
25636
5355
7469
14596
22208
2119
8546
11206
8978
4047
5665
8133
5275
6894
12397
6691
16363
23629
23153
18504
24436
12332
24801
16926
26598
5601
22353
2003
7315
16088
16631
8981
6071
18222
2543
16137
17911
12477
1994
22540
5930
24979
2398
21252
12572
14759
18851
23506
13771
24417
13351
7806
20826
4250
21649
21876
16961
9255
12338
1746
24622
21863
6553
26267
18122
9200
20688
3348
23816
16277
15753
19911
18958
11436
3032
16771
8393
24777
11238
7448
26302
16403
1998
13226
4681
25464
2837
25650
12409
8957
22759
15083
5156
21207
4616
15578
19446
2400
18253
14643
14537
2739
5521
210
1900
584
9283
25938
14532
10689
2165
3891
22237
12375
23685
7502
22541
20070
388
21594
17595
11230
17260
19070
7657
16129
17291
19580
174
13532
16949
23498
16524
596
16886
18320
3024
11794
8405
15462
17325
7128
5194
18529
10221
6053
19939
8191
529
16167
7682
10113
2840
20360
2623
1387
15364
573
16222
13084
10213
18965
22516
18714
16233
3045
14798
14867
2229
8235
14667
7377
7760
23640
15937
21453
4519
24462
1815
18857
24531
15579
25565
15717
4226
5549
11174
8927
11952
26063
15656
11486
4220
14421
1119
21761
16884
5806
8956
4149
16365
22020
18684
14853
1802
10825
1823
20782
12645
7695
17238
25120
16612
7614
16407
23304
693
12465
12200
15946
24487
11251
1074
1893
4464
411
14589
23522
3390
13976
25063
11803
14274
10365
19812
24068
22655
3046
13385
3076
25339
25490
25263
10537
37
4672
13406
21913
16491
21713
4188
4588
9762
2419
1560
14858
15376
11802
6948
25863
22493
23115
5237
26001
10853
21145
22669
7473
16767
17620
95
5893
21121
16143
7390
3867
2406
7527
21866
21005
6045
17385
17191
25265
12545
18123
9064
12280
12615
23848
6321
11400
1689
62
11501
25884
21141
21711
1335
18887
2269
1639
2339
6802
24895
4509
14123
21715
25183
25989
12050
7487
10816
19219
18649
11301
14157
12090
12761
7141
14195
8902
15208
8104
23209
8908
6355
6669
11042
10964
8279
7557
14658
4534
6104
1680
22993
5299
22915
15245
24929
8077
15633
9181
23326
2686
8824
20592
8408
2588
7355
22104
15279
22426
12578
25973
10242
14457
4417
17482
26453
23305
14239
15959
10555
5809
25245
24285
8078
17152
16574
11576
8686
7707
6381
6347
25642
1393
11431
3795
11315
819
16736
4958
19767
24771
1837
8621
5807
26360
15797
17335
15894
3958
17806
9260
6013
26523
6854
26129
14710
2702
4633
14827
3049
2413
4252
21474
7145
7332
10235
24580
14419
10577
2736
15618
21
2154
1108
6983
5285
5845
18576
12746
7694
6345
14662
9237
15774
3256
23992
9267
8308
24273
809
15523
21239
21318
2911
25816
6601
4127
21947
7505
9739
26371
904
19583
8948
1085
17721
21523
24554
17354
10698
21754
5306
22730
3838
25078
26166
7720
4410
25624
8935
22778
8404
25288
7182
24324
7594
5753
483
16763
16586
3913
18892
6025
12399
12043
11851
3841
10790
1371
21287
10409
7727
16023
24466
19791
6555
22676
15632
24579
11139
19548
18541
19792
20716
17527
16813
19123
22011
21860
7923
6302
14439
18866
8900
5294
7416
7916
4140
25224
18392
712
21128
11210
23141
15920
8415
1568
24108
23109
214
15564
14920
10980
14320
17611
2891
24380
23802
3078
19685
15655
8639
7633
18
19527
21210
1436
2978
7962
21626
21326
3011
5444
1400
16519
4758
6106
20977
7430
24302
16340
6570
3140
19785
7809
8822
8607
4245
612
11288
24948
24574
14016
23262
24898
7027
18971
3671
15901
16303
593
6737
20444
5873
14618
4223
12129
6312
24476
7664
1625
14014
15132
8683
11093
12815
15738
11582
26435
13520
13046
7958
13380
21413
5302
4576
8932
22064
4824
2795
25760
8027
24792
22371
9212
16544
19106
15603
11414
22787
13274
12513
3907
25844
14144
19530
24848
26312
2535
25426
103
2604
16642
15339
17102
1474
19018
26480
11821
3636
15090
25409
23002
16271
15167
23728
7894
770
21155
20943
15148
15591
24387
3353
6680
19122
7064
17305
22401
8008
20799
24797
20675
1537
17418
6881
209
13032
22396
1743
16502
8099
16349
164
17757
16470
10880
12319
2803
8100
13223
22009
1090
7104
19829
7517
13272
21756
6988
7947
20755
2243
19502
7882
22943
5932
11452
24067
3384
6047
15912
2491
6029
15624
7478
8811
26138
2097
9870
6291
10900
21536
16013
6343
10766
5620
8382
13399
21485
5748
9768
24482
13192
11777
9216
19488
8967
17108
11983
26104
13251
2435
5474
21118
15696
15634
5309
21747
3740
7157
16195
14951
22753
536
20523
3980
5617
3084
17406
23481
25353
3833
3388
20035
17343
20657
1990
9731
7629
19686
14297
21175
13881
21174
8771
22982
26232
15467
25338
6662
18394
24044
6683
15259
2541
18251
14174
14961
7441
7052
9761
12516
930
5826
12334
3820
8953
24074
18367
14756
25225
1821
10781
16653
14103
15638
5218
15287
4091
23612
26510
10925
20577
3401
15945
23487
5993
15113
21443
7593
24358
25465
15667
25819
23915
19068
2762
22245
18565
15215
5632
2481
8406
8182
12620
4502
4707
4528
10749
9078
13922
7690
5367
12250
4597
12247
6760
16251
25888
354
25588
3960
2355
12553
4042
8643
24805
2744
12750
8644
20452
24803
15536
15913
21334
14647
23888
4776
2095
12505
12133
21016
13286
21708
9835
2239
14902
16154
5939
12441
23845
9705
13539
21718
20324
16745
16946
8239
16820
7546
26450
15171
1261
20423
4189
2662
11387
2994
3242
26263
24481
23491
15348
21504
16823
25214
6767
18146
15706
9055
2532
12642
8075
22340
1479
4818
18811
9717
14285
5416
1875
1227
22498
7338
1347
544
4060
23971
9726
130
2107
14066
10423
26386
5227
23617
5465
18664
11335
746
25865
893
21500
21549
14368
117
19521
18702
6114
19463
14411
21480
17216
2260
10486
21589
23943
2300
2235
8779
1307
4488
6422
20570
2366
518
16159
23514
15600
16818
3959
8110
7492
23159
22392
3713
126
24862
15697
2725
14160
6437
21201
14885
11076
18434
24576
15960
26164
1496
8907
3745
5695
23693
4126
24419
17774
25799
2846
83
14081
21265
25439
7176
10787
4186
22202
21559
14484
23117
15890
23958
20904
15101
10478
12015
1688
19262
16163
22147
10812
25391
6058
16626
18469
24663
16207
20347
20135
26504
6099
13552
7426
546
1092
20489
8310
17302
6768
14778
13596
19015
25356
25445
2148
22017
16953
11200
17800
4598
3400
11704
319
2192
14821
6858
16573
14249
9911
22746
2568
3986
15676
21303
886
5741
23710
5466
14268
2326
4038
6690
13885
15552
7489
10542
11533
3886
16779
8745
18574
19966
13079
382
14307
10898
11046
16145
915
19477
1258
11465
7884
1141
8320
18311
1822
21931
19774
22347
18563
6425
7700
13276
4530
17370
21674
21610
19470
6018
26013
21933
25673
15341
26153
1935
3251
18210
21548
15720
11573
14922
11195
6972
3068
19981
24249
3380
5222
24015
25452
5440
2699
12445
16895
8395
1741
22405
7870
429
23753
18996
8032
10319
7814
132
15820
25376
12619
19870
15783
17771
23261
3312
11751
15819
24256
5215
26376
18457
1362
18074
2648
3431
10382
25396
14738
20117
9083
23624
16104
3705
18519
6876
3132
2151
24638
5592
11449
18941
14875
20394
6403
16326
5901
7114
23966
15534
25562
10706
25841
12246
6703
16124
21442
926
11529
3929
20948
9727
8593
23188
8628
11209
13186
12676
2850
21898
16228
6059
42
1268
14917
9887
11111
4797
619
15375
13357
21696
6717
22199
21220
26072
16041
146
9718
2696
8764
16582
14149
11435
14366
25906
3144
19522
13172
14386
10636
21748
705
24566
10976
18671
26582
4970
17211
9026
1114
21173
22658
19736
4389
1807
3082
22123
8307
16330
9098
18126
25433
6277
1301
7193
25855
10550
14048
15678
10383
15276
16115
25004
14334
18863
802
8893
13883
16386
12119
19728
22698
12785
13015
14429
14800
21317
16529
5614
23720
10384
376
12237
21013
7320
3832
15165
18983
15856
4527
6549
22459
20921
1744
2890
22771
9744
154
17574
6160
16064
13094
20311
10937
21577
1144
1663
13238
21940
13915
26384
18573
26355
20994
163
4465
13039
9057
8833
6003
20361
2776
19532
4900
6786
1511
18998
18822
21827
11773
18526
15199
25134
80
9770
385
2075
3829
23218
24098
11157
19514
25919
20620
7791
19931
10494
22238
74
24960
6820
14406
14428
13561
13953
14308
25639
1817
13774
19101
939
25003
21129
19820
25787
24105
2221
20565
1655
17259
18067
12563
19528
9828
20058
1222
10427
1277
5567
4039
15262
19552
16609
4353
6630
22686
4634
8311
9944
1197
2014
11357
10708
12974
24320
13279
25998
11443
17245
798
12511
25605
18401
6783
19749
14758
12206
15275
2827
20770
3869
9772
2252
25383
7776
18878
6400
11260
17268
3221
25840
19100
22946
13417
5363
14556
21593
24042
20054
20114
25837
12020
17424
5869
10372
11402
15535
1420
7442
21494
14669
11091
26395
26002
12253
3897
379
229
11371
6100
22113
14502
12364
3716
16398
12057
18224
12024
26018
7716
18083
10709
17478
8258
20717
9271
18196
10340
18447
21419
16062
1973
14050
26649
15372
5333
3693
14163
9039
24824
22380
19276
7545
23494
4390
16320
2360
4632
26617
5650
25290
23864
6243
19718
6980
12670
7600
12199
12340
14923
25202
13594
24414
20975
6287
15905
6709
10681
19713
15397
22913
2497
7127
25453
25258
1766
7610
20553
9936
25281
17046
13905
12205
2356
13131
22045
23653
3219
26612
25369
21634
4120
25176
9084
9096
1116
11267
14360
9934
14425
5899
17194
10776
14030
17657
7551
11950
6417
8012
5904
26062
16447
16664
19681
1833
6055
7921
19531
8949
19230
11968
21957
1801
15765
4790
8068
20803
10858
13187
2453
716
2179
2109
7819
17879
23092
603
13541
16741
6350
18113
2140
9702
26629
6912
16242
20800
4480
489
10530
5844
6848
26322
17528
5610
329
8273
9926
18450
8316
25130
7118
16777
7914
16131
2905
5651
26310
13073
15374
22136
26106
25273
20505
21981
7758
11808
21308
1903
2488
4967
9236
2721
19498
14952
1173
20410
10559
4890
8004
23997
14344
16814
4842
24850
4153
8825
20110
8248
18194
9295
17692
23365
7675
25992
5773
7461
21948
907
22783
12453
2132
16345
17132
21215
18092
22617
24114
11880
17686
18948
14908
12994
21010
8259
2256
10162
10225
4393
18557
14348
19844
6571
10875
18177
20081
10824
24013
17579
17588
12262
14257
25751
912
17412
12162
13093
26613
18992
26394
7669
13031
24336
13011
3351
17500
18347
18685
11854
8240
14175
21149
8172
2796
20612
6391
19595
20093
5882
816
7788
12686
5463
10238
16630
8014
10472
9712
25192
19896
199
10342
2363
11947
14450
2675
8265
1675
7316
1841
1324
16161
18524
20572
11552
24304
7621
4836
25172
4078
18140
19453
2610
21925
3109
15367
21146
16904
25587
13961
8881
26623
20684
24115
23880
6844
1204
2162
9860
20698
5410
931
23330
10612
22108
7436
13043
3137
16505
21219
23646
3450
26564
24411
4853
21093
2216
3789
7736
17919
17463
23934
2794
20691
7647
6328
6743
13342
13017
17847
15340
26601
6299
19069
11799
10309
15292
24083
13560
12352
13062
3831
11179
2717
16311
15186
10230
2993
51
44
5211
5768
1864
25479
26094
19264
12694
7136
571
1209
370
23200
16924
13525
25191
24723
17550
18390
20760
20409
7351
9840
18291
23681
25469
21896
16517
24306
22703
15930
16440
3796
16021
24716
26035
17330
9189
24572
7907
3923
10684
1758
5015
9814
24994
8376
11736
13609
23132
14849
5534
14489
13782
24361
11416
17091
15682
11669
9180
22976
8040
1959
17381
13621
4498
12185
23354
14245
13938
19783
9228
20545
5856
5
22918
4868
22948
17533
25144
9827
17845
7481
10265
20078
19756
14764
9101
707
7151
15412
6246
11123
22223
11460
2456
7120
6002
331
5724
21434
26288
8741
18458
11156
20434
8045
6860
7724
18942
12393
20336
20511
17722
21665
9741
3327
7409
16413
2285
19114
16728
14121
46
10176
19994
4144
11734
18242
2283
7950
11239
16830
13946
409
6264
15093
14154
23538
5202
21267
16114
16912
26558
25105
11917
16479
25952
10359
20626
26031
14380
1936
8436
24564
16401
3989
23495
21907
16770
6711
22656
5235
6618
19664
12964
13307
14012
7396
7876
3022
21297
26313
23645
17053
7357
24524
12388
7537
6930
533
16901
2168
18920
14620
3879
10257
20023
24832
6354
12104
12307
21599
13584
21281
13600
10268
19024
1932
11054
17154
14552
19759
25441
21243
18159
22974
10526
22960
176
1682
23757
23356
26575
26625
5596
2198
16674
1407
2177
23344
23638
5542
22339
6785
23842
26590
4978
14067
14082
147
5443
20645
10962
25074
19223
23099
17044
26375
4650
8441
14919
15453
2639
22697
4333
18330
3793
23727
21268
23100
5357
19244
10192
19901
16406
14104
4872
2468
4320
20028
26290
14656
10417
25812
24853
22745
25122
17092
22693
15757
22399
14774
1247
24456
15254
18491
16231
11693
3398
10633
5657
2416
4767
18189
24855
22700
18215
20791
20724
20619
23746
9277
9112
20065
22337
13268
23176
2467
11844
20365
11325
11575
8563
17134
24504
1851
17483
3124
13614
13973
12701
5206
6051
8789
1853
14118
87
9179
4638
19598
22165
18710
10356
8743
24271
13916
16144
8612
212
2163
22639
8131
9043
12489
7423
2784
6007
4085
23229
14554
11328
10838
23325
21851
155
8215
6603
23977
18680
2567
1614
5261
11790
9802
16241
13567
24395
25749
25419
11116
3115
20124
21574
23957
12625
11168
21014
8167
16554
24585
13987
14214
4613
17081
24756
16887
4177
8614
1468
17447
3889
16654
24265
12468
15562
21017
21848
24908
2205
13239
8024
1439
21743
18391
18147
22084
15789
14661
10909
25735
25733
24444
19282
5659
19604
10373
24000
16265
1471
10719
6146
20897
8455
2295
1402
5798
18550
5689
21945
6727
5009
20057
14831
11953
23123
6952
19283
24403
3790
17408
24760
22941
25957
23970
20650
3358
8524
4235
16638
17045
13282
4225
19836
21323
8150
26248
12517
20534
9776
16646
1648
22967
9268
9908
10702
6316
7615
12424
17745
25156
13262
11761
1645
23981
10155
1805
5477
1612
1520
4331
15609
5613
16022
16866
23965
15814
23260
16871
23609
8201
1212
5442
3320
17
17317
15196
4116
6373
13209
4469
6997
22628
16077
11258
11177
7731
17316
5461
4933
22920
3674
5479
15184
19998
26445
16822
25246
20825
14430
1951
26602
24327
3131
26107
19593
10254
12479
23988
12151
3238
22677
17560
24261
10704
4687
7648
18356
19481
20013
23738
19657
13231
1664
21935
15938
1803
20358
23760
14210
3418
2362
3070
5417
12028
14730
21418
23001
2574
22012
14501
13618
17190
26538
14566
18553
6392
6893
18087
8782
20109
24943
14353
3703
4388
1240
2903
11474
25425
21508
2807
3743
17457
6086
26586
2527
24486
23733
24046
7817
22325
15517
20139
4561
19034
23217
17727
12973
9258
22421
16562
16182
4132
16474
6044
2558
22749
13568
12225
2476
17597
24341
21590
8403
16888
22729
19848
6109
8603
6064
20622
7362
22250
1100
19251
12650
10348
19599
24839
7804
25943
12219
4249
2220
21526
2174
23530
18404
17401
22633
21464
24418
22369
14553
10604
26311
10584
6314
26634
22725
26449
20383
14567
24573
10266
6792
10406
8823
13847
5802
19494
7685
12046
15630
22450
15405
7429
17473
16930
25227
8204
13866
21140
14790
2555
12208
5647
15587
3130
11417
10963
1728
2606
2719
12268
18950
3971
20801
13080
4238
18106
19828
15174
6278
17589
24894
25209
21983
4198
5655
16749
7124
13775
16481
1244
21270
24637
8831
3805
18105
13191
24947
20797
15900
19796
19279
14542
2819
15727
13327
3917
22914
7643
1455
22438
15994
12967
19541
9174
22722
5560
1395
11883
5512
19582
15166
21286
22449
11955
20377
3120
11906
8447
24270
16116
1656
7646
8562
16276
11728
18218
13290
25360
12240
23196
6640
5656
17518
26242
12524
22500
24389
2021
5205
6607
17352
19726
9793
5866
26511
6026
1484
21672
14640
26317
3859
6898
15426
7454
15541
23343
6134
5682
13350
15742
11910
22924
21110
11370
25926
25098
15121
14736
7360
18845
20719
25283
20391
13200
14466
25486
16942
4337
7823
1643
14727
8295
220
1346
12582
12806
4829
9906
22218
5204
10680
3136
2755
7336
19515
1534
7960
9076
2551
15478
21108
25653
780
20059
13284
11233
20625
21232
7747
1852
744
1826
12805
14352
1426
18459
16082
2562
5713
4997
15096
23591
5917
18586
7980
8124
14102
18837
2238
2469
14088
12350
2731
2176
21199
2627
2330
11578
20670
15237
7115
18323
10558
26463
21260
3111
8438
2723
25896
14780
12984
21838
16564
15543
21302
20001
7659
2599
20982
8222
10274
7845
15421
1480
424
20600
7602
17568
2720
21987
11442
1478
22211
18812
11506
10833
22005
1562
5995
6276
19271
17779
21759
2262
13185
1844
17672
18676
25645
389
4621
4722
22372
5572
1465
21702
16113
18879
11121
5602
16602
26528
23168
19519
15305
19855
11115
12037
21135
3336
20795
4763
19957
4723
9085
17531
25942
12426
19513
7053
16202
15283
21597
1150
26506
2977
9042
8531
22684
1339
2618
11459
6789
1469
10609
24721
2510
17525
3002
10504
23484
6852
25474
5520
14058
23883
21927
21701
3776
13582
26003
16109
8188
11077
1502
3197
24240
15751
14365
17899
7924
24696
23884
15256
23826
4415
1868
5163
17311
16545
9105
14877
10603
3114
17426
19606
3661
25617
15780
22699
24475
6736
9087
22726
21555
19869
2182
17685
208
18732
5823
4552
7676
7662
9219
475
20641
25342
8623
24790
26086
3652
23136
11104
12035
11201
549
12482
24407
26074
15668
12704
4206
6293
21841
26635
11517
11958
5760
224
23963
13545
18274
4529
11172
12386
13280
18534
8648
16864
19776
13537
16328
16920
10347
17243
6432
20804
24086
5940
9882
8112
694
21953
10693
7147
19561
9107
17582
24393
23369
26437
17504
9865
5801
16127
14095
21668
9046
8092
15223
14751
21324
6666
5433
1095
15230
18462
16170
11454
17622
11767
25897
10697
2255
8276
15691
20652
17682
24499
13044
26128
19224
25480
3682
821
1737
4438
20708
18514
24626
20430
12624
19249
5414
5469
15545
1206
13803
18413
2635
9222
21852
10168
23881
2338
18332
4065
1131
5449
22219
5841
20786
8681
5372
2336
14750
4828
23505
25915
2542
3828
4321
2325
1300
3314
5943
7119
1231
7991
4096
13814
16605
8146
18530
10592
23823
6305
17366
26518
18474
12012
4342
13227
11083
16027
16490
8003
4495
26005
16107
2015
8925
5179
16596
14903
14435
22983
4908
2432
26249
19612
17822
11812
10836
22335
21664
11681
6323
12530
25114
22425
7003
6006
19723
8746
6719
10160
15337
15538
14092
16458
17107
16168
16136
14427
4791
17261
2832
13880
3969
24779
17195
16599
5895
1303
13608
6258
22505
19750
3233
11772
24593
1995
11768
4234
24615
18241
17063
10735
22511
23532
10528
10279
20306
15902
4770
5274
738
19708
25344
11477
13092
24683
14607
11324
17548
2376
13955
15298
16689
12299
15401
20427
11142
4412
12304
12460
13432
24571
3827
2081
13968
4326
8381
25371
2331
6579
5426
608
190
15975
8424
2865
6686
18214
1945
4849
19500
24555
18882
2659
17729
17085
11550
17621
2328
12789
5203
16441
20480
25088
4852
8196
9102
20060
22360
25746
21726
13849
19837
20596
8888
10892
6436
6964
25986
13148
20102
18713
14299
10151
10489
8875
22956
15688
26057
16152
11846
21706
21416
14739
20706
22930
19144
7080
22907
2782
134
3040
5371
14199
3783
25148
5607
25747
26570
4975
13221
17363
25728
3246
19245
25259
24957
16584
21710
16356
22641
7653
11462
24446
2907
23596
14040
21586
7221
19959
20066
14331
24657
3285
12353
22007
14599
23533
3413
2713
15620
13082
4228
353
15213
25428
11187
5639
5769
21165
17570
7035
22533
6932
16437
8417
25223
4048
17514
2181
1461
24827
15246
25611
7686
18178
23652
12630
4873
6022
22957
22072
4582
18489
8444
17250
10187
23773
10712
2098
11068
25670
18913
3043
7379
16633
7538
2215
15771
19000
10325
9279
21817
22690
10683
2028
5253
8439
22130
14042
19740
16577
26561
19673
16498
20062
20094
17402
4201
21102
4058
16378
13874
10387
7536
22487
774
13179
6124
18337
8638
15795
12218
10664
23095
13354
20039
13832
17326
45
2616
26588
14498
14671
19573
14637
16346
1533
20012
13404
15997
76
19771
6877
19760
4215
11079
21496
2537
25076
26236
2124
23748
5192
2889
11320
23501
23899
16776
2030
22236
15116
25853
6294
6136
9756
13331
1417
10549
25397
6889
20733
23507
5419
25180
19221
2714
157
15499
17334
18861
11343
8142
12599
17276
25930
15807
10273
5021
21159
19777
14925
25166
26455
377
14426
14204
10846
8010
10369
16350
6975
12410
15729
13004
19961
21736
1180
16746
2679
14895
5631
23756
1110
14116
697
17922
18688
18191
4659
14220
15596
18094
5391
24050
7808
11293
5182
5660
14813
21704
6247
20143
22357
11776
25379
20671
22221
13065
26438
25177
17226
2898
12179
588
12751
20917
21989
1225
2810
10126
20371
9701
1334
15544
14784
17733
23372
22454
4877
230
8328
25610
6409
15500
918
2167
4467
13318
16429
2297
7671
25755
19773
13142
8038
6701
12965
11075
10740
26270
20705
23799
16042
11534
7468
14909
18278
782
6005
16091
5946
19884
23509
12022
13339
21818
22212
26253
24451
9191
11438
4845
358
7471
25361
23250
25107
4943
23308
11997
11045
10907
16758
8894
20806
523
13770
14930
13267
4473
2440
23809
16931
24992
8883
25466
16826
20356
13559
5168
19142
14043
14740
215
6101
17469
25481
2603
16266
7172
7834
18974
13945
25848
11856
6156
20941
21133
16300
8144
11135
4045
692
20339
12774
10938
26017
22088
17896
12559
1674
3446
20351
12270
25877
6261
14477
3950
7067
25151
7800
20559
24643
20494
20442
23904
4762
3951
25817
2912
13783
7012
2184
7666
21246
15698
17870
12337
23781
550
10312
20068
7999
10946
17512
20929
25961
12436
3874
7524
2166
9889
3421
21415
20672
12292
14146
2439
18673
15316
19984
10868
11444
15607
12092
16030
2632
25613
15613
2241
8526
4130
13016
11759
25203
10667
26576
2523
12303
20647
1669
21104
794
6628
22038
17321
2597
1285
13792
3429
17070
17586
16459
481
11439
9838
24360
23544
412
18733
17651
7591
12544
18399
13997
19011
17583
9297
338
2025
18709
4104
13587
20345
21924
8234
11100
7358
11205
11448
2598
23097
15269
18492
19819
5238
3416
8009
16092
20038
17236
6651
1381
13033
19781
16913
14041
23179
5387
6990
25446
20583
3982
6780
17060
7987
5649
24508
10829
23862
10562
23662
13009
10278
7878
1161
143
8548
9816
12502
2310
10710
1730
18422
7160
6371
23723
25358
4805
595
20343
12093
17088
15859
19764
18566
9939
14598
17524
19765
7989
16040
25488
10567
9077
1810
7523
13003
2199
15424
26566
78
14301
13047
23143
24383
19744
5359
21608
3389
12666
12122
3956
20075
8323
23765
22374
24245
6900
23707
7212
16518
5481
919
1809
17563
1825
24826
18232
24907
8922
13583
7729
18262
5860
4334
18289
25881
1280
20819
21101
10397
12339
4882
2244
4729
22751
15295
15802
21689
6565
5459
13232
1616
14536
2365
2424
20115
26036
12747
20821
21554
23863
7824
15392
15471
2035
15310
26009
26054
8873
6353
5842
12818
23185
5219
22744
6960
4081
14136
7199
8578
1637
17608
8751
8943
11589
10294
15281
22333
26475
7074
3835
11499
18174
18228
5776
22031
12996
19131
6145
16063
26461
3335
17701
10361
10189
11340
4513
10476
10747
12773
15590
20389
21843
6708
10920
25813
16675
25750
20905
772
6878
14585
9746
2534
8598
21575
3010
3292
9899
18377
18220
1968
5483
11333
15952
22153
219
17746
1504
10891
26037
22171
25738
25972
12953
14405
25079
16218
13551
14804
4857
19447
22409
16687
7400
16084
17520
9262
17307
4255
465
19849
4711
11855
11159
5641
17253
16628
15433
13369
13299
19661
7750
4429
23777
3659
24523
11263
18163
17440
16487
11948
20314
11973
6435
6810
11298
6078
10932
11102
5648
26043
22675
8152
10220
9286
10538
24905
19254
6722
19679
23691
19758
7992
22234
24800
3883
4094
10134
12604
6892
15595
25683
1241
5212
7585
26638
22356
16462
14008
16558
12784
14185
7613
23759
24857
14328
16635
13536
7015
18182
14158
20380
25690
6897
2370
6010
15463
17885
13989
6931
13575
4966
23946
24765
23600
15085
26241
2637
5300
15494
15370
6890
17301
10164
23103
15205
23632
9068
11484
17833
11496
13086
17617
12975
2706
2529
5786
2732
15505
11182
23975
21253
4079
17526
9187
15
7548
2126
8158
14645
17474
25348
18915
7898
367
23192
15112
516
25680
2139
19929
715
21862
17551
19233
2403
19730
10371
7709
15317
18928
18985
10167
16555
10178
18490
24546
16122
18472
25268
9735
17384
18697
15315
10207
5529
15889
2909
12413
14311
18286
1559
21458
14056
8266
5281
18355
23096
10333
14934
3641
24578
18136
1289
14184
17315
15703
11264
16412
8760
4658
22111
22621
25090
22018
12064
22972
8293
17111
17248
1726
16919
22022
6637
18069
13540
22916
20142
22028
2459
16737
14515
7437
2147
21846
2738
22770
8175
25644
2085
1623
18833
23889
6397
26362
25253
21974
23920
24632
21878
12949
10814
13598
13266
7399
12190
25491
15921
3898
8452
6423
21194
14880
8586
4487
17492
26610
16105
10500
11098
8294
22922
18507
6254
22175
13959
19914
3845
6856
1477
515
9205
24858
12431
10722
5241
25561
5254
23317
19905
1857
3909
10237
555
20912
22033
22769
1930
22093
16477
2231
15766
5297
23161
2530
18994
17736
10547
3813
18675
5170
1840
18466
2582
17643
16753
11273
2017
15307
16080
17732
3255
22414
2484
14745
12602
13416
4644
1169
13799
18701
4323
17206
10163
12804
19666
3678
10509
17749
25269
12966
22521
1367
7395
1123
5255
14381
20648
23644
8090
24613
12118
7774
2501
15488
2859
16954
22068
16881
2248
8128
11703
11040
743
3270
5272
15396
14828
25658
16583
22452
5736
16960
25677
23603
1818
10286
24763
18506
15178
15511
22106
2489
5669
9091
6152
15842
1933
17264
4792
20145
17642
15126
551
16641
3653
12763
9207
5565
21834
21439
12055
8093
1638
3750
13023
26429
21117
13087
14914
24056
5356
15479
26081
4405
8297
6782
21196
15432
2289
1151
22979
10779
17227
20373
13509
18280
11196
16939
24673
23836
15109
20495
22642
5154
8001
12073
24352
17647
14785
3347
24096
26041
16100
3138
11532
4052
14209
25118
1450
4524
18691
23244
20510
21921
6718
6831
8569
10284
21184
20674
26593
15201
8203
5509
17263
19057
22491
6036
26071
22630
22174
22125
8790
11779
13320
5023
26030
26321
21477
13130
23187
21856
1218
6416
20699
18978
20375
5528
5208
12355
24497
24928
2427
20938
8425
8874
25011
22187
4055
6667
2653
17696
22499
9024
3193
749
8060
5819
11778
11571
16347
16306
10281
24382
20362
6085
15726
15868
2196
151
1653
24708
24479
9910
8213
734
22060
8225
20754
10131
21643
7723
26289
4121
1729
11259
26235
21192
15451
11365
16607
11199
15887
13430
24272
12464
12943
22338
14815
7155
8527
21512
22077
17100
8125
23751
5225
24025
24392
24410
18517
23545
12182
12230
6677
25626
8920
14347
14295
20766
24060
2688
25417
5171
20019
26442
8528
10842
14623
25228
23619
23597
1449
12289
22766
4786
15925
21002
13906
25173
14787
421
24600
25660
1879
6421
2759
5579
14779
24248
6575
3071
16368
24353
4208
21636
24835
12004
23813
16738
25773
2823
5772
23142
1907
14404
21177
11372
7782
19977
704
18272
15321
9110
24071
1315
7592
17805
11422
18890
25174
2224
23223
22162
22763
9099
21275
17446
10341
21653
25818
14247
4649
22514
23985
5494
15195
22143
8174
6818
16567
13264
16726
17221
19028
18086
11469
785
7094
20964
2515
8161
1947
15409
12474
7488
19231
19922
4661
9278
14382
14055
18862
22942
4479
26563
21185
2275
8330
16288
15477
2718
11175
14522
6030
5888
18804
21191
8762
13806
6966
8895
14230
26143
10314
14799
22473
13278
8910
22048
7076
8117
4998
11356
2596
6673
5500
406
6872
6906
12402
19801
21205
23868
15342
1263
13420
7500
11502
1986
22990
12356
7401
6245
5346
17572
17519
12446
10727
16764
17549
21686
14108
22159
5891
14584
6857
23134
5172
14221
17905
3715
13297
6724
4889
3052
2102
20148
22619
2724
2984
5559
6115
17846
5582
15125
6171
20099
560
14946
24416
4236
18891
14389
128
17575
3340
4540
23162
2158
14189
23251
24379
19555
4806
4928
25402
2312
24584
5339
2267
10166
8525
4962
15474
15584
11727
26487
4694
18430
24770
19701
23497
762
10349
22183
7903
17214
15758
17884
8141
16948
4955
23909
5729
4538
2373
25898
18827
13283
2368
21724
13052
3427
3409
7098
1992
18180
10803
13992
3970
7820
1750
24757
14216
3717
24997
9023
11993
2423
9825
21844
20350
20322
17297
11698
11522
21478
8261
17110
26277
7324
25638
7943
8302
15450
22351
373
26527
3646
3860
22417
20352
813
11732
22182
22332
23370
17125
20667
19060
13804
6635
1314
3133
7179
18987
15555
18883
8327
6675
11900
19868
1365
3362
16370
26619
24709
14518
1733
8877
7618
13333
2531
20
2524
6710
25980
1274
15521
23241
21958
6139
8184
25295
1251
23815
1306
21675
25674
16375
5780
11584
5524
10190
2096
12029
24052
13167
13152
2388
14241
23677
1313
11747
12335
330
22978
16827
6393
16149
2228
5770
22696
24560
12047
19913
20396
26218
1512
21228
24031
12591
3773
418
9114
10498
5330
23774
16267
11521
14609
26269
12435
14731
7767
25401
8765
10133
20613
15498
14343
13944
23736
21450
4750
7082
13377
12626
5307
2187
8944
10657
26571
21561
21440
18088
25667
22095
2812
20318
14642
12767
10914
25572
19594
7951
16921
2106
12245
6161
15250
2156
21092
15891
9270
16543
5667
6977
4523
4798
19247
25142
15553
14503
5541
8559
19918
14084
548
25727
16371
19667
22469
17633
22997
13549
8062
17677
11774
7568
7901
8097
18303
9737
10887
25289
15360
15748
19841
17778
9113
1964
2768
8946
24518
14918
19067
15490
7058
11551
26369
2242
4779
24
24119
11965
4796
7742
10928
574
17318
11133
6745
18532
20685
3933
3260
8926
8372
25113
14024
17753
1525
20136
16442
20722
3359
22935
21136
2429
18128
21310
1860
6319
14931
5581
6386
1493
11574
24343
21484
13910
7394
25910
25593
12654
20086
25236
15410
17109
13234
4563
4409
24808
22524
18903
1089
23236
12683
1845
8836
17246
17826
21431
19577
9760
1091
3449
23654
18825
4176
8242
5831
20417
2401
21001
8898
8065
8037
18830
20729
20483
13215
2125
10241
922
23156
7162
17487
309
24427
10194
26458
23118
26366
17666
7609
16585
8532
4387
7639
8067
7062
9037
23669
14340
22146
16395
7771
23714
17039
15916
25614
1255
23941
7945
18995
7508
12982
6834
7428
1631
18418
21272
14666
24323
25681
235
8794
11555
24787
11274
8555
61
19996
25834
7832
2615
18924
14324
12537
5422
6379
19902
14621
5437
4471
15612
6148
15312
26243
22517
11869
26640
6835
20609
24918
9269
11317
19508
5628
10672
467
14871
31
14791
25337
26597
16324
5635
6546
15870
19267
11791
8964
15086
11366
1500
3001
13197
25574
25449
11818
13250
2899
7574
24769
7513
10872
8028
10618
13546
11999
8418
5390
6758
6619
23193
6850
22542
13319
14022
19563
4657
18169
15623
16665
3629
7701
25204
15547
24038
21994
7652
16056
4504
13972
3914
15228
24503
10298
25829
21539
16444
19130
4768
3714
17204
14288
4810
3145
11498
8173
20627
24354
4655
25917
21250
24701
17921
25752
22394
17114
12764
2663
20083
6935
12168
14126
760
14721
21609
13578
7215
5867
17287
22636
1368
1364
17278
6011
2847
6766
17062
18325
4793
7050
12970
66
13957
24752
16905
1757
6380
10940
26220
14416
21558
7590
18901
3051
188
24447
25429
325
13056
25115
8315
10642
2801
24243
466
17138
19483
1413
25487
20113
5362
20459
15944
23529
16576
7640
6552
426
13808
15120
18939
3765
18988
8111
14905
20693
8829
8052
306
21832
13225
1667
18130
18665
13269
2698
16756
18331
3290
15781
7054
25814
26224
13408
15332
18104
20555
22323
19768
15922
10322
10638
12290
20790
13597
3637
18929
5199
21000
26476
23948
8904
3911
13527
5794
4925
21509
22723
3974
21877
6174
24630
20993
2479
6750
18999
6585
12527
19857
20746
17578
913
6609
8784
11363
21154
1185
20651
14240
21100
19694
24899
20779
22004
16112
21733
26130
4811
16496
11518
12799
24956
6733
16691
10303
26515
3235
18168
25456
18351
25756
7976
15092
792
21217
20500
20063
3931
11748
12594
21603
24938
10554
3915
24659
5926
26603
16045
20367
2348
10512
13908
11171
3360
21892
25637
17917
6925
14006
17202
8431
12532
21190
13126
11128
17403
7191
6094
420
24004
12054
19115
17728
23499
25754
24819
15302
14186
763
16165
21525
20349
2920
756
10935
11849
14942
21305
8940
9274
7184
4205
12172
23503
7645
11744
1202
2207
15951
8550
15601
5341
5752
18423
737
11085
896
3203
21497
11127
16593
10819
21584
15429
14132
8553
23795
26370
6772
18095
18488
14876
16504
16484
17427
18475
11771
911
24930
23164
24347
14265
7986
14719
7812
24753
12539
14173
26592
13008
12585
12816
8047
23715
4532
4913
6842
13839
4237
11399
25918
6784
20470
12442
11815
20718
11475
2764
5326
21723
6060
5739
8797
4996
5310
9747
1237
20780
6901
6563
5761
23357
22149
8975
18256
17390
470
16520
1755
7420
12590
21572
24264
19553
10777
13419
18282
21965
6443
15097
2697
26583
12095
585
519
25655
8076
20463
19238
3875
11420
23486
11296
26296
11905
16253
12380
15202
21881
1148
26436
14896
4106
26279
14499
3074
4875
5847
14398
22122
23594
7674
3902
11885
18460
4816
4472
22435
4476
12282
14819
15978
2486
601
25832
21749
12454
8198
4876
3261
15962
17313
19554
6720
11419
26503
17193
6551
2281
19585
15159
4642
23315
2460
23872
15821
5258
6356
11780
14053
5699
1632
13524
12947
22446
12700
10177
2029
1447
8082
10890
23901
14120
11561
11378
4599
7967
21189
14021
3742
25123
14757
18333
20475
21312
3407
8306
10711
5740
4688
4629
21607
12384
12635
3020
19928
7372
6080
8271
20761
10386
21923
2213
5811
818
23778
14302
11941
25987
22535
11361
1735
16677
2852
11923
15475
3899
414
8954
6123
4703
3411
6130
11170
6653
15359
26141
22107
18234
1073
7838
16552
5190
6759
25869
26291
8530
18093
11567
24772
19600
15286
21580
20961
12508
16678
18260
26014
3129
113
12295
6986
24485
4125
8552
15704
6891
9902
25779
375
7839
17374
22082
11063
18967
19485
12315
18341
2554
21202
11500
14724
9266
16734
5413
3220
5305
11962
22413
26618
20562
4604
8086
18385
8178
19944
2703
26090
13978
19241
22251
13979
15723
19576
20482
20527
2024
23739
18296
17515
4135
22740
4611
7344
23368
4568
22258
14776
17809
17910
16466
11690
1528
15529
17816
15976
6020
14959
394
19448
6639
3412
5267
7150
16679
3059
8036
4398
10277
15355
3329
16236
9247
6434
17477
14226
20942
3935
9256
22129
10532
1283
17420
11468
5361
10860
21467
3962
4821
8250
12403
6390
9754
6140
180
1230
10813
21168
12169
5852
12291
10862
17627
13275
19558
19545
13095
5345
24237
17510
18388
3408
6626
23745
25584
12796
3303
13907
22529
25582
4714
22522
18426
2426
20467
6670
18568
14414
18525
16436
1878
21728
8020
15518
17150
3990
4477
21111
16659
9028
20922
10245
13291
20965
1281
12321
17365
8891
14588
14363
14193
2258
22678
24258
2282
1850
16657
23797
13564
18997
2123
15258
25418
2264
2522
20909
24796
2474
17082
6672
3121
16284
14072
13865
12499
9877
4645
21198
11924
15303
831
25421
14375
16120
6348
4231
11766
7846
17124
13301
10234
3069
14869
19660
10866
24346
4748
19658
755
12500
7634
24279
15839
7165
6995
6250
24076
21444
11164
11074
25106
327
21633
16343
20431
19493
7365
21113
20955
366
26573
13548
8264
917
12755
14749
10911
1557
8216
24639
7518
20407
2882
2279
4143
16206
26294
26320
3992
19033
7599
23631
5912
25940
16405
12286
16453
21547
18383
9245
23527
2780
11836
26024
2575
18662
24536
25979
4841
15371
17047
9225
13805
24961
14339
2138
10330
1670
24409
18653
8398
3638
13024
20727
17121
11215
13324
4863
16589
21414
21486
12025
19038
18869
1360
5700
19556
6847
14034
23240
14400
8419
21544
698
15988
22951
17303
17834
14958
22545
6765
5683
19102
24053
3034
6311
23642
3399
18102
20738
1931
3853
6774
21023
2893
17142
20329
2844
25181
16329
7553
18826
6346
8832
4044
6019
3877
25243
9742
6559
23876
16146
4196
21236
21116
7037
13335
14548
16666
6945
25625
25104
8397
57
19670
13768
20899
24651
554
22710
7408
10226
4607
12013
9708
2169
19802
2913
16219
17688
22925
25649
13325
8049
10687
5622
24018
12997
21571
3307
21263
9072
1564
23492
17397
16158
7397
17032
18717
13891
4812
19278
13021
16309
18572
19010
17768
23761
24297
6063
1816
18703
16590
3921
1749
12045
3664
7164
14319
7739
15248
10847
14061
13260
15189
25190
22512
9
211
26648
23328
10119
5195
8561
17213
12278
17281
3245
12294
6805
23656
8244
5025
13379
6315
6170
17517
25340
15512
4090
10952
14153
4594
22659
19041
2622
21952
24732
21240
22917
8094
14570
21163
2492
3649
22970
6584
2379
2636
13053
22714
23665
25941
25140
8260
1960
10921
13828
8763
13074
4543
14277
23536
1963
21026
12749
23737
2230
8237
8772
10575
3756
17544
20587
8255
4619
15218
13590
21835
11216
1529
6090
11253
19579
24949
26100
6414
5425
11437
562
20603
22531
20390
15369
16463
16011
6904
5188
15886
6946
13348
22201
11687
9780
25723
7623
11876
328
4131
16292
14802
24426
11975
11563
26152
15830
25101
9243
25198
21021
22919
22737
12201
13336
3147
23210
19487
12946
21943
5874
2854
25136
16297
22550
1142
17296
17754
16819
21740
15864
11897
7864
12167
8584
21909
616
4179
14881
24836
12099
16940
2380
21139
21585
26562
