20150
24751
15271
7768
22422
7974
7966
18480
2888
18188
1619
24063
21238
17625
14109
11244
23518
15331
9743
16443
12618
23979
8056
26631
1389
4344
10328
11823
4411
7850
22067
2301
5224
11873
3924
11959
26615
1494
4222
3689
12487
20504
2367
21221
25864
13077
20526
20337
719
23131
15226
8412
2382
4184
25394
4185
2342
10505
19734
10614
5693
10856
5931
19843
15524
24257
21836
7543
25212
14843
14402
21422
1210
12227
22616
368
23806
10579
14555
24986
9771
16684
23334
808
14509
4740
13857
5691
14028
15880
11750
7688
21032
22629
9817
19934
12420
8079
21027
5164
12231
14086
23894
21432
3943
18335
14391
15425
23879
9833
23690
10517
11937
2705
18200
7376
16917
4468
15854
13034
21627
6721
3944
5923
6372
26038
8682
13134
19478
19804
16038
4743
25407
14455
10867
20525
6062
7167
9801
3918
18403
19094
21657
5543
23696
4128
2745
25875
8775
13983
18808
20321
26165
24786
2561
13528
12121
8145
11494
522
20697
10647
5270
20327
16006
5501
7348
15227
14292
26154
13360
14569
7181
15124
23923
22036
9861
17734
24458
2980
18513
21930
7772
1245
23186
5531
15605
16534
3665
8070
8626
15264
17423
21237
510
7885
18376
4724
15242
7134
16299
22191
3683
18235
16867
15980
1325
26425
8044
26639
23803
9713
1666
11672
6610
14225
4801
6929
14071
1499
14018
4894
11203
12640
11105
25010
4858
22348
16580
15970
7125
11099
17143
13322
20642
10524
8227
4167
724
1977
25430
15318
8063
1221
4427
12632
7990
18396
22400
784
764
9185
8021
15675
3200
7737
17606
6259
602
25661
17459
25089
14801
8615
21229
16230
6650
3804
891
21276
7620
17916
26048
6631
10782
14789
576
13926
7479
17449
21998
10503
1887
2272
8253
25867
11554
14180
21167
1219
19926
23133
23788
10888
2233
20920
11185
7719
23703
18482
13395
15102
21868
10700
10377
13332
19813
4470
19533
14770
25571
5446
233
2227
7852
5795
26549
4575
9073
1800
15484
26099
2787
10981
21006
23853
204
3735
22233
2113
10159
2516
4101
15309
15373
1748
17844
7374
14520
20798
7002
13898
2687
14762
21511
8647
6751
25618
23255
19978
12491
11291
2309
7083
1451
16295
15645
14575
24954
19261
11739
12354
4809
900
21489
25934
15216
9867
13391
8889
7918
23225
12810
6357
18888
24741
14897
24601
916
0
15402
26367
15285
15476
18409
13294
22141
12382
15649
16301
25110
4544
23482
16832
24093
24831
17876
19242
24583
6429
828
18342
10751
16662
11349
9818
21307
12432
22732
19056
23955
6956
20328
23525
2508
19706
24798
25868
4549
18666
6033
7388
25108
22265
13557
3928
20041
22937
2311
17054
5709
18313
19910
6327
7159
2728
18810
20656
13936
26110
11909
26519
8069
16671
5456
24124
14616
17450
10837
18708
15138
13791
302
14935
11881
14374
24726
7749
1172
8005
16755
24609
2845
22355
7654
10728
16572
6811
22934
14282
26541
23722
9235
6267
12082
15200
12318
13407
23789
24729
22504
7562
4164
21950
20946
8581
1561
2023
19891
15692
17854
20740
12587
11872
5792
26254
21264
21295
14590
25806
7535
14364
22453
16213
22109
22650
13057
13177
10540
9038
1974
16072
6014
22266
23220
18881
18521
20663
7726
20132
14168
1462
13075
13316
26559
4146
19222
490
2813
15395
2237
24953
10490
1510
1724
10696
21030
20419
1428
25009
5200
4548
20340
7818
23598
5833
17210
24452
3106
20333
8766
19739
10198
17267
26135
6545
24695
16546
14438
19232
216
11485
12644
5525
24951
24591
14357
6694
15422
8906
6936
20734
15301
5165
16522
14641
589
1939
7392
20983
5615
6358
14111
401
25354
18442
18918
6741
13199
18305
15363
2805
22161
23776
12688
12598
17924
21587
26085
1563
6093
10939
7792
21410
4982
14115
24754
9894
14284
10707
17431
14629
1394
9807
12153
3204
15161
9698
6117
19867
18871
4667
7093
1147
5024
21563
11834
217
5590
10903
22664
6714
22010
5563
8322
25230
7186
25984
12198
4437
7917
22727
23137
26456
6116
23336
4674
19861
10492
7897
200
17233
10123
8251
4059
17725
23921
13829
18076
471
4623
7081
12056
19895
16835
19742
26266
3930
26643
23828
21842
15730
19697
2793
16140
7375
25070
7969
2682
7066
12065
19569
12374
4695
13411
10401
24676
22050
14614
1742
24522
7153
4977
14192
11967
11222
22991
225
2155
8153
25450
12579
20978
20750
1152
4553
15763
2093
18145
3128
12312
19995
1433
11224
4609
12472
1677
7213
25784
21616
12091
14215
24556
20818
21557
10147
15972
23219
20357
23091
7570
8936
13426
21928
22731
15549
9879
26082
3085
5754
26045
6627
23875
15546
19111
12406
17825
2178
20898
9226
15238
24495
17237
14131
5207
14965
32
2496
7880
18497
17585
3696
21022
16508
5911
19965
14046
17146
425
24633
9238
1888
8537
2549
18900
13824
20034
397
25235
1355
2863
21534
23634
13091
14246
19055
16008
19486
1304
8413
11163
16890
12344
19506
11140
6041
22383
6309
15885
22268
17133
22647
181
14122
26636
14361
4844
3736
25560
1242
1999
24728
7576
189
12389
7763
24065
8171
15560
9261
6837
20052
21916
22654
19268
6366
16180
25455
3372
16071
16448
22455
2389
21134
4545
25250
24567
8962
5684
16384
11276
10400
17546
12301
8905
25408
10739
5804
1179
19610
26616
25427
25951
30
6955
21622
16396
12173
21963
13343
18848
18547
18252
16454
16263
24274
11783
21565
13558
20967
24731
6951
4154
11250
11832
23239
25472
18954
6873
16772
21917
221
19562
10662
19526
11742
2185
3961
10733
5674
22679
15442
11362
6091
7371
405
19072
26056
2133
21569
23822
26020
26264
18153
10179
1760
24367
25365
167
3321
10214
17147
1509
12757
4484
6050
18065
24967
21227
25591
17705
2437
15574
25083
22078
1323
15389
5265
17196
14036
18221
8826
72
13304
1239
5790
2693
1531
19263
6369
3075
12196
20076
25937
13263
14373
26502
11191
340
11971
15155
18486
17234
10852
2806
4912
5994
11530
14887
4071
2621
5929
15142
16211
15811
10360
17797
10412
711
10255
6705
18461
11271
8793
3257
23147
5296
25811
13980
16392
14561
7075
17240
10602
4627
23228
1243
5854
761
6054
12443
20979
6826
20932
16108
22098
24642
12494
20796
10362
23961
339
752
17632
22241
11809
20097
6307
5834
18408
15111
5319
10402
24080
21498
15837
6994
6378
3906
21937
13405
25826
8058
19133
10861
15998
18645
25296
17139
15825
569
17257
7528
11198
14580
5476
21982
14657
19592
6364
5577
26108
6814
2257
1984
24437
2322
3338
26217
14251
2884
21024
11421
20695
18690
21125
6133
8039
10290
25933
25810
14473
2657
16054
24030
12788
15089
8534
2779
4859
17064
18073
17764
12102
17289
14152
22420
16327
3271
2369
17638
12069
8783
10768
9819
15400
24415
3102
20726
23740
15278
20027
4888
16896
5457
12415
3100
5504
1901
5824
19265
6828
124
18651
14097
2866
6987
15527
12105
20398
17887
15818
7194
25997
5671
1199
16237
8788
3365
5485
10515
14587
17855
12233
21811
11546
25385
4246
7109
25150
18840
22548
4861
17900
3799
1122
21615
5245
15187
3954
16305
829
22705
9719
13563
24965
8961
21961
15282
16067
7778
7973
9728
26069
13271
17392
22451
4593
23166
19725
11507
11086
25279
540
10223
4839
17521
2981
23618
18533
14396
6739
15687
2826
3849
10306
26026
17364
18109
19840
1136
18371
15206
12467
193
13144
6588
17030
16621
7835
23657
17698
19875
7102
24734
7031
6368
5562
6
4329
1948
19092
20784
20529
1361
24561
19712
19933
2188
15565
9242
19135
20715
1421
5725
4341
2120
15299
3417
2321
21160
2600
22081
19927
10585
17414
10580
15176
2609
21233
26144
15791
932
18509
3208
17794
18372
11583
20578
23348
4712
7899
11752
1086
15965
19590
26426
5421
13962
4898
21094
15447
11092
6131
18084
16464
8834
1284
8959
4706
11351
7318
20725
5279
15741
11852
3105
20072
11381
2789
9709
23800
16891
16603
20138
9287
25721
20566
5566
3882
8747
19727
24672
1518
7405
6659
16243
22177
22167
8314
725
6617
17432
12149
20061
16944
15987
7503
10849
7563
19504
7
24952
21247
13228
7631
21213
6324
2327
21837
11972
4194
21873
15528
611
19715
21938
15755
15734
2254
12229
10754
18947
10613
7934
19539
25388
26469
21991
12155
5017
25809
14525
2855
7775
2293
22671
18082
21857
3762
16548
16031
21656
13566
20590
14811
5256
699
14293
12117
1983
4191
17878
25612
21273
6687
24594
25012
4804
4832
21109
17270
13089
6809
19662
28
19246
5166
8755
15361
6654
16411
20598
8233
2926
10839
6547
7156
16186
7893
14378
11733
18976
17223
21469
5539
14253
20466
24942
14448
24817
18856
7455
19941
20129
8407
19779
11278
1811
6441
218
486
14577
24438
18080
18373
1175
23371
23885
22101
17893
16775
14933
4335
16310
7216
24034
7331
1211
6262
13001
14945
19710
19680
6401
18369
20753
19809
2550
15141
2545
22229
11487
21819
23833
4884
8540
40
15247
9765
18516
1234
24468
21493
11287
14045
14460
17912
6128
6598
24813
22220
20723
23175
10923
15683
20690
18350
23248
3823
20421
8684
2084
16480
18254
166
2144
12232
12267
6365
17452
892
16541
10368
18650
2673
7447
10947
23119
15615
12512
15550
21975
26282
96
16492
10247
20787
25730
119
22407
15211
13788
21412
14476
11212
16908
6037
11358
23931
14604
11112
7033
332
14910
25671
5393
25899
14208
3369
7853
6079
19669
12223
22755
25902
22687
19684
17347
11138
22389
21179
22660
17707
2630
11476
8103
10185
14635
6260
7475
16169
2077
4408
7728
2094
11676
19831
10112
2540
18520
3957
21663
15296
5690
19919
17842
7997
7393
4147
16325
6569
1404
4057
12252
18237
16387
23719
24107
3000
24681
3812
7840
15737
8980
14894
23238
14744
26651
4541
3748
1516
7975
21256
13166
24112
13843
9826
14833
2765
22965
6589
5022
6656
25149
17084
25824
25410
6376
19693
25807
15865
7725
4622
2433
19846
11949
15485
25392
26606
13257
5751
20393
6888
15163
1678
4359
19059
7464
3310
23583
5759
4957
16816
8551
10374
5634
16139
15867
512
16438
18471
9035
25135
23986
12271
11078
10897
17256
3686
11864
15459
12224
17192
1997
11081
18405
4738
12613
15643
16735
25077
25903
2917
15270
17372
20594
23857
15772
20913
9855
13217
16336
8787
3056
145
10581
1627
10244
6815
21166
2214
24733
14321
25828
16289
20469
25255
17101
18859
6674
24259
6973
5394
3852
15300
4181
22324
12611
2313
1759
583
10195
10734
26642
2314
22672
25363
6723
16885
16550
335
22155
15829
16606
6433
23764
7152
17821
10922
24021
16221
2904
21008
118
20355
16283
7797
17679
1109
15680
10301
2159
25764
12146
9061
15963
3259
14943
19607
3896
24755
5653
17283
8257
15575
25347
16927
18897
10942
11725
22623
16663
24478
3334
14269
1391
23114
77
195
10854
16467
17078
12009
6846
12094
24516
11292
8594
7011
23968
20563
26139
7679
23850
7001
5875
18266
12404
11839
2788
15513
22911
17670
17742
1554
2031
21537
21183
21910
1752
15673
8015
9291
16947
17407
26641
11376
9177
13985
5733
23121
12277
17615
8752
18925
1464
12777
