196
209
37
58
182
119
117
88
145
77
83
97
231
102
113
32
129
149
223
54
17
184
151
51
159
24
220
144
150
169
189
190
75
40
9
85
219
201
43
185
99
179
162
109
186
12
6
36
218
11
180
7
62
98
233
61
79
205
206
214
229
222
161
166
82
217
208
74
64
132
152
50
44
27
175
33
108
143
195
170
236
67
76
198
52
42
153
160
167
103
60
136
135
134
57
211
199
125
121
30
100
224
133
228
158
110
0
46
59
48
213
31
116
81
147
3
16
232
89
34
66
111
90
25
194
20
235
39
137
84
128
91
177
212
19
49
176
207
138
14
72
56
112
94
26
5
154
101
8
126
181
1
178
104
191
192
38
127
230
118
202
120
234
21
73
70
122
130
78
68
96
204
71
155
22
15
193
140
69
200
197
47
131
215
45
221
92
65
86
172
