14715
94547
36988
13370
57996
81535
81953
66388
74612
57852
40367
60362
13659
41247
89387
38033
11012
75619
44301
25077
2636
57402
39150
77686
93454
16721
62438
27412
60080
16245
5825
74966
64866
12658
15173
54131
89981
41720
53511
2337
86853
33385
40500
81885
57413
37269
67902
20347
47393
45198
98274
69828
34186
25180
87687
47125
77279
19037
86075
5657
40299
27192
81754
24505
79604
66977
80824
54726
27287
10787
86842
96367
70234
29821
82176
53026
9771
77504
49218
16748
9864
37444
9307
61974
59519
16970
7413
92687
71463
6933
7590
70751
37594
8362
81308
51345
66219
10688
98011
58789
32491
52580
56334
21294
61476
19524
24415
4838
15108
83333
73018
71164
51633
29412
10191
35306
91278
58533
32022
92165
5576
35822
70904
10687
89491
95255
30148
22845
7083
68818
16910
70859
84018
89997
28881
66315
78105
7556
60995
51399
69814
68044
5108
37167
66858
36946
73826
80225
7579
51064
18585
66989
25100
18842
95806
56540
74679
9196
74318
34967
5733
61341
86111
5430
7517
59592
65199
86342
16193
17804
41301
51776
15307
61953
11983
35450
6817
40698
61489
8682
50136
2998
12091
64339
35546
8159
17448
34841
62637
24050
26450
31516
44826
87120
58561
33959
31620
94727
12134
92657
90622
63862
13378
36336
90502
52476
81307
39478
57111
89147
84545
10800
65973
25663
63840
63190
5888
48283
6057
95598
67170
49153
21252
92771
34060
88145
80735
28689
22537
80989
82238
15098
66607
95499
51340
92877
43460
14519
10564
66775
88864
21988
61650
16488
46935
2838
11519
82641
55778
67116
88925
78988
50568
88677
49
68425
26141
5177
33966
14744
29449
73446
78390
7997
12653
6715
87705
95876
46041
61916
87717
44427
46808
60456
7582
18752
50860
84137
16183
30053
46089
72575
89712
29865
42476
91616
51000
51811
14522
35885
38736
41236
32885
33425
8654
95654
58908
10263
48657
30598
58418
74288
63266
52774
65588
20108
44297
7560
10540
2485
41208
91762
76214
10508
60497
59049
98262
47588
58832
18046
30360
86535
83276
96081
97293
81915
66380
71685
13947
94712
36524
40332
20224
54513
33593
49368
95744
39514
31479
80581
79227
31184
74757
74473
71110
83160
10522
70765
3971
79277
18565
85142
17800
45437
150
63015
55933
74175
79768
67016
9415
6840
85545
37353
48840
615
17369
79915
27650
38444
97129
7498
73829
42178
53769
73867
90225
88185
42491
2985
2425
6826
90688
37342
26473
6963
5356
27534
4876
84972
20001
50215
70403
15477
16730
5488
47635
53167
55163
51915
82095
33612
43072
72918
32241
32503
28587
47386
28699
87338
14610
53513
90795
75058
41014
5565
42311
55777
64400
27301
50096
8505
49449
6863
62844
91564
12730
6590
47753
23846
15442
89489
10497
87700
71927
19258
66073
55356
31053
84320
51906
44855
749
13402
41182
54962
78927
4362
93917
34859
45993
30277
6316
75677
80763
5923
47953
62633
30880
54837
77779
10759
30477
24519
72890
41667
39741
19352
1306
5419
58014
89868
94645
71727
11399
97964
69760
35238
9807
33936
22771
33371
76595
61645
33653
35505
65398
70437
13266
56520
49942
96831
11958
32635
709
32735
65097
34062
24068
26537
78718
89409
44216
8681
50525
15595
51054
65213
36343
43006
54900
69632
89037
36956
72394
49969
89041
60686
59277
95647
21814
65752
81790
22070
49850
87423
69156
31397
64193
48424
11665
26395
30041
96089
86239
96790
63233
12840
91436
74063
69070
16393
78940
20635
47772
92961
33187
92531
93345
48567
73738
80505
44527
89520
74199
20683
23293
29591
29119
96557
34158
33715
61037
40183
16983
33802
4666
70645
65497
67215
26036
20577
97628
32314
42605
19213
90266
51006
87483
90463
6845
57362
15358
46803
75383
86390
19936
96216
15536
41595
35696
51134
43471
38490
32080
98227
78210
7372
46560
77389
30072
3749
5433
27008
95045
95790
93278
24194
14569
78092
10161
82222
26174
93097
9852
4985
93281
3218
39016
75715
94932
2476
80413
53482
3751
74825
13132
96780
97688
71972
83947
27565
24472
96287
18771
10679
10574
22053
79008
73604
19727
27262
2474
79152
57948
29189
12111
71390
26289
47189
26544
34835
87217
72694
68101
70845
46480
52229
338
68388
80928
45157
52799
85312
52890
84217
32752
19490
90890
82124
48265
74951
54158
62905
44480
90945
37379
49428
27220
73383
35668
10222
31956
87513
70121
84376
13612
60606
54657
22167
44715
90
14908
53682
58971
70428
35187
23926
6694
77923
83797
38713
24724
38566
74791
81877
84071
7602
84179
88229
29414
58326
20085
7255
22980
18918
14738
30912
94860
97734
17677
23306
43305
37951
49370
58916
51438
2682
57358
1705
5026
23318
5225
27792
89579
90615
78500
55097
95810
15188
4942
34028
52633
57509
927
6993
84392
1305
1817
84992
84722
80580
66385
78433
7390
68812
54071
86831
87448
11387
23372
4334
96627
41344
72265
62592
25144
442
75278
27782
6062
36900
19799
56428
48704
95452
9970
86383
64559
96397
4123
69503
34146
65297
25955
15445
16828
23343
25987
94863
40064
48121
66510
96889
11002
80062
41754
14518
72115
97050
10542
39019
24437
88149
30853
17761
3944
55902
19359
74230
13856
88083
46790
48096
15869
29358
12961
80383
78821
6375
17791
66463
40589
32586
13301
72591
90372
91439
43802
45727
2834
23667
10488
67412
27705
59057
46724
1986
36371
90754
73685
15610
84130
23531
61164
13981
71430
57518
32584
81596
8775
71312
12717
25514
62365
31606
77601
80452
63170
58477
40757
54932
83456
1110
62712
50051
9180
55886
62170
15003
22603
38191
37935
87982
47643
16673
62002
66097
93450
21405
82852
6630
58912
45251
95393
63722
91612
14423
46734
18511
52810
56196
54458
62968
67317
11704
8269
85331
5333
16619
36333
3887
23206
46153
9702
6265
66478
7746
62626
34650
91550
34245
82882
50250
96155
73740
14870
5275
53920
26329
79775
4341
47675
25059
93107
75664
31186
36020
13287
23031
27710
25360
84805
66617
16883
70867
16755
68382
75155
74896
59302
81425
27391
6023
27616
33156
42121
67283
21886
30877
84359
94289
97869
93284
23875
70118
93763
44111
62612
78932
94592
11159
88154
82380
89701
35992
44460
51613
10375
65897
89359
13273
57217
32038
59451
97041
59738
34885
22486
79179
52832
96620
45491
64105
92963
64446
81324
49126
9428
39101
21081
94774
26575
54776
32506
2420
30214
82153
24962
42714
17633
70063
57930
3523
20348
89693
23534
76228
39026
9257
54159
2654
96207
38118
18760
96913
17573
54108
22440
10339
56248
96792
85788
88361
61309
67015
74192
62112
88992
15651
21780
19682
56814
82585
92732
14598
40516
47229
1404
23414
80900
65860
9384
93883
13068
72539
8938
92218
15462
93592
64997
33101
93288
60387
57630
43197
6038
19941
6962
22774
82016
69026
18559
64858
79618
70034
92947
15038
42000
6033
34695
46005
43031
93656
83584
83693
343
56265
86667
26812
67711
67200
54877
5281
79011
38287
43684
29688
27166
82693
52240
27277
9255
64803
76354
76448
55534
32711
25516
9245
90167
43392
11067
16005
8292
38029
31012
47607
34592
48794
51650
37560
81685
45010
33018
17918
34258
97133
81344
73412
94854
67192
17924
49609
50646
21177
21540
56658
12166
29645
33307
81594
85842
33804
77011
93051
9712
93567
40004
13464
85405
68320
26545
19476
66131
31112
66383
94523
50932
91302
72687
12365
92220
41721
17232
13694
80370
86143
14912
10513
8812
48362
2762
727
21327
55555
94833
22218
61160
57314
30177
93774
70423
65335
13594
31705
50716
89676
53548
40994
9611
35834
31750
24486
47672
76793
62020
60952
76771
54864
46341
90930
31445
16414
23916
93790
37462
56058
70119
32722
65326
19671
22175
37587
61069
80
37490
83101
52197
73403
17116
7283
46016
38065
80449
73203
90786
24895
12369
70818
97354
80880
9329
990
54656
43990
57207
63631
10604
71178
81664
4668
40506
95607
81444
53775
44595
54463
54780
88746
62452
27909
93814
40712
68487
63299
85902
35959
80760
64238
68359
7511
66352
75846
74480
66412
6235
68265
38170
62669
48447
56892
63238
46032
6168
72798
90897
8184
34664
66323
40058
18088
19595
64115
83326
25589
93690
65815
72859
85496
88914
53509
62119
51829
60169
72109
25493
26286
33733
45392
27283
15484
29226
18596
88119
75944
68428
38926
93994
70366
58842
83166
55105
11272
21298
33543
76503
68192
97863
66587
86502
23637
45793
63694
14702
24370
71749
69362
31201
45024
58192
20064
10101
85621
86339
32849
37832
57488
37847
29539
78678
8729
22295
74843
7446
83483
14460
69138
818
37398
55242
84911
22353
67909
74407
71822
61098
19548
38832
16777
55839
31862
55202
48487
22022
68151
30641
5735
64122
44858
6141
4831
35820
9334
17821
75137
64251
12262
31421
13468
16034
46145
74885
2326
75491
40288
53648
37477
66793
25677
86973
95728
74701
13774
34792
33503
13062
51672
14238
79903
55274
16416
53484
84879
59258
71072
91434
38273
33158
56023
47240
97357
79616
13368
30129
21575
63573
45168
97698
84705
33670
48553
29320
66874
89863
88370
87504
1839
52960
65268
89642
69943
84199
49593
25518
640
8830
31024
70331
61396
3618
48578
7738
80510
59251
35920
24581
75065
52624
84169
95586
64246
47847
64595
1594
31268
65808
90509
57897
20997
97424
79519
8485
13417
71949
76815
33824
21182
93541
79827
89405
94537
67964
38225
44198
73382
91190
27179
83018
12422
40334
26253
32193
27550
33420
79716
82340
11834
86940
83116
23865
94615
78111
42430
7568
86914
85154
20528
58874
23123
62314
2353
37441
56523
1583
88784
54365
83858
94768
37207
56243
81067
75092
15254
90215
6136
19814
93077
94895
31124
48869
4793
45041
10877
96864
74616
80239
95541
43905
60834
79854
40478
18567
51214
27466
55006
75930
58630
13936
93046
95100
81360
9874
59054
70301
48080
71257
65867
18388
31955
41928
38369
22982
6494
34281
95434
54161
19130
73131
93475
27803
67840
34127
77235
56494
80941
54113
49571
82851
63111
61214
85087
51710
95185
17858
2987
62563
57340
69200
32534
48441
48530
74059
50960
43433
66283
94410
30937
20938
19796
92516
58863
26111
86249
5627
94885
17841
46029
63461
13352
17496
2204
4242
85495
41783
92441
66331
61676
93718
69381
92416
26997
60194
57792
6601
44039
41100
4554
68632
52819
61102
57461
49073
89181
37170
77408
83524
8978
5526
76115
58893
43917
67604
29551
37488
74814
39106
37006
1500
78225
35190
26456
94769
39463
63804
33769
85887
90654
87703
50561
83554
56888
65504
52341
38412
87475
59321
14176
20501
85186
87655
18834
82903
21179
49227
94718
94357
34481
85799
70775
86402
77899
80015
18500
89488
34310
23247
91688
80918
21925
32730
76784
66642
11989
18161
31347
24763
10509
11757
7123
76348
66387
25398
66454
52635
91317
74580
29554
62489
77575
58946
42682
85294
74337
19730
64637
85212
71307
2995
12975
31386
35762
85328
6213
86114
46046
58049
46684
58455
85421
32121
58304
57642
78190
12241
23910
17349
44213
54599
87623
97877
49161
95401
10606
15324
57573
29427
45223
7921
38346
23629
71219
87613
24752
19204
56652
46064
15754
36508
89572
26951
41998
34017
93195
7562
56820
71381
69513
72773
95822
78031
86926
25187
83505
55421
6820
42557
15009
47734
30044
47252
74767
13707
48083
80217
59075
96034
65826
94850
13005
6017
96649
48175
97473
33754
10033
1285
12130
92866
94890
50301
11617
82517
38097
36477
97871
59648
6060
71319
5940
27590
47939
29240
90260
56024
91407
66031
25338
45763
12456
16196
37083
31179
75718
71346
66848
45589
232
93238
86094
50277
53564
25774
68065
27156
86879
53341
14693
59040
83834
15538
6423
94485
8107
65857
47998
2184
16829
73509
34208
51478
91763
18923
95424
13585
13337
80317
96008
53528
71254
35472
37367
79177
72574
78964
2608
44383
69923
51589
1223
90510
6908
53612
73065
68574
84620
51543
45863
27023
97042
32971
89308
97607
18030
60912
90707
97666
41251
15574
18049
84656
61922
17595
63843
64731
54970
47108
30176
74630
17365
8401
53227
46650
96199
74459
31248
75143
43349
18084
40588
35309
58201
92459
28778
31295
79404
68627
93357
73356
56020
25984
65788
54600
62728
13318
27631
69264
83232
71763
84412
72056
3082
31237
13556
95485
14468
36872
81818
49824
80919
46420
78634
12720
74751
77108
78147
64688
6374
94911
6341
31598
56800
85730
68386
78522
57862
63293
68470
11410
90326
29900
32704
42090
70442
55682
89456
94473
30791
78340
36953
51994
20393
50513
24675
69846
16417
77062
31804
73222
32991
65519
1366
55015
25848
36160
8468
83723
82595
12219
68245
64980
16236
89485
92805
65271
47765
23758
15962
7206
59904
56314
94651
11683
46675
82611
38520
14520
80333
28260
32702
67774
35155
42119
29708
96357
68026
60332
88838
28993
83302
29209
19462
73817
81229
29168
97297
88927
318
26735
3152
78812
9725
93368
75623
44968
47956
94662
71127
9954
2259
59645
24599
13912
97547
69740
44824
59159
55629
36678
63139
2368
22914
5929
77696
6609
32883
27827
53724
73523
75768
23764
67320
14545
80610
51625
12343
24354
74054
82634
13564
17904
96740
69335
85590
10797
43807
22119
96768
53999
41588
55484
66334
79585
37638
9128
56647
57691
21158
62898
8656
91099
8211
42819
3769
73149
25569
36032
92410
57368
42898
51493
77157
16584
3979
26271
67814
61264
1920
70744
84464
43729
55375
17172
90708
71862
71411
12714
91119
60238
36164
95938
41173
92103
39927
29552
77362
93595
16438
28538
74743
2461
23209
43380
70337
82568
33355
7074
44773
50552
4548
61868
57471
12493
72514
44667
80755
22020
19493
34730
39695
13105
85826
34952
58922
61421
45316
51501
42429
21879
38031
24676
57589
44566
38612
14680
45271
61261
91227
16969
95805
32342
76504
36898
47674
5489
33491
38579
89376
12644
77274
61658
21531
83390
66098
94757
96181
19993
80532
42751
33151
16248
78675
92569
94996
47722
47869
34177
35204
23413
67660
13188
52131
14281
19368
11629
72442
94246
10146
6606
14011
25664
9546
32467
11779
93427
44816
32766
4286
12337
54029
52023
40318
31344
64520
28824
84151
53049
23058
54805
64967
10842
96879
97076
47831
15596
19191
65152
48442
42291
12438
42439
22736
24031
1041
34070
86931
57376
84017
30166
89074
60598
70562
13821
715
63778
63794
398
96474
70972
27141
41387
93797
37221
72579
15746
60025
22981
66123
53811
77738
32828
84833
64826
75339
62324
28800
67863
3587
3190
11158
34530
16133
92718
49728
55566
49714
96558
17687
3912
62463
20769
2344
93778
39471
72027
95787
10050
35838
10210
29307
94867
76091
73682
84105
86811
74996
78563
85057
51556
60866
82461
52385
88916
60886
51307
38541
319
65934
91665
90405
82191
81866
4295
37168
44516
10096
38908
50722
50874
12203
83400
34919
50005
55623
90900
57109
92604
96874
80695
55300
20421
38351
83836
21695
54433
59836
13360
17619
86685
42420
7798
18859
77159
94536
54589
58296
80551
54324
76128
51826
68958
16380
29617
6328
69658
31882
96476
19100
61789
63141
67946
10231
39915
57558
52983
95269
64156
79731
70548
2842
37062
60927
39230
69057
59893
85987
83532
19491
50737
40278
69162
19489
33700
30957
23662
93822
50233
43386
41471
12151
31277
63505
31126
81857
90124
60547
54219
91462
60956
97944
51347
50919
89226
69372
89246
85084
36571
92611
65655
16630
3362
16639
33095
22437
84322
33375
82168
81539
83277
59914
6215
30975
94798
21670
29419
66015
76480
68848
47306
24013
39489
13139
2741
51149
17374
2866
89575
19920
54537
16270
15772
41906
3518
15092
65545
52069
33415
8142
3894
57028
87871
6586
79134
53275
35315
60459
77003
97743
69165
75578
61146
29572
20964
37994
71495
26480
92822
41365
81483
76660
21144
8629
78684
10473
70945
95793
29041
96730
41010
97663
6846
34879
73100
64659
48590
37129
71151
95861
60744
53191
9240
46716
34911
26771
39925
43889
60892
7667
15794
3592
50539
1324
57276
88225
75530
59171
68770
75163
85178
36005
16615
10425
79180
86514
25013
56039
12598
92502
43498
95559
20844
65397
55136
91785
62264
78937
80029
79044
12980
50563
61833
40253
54274
64033
67742
45649
10130
67346
97199
1342
51648
39500
25929
22693
37391
81293
80244
87457
93706
18550
10296
4165
833
49358
97030
27702
89428
87107
3291
29280
23887
40118
5702
37426
83958
31183
60359
65294
16470
82489
37413
67211
9177
69215
30333
81605
68539
607
46710
92692
72107
20625
5849
46939
37182
7027
58161
24741
93888
22719
16809
80113
20107
12308
18860
36857
63967
36476
17613
63258
72845
31528
74521
77819
18436
1640
84757
17244
83015
85548
60848
32806
27331
52451
9002
70556
73736
41032
38777
60102
4973
1691
81386
12897
26342
45788
6187
56255
15972
10998
97191
65489
86837
46598
10670
81619
40122
5546
76742
60653
54644
61854
34729
45869
60310
69383
34033
66044
1402
97244
94300
5755
39882
68115
84042
72785
70219
83084
88065
37506
2517
12537
68231
34128
54460
90740
23608
52879
20106
35000
67292
62243
77130
49219
6020
26267
1274
51699
32380
44270
54872
68598
18260
87212
84855
34812
42064
47887
44547
21710
4465
89698
69232
21339
61621
69507
81804
86319
96956
85082
43868
63739
40370
2390
18952
83761
32423
42201
65678
86777
70769
18113
48388
40020
26081
59016
53993
14906
53943
2885
95175
28438
91215
21582
43144
88457
65181
41404
89317
95406
49286
22311
88582
46193
19170
88808
92038
2853
84109
12370
94212
31044
48613
14293
96675
38422
84074
8895
26147
55767
90321
46885
72023
4120
5388
95921
77834
28113
92148
65975
106
94749
75266
97564
55520
14172
91732
48464
59297
1461
59206
68691
25748
88722
13597
21259
16754
91389
79154
72052
14354
51253
92081
53875
60469
44197
50316
19144
74851
67682
59986
92691
6198
32367
81465
77132
40394
96541
14022
15894
75356
80657
97620
76475
71998
64126
37756
11216
19594
33321
86328
71215
79
79007
10689
78833
81326
65898
64575
50203
72117
41496
7532
32504
91991
46011
46263
8945
26024
24951
51923
45781
83714
73258
2174
1776
24940
77801
50354
28098
42752
31187
43481
4335
564
93652
40057
64367
59421
53636
23030
44325
85466
67630
83821
43907
34225
18393
11684
91887
70462
12540
65729
55220
22868
55818
55786
62508
79614
82658
58093
77869
75348
27119
46071
5117
32528
97148
34142
32131
8085
14424
77376
85275
38906
1789
56145
7209
658
92340
47919
95791
82412
66089
68149
27812
2629
40689
59708
93214
34524
34185
49226
97644
86085
57975
40312
78126
81052
93319
94823
70784
25404
22534
94241
36636
47590
89687
78969
10003
77382
78934
42746
76606
12320
35608
38750
37118
67052
3774
74035
56021
84045
53550
13483
88367
42407
39762
16107
27920
95879
58375
5992
54431
2896
66266
37704
60012
15573
36911
2430
11905
16590
91575
4069
11784
79483
88266
93442
15391
58961
30819
46433
35617
25751
49612
28455
54896
49345
73048
10102
77762
52866
37931
28453
69348
93466
86385
51411
18137
71790
45858
16941
8314
67287
13127
60226
388
67133
86749
58709
11248
82039
2374
86325
91256
15632
54976
80129
17319
44671
68620
52116
93525
4626
63075
33230
8876
34184
66829
55203
55063
69812
29177
64961
61883
95723
25050
76197
3667
97299
70778
3634
49636
29115
28703
35336
12188
44625
10211
77435
32621
63949
87682
79805
82532
21194
58921
24018
86053
75199
63254
74640
21852
35197
55158
28198
17446
73058
70291
28612
3003
88350
52110
73816
7374
21275
3591
42739
25218
6981
32321
71480
24146
48697
66507
25116
1798
3469
81876
10233
17114
33011
37298
71211
58092
31067
20567
75412
41604
70049
67753
56148
66604
33862
84791
36468
51513
93085
50272
11348
91333
92256
788
82647
31366
95789
50596
75621
3232
82114
86141
77178
67197
17327
82952
2152
39766
81281
57745
10176
54789
88357
17059
43835
31914
52931
81816
37015
68194
13679
45681
49400
60639
58772
41502
58230
90079
66752
95637
88590
55369
58810
43133
39319
95018
63911
49537
18495
27260
90313
2366
62363
83195
81401
16065
47134
22095
97303
25371
12908
21401
98259
69645
47021
10000
51558
68918
49753
53458
81441
545
23928
44649
12143
89217
54565
29335
59001
78032
38987
10714
66621
14917
14154
55836
4332
30443
39067
19857
12096
25880
83758
25069
42125
40245
87546
7260
50401
88409
52856
29531
5961
75413
79518
56720
50546
5454
61141
24688
49489
1773
13032
7762
54793
15230
82789
42674
4261
39454
28718
51539
82017
1143
53588
95341
80955
86781
77881
40874
65971
53259
73718
94151
84676
71154
66363
75490
14541
22733
36137
18548
65073
4708
53005
88775
54024
62804
94274
36570
93470
31460
1138
16216
92423
59191
95510
39329
49726
48018
82463
96087
26070
78282
12284
68854
10338
35266
83951
86234
12755
17017
35101
91934
35534
80837
2234
20966
61657
80172
40323
17
29265
85880
42548
4282
42901
19177
61680
62690
28490
50775
60990
51230
58955
84623
71455
109
54523
17959
60780
71845
12003
34464
87034
46128
73789
36731
97619
82881
48276
27152
24718
55853
69139
38494
22517
69288
55296
781
65343
53100
57383
26958
16848
8056
24619
60847
32742
45983
7648
94487
54218
119
35402
15965
87631
91149
20387
83021
96247
51809
70295
20391
90658
83822
31469
26212
94665
51568
89324
52924
59677
28365
78958
4736
33800
27944
26847
5713
51837
33372
66148
1400
58611
82776
46521
90206
20404
78375
82833
27380
5998
93524
8120
71207
26628
65323
20848
63120
28627
56382
15991
68881
31715
8146
11630
43002
76629
2929
9291
81169
20323
91630
50614
70262
43224
69607
87890
9351
18373
41194
40807
16436
80313
21724
62326
20490
29103
36298
58307
72609
74497
85841
74149
96968
35772
39917
86904
56790
84369
82601
81190
59800
63652
55175
29661
74792
24300
90357
89432
68239
17675
17087
40176
41684
31816
77609
50196
50181
15871
69112
97073
69410
22183
27014
4464
10173
96479
80852
96525
96639
62263
56834
20246
68196
53651
79310
56750
86139
22812
92984
21297
57464
80438
41708
35214
82395
41202
52362
4210
10110
14896
26482
12558
6551
59903
38891
69487
41993
91229
48609
21208
88844
59503
21611
66445
42364
48607
4103
74516
50100
71772
19853
63924
48331
92404
45927
14603
81972
63499
40440
60942
81318
55753
80558
10790
89525
32034
72594
2717
93691
55947
8221
19181
27884
65585
41345
20139
24909
52626
10569
83811
62970
18070
36695
82618
19932
60366
33029
73400
74935
4685
20900
21573
39727
8626
77067
17696
12291
97353
70059
41064
45137
61183
24931
86847
19188
78084
9919
22415
77201
55285
24394
58128
72767
39215
42262
22709
39780
24899
60013
12229
79413
9909
19713
4769
55689
7737
97151
80691
51505
77906
46215
35281
15838
17198
71426
48898
65874
77378
3969
37816
18374
25701
33191
80929
9869
88732
49267
31813
8496
1638
89425
27963
55039
27338
96590
15436
14087
17252
60587
62591
94249
13160
47376
52388
14270
41434
91052
96465
46546
2044
49798
53285
12684
91355
36070
14990
13914
13788
23183
57268
61709
49413
83954
79272
28078
67347
52899
16961
61981
71379
43527
1224
74913
1735
56337
82965
33219
18501
46980
16756
28280
85954
54350
8076
8723
41966
16117
94069
3356
9423
11566
1434
85923
91662
80398
1754
15468
53386
7720
43837
39804
24209
25719
79586
58937
31148
44219
15886
69534
36773
29287
24404
77603
32738
42559
85321
97915
59641
23218
52276
95882
17128
2626
56852
78577
55677
53697
59088
21665
30866
90519
20005
86051
7607
93127
67959
74320
24095
70729
59214
2988
23156
6247
21453
17859
61626
83898
43113
50278
87806
40629
62952
42580
22220
57051
75872
10997
24636
71332
37070
30087
96623
18622
11070
780
59249
76967
48232
18219
5775
54063
19098
79270
40604
12705
248
27398
48846
30876
28016
16174
17073
70495
22672
59002
19707
46204
82201
89370
38635
32521
27488
80031
64329
45736
89081
63985
3310
84872
59590
1914
56559
3701
55408
85622
6818
4409
17962
2908
70707
97594
34311
76406
9559
87864
14580
52017
78823
86032
19148
25465
93625
71517
75051
32855
31178
85394
47096
42096
74969
92090
12971
68990
19167
28423
97991
26730
79050
74595
6850
96222
61249
47010
75325
17187
48837
5966
13715
94965
55254
2370
8263
79872
64218
25792
97978
14666
65308
82466
82704
66011
74195
24111
48027
3574
44346
224
77998
89086
58239
36187
46714
94140
66686
27045
14919
79081
1437
63917
47166
93664
19090
27722
15828
77519
36685
17920
6084
11781
65299
56693
81580
80223
57398
65538
76535
87148
47902
19972
10158
82947
88082
65807
15212
97072
19604
92328
61374
92602
75121
13687
82242
85320
59556
36116
92177
85708
22450
10392
9699
82600
49245
80607
69090
74565
76466
3558
65216
49426
48061
53251
38161
23088
75808
76339
12473
60512
62872
80063
58768
66598
27077
53704
41090
40566
11527
83719
92291
82639
42900
4111
11681
16090
20857
88245
67142
47396
16922
71106
35133
3535
66493
14860
88279
50836
41582
26441
23520
14405
46272
45665
91315
43767
38723
22898
28065
5496
56487
67685
40439
95926
19894
3080
72280
43641
42706
98235
17333
95491
32174
77018
87233
70565
54348
46890
65423
41600
94217
14112
95871
78711
73670
43112
72440
56721
93056
10726
45595
89836
14773
53982
93067
87037
37313
54406
16921
9185
79851
15730
60683
59452
60511
89843
94023
16666
28169
86205
28895
3946
66825
9648
52419
88315
64661
78491
84028
1420
43900
18206
65802
44768
6421
43571
12998
47501
76638
94220
22180
69497
66475
7279
22620
4186
95773
55698
13600
32651
516
3572
87961
67862
21465
30413
79733
65108
71118
72074
31749
45203
92991
35633
64602
50445
24471
74279
17271
76469
34662
53630
8302
95714
84149
36369
2149
13552
97744
13349
44983
55705
4166
75133
81687
89289
88971
40615
17355
36626
39948
70529
90440
80871
82707
59857
72201
60648
44107
2347
4856
53519
14856
83102
52567
15909
44992
2409
85595
23120
59822
59443
95201
45568
47542
79796
22664
33401
24324
23153
65816
3181
98120
64151
76654
14332
76899
36624
96091
10530
48482
94147
28602
51412
94866
31828
12000
69369
85209
76758
10459
36109
97828
8508
5239
21844
77158
21019
88695
94345
68981
15995
10492
44960
22785
63733
64509
8874
18987
16535
45899
70065
12597
21310
24850
76217
66724
29173
84484
4012
27359
34114
49783
28556
6434
57265
31736
36977
94783
12560
16623
65981
58279
47476
5116
52163
30805
32111
55765
22064
95203
67571
44011
11107
2940
6465
43522
70862
52572
69879
74164
33410
46223
50531
40219
48370
1436
25298
84512
31567
27868
86610
52061
76979
63892
13616
75542
77987
26254
13261
71896
28704
28301
55600
91147
50686
66467
64490
22348
41036
81078
61292
52209
73000
91219
24232
98035
11380
60468
7454
64710
44683
88486
24148
12911
16491
94553
78156
7104
80421
96396
52788
14873
90796
50373
83044
29613
22831
67001
24062
9614
51767
25358
92615
62823
74668
73141
55043
60926
33705
1877
90951
91487
79129
95402
22482
79216
97705
69663
90655
59242
34901
9980
95765
2002
49803
3589
58434
69565
36059
44143
91629
10121
97481
80872
91332
56536
27191
73587
73918
60895
93289
84338
81393
68004
22990
71699
5130
97275
11619
33823
72382
48417
82129
59574
82158
89367
15949
43796
10219
61797
91131
85127
80813
28575
92656
84478
93953
79001
41528
69687
26835
24193
68814
72072
69446
39784
5215
87477
21588
15310
82715
46565
27461
51933
2650
19905
44133
77787
92403
38280
81742
75135
60737
74813
36882
40766
37401
1772
28747
96467
67302
98248
53864
35812
4264
69671
68857
21701
25823
70341
32352
78407
7613
41609
53217
3695
14734
91776
38281
74445
75018
60417
48646
34906
16951
54222
42711
39721
48444
357
25039
24857
48390
24865
69826
42340
29809
97739
37572
54472
26349
94131
63737
31507
30716
19076
7684
21335
70628
96898
4722
69231
45094
40660
25702
65282
47079
51969
32228
55630
74252
59399
59925
71258
87582
81787
70457
46517
16165
43216
21176
57117
85973
645
72229
53859
92224
13430
84355
71626
34829
90296
74123
14177
51970
64318
9027
69938
19643
11879
43060
89970
14390
86950
1334
12342
58753
15131
45564
70764
26765
4855
74982
57318
19433
23696
6377
74484
65648
4483
41393
32886
88851
48757
66770
3031
40612
45732
16824
56606
16659
74409
41689
90787
27131
16904
60321
42149
43902
20991
90987
73562
90756
14099
85124
2931
90482
41773
81763
45426
2005
14005
87384
86681
7068
33325
31656
4153
3951
49421
34039
9910
73808
57442
74773
2769
5634
68272
15870
90448
65768
45883
59865
46098
8767
66827
24164
89166
24958
16327
17436
48185
26674
3016
51026
33571
38202
33886
3358
91856
49718
66645
77852
71606
73917
96733
51171
69256
43105
7529
90254
89894
93599
62523
90089
28334
6940
11563
49493
62655
71023
33671
15758
64626
22725
15268
85098
68367
77114
98249
19522
25103
971
79064
24485
22074
82791
14967
66168
85691
30291
76127
6732
49729
127
42690
42196
84597
62649
2739
82970
29802
40097
40992
49353
95683
73790
74889
36881
21983
13100
60082
66192
55591
88057
17204
18674
67427
78512
52698
73411
35821
73244
94708
38733
6517
64505
7140
21589
50739
43773
37955
32009
13279
79218
23766
60309
37388
32298
39849
34892
28238
69406
1067
64323
60227
16873
13474
43443
8318
20861
69678
30875
36085
17717
36924
62820
61601
60472
23843
16591
55465
85014
21616
1906
64013
18654
30475
69557
25115
39958
59740
77248
25470
6600
19136
86323
22919
47984
57939
45350
55703
90980
46740
45804
14321
25832
96291
17554
35015
19811
36372
88500
49643
89711
47279
89033
41062
79544
54264
39819
44163
63657
52218
84475
32820
86320
23507
52596
25280
73731
63973
88420
191
91976
33656
12983
57381
13336
11381
86527
79682
68261
47244
14467
15245
46308
53738
81508
90445
45466
61250
32880
42712
31418
43513
95543
5978
46500
72299
23064
90451
83050
44061
27258
58737
11026
29752
88384
50633
29521
92323
6975
92414
50099
7100
58857
80266
93408
71937
49289
18791
44953
65208
16674
56568
15650
37791
55958
15270
20069
32785
46743
34799
81147
76312
53952
55504
88254
31493
51197
94920
92710
21638
59778
28724
87755
84360
76381
44071
25726
77893
28949
46502
78908
18326
7203
94287
51945
88856
77721
16816
62439
8412
62362
42444
71880
16575
87337
43762
86680
222
69684
38677
28348
26011
70933
57875
20308
10349
43565
53937
71563
59170
39505
1527
41536
25089
59179
85715
83070
24862
77936
38026
7230
27102
44207
61417
92482
41802
48748
57537
95682
98226
76203
73284
52310
10458
78212
8128
74763
25018
71128
10553
32040
69921
81629
35268
87074
18133
6559
85781
40437
73117
48818
61055
58494
43232
25604
34355
77096
25592
26006
85399
33686
63541
3207
77374
62338
68348
30416
82409
43494
26790
76816
39239
5900
34626
19419
49466
59138
25525
19235
80999
81176
29397
37178
85431
57709
20666
16601
7485
94555
7920
6523
61497
89934
81390
33689
17726
48629
71022
32098
3981
11581
76350
73698
53155
54967
85702
76285
60443
32566
42573
13377
8270
17700
33979
35209
37916
8727
36521
63980
80574
63463
32931
8323
32642
26867
12243
95811
58408
3189
13517
97636
91731
78487
55086
61395
43152
86089
93661
66158
60271
38632
77267
64488
34953
72559
66425
31747
96235
76882
17019
11598
27418
45298
75526
70240
29877
67537
65292
27846
96671
89867
37913
35711
95952
41008
77515
81514
67246
7991
38431
90245
69787
16728
51834
91150
72902
1416
71299
45359
61813
85462
20650
33837
97664
4108
48154
53311
38300
23092
18074
80000
95917
40340
21235
41390
17870
74244
62925
85688
29656
51177
7828
73163
11562
13362
32879
1078
92055
74141
74632
72555
83519
63865
86009
31515
80715
80465
53633
84457
68782
91472
39222
32285
37238
41118
29350
54109
74566
29152
87642
4322
74811
81022
25890
47117
10281
2540
23976
90994
58340
41243
79593
23482
89678
13929
41821
51835
9397
11831
31065
60807
25989
34049
35408
11388
82297
35223
66394
17566
42159
76287
45815
41920
49782
23619
56516
81282
32261
26629
56142
86345
1847
16852
30960
32896
25101
53532
38851
26118
19134
94009
68407
91840
10856
15587
70507
56940
42014
24655
26699
1379
14774
13361
16872
96710
73115
35653
18031
91985
70450
6108
84014
91509
39957
88961
70755
22929
29283
32008
63390
4688
55531
94268
97165
84187
18322
86812
19356
16328
4849
52992
33630
69426
20374
98270
44817
61577
91882
13389
3112
51644
75416
42475
36123
20786
52718
10739
5942
25967
87203
35848
60058
72492
87196
37864
55741
35433
97281
76179
32292
64135
94143
87402
98076
47158
84970
2727
50388
6597
3107
41849
35445
26879
46523
11725
88049
67535
82338
30394
70531
26457
45902
33869
3074
2110
84313
38843
25517
67490
54314
5252
2539
69976
79974
30578
86935
37485
88862
65522
72031
92005
62874
23893
95721
871
46691
10205
33434
65453
42852
31
20841
24824
72709
11389
48108
46801
23208
58549
98134
36604
50043
60228
60905
89113
45467
68619
91950
88907
45730
57104
84112
15785
5321
54944
32119
21032
83480
54157
11409
47611
55327
54106
15077
62147
964
28373
62309
19502
87243
57489
86118
83738
5294
16078
337
69863
78427
16281
97722
94384
74557
27456
17682
36526
3737
7633
66012
13400
41259
10238
18568
38772
46241
94004
76470
20580
70756
23859
19384
34516
8991
14060
92913
49859
30071
2490
1132
71400
71152
90009
66975
18342
70181
54287
94468
9168
20102
67728
68412
69550
94881
2670
9876
81869
71568
28456
76319
24618
56614
15124
3450
21107
2827
91754
24925
1491
20399
87460
10919
42434
89971
86208
40836
82145
83213
61200
68629
60137
54356
36311
21423
64470
71740
61632
42413
60929
1312
69014
11499
33645
82309
75219
35420
13624
85741
14640
62768
92432
44780
97809
45056
6106
66400
64988
5500
81773
35630
96559
31173
33922
15747
24227
1930
69843
39486
11109
91860
62755
46225
16717
41480
77549
48716
93179
27305
68653
48354
77563
48437
64320
91051
87078
31947
84067
82668
73624
14951
12777
75424
23106
74523
75489
85150
76961
70496
39621
58830
18142
32224
42079
59912
13765
61168
61589
4156
38767
64148
34756
17442
5531
64306
21394
23603
69341
33407
64202
23055
63476
35784
12056
38674
94288
68783
41815
61119
68331
79380
46432
5502
23093
78898
94035
17846
89717
97680
32756
44804
53678
63084
61128
25784
4882
33693
88291
84526
85746
91179
45196
24308
30953
58231
43615
95083
18858
8471
74438
60975
95666
48755
64629
91188
75629
69961
11607
26052
95414
37012
38739
42797
20458
45867
33556
45183
11766
90227
42699
10733
22561
95506
93058
93716
70290
70839
62515
59727
63688
23686
57608
7205
83548
4420
8543
51078
91965
81414
73460
82498
91258
4132
71472
90782
73182
21627
17178
83929
9806
21615
81668
6628
13502
62145
62048
74170
47925
55196
32203
69605
51254
9377
56558
13442
46152
97692
36142
69575
61776
44610
85371
92437
60657
7643
51825
27384
604
9492
43401
89335
68154
70433
28379
36952
4566
1620
85560
64526
84840
43652
7045
57445
83824
88458
86079
67389
9553
70190
71053
49310
34739
24140
54379
27138
87238
18745
22351
63354
4034
41459
85997
97305
42753
82831
30889
34665
87110
31671
77940
9830
43660
34768
49633
63961
8075
39250
24941
9103
51299
5997
87466
93803
45221
8867
66578
90131
26904
53219
44705
33078
30923
58718
42432
68887
59019
52729
91080
86093
45674
52145
88479
97408
23989
53354
44053
11577
85772
7146
88669
69056
17685
80458
56802
28420
18524
2217
14262
76178
91692
75755
23585
52553
44727
68064
76883
667
52045
21688
31013
26860
70264
72961
9207
81028
58927
80124
65875
59695
77694
78619
86245
24934
77957
66736
63279
23396
14261
45028
29935
5058
24021
90491
39274
92562
78848
57949
18773
59567
80451
56057
62108
91474
17051
93398
12248
59741
45647
26682
56045
33063
47619
33297
31891
76871
20124
49198
59961
26198
60407
20868
72252
95875
56127
41735
23408
9449
88555
45025
24361
84554
7387
8202
77273
52786
29947
65855
44318
58783
85844
38513
95198
13989
23223
97694
83388
1644
28631
24936
19739
37829
64767
62130
4807
75340
33441
59712
63504
74993
19733
16108
71703
15714
30083
15406
15250
84145
31721
30547
28128
32074
84997
83628
88766
53975
68017
16667
76009
25275
76716
86657
91167
15220
43932
85913
13812
45237
51257
27474
88005
93880
21808
36721
28224
15143
7561
1959
14359
41913
52135
57519
56935
79163
2230
13668
91158
1119
84772
72810
31814
4250
46594
48259
69331
15063
15470
55939
63103
16054
1681
77456
17765
49574
26856
59782
81049
58529
15778
12483
5517
96909
75923
68882
29632
26492
17075
22721
55603
36273
13003
80310
24630
74365
23240
75597
44363
83246
85384
73159
96279
22530
43226
31151
71280
42285
68197
10042
56439
56812
42094
4653
82523
63965
78906
41997
78929
40007
69597
71706
6342
80826
73336
81718
29571
8595
19547
36411
23595
41374
10300
88360
85210
71046
2933
49944
19306
16378
49936
4146
19436
31332
28397
54140
15980
30758
22377
68631
58515
4712
90959
77474
33126
67393
72973
27447
45992
40788
85996
46709
94619
5563
28330
65525
77895
72143
57526
24856
14166
4343
4907
75713
22375
90592
70602
36656
32846
15821
18141
42951
35969
38236
48509
68542
7488
76086
42585
42664
66773
62158
14525
43568
86720
59373
1382
37885
55926
74306
38247
45156
82364
7397
85710
86524
97103
12182
33856
85801
51235
23784
40727
36072
97697
18158
20803
46317
65560
86666
60771
77059
78686
78738
33742
29172
50595
49386
67007
58509
48667
38587
24117
46260
59757
44762
33757
4818
31856
25858
68569
68139
67376
25907
37260
91447
9791
5648
67662
42947
48733
78401
4747
89827
35806
81144
77064
90306
89682
83452
44138
10937
37475
15385
1525
42636
27996
41871
26362
76467
46995
69306
72780
72090
94137
97381
72657
37521
45683
83124
89372
65508
8116
83969
9573
78791
22448
28407
85944
86096
36390
94014
11053
32918
46626
91749
95646
30562
14824
88087
54062
69804
93439
52769
69055
51181
8821
34969
60876
59238
43454
37950
2046
51024
79435
36033
38429
23015
19753
23219
97205
8368
86903
83080
38967
85289
58127
17901
50984
39578
66759
71744
63265
72864
48849
11014
28409
12536
52670
19425
61275
65426
48864
82186
72169
50660
17922
14751
91545
14275
7346
16201
18441
23987
78346
84486
35797
24313
39267
22555
54047
18910
19143
3954
13907
25198
17032
93870
77318
25209
95271
73872
90511
8788
52822
37108
50693
18320
45946
69210
2492
22602
39206
11829
29793
14897
51918
43896
72737
3577
87295
49957
50368
21411
96485
98206
79137
23918
65135
59507
93445
74134
35652
70348
77873
33405
37121
512
26935
49328
47526
97221
35710
88591
12561
23310
440
36482
63537
40734
31925
65841
92675
67144
14094
25418
61364
62295
61982
83653
49713
70960
37035
28839
58752
43165
9408
88597
8857
80045
97724
78544
58685
25576
7635
55957
83450
219
88581
60205
77533
50906
80512
15895
56619
92187
27538
92902
26667
14711
40225
28153
94640
35426
86539
36143
29459
73450
77357
50004
43058
49165
49275
68635
19806
71676
83563
64777
26242
84641
48194
84914
82825
24132
73459
61855
64395
6100
34259
52468
45546
57448
82418
33120
87953
74801
26686
78394
14164
65210
34338
34269
69237
12244
54147
38675
28191
35458
787
48501
1107
68273
62074
72837
31076
10024
47908
84438
26256
90143
79493
14605
16111
24442
71007
86918
50838
29269
64830
40267
9688
88157
84216
62358
79780
11011
70805
97467
82402
23348
96986
1694
68344
81986
21761
86447
69707
52704
88894
66730
32611
55898
25746
25312
17191
34111
6091
18156
97662
745
81484
79623
63384
96513
49952
9529
65139
60043
80678
36036
30106
62307
20044
35255
63561
3271
94591
87480
94480
37454
42640
54174
33010
43693
3345
62835
73410
36297
27805
92377
63885
34579
33412
21345
40181
68936
46993
77502
14096
26901
78982
62195
75215
36537
12325
60344
34318
81772
14977
87736
21015
10008
23050
35516
13528
91272
4608
54404
73236
54580
71325
53088
9633
42085
21263
79922
20727
15396
54693
45160
82816
66050
94743
97125
12530
36308
49168
78441
80149
89001
86738
31315
71795
71635
70080
73397
49125
76065
8430
38382
93818
70655
93272
23868
52887
45778
90612
3005
28018
38729
20810
25899
72340
55724
44850
58150
8403
9506
85512
66464
3409
40820
67539
7624
95113
35733
30045
63813
16278
54855
97844
45527
26054
3229
33486
70609
90722
62999
57223
60434
94807
48289
9100
652
12948
281
1167
54675
64076
25712
7202
62689
92265
39622
64421
39598
73532
89904
45739
58417
32531
7121
61239
11400
67248
79664
97001
93976
58476
76693
57776
26941
86396
36810
73315
38239
16324
89019
500
58496
63125
81301
29544
6616
92012
74510
10348
4513
86316
38964
35026
24966
27365
59525
13247
89817
20561
78384
877
47996
59876
73367
41757
89288
57747
39470
9907
63538
15422
19413
81226
92813
77905
92927
69797
16549
15928
43933
90080
65226
93551
47008
39812
93104
51777
63957
66846
12842
58925
16299
28654
56776
42637
65615
73915
98240
31958
8335
74651
227
85558
64709
73630
32638
1806
43782
21151
85721
17788
61544
27707
19133
66712
36556
43387
6910
82547
95344
20384
29973
35589
51176
19330
72963
2311
47290
64687
7196
89160
17133
38664
67261
37962
34475
58594
46547
92510
888
36066
90192
51115
21459
39711
56728
35559
76819
24749
63147
12356
2328
75682
11061
87879
47016
28715
43495
30279
11929
28273
35189
67493
94436
88199
20888
61378
46330
4226
36553
76991
42072
89740
88820
55381
3301
1158
65828
70498
8073
36676
59347
40524
77775
47585
22786
10909
28548
91942
13411
62458
93913
45764
24554
97038
32768
48000
88143
19776
29482
985
68402
55455
94018
73229
9878
28702
43209
14
73925
16352
47715
3038
59218
40965
19630
19267
75006
45715
73128
79350
54527
27246
47861
60877
52613
387
71921
39373
79377
19861
10659
41994
40623
57295
88066
73213
75575
64817
89779
3226
83975
96183
66729
3779
80522
26392
41791
70371
45658
38873
75588
35235
15960
14046
9112
57090
22359
47014
47456
37495
86012
86820
89848
34660
42650
15029
80185
48206
70779
44434
93280
52446
62540
14801
58616
10132
61714
83640
18902
92586
97756
19487
68545
50400
90261
56388
94501
33522
28701
3402
49478
6242
23076
57250
91123
96717
6287
89936
64572
11896
88440
9049
74774
3938
44856
27209
87728
9059
71718
56640
56245
55231
17967
37067
42156
79013
50762
76012
23904
724
984
9661
83082
81205
34920
97099
11537
60529
44376
86750
80454
2051
58568
93801
49043
87699
42927
94596
51875
93552
53003
79339
81492
14648
59244
44868
11587
16955
87791
6179
8339
39132
85103
35572
27078
49668
48852
30569
17588
59410
61436
92829
49804
59379
79450
59091
90778
3472
90221
56631
15601
30428
36174
40813
31778
95987
81556
43240
12043
93641
25624
67013
58847
15030
22277
4188
71953
57556
85343
76052
79385
67333
52951
51326
35084
33338
70598
22067
66317
96434
31997
61640
42707
52527
91222
45497
98055
90203
8495
60574
11850
21317
19765
70533
60804
16689
72391
26470
6779
23570
9797
28528
96722
17986
53685
48964
67608
83418
82460
44515
10279
80733
5226
52608
74228
78819
3950
78211
64816
76796
23160
38643
24786
80042
45811
36959
14961
91321
61380
73292
17192
59072
23939
61694
38543
80934
28474
32496
74132
94214
72428
13466
31223
88705
48031
23510
55281
67971
96001
77275
90116
52114
553
26536
49735
42544
12421
35372
76102
96574
22459
87742
26396
88651
88935
3716
21278
11685
53794
81210
90200
74647
44871
22717
15874
78483
15660
79625
85100
53325
39992
50683
76260
23135
68939
86019
27509
29367
82440
76482
39348
71916
91137
38941
72562
1273
84975
30536
10332
45454
72290
33790
31669
75029
58373
25181
73666
62574
68959
45136
55871
77680
86423
81578
90090
45288
24706
1862
38282
94844
73773
40513
41150
2100
52849
64458
37280
21044
43836
42086
29175
5986
3295
83542
82651
90944
269
23820
7155
90790
87225
71928
62077
23325
26439
57701
56190
94007
73226
15708
35270
37497
90050
9430
31424
34612
34826
45279
17935
60197
25510
86713
88317
58101
35413
46600
9081
47066
19173
24440
6048
82399
93292
6340
38348
51498
74499
33641
54573
2829
25740
60601
97684
77692
27484
22724
61268
68560
8129
82033
64061
17095
43795
43786
37618
19768
79708
31926
65824
85690
9691
12453
1968
37677
62698
71526
95328
47454
80032
40087
67805
28159
46230
39272
46226
12766
27195
45264
65031
89193
40238
27116
30786
30366
54387
73121
14831
13394
62781
51966
51712
13282
13001
80324
60014
29940
95698
20007
75978
41714
54317
10571
27955
21834
6066
61353
59300
30352
42314
53874
62771
78817
93555
97429
24412
57977
33462
10330
30267
5736
11251
81266
6585
56960
8165
6331
91817
41758
19414
96006
31830
65431
62104
1723
9026
25822
74946
61437
47062
46617
97873
21758
13678
97093
14638
62278
42556
96137
39753
88613
72289
86054
32209
39281
2389
35490
71189
45055
45617
73339
87761
95311
28674
53346
76735
50871
54204
22487
12172
42829
62607
68576
75980
81287
31402
95428
55981
86767
96088
30770
64104
85780
47875
79736
59136
33246
37469
2000
50742
47911
82878
79442
77536
35337
71089
42911
58241
36583
882
67881
58582
24347
57328
97772
16313
2855
98222
46823
15428
92818
23341
58513
8414
22742
42939
85890
34510
78134
80745
67767
71372
91276
49241
61253
19461
96460
18364
61339
85647
34597
36131
34682
82673
50908
65091
70885
98129
33300
45633
36012
91945
21750
54077
25873
32281
59021
7547
41402
66460
10932
6816
94520
42750
39280
10304
28177
18155
36064
6552
42312
92944
6304
55457
81678
85408
93853
91585
35634
65136
52016
73386
9076
89061
46
38358
80199
18060
2830
51756
35479
54012
39716
17542
75720
67931
81710
30925
48767
15548
41858
94233
25278
45061
67498
7047
93892
17138
70050
71398
26758
344
67423
59656
65201
27121
31212
64408
89645
36780
48058
79193
38478
29372
4765
28025
40319
43013
42745
11246
84927
18104
96440
82172
5386
64771
8439
48310
19086
69403
37842
72198
1871
89686
81447
65917
79411
51622
22523
95606
45894
23271
88600
7964
81427
24344
40549
1335
1212
38578
20083
44846
2864
54049
70838
13194
40998
60331
56446
20129
22880
20194
98187
81817
19179
95641
39480
64001
71176
1887
31490
70113
30298
48247
80550
75887
67354
74022
19891
54736
26217
38181
70648
32677
83850
93382
54960
52639
15667
82875
64761
61053
71864
62171
60963
40252
7171
32085
26425
21413
56022
32353
35068
45506
24993
76250
24118
17424
44815
93362
65381
67321
45126
92503
40028
69652
1151
72531
59906
3682
26370
74688
28389
89344
3984
77857
30476
81217
20560
80488
2965
84044
55732
58812
24466
19789
81848
66373
55812
97009
34870
76739
64196
48078
39050
9592
60874
97764
83750
65415
84098
52368
69881
48141
50151
50478
27198
56903
32616
54268
54345
83071
74535
26264
96802
45700
39999
20066
28571
35411
96721
7243
17122
50524
9911
53810
14960
34917
67316
82312
80486
27560
30857
29162
43776
49188
90322
94445
79976
57438
49144
33601
21845
87731
45331
64198
43456
53554
60209
90989
33947
52260
56861
30387
71708
18897
21056
74201
90597
91990
73241
74400
80797
66611
74734
72134
40928
40827
36922
87706
41440
73848
13699
70193
78722
29396
96897
65258
7999
47543
73223
40470
32318
85446
53514
72196
63942
21871
45601
89669
61317
35473
19618
56624
95929
15263
73456
78957
11326
93135
92690
2140
4546
38154
22627
86878
88750
40790
66300
23430
54256
97604
38497
64755
38203
69623
35656
4417
30709
47150
78389
38381
47026
7552
46798
53014
97200
12389
64807
29832
27729
65316
19466
49626
60802
65188
26235
30304
80278
9354
67615
91430
3315
57405
21735
70019
22902
56948
42914
53817
10655
54074
84802
63373
3630
79280
1124
57538
50328
5924
720
75076
9898
51019
58299
45357
7316
92455
87883
92592
3685
78122
19118
73369
45900
69719
6594
41939
80231
84185
50307
54358
3299
91298
5896
63245
70724
39451
49916
6714
1214
60998
39524
5465
93201
59609
14611
63644
78332
506
13433
14333
18274
82313
77068
90545
34514
27091
66430
73999
4917
5428
60555
62320
23210
90941
43412
3665
56580
34557
7270
74921
50820
34235
90827
53287
75239
20444
83683
34410
58790
32269
29990
20331
30013
43068
10391
662
96615
22260
74560
29461
60462
42208
41065
2083
3801
92366
50371
20671
54422
55541
15104
42708
17486
44613
31692
10730
24161
72186
94997
42051
17690
74406
14507
62816
64948
78261
95709
54935
10736
1205
4469
93515
28011
52412
21998
84407
26975
42472
74157
19955
31369
60728
88382
47767
42603
48048
91675
71235
25350
54627
91966
66573
90153
82233
20263
24863
9562
46562
3855
38072
58143
20255
89664
41289
37321
56777
58548
45022
39826
63247
96976
11023
65328
3360
5742
65682
3441
94376
73052
44509
71437
52281
55028
78022
17200
35459
97942
96686
95502
9701
70259
10259
42135
58712
36401
84575
75159
2907
21397
92454
76142
10131
80164
62722
12196
98290
29389
26023
34558
53818
83740
44339
77125
4359
60695
66511
19954
18800
20431
94979
96916
75899
24882
27244
17760
58459
40083
28735
39688
27789
63793
40706
16166
52155
53195
56160
35057
7578
33699
35642
79850
28576
59223
14021
45512
5864
91831
65109
47397
29936
33546
380
6495
46730
50306
15094
14526
66672
95239
57227
64288
2456
21023
54664
49037
21511
5933
23683
24973
10168
33621
20482
29138
51327
52519
35119
97027
78287
79072
34615
27088
78810
85760
24096
73994
5406
30829
32157
65995
48395
51222
47409
55634
94603
8061
93394
1508
81776
78587
48267
65440
29675
91753
544
22966
95853
25743
1024
54775
86271
18197
85588
24396
64252
20697
88430
45906
23745
1808
30315
91374
96712
77261
46728
11778
36728
87846
62287
82135
16896
34024
85982
40458
42338
4449
20037
24717
47817
67559
57655
96648
43606
80866
87987
86403
51263
43754
30622
5663
93564
50994
43994
19816
34366
97287
61920
39778
44834
95827
22983
49046
23817
43311
75743
41601
60973
59060
37903
51753
65195
74636
48381
75574
95706
69999
49202
10424
34944
3024
54594
34878
68375
61447
17404
78976
86263
14294
92124
94208
36659
45205
67957
5609
37808
20729
14706
97578
31543
16890
4493
7508
76770
52139
26168
1086
30808
38762
58843
86814
3506
67570
60471
82813
67029
82034
2617
32843
26905
39175
65581
88504
55315
51789
26427
31931
13501
37834
18514
97052
30623
27421
87506
22547
92272
68795
39877
12123
72148
10075
72655
76349
34734
88561
36608
85477
82932
47161
86683
70911
26336
96490
82780
81191
16562
27946
16420
22194
34910
90420
19234
58822
7220
52454
81559
88127
81304
94966
40919
12373
30928
2297
72136
48604
41239
97672
80796
5808
56632
69898
86417
31069
66898
27272
30918
10368
2973
93019
9392
36438
48655
17951
81003
8933
26519
81909
15558
90212
51603
18693
65911
83356
35254
15963
14791
56457
8190
23287
8469
92307
13714
73316
16555
54749
42866
36961
34860
34087
77124
822
20931
81437
61394
46315
43857
77733
55938
58724
34655
91372
77226
22917
96350
55218
57478
10948
69679
96214
78497
26477
25341
52930
7768
59587
8642
91730
5975
83002
16379
8738
72799
46726
40345
7835
63215
90162
85894
46305
43482
55785
14848
37740
45532
86705
45947
50785
31940
42089
42245
66325
13236
4966
66958
73332
71388
55236
82759
8322
27765
30979
67894
20058
9844
66277
76528
64547
84693
14935
16143
52751
63546
20799
22352
90242
11926
39539
671
40611
64511
20271
62687
78601
15907
65750
38291
13080
60509
36974
3256
94643
74940
14233
74939
43692
10788
52026
72387
30271
65062
48559
30349
84383
57791
86387
3035
67334
15089
50730
26279
27568
12954
38174
24818
71585
97265
17494
41749
1667
12264
34653
66560
77945
61130
25709
50333
72375
15486
65129
1805
6709
6
74695
33588
95333
84120
72911
41669
42468
30178
96945
60426
62779
77949
64869
44665
79357
18389
35644
17383
92104
67714
53608
5746
33796
25339
2028
70880
57942
24458
75865
25098
74482
28614
7295
31450
30073
15450
28563
51003
91603
11262
10855
23320
85509
14240
70926
68591
72415
76802
7443
2716
77783
59991
47481
55728
73687
93857
90570
78166
96631
74585
84226
27151
79722
79942
72098
63627
29824
58114
90110
17199
35723
27575
66914
33453
32490
87741
85251
2330
28952
34619
97501
41044
98043
80648
82212
50040
55582
67205
44839
86237
53427
79770
48178
73484
71649
62694
79948
64213
73874
57864
15302
80643
49100
39491
11093
17088
71497
64125
19575
78845
98097
95742
27493
53822
39924
13531
31425
4221
43040
4149
20088
96212
72209
97769
43051
26373
3037
9838
72316
95997
14163
2810
36981
64206
24369
36201
42370
50619
8572
39158
76970
50399
72231
93827
41671
77454
3698
4357
45384
79819
49216
90763
24838
28181
65212
49722
96496
83939
7321
82385
63519
59763
81576
88496
27239
80613
88665
68970
35208
5034
9918
30535
55943
47524
25095
16669
27263
47623
24530
80387
97921
44328
44430
28413
533
68568
72948
8113
64819
35736
5625
32530
22921
55282
94361
18900
50412
62136
26153
44798
48690
41835
52038
36334
77888
69498
77915
93255
82193
84102
14017
16703
63450
79431
14956
48079
18470
10549
84830
12290
26085
6409
94969
14649
23552
4056
63432
66935
66347
64124
65021
32021
10647
87167
44718
67062
29217
4028
50083
61198
22324
50505
92591
51167
27041
63408
21681
17060
62967
761
84974
21793
97532
12101
48380
47123
32990
12753
30110
98137
10963
18236
10737
93489
70652
73219
76262
96669
8557
89198
62167
87962
19247
64949
12596
30602
43733
64223
56307
97834
63914
97470
48236
55487
1774
67121
29957
48511
58058
76826
29563
56793
16030
1474
70771
97800
10994
39857
43367
38501
29356
42102
49684
87313
56620
37424
47398
72708
33749
92408
84801
43997
80500
28053
48953
10360
51752
40436
52144
62255
66505
77655
95578
58197
28445
31503
36724
33222
17127
90749
92908
65849
86977
61739
54226
34536
21592
82087
22655
78417
27395
89168
5072
23886
42611
17141
87684
41760
13573
21973
48725
62611
44552
7108
31226
76996
78895
96133
24237
89866
687
16029
37299
77947
29019
61804
33388
76859
93482
6061
41333
27319
72982
2903
25606
30459
19416
63741
57441
60266
4732
39564
25725
32235
29979
39492
41069
12277
97926
67198
84252
1166
38955
36599
44263
93898
78555
46267
51639
49572
9887
21037
28938
53876
39030
22420
59490
36653
55806
27416
42059
15011
14049
59928
28788
66952
31357
5009
28868
95158
88629
20698
80191
10707
79680
3883
812
90021
54673
34288
93178
9048
9178
35148
32543
97122
86965
94045
10984
32906
23775
27051
95264
58158
25939
84310
56656
82996
90283
90997
62565
87351
43452
26403
78633
54223
59361
76183
90365
19983
43195
91160
31132
20371
40523
64386
49597
1856
76054
29541
29005
14622
65536
25038
84564
95919
51616
70320
39605
28597
82218
62589
61074
42959
84434
23335
14918
61177
76567
24426
2499
26564
68947
48796
16025
52997
3879
52805
70159
52129
40486
9530
97980
435
17156
22554
21449
98224
12656
11710
72758
77494
94221
17417
97569
4142
80520
64672
93651
60083
83115
95757
90046
26458
14732
46550
24187
19156
26003
47970
62134
73667
75259
48902
39677
74402
84037
57588
43175
3772
75928
60597
39794
65576
73983
78218
10324
6499
68295
13010
31406
84239
8546
53533
17642
47338
21919
91569
15091
88264
91122
67502
9496
74518
79271
23174
59700
67637
39820
97867
96035
2346
72246
73845
13192
53607
61801
40822
17699
90255
67876
24291
73111
49688
74888
85670
89008
51522
35395
53033
76018
13888
23793
82435
78795
74281
89459
85964
38547
37995
86330
46214
11555
6568
35658
37311
76004
37825
73113
27108
48860
72688
47030
48608
50792
13620
13569
11341
28254
34283
89689
16321
51909
67593
78350
47632
46202
65385
31795
83330
31649
88818
23870
86077
95970
25099
97364
43797
33286
41151
53339
3045
31060
62526
5238
22090
6273
36942
18868
13267
47801
56865
94947
49080
70708
30549
9208
75973
34064
13386
48601
53152
57755
93226
38923
80208
29151
72327
13626
45003
15698
49939
75607
96903
83725
94443
50893
6220
18856
88032
88039
62692
43635
7471
91984
96501
82282
70304
96856
24827
24364
66981
85978
60738
70990
80667
40438
9030
