19585
40815
3707
31370
25885
2727
1118
15754
26448
15943
8244
12897
40701
19436
32958
16655
13356
17335
16949
35281
5670
31584
476
31453
12786
2711
35554
13885
16541
8573
36891
39798
34295
12853
3160
38925
9629
16193
6275
25191
4351
5132
29144
7239
17671
39174
7976
32063
1034
22218
5917
26752
18778
35360
11069
27549
1749
22054
39439
36477
8218
1345
21751
34854
37583
14218
11717
7121
36635
4520
15988
40057
20178
11359
22033
4866
1994
22920
30745
8017
2986
2246
22034
28391
21757
25097
36446
19208
39399
33463
29280
40510
28023
5107
20273
19647
2833
17513
29323
14918
18385
5600
37656
3021
34867
11431
40104
38601
35633
14597
5881
20822
20901
28594
9203
5063
6407
5790
34174
25516
15512
29910
5041
36321
19698
15308
2533
9606
12450
34766
36056
1613
33975
33499
32683
31672
8869
8887
34758
31371
6539
35614
24954
15464
30439
11478
3314
19226
1661
12727
16426
24794
20853
32781
38453
27997
38437
40056
27297
5533
13366
38331
630
35545
22229
10611
2740
3959
30785
37529
9533
1363
7334
7251
5768
548
16889
36403
37112
21842
4919
18867
37267
670
4809
33094
1955
10026
24468
40393
39121
19028
19724
36095
36440
5581
25982
25607
24610
18309
9651
1055
21659
1188
1091
25534
31731
24787
33037
4490
32031
28085
24917
781
31430
8426
38945
22972
8586
11872
28578
402
633
14513
2610
37840
28411
28197
23674
1837
15334
4458
39366
1063
27677
35393
38713
37489
33473
40400
30989
10142
8656
34762
40749
2040
40135
10486
11247
40545
9723
27389
38079
15700
15561
10281
13032
5498
15281
15603
34619
30360
1795
34919
31380
9346
7298
10154
24696
4913
7012
31628
28371
16523
27806
29669
725
3795
6529
33553
4777
40636
37308
4798
40020
30825
38308
3248
6242
12464
13581
36550
26004
28088
22348
38924
34910
36934
39853
18568
36853
36549
28376
3391
26027
38448
23374
36948
25748
17754
31338
35203
1917
22255
3942
19162
7761
22991
24229
40625
28999
24760
27980
34620
29465
27324
25324
27107
38030
6398
