90874
47364
60982
41082
89531
58941
88568
13391
41854
40146
78989
90845
62447
61179
71686
62474
59184
91845
6712
92114
11765
12639
29340
74038
63220
16292
75839
84435
70400
38356
67035
88995
81863
61015
19773
25661
83240
71298
62644
68737
90593
18171
89257
87054
50335
47564
50759
54359
84953
3794
77851
82925
33820
24817
86255
64184
11223
91429
79692
2960
81999
74667
33614
61724
28351
9403
88188
33716
70589
8494
79578
57143
18981
59380
39800
63399
22508
40123
28027
12156
45165
35892
11756
60599
16947
196
80739
36260
26762
26679
39276
26814
42861
28014
24245
41395
72721
50778
79261
79656
46549
19525
73832
30941
42833
11945
48113
8344
85767
20478
63301
55641
70188
50330
66687
46303
30040
62276
61399
98195
4325
40937
28912
8828
28446
44286
93554
26784
73517
71081
22185
68552
45293
60053
92660
74506
48237
63137
35431
47906
70426
76458
51128
44498
92136
30645
64987
35712
88070
47164
94954
22247
63008
71897
83577
27355
89796
28182
37753
19782
64378
53174
27321
28170
5701
84062
90078
45671
5293
1780
24358
33008
43678
80950
25548
46235
29354
26666
85582
60437
26429
66413
95300
8740
70722
71506
14731
93767
14491
53466
6844
49725
21719
72057
87024
88419
85576
3623
20050
71917
60560
80471
8617
53041
69757
60783
32964
10729
3576
23567
25299
25213
37069
73921
58212
74058
32500
11549
55907
37982
34602
27512
21972
10118
96373
39482
36039
84730
89467
8046
53097
54557
37421
76956
34677
97101
36512
94832
2745
61195
96150
49736
29608
67960
49107
57307
86227
88010
24855
28751
34200
88115
85722
88108
95003
95375
73138
35980
53330
18836
88947
77988
70149
27472
78357
86635
751
3826
68442
48857
60352
69093
42566
95
43785
14915
40853
60470
2868
59020
47217
47522
43050
61845
91048
16041
65490
54934
18802
72800
50404
26293
54473
77430
2703
54471
33386
9642
4398
89448
42437
96545
5261
12511
8160
25487
24270
44015
44036
87298
34000
23142
29123
43719
68190
8278
72618
92240
96556
80729
62241
274
35514
36710
2097
50695
74076
15981
56850
69124
83733
19605
74748
95199
271
44598
89663
57378
39966
60156
4351
38607
39668
56096
59837
21512
27618
89692
80173
21346
19169
17915
95457
10237
23630
8672
66341
42624
18758
85733
47849
60240
17251
83407
42400
97813
34541
58281
95226
36258
90693
40443
61132
65564
16204
68062
87000
57246
52853
68701
55976
60381
87361
65879
80249
17165
22313
66228
6836
15458
62832
43749
86360
75026
65303
33487
40011
43464
