24649
26517
430
859
25232
11565
14659
8544
13181
1926
6808
12731
10394
21380
9511
19613
2476
13772
6516
16061
13968
11936
4571
13429
3855
15245
14818
6412
6668
5698
2821
9528
7945
4599
5135
16076
25825
10093
5984
811
3281
17870
11955
26501
10738
20427
25568
22409
1533
12780
23391
17060
4016
6979
2456
18514
21931
7214
7631
25543
22331
5197
22257
11282
3711
1024
19253
16970
13727
23186
14752
15593
20231
11880
6169
18126
3938
3742
7581
3850
16847
23174
16247
14725
7344
10038
15481
20602
16320
7678
9668
1412
25077
9590
12270
7719
24761
24657
23927
17283
5910
10136
2423
11007
18948
23337
2698
