68324
512696
296139
68741
173670
419634
240803
525989
460883
39234
129729
241914
339905
81598
68948
352116
78016
173769
220992
451489
46129
464354
491185
472677
386770
74304
442501
308045
75981
151900
92944
436415
447147
176405
165879
3933
497855
99334
326262
228723
154572
241293
5539
225296
295852
335657
261849
95487
181828
445165
115579
268166
7693
8088
36112
314857
116260
453495
107724
33572
507804
149691
316040
354059
100743
374216
513391
27289
331190
376142
415233
534183
60405
340063
309108
146356
266165
72304
226771
223455
83095
307152
137715
494905
72278
318701
109298
192399
404813
373151
193234
405109
351664
431333
375523
164136
289134
132521
352097
175410
93952
385849
416435
374070
398449
167186
474965
185336
337347
469757
492325
171928
338383
451088
75803
202119
304649
370931
286989
28405
498968
22645
272367
65876
241932
94330
170384
444472
249346
143881
132789
401103
182196
331603
209848
333160
7975
338826
455843
363675
176123
450470
282197
91694
11427
201791
143425
156949
461456
89187
21161
62232
191058
30874
223580
246394
274995
72447
22072
301010
526635
227985
62435
496740
35909
471931
387967
148551
325532
388307
105846
473246
533809
53260
267513
513502
156735
535346
269102
239046
268532
242607
329356
222429
88341
522614
101700
111380
530986
108081
315379
493145
242341
115335
531672
463724
77134
433398
409581
304669
51652
204893
463512
401001
60422
67056
67106
90359
239089
5997
305013
48643
17489
362212
265478
336386
242038
177309
168572
302018
394754
408009
1981
271490
13436
176748
149823
348891
246051
334164
371574
88058
274509
399110
146247
6100
394808
177667
125406
413518
65467
371895
193360
361323
259944
41669
242745
102303
409871
224935
75138
241378
114277
206693
95108
356770
244307
26698
281353
257407
402210
45084
409125
365144
273536
268635
333305
460878
408221
204549
479396
304675
394854
494267
410970
447967
396728
106481
230086
74182
357885
339340
277541
92017
379762
333398
143893
112497
454207
519297
516672
189108
91193
171872
530289
401576
397209
127189
71719
58270
324284
91620
24798
65568
336864
478574
256252
532538
465924
107746
210839
383873
421593
411960
234287
375291
342995
108144
156380
74591
211667
186649
181527
47650
309203
327548
194118
137114
487399
294663
347443
193819
436085
511819
65370
43675
222177
235501
323009
180515
257887
310516
517424
473326
338619
456496
40629
322371
369522
486109
126945
507891
138066
446313
131296
24549
456745
15948
277389
528461
22560
146192
158861
323268
180778
320446
256215
77380
74009
177673
370185
492585
268309
471659
399472
357206
93470
28360
497585
261773
16572
322570
145811
408459
180091
174471
116642
92792
306445
17053
90035
358545
525982
299033
287634
169093
351583
101709
84006
490673
504807
275083
93521
330918
530062
175836
222039
83890
281845
164770
387505
211549
327375
444886
431492
459858
69850
360296
221242
94459
531160
410401
426759
339865
272562
148676
419830
519279
299937
202866
110969
425787
19002
504510
