89718
87403
26294
92641
13863
43311
29501
72486
8898
80926
46559
96140
3975
72541
78043
80681
25050
43009
87907
89619
15553
90577
45249
40120
42538
30196
80180
60846
92996
85393
50622
41261
24931
24817
25569
74779
66995
54379
12765
80249
85208
42886
90979
16731
90365
42134
18169
47103
35986
8556
35183
26676
10965
62750
42328
28571
62072
89586
71841
4544
64850
92119
62703
37649
54555
91793
53035
93847
95702
43880
4959
52141
39470
91011
22580
42498
2611
10258
80454
18364
71929
89745
97678
97736
80551
82787
10859
75865
91953
6649
80307
49958
80916
69606
25255
33789
70670
54310
95776
25597
70805
79725
45783
33785
42333
58849
56434
16202
91779
84945
32736
34980
13275
79707
46575
50894
5894
89047
63044
60336
27875
37691
5703
29070
41600
48984
69271
65669
42705
32210
15893
69817
83083
80239
75115
58868
60136
43980
94993
7771
71688
45596
71714
2293
15587
25003
66630
51097
97109
90707
4506
45905
86011
96839
34394
40968
8792
30093
54801
75676
87888
58795
61114
8053
63918
11192
24499
10728
26196
15769
74377
26326
37638
20411
37066
12281
10202
23306
47104
66948
54458
96492
17835
53610
42270
90466
41509
47605
74824
40822
64087
25910
97159
95866
4116
7129
63046
19250
90109
67058
77022
71203
41026
4851
50549
39628
76975
350
92840
5044
11824
29752
30514
11678
94948
42614
37330
56826
78865
3060
82122
23100
68153
43540
37640
64020
96326
27470
54029
60750
83688
872
74983
70163
35280
33385
38882
40494
31445
28021
22314
43759
56436
94489
51789
88099
20533
21700
68520
51848
81217
57491
2207
81197
64886
28713
21691
4810
58130
47881
61792
23567
83196
23553
43082
62406
27430
59839
46673
39415
76146
58586
67944
40807
57562
34724
75579
12331
75657
4560
82151
51813
66621
76603
54257
27465
9470
61483
3257
44349
85375
71724
83409
96087
44158
75139
76023
2122
96274
40115
86978
96495
42737
44526
62627
12675
57304
69627
54429
26227
38811
3206
17596
79869
15202
44393
43267
46757
30046
50398
74560
73415
24456
12168
13139
2617
8297
91263
63702
45966
59920
18639
86429
58635
42044
11546
75820
53544
70002
86124
70702
16573
92434
36392
45515
78140
93809
50850
58989
3821
93083
49397
78669
91931
56231
42844
27768
78687
69590
11372
52561
70061
76471
7918
56299
40407
80518
41594
25072
87392
27764
76829
16305
29448
84909
41456
85070
14394
13022
96107
59879
17482
52672
28035
87728
83313
96924
92537
10632
25844
89856
18526
95999
25562
81757
37001
3530
22897
71312
65510
86202
85047
59376
60528
93852
47435
63307
66038
9930
1207
61911
82385
32343
64688
15870
13560
62903
31039
19946
92319
47050
96004
58353
65465
34158
21129
68684
5070
78474
10786
93084
53149
94888
85067
35037
5981
54344
50011
52245
97705
21601
60674
60697
67836
46100
78423
61572
73554
77719
2081
32493
77614
16114
95271
13585
88576
26137
15516
66144
8373
5702
84818
48572
5559
82447
36285
80232
76889
45379
41669
24453
81984
5624
89143
87416
19646
93728
77530
38424
90581
19221
51131
53372
43132
56931
96823
2530
42364
66122
84274
25066
65767
56274
44771
77488
16878
95483
6147
56120
66842
85069
71340
7394
22350
61002
15227
51555
51218
30472
73549
83021
30790
90510
32681
72074
73325
61307
31067
60279
84275
4412
86586
63332
12396
38769
45529
76318
96642
8690
68131
29186
6678
32394
3402
62694
72338
58770
18819
23979
32636
45923
42880
71868
3157
46904
48235
27339
3575
2660
76806
11798
75418
4417
50299
58464
34017
97352
74131
87033
88297
36748
98267
41104
35387
26152
86043
62784
85898
91198
50791
23322
32264
38516
48344
87845
32610
18591
44493
2369
28118
26587
54915
13638
67782
78917
71680
27150
43522
32455
33677
35946
88364
92305
92665
35315
78471
96333
79466
51675
94943
81003
15150
15506
24500
84927
95690
58822
69656
95216
81116
27262
34994
75356
69465
25579
54562
23226
43287
25053
3369
21116
97538
61810
44865
39337
6684
98290
22714
52339
29062
23543
4325
43002
52271
96430
12417
29711
30513
72051
9287
72022
70927
63343
95399
77641
7728
75778
14706
24613
66572
91361
51412
88152
15050
22540
43285
51523
79063
54988
35641
90833
23644
57733
31885
67291
83459
63871
84864
29357
13056
37891
72196
21088
67654
25814
74941
40456
83904
44220
50524
56762
63906
73576
61619
62027
29758
14190
33395
71253
47302
39839
82226
81094
45117
43974
21768
35048
95732
30913
55206
5909
81362
72412
64932
23836
49352
17980
44820
46234
24643
79781
41302
90168
66916
16018
11342
28387
72193
15313
84091
92944
76901
36116
6833
36355
37253
48307
83367
72782
44885
34574
71838
24849
75528
19240
88269
58006
38588
42482
15378
68666
76232
41196
49799
55841
42619
39698
55043
27295
82669
55363
22900
42814
63882
78009
28141
8135
4284
66722
2595
28461
16447
44143
53031
21500
34688
62214
92817
87650
20663
75036
34454
87494
21918
37948
48905
80614
17665
69198
34315
14973
69790
88075
23210
27172
67629
74002
91041
48788
43000
54486
55098
31409
67467
29831
4831
96535
43203
85845
82829
20182
12760
29575
10974
28357
45432
18396
85228
17853
86597
50224
93912
21749
93880
24095
50679
85126
26963
72495
92609
69209
7793
17006
65782
55219
55373
79788
56799
39379
6282
64910
73068
72451
32168
60660
27192
74604
14436
97238
23197
9577
78540
89187
88252
80899
32552
29878
74533
43829
46419
95489
7798
41929
9672
14739
56553
17707
19960
49115
56007
7936
27549
78334
10598
29003
78755
3649
89129
32124
44083
38273
6133
20595
30553
29300
7845
74409
94535
81083
57311
95766
36389
83607
84903
93241
61416
64614
75856
33408
62106
27657
72688
72207
3429
41366
14395
18890
25418
90118
1966
86240
26485
10537
19397
28365
87136
91172
43953
38248
9631
92240
26394
45773
8921
22357
56557
20669
59863
75417
47112
20956
82116
30661
61648
41362
87300
36586
73116
14609
47642
52696
18460
17630
14130
41698
27032
52756
15642
97118
30675
4694
40808
62398
36771
3454
7232
23723
96674
40194
31838
6553
31869
19428
20629
14678
65910
66616
46147
76353
90919
26033
8331
47012
29470
70660
5698
81694
42966
35501
81578
88121
58560
54432
59918
77443
20997
10642
81252
47096
43941
49476
69224
59994
39666
8629
46677
67792
28169
95333
81969
6463
40110
56445
54681
39710
31520
9980
96236
66887
82392
3808
93020
44209
41165
824
25334
64365
32625
45013
48660
88086
40786
68365
81883
50159
87868
62529
43981
50788
45784
49109
55020
82925
46297
11890
62572
97593
2979
70915
97968
78320
78909
88472
77648
62217
50833
91291
38232
92206
71261
13396
53677
13552
21877
37336
97495
12687
31562
91784
97447
96727
55469
44821
68302
56374
3845
27167
95069
60019
50156
32186
55448
74781
62669
40446
74815
52565
66230
57176
13475
92071
41682
93551
45645
42821
58676
59502
83070
14665
18433
10988
34389
53776
3054
43091
55108
48718
84470
13620
3400
36099
71598
87686
58675
84508
57201
83697
18745
51026
90926
24591
58371
97173
24423
51756
93429
48821
46172
43105
72010
36826
66682
75060
26733
33699
14766
68697
91492
29443
42668
38253
95741
50834
34240
22528
16418
43383
79481
54193
44670
21696
97359
84925
84016
39010
57563
54774
95136
73596
48758
21267
13207
57200
36960
35570
91218
89199
69750
93095
64486
13546
88232
42780
6809
23106
36502
76702
18073
43005
83807
90636
54469
12112
35948
95338
7764
9341
5982
76596
81038
64923
94496
13210
15180
47029
33801
78854
26611
83088
26853
9947
61214
4416
70252
27947
56967
64706
27078
22916
91510
54931
36901
13605
15755
66739
93864
40858
69029
51656
97873
36845
48433
20535
72607
36972
36614
92297
61872
33774
31302
1585
2949
46054
75599
70995
17029
51213
32356
38860
31935
11446
21432
24525
78096
46136
65914
25260
60422
55475
35502
33790
76693
35606
75722
68010
96861
11207
58589
55001
14231
26304
89985
56797
54854
66737
61727
31933
82408
88532
7681
51339
50435
23123
12246
61413
46784
42455
84161
46474
67160
17257
33687
39785
87085
43601
82033
22117
21878
1148
51762
22566
98129
36353
55075
27300
67108
46945
79886
83790
47837
30765
22092
70620
66006
66052
75539
6311
54136
27797
2913
19228
65733
55526
81676
97494
51995
32667
83541
48434
80125
30454
73052
56387
93214
22786
18104
44943
88792
6939
91199
37056
26153
77027
71152
24508
75210
92568
69361
18988
40735
62048
87639
90465
47988
58938
71188
97897
22088
68396
17996
72403
18260
12756
91450
16292
37393
87380
8390
22067
62273
33398
57483
27648
33457
39753
33959
52433
82023
39222
53445
68183
71736
82853
11846
74924
37580
58914
32688
56005
91675
30858
68108
27913
29429
13613
62289
58412
8833
39540
96659
43196
25578
46162
92780
22600
8781
10599
43823
28544
49988
70961
25585
1705
81412
97861
72118
12805
58603
62829
69589
27630
32522
59904
6345
81024
64223
82887
83456
86758
47367
94611
32326
23819
10766
73444
58624
44369
44319
78725
38160
48994
94298
2302
47009
86210
70283
80220
19414
29260
56427
89829
4818
30426
21851
84769
76445
63087
14282
1035
87003
15416
89762
76361
44113
9998
20504
59653
87093
41834
76896
60957
60043
11160
94183
95025
68699
89616
10631
86021
49851
86704
18711
66713
91290
21682
36883
50829
85696
70792
65096
54320
93722
41993
55587
8050
78696
33316
15118
67200
64985
51477
98103
81201
19644
56966
97693
55504
63330
29115
40428
69468
59424
21489
73332
41592
30945
42982
18589
18549
14146
50594
39595
10578
2205
18091
45012
32260
25829
63835
87341
5177
78634
95936
85449
14767
11900
26826
55588
73254
50496
1853
42952
33952
74529
67693
11466
12175
7521
47590
74737
95698
21027
93565
51688
35398
66609
33460
68128
80913
90888
68817
15794
44167
25605
62390
90512
52317
23285
19824
61414
54546
48681
84299
10414
31028
42704
56010
63781
78641
19354
57846
80808
81132
38851
23629
30690
10440
21897
63901
19378
92719
13224
51796
21087
86046
85341
2179
84901
37073
50498
68422
92784
88058
46480
76142
59611
39407
17383
36804
37435
67180
54133
23684
73943
30325
69016
23042
36275
77823
63126
24232
87967
40580
9101
95045
16173
79512
31357
9273
87069
41255
52523
8140
49327
88802
89892
25387
91161
67061
70388
63695
49789
3056
52367
60359
23590
38086
39477
51253
84538
6399
43083
73209
54491
70817
80165
87037
67563
86933
58982
40722
17886
82748
20065
62352
85209
38631
34998
55415
61492
2990
59060
47925
87247
16427
61835
14538
46445
28773
58913
29323
42334
23267
78026
95848
3625
36799
3810
86275
18608
26985
45361
7340
25531
53625
12591
50580
83724
61268
81789
28140
88793
13394
23776
44371
15847
40534
20203
40015
13828
89389
63969
51684
56863
29048
12121
49377
25152
46323
95610
12009
55264
46938
36610
69367
50362
71632
92174
69030
27599
15158
79401
17649
69444
82183
37408
56973
45351
83249
26201
96225
87673
84164
6781
79256
38793
359
30750
68445
66321
16599
28987
74851
76216
24766
42083
35597
91515
94614
88854
57324
11158
24802
68037
41053
24216
47484
45817
40594
67656
44916
17439
60492
69190
12692
68097
67081
82990
76802
69344
95177
48042
40094
59883
74663
17765
89177
94205
76803
42240
34007
60743
52652
54662
46660
90782
13885
11370
47629
54911
9373
37952
66535
69924
43010
8333
55791
17099
84961
65496
94517
54394
43936
18153
67265
51583
84372
47488
92593
36122
8559
63304
71309
85484
34885
29528
78008
72870
24777
92073
40336
11458
24597
33775
10349
82651
44644
36202
96077
93351
66136
46212
77722
92959
46883
9422
36061
54928
67260
10067
11728
52856
83272
43027
90019
85189
48506
77609
71487
85863
52445
65952
10767
64116
52345
8685
67264
22033
54313
86744
46457
55732
27250
27569
84644
89098
25973
90897
30182
61590
54143
40821
62171
83667
45440
55453
58655
24008
49584
18047
2458
80816
49602
33347
34020
95096
27093
18323
69405
1757
47161
18666
20167
5627
91835
66641
97020
92734
16656
41820
52833
75267
41184
2961
63370
39887
74887
25092
2527
85968
29651
68761
82489
47964
59531
11388
70038
42864
75443
19454
13592
43837
31420
88609
63827
8539
34238
55314
55667
86602
36690
78991
6164
40006
22631
75770
16309
35196
10916
58823
59138
70047
15353
69950
48079
33359
90641
7988
81595
48119
53974
68150
54017
89121
31621
23685
48364
49002
70236
679
55387
69184
52085
38120
66124
64374
72402
87605
11749
68786
96421
64325
58402
95012
88359
82960
60101
69866
40422
60770
44831
35611
83375
73021
29095
75119
2254
76660
60337
74705
23881
39642
91292
11599
83940
45809
98155
29841
81190
73003
35422
21192
94292
90499
58293
21358
26281
4332
13633
50665
3130
67436
18893
49126
14065
12018
63045
53914
88168
44099
61747
90725
83301
51483
90285
65052
22799
64280
82133
46340
56552
16911
61094
61250
95268
68572
91733
28432
47939
55532
21785
45248
7148
43225
41399
61814
77946
71846
98274
25745
66310
17163
26633
52171
48263
60805
44452
8023
5462
5912
69388
84781
25351
46885
22280
62824
54889
78196
17921
3807
68888
23375
52532
40692
17994
28323
63713
53050
74095
56363
84498
8103
11551
60204
76545
63194
38754
19509
58114
15913
95324
92708
66872
1259
10419
48828
94642
48745
9882
58009
53259
62839
82478
57990
86975
79251
8494
6017
72016
42702
45709
42750
25624
30208
26320
24903
9839
18908
7374
93859
49407
49830
66149
5496
55662
77635
53811
6233
59338
17699
47766
87199
19158
54706
15169
95440
96695
16539
68231
83449
45734
24484
64135
29678
10573
23902
69161
38211
57611
10991
79354
10280
82492
17160
20996
69103
22099
70132
74103
29920
15255
93112
15752
54297
9029
77983
42655
10073
86465
6041
10429
45447
45245
54192
74759
33439
68124
63103
43623
69735
11596
87548
75098
38774
31494
89070
7298
84075
74253
62751
82360
82933
4221
83997
11951
51840
4637
55479
782
31074
59462
4920
2757
46768
56108
43162
35788
7024
4608
6705
44189
18917
77626
77231
80530
92882
20561
81316
86645
54422
91270
45686
24079
62510
54425
4700
50116
2828
61527
74614
9086
75696
19026
15009
59900
35256
36311
10934
24093
44847
66629
1243
9232
62874
79622
46841
75552
29209
14681
27729
92165
9370
24795
9981
98184
7328
24410
95862
93336
34169
73369
15672
3095
74553
3772
71677
794
31022
65861
82078
94058
35815
30074
38003
69821
79267
45018
50169
55454
7923
67579
56092
48501
6371
96441
90335
24758
43380
95880
51779
33594
81274
22467
75534
61644
11833
95597
20517
39148
20269
49527
59728
38937
89193
46386
85008
36563
91763
37902
17763
73381
44394
38229
39645
17839
27531
4961
90871
69901
23429
20009
81385
79028
47084
83694
26700
62660
38447
90180
64777
10391
49662
88150
22482
57232
49023
61993
39484
76517
86060
14615
97809
36987
97024
32182
96735
39617
60120
68715
46496
40711
26458
28303
49505
5752
68865
83547
76705
77136
10775
95802
36349
24451
90216
60546
83676
12510
18572
43694
75809
20067
41561
72298
23908
56109
93580
82570
22510
69725
11523
22784
48767
86564
64378
62844
44259
65170
88021
72519
36249
90482
62616
14701
47330
89737
86499
54628
35769
29846
60318
47700
52594
54535
57824
38563
55199
80092
14740
38535
18632
6310
88277
19159
68776
11463
30733
13691
49253
8066
46929
47918
38044
32132
53135
11413
62047
69964
43197
46756
24375
28000
85032
64575
48986
11864
17541
28539
37636
37097
84712
17653
15608
41155
30479
61304
29380
13024
62702
71244
34709
74361
24364
93887
58110
36406
16701
7588
98126
32465
62706
12925
96538
83967
25858
9448
44229
5398
8654
55586
57526
64783
41613
57393
82869
26762
75231
78973
29292
34197
61059
19028
88182
7035
10144
86548
24902
80760
34152
22852
31351
18977
29456
33162
22773
71878
62507
32606
31671
26543
17474
27766
18847
3411
92601
77195
91715
73395
21983
65029
30709
4358
8407
38742
11522
59706
25526
55307
15850
95544
55165
22530
93837
91670
92117
4689
81758
95335
11707
22291
7355
64963
80301
20592
74648
73080
48154
31640
4347
12676
26486
31930
62832
98176
52552
25067
11520
14269
51678
17511
2823
85460
96485
36351
49783
34137
21030
29815
10720
18660
55476
34513
10507
2499
19843
66875
849
27623
53124
47525
75374
45159
97986
67763
41109
88917
52294
36298
95143
28981
3225
83781
71695
87310
70621
26420
96968
16015
9477
82823
93745
24121
10019
39082
92250
90336
96553
56793
88634
77399
25073
60396
42672
57804
58278
77203
49492
19839
83610
33922
8440
84876
3532
96025
50690
87778
53284
30475
96332
31961
97857
17093
52526
46120
20585
9791
23386
17666
89115
34905
15842
91783
85597
70954
47635
14047
62811
47481
22339
87755
57788
42646
41154
29677
23445
26882
64484
55023
86301
65389
52097
43497
10149
50502
70423
97420
39075
60063
75779
3590
77999
16442
13797
35515
77898
34599
57382
88454
58519
11730
27683
39562
89888
29934
85678
37631
9460
90799
52432
83811
35511
59740
58017
14460
77223
31762
992
32871
65763
90364
9050
15673
27920
79170
40295
79911
5395
62215
71134
594
20736
63830
93085
22781
96927
67474
36639
55349
87106
10200
19735
36251
97311
24084
23711
83002
66523
29614
3586
6124
964
74107
85687
81787
10050
41973
13163
17681
74446
77915
97874
79044
25549
9111
68196
61072
68378
25606
35548
69666
70518
72746
48897
27813
36159
60193
56945
71302
24694
97066
85096
74271
24489
43746
80024
54605
70146
39626
33895
94328
94178
94626
25959
96250
93318
37982
69012
59017
10519
20703
66092
63078
27431
93901
46977
48583
42449
92397
33671
8009
9378
39900
92903
91719
67684
68024
14423
5476
27196
96040
61494
46276
31119
61739
60714
8852
39653
5579
797
3619
30365
6118
73211
50452
67709
56581
54256
89326
84358
76389
65006
5548
12442
33718
14416
63288
11369
11134
45668
88196
61542
59852
79157
60326
11102
39629
28520
5502
22720
6903
50649
61312
2185
41424
89991
39247
95183
63352
77670
26036
13742
43193
21225
61851
57044
5842
97073
4036
97514
34325
63874
96094
74652
71959
27005
35588
20558
23661
54200
21965
3714
84732
35156
52111
53668
95225
32053
84665
36894
44361
23157
35940
37087
15486
43566
71186
80754
48521
51633
90599
86167
25756
55439
92344
21234
22281
41021
90059
47296
78077
12710
94976
15064
5910
38192
64195
44390
35868
36622
12650
69914
41042
51294
81295
27634
46986
51955
84312
35434
97930
35745
65699
7294
62364
87808
15035
67655
52490
64394
69408
54742
92298
10830
44791
49543
52568
31917
93001
88319
44840
4180
50577
71189
83885
19682
24454
83443
82029
55438
76887
35560
48700
54524
2552
94294
21499
77675
90961
97343
13738
29284
28714
57618
62891
2335
56222
93754
19357
76179
51093
38914
27313
81670
69815
19374
96957
32974
45805
61387
23282
66639
27014
54707
85640
33928
72768
82652
7874
53186
4553
18577
14453
91347
18686
9840
9553
411
76470
7846
72651
21082
4771
42081
31423
7120
67678
55139
48368
94936
95367
63891
53341
70416
17167
38987
46051
64506
76868
58782
18016
86660
7479
95844
77194
91412
77455
79518
18503
9758
40766
92354
28605
24666
90442
1190
37914
96895
43686
83876
52614
45750
60932
77975
35181
26398
42182
11741
50481
49340
38482
56897
40000
50573
31476
74993
11082
90872
63234
49919
61830
57985
94441
39131
47857
64192
59679
26084
75260
30113
96187
88323
40810
85041
80592
82832
7158
96047
3379
38135
76898
9847
4046
88241
92721
59712
82196
16937
54207
28393
43769
73535
28522
10267
49739
19991
11402
9292
94028
81720
62775
75183
47707
78234
14589
87132
41518
35421
35339
36079
78124
54775
24065
50648
63128
87748
64705
69191
41659
46237
95103
84807
41975
8049
43007
42167
5220
61815
15031
55861
32716
9315
71669
91160
29090
76013
66339
46218
2555
97578
9379
97217
3837
12585
82642
9569
97933
60407
27795
88911
73953
38375
63687
33650
34168
41984
41070
14222
55440
97378
62370
74709
33086
22373
31490
64063
63826
3921
51096
70514
39230
28634
24470
29659
24503
37561
18010
32617
91042
46608
71135
29973
6472
39420
13719
48812
60391
42198
16157
37252
93715
82721
42017
35510
53753
90354
20943
33585
43495
42698
52717
26501
68086
39081
49977
70245
77969
33846
11879
15732
3744
15582
52247
49725
26953
57430
27831
82227
38550
18214
73501
44381
85699
95760
54039
83044
14717
56663
80837
72853
74583
15453
19531
45023
70429
78231
97931
55441
83242
11913
85737
56527
61537
41460
22967
77539
81084
28397
49591
36570
91626
54839
75423
37175
61244
46433
88391
38602
83925
64395
86033
22717
44179
10998
12704
26983
31985
15243
28034
73600
46333
55355
38940
1401
21863
90698
40575
27277
66589
31479
87981
84585
15146
26951
9572
41764
13915
12012
19015
43471
6038
21045
22072
73536
91642
91880
80529
9090
55696
90057
24098
67334
85836
97326
47586
53046
81154
83033
39529
85217
67909
78116
5762
59065
5922
58905
4079
44170
82117
90302
58326
51717
89993
33814
47561
33175
72075
33730
97149
9104
44133
93658
49518
19598
32404
61947
50294
49507
47999
24056
28252
54226
95777
61203
79226
29018
64894
17171
20242
18515
15948
68871
2885
11547
31515
29075
76339
65864
34409
73591
44261
61118
90561
71734
23987
75424
22817
31795
26500
43629
12674
32049
7625
69475
97991
9028
10641
90283
18361
3542
80153
13195
62953
82550
10494
26787
47211
66762
26967
33702
66428
89878
19657
86923
35534
22702
13893
86801
44398
76493
17783
45358
97005
50007
79422
60942
2315
42199
82576
65359
14296
22329
52042
82993
90178
47858
30243
84445
59568
45971
16524
89803
79108
8449
34407
48870
68860
63586
30531
84990
83723
81666
44465
85688
6572
43697
41343
20311
22446
30993
19392
5355
17696
4629
39447
49480
18156
61323
2169
72932
59090
32358
17631
8445
96673
58612
70859
86290
3859
92361
80543
32143
71639
64501
72484
95102
9003
82756
73794
3964
86719
3852
91150
57882
78564
43163
35697
89795
66259
10107
96817
77612
3946
83916
34887
28041
75654
8519
94181
54010
73760
89786
13819
20200
30487
79687
9264
72057
41897
48142
72203
37378
10636
13317
65154
26517
69100
95602
77067
63887
76439
26544
35983
79953
91342
94799
67013
79883
56801
79740
81550
71185
32568
6595
35255
93123
72738
9888
10245
56835
14819
84701
7989
46346
41352
24367
48115
2187
12400
27499
59305
44510
18000
12148
77518
46387
71629
77177
29473
39442
40951
25399
8081
85935
69956
86506
12615
55259
95635
58104
40322
17770
8922
57782
67603
13768
38569
2385
28248
96462
78797
13684
12681
55402
32642
43178
78236
44284
19780
92394
95336
64440
31913
53925
25441
78146
33015
70917
28427
93145
60632
56963
85649
31084
25501
76122
93490
27870
2585
20782
5013
53526
81700
59432
89925
55181
39234
22901
82064
15832
79127
92428
48193
92212
32005
49975
16290
91932
72204
21646
87935
80494
53468
92826
67657
10443
29958
40424
58831
60129
64032
92952
47295
43954
15911
94706
9670
70011
26619
56540
32305
50973
24355
72716
19360
5860
18722
35807
12511
14093
7248
70244
68025
68858
69822
62964
90554
33459
55425
34696
71512
2646
11954
44445
40447
69364
10611
53128
37044
36779
26404
16727
13639
78412
58787
91079
973
64906
36278
12341
23854
27312
59097
23243
87374
89176
23356
72925
63697
33622
68819
57424
94861
37301
69126
90582
41083
17165
58783
62479
55216
36317
47532
69842
41238
67875
10468
3965
67475
33705
34248
46193
84444
10161
17085
91239
79018
40939
42084
73029
35803
13046
68403
88886
36009
95504
58950
48058
75699
81681
7920
60252
61038
19927
74098
87149
30540
76434
53794
25613
76335
39972
85627
82398
3843
61935
7792
58388
49111
48630
85087
73914
77111
66938
38299
34244
61362
94497
57152
14386
29745
35575
17239
75828
67680
65135
84984
69129
63378
85662
45736
27125
73276
48791
33320
75
16697
68394
40389
64072
27563
9154
59606
98064
38371
10213
38165
97979
68475
41986
23121
89466
15426
77587
82068
98104
46158
87699
71295
6909
37639
50306
56165
42964
65891
67584
50437
68076
30917
78418
4204
33729
15292
22424
65017
78482
28694
77266
74927
49430
34841
18528
74522
58693
84753
8481
35522
41384
45926
76576
11437
76076
79894
98162
91938
27294
25908
70208
44982
19480
77678
41662
94303
21413
76128
90091
19058
27109
52674
30558
33859
92906
42625
90748
98287
24539
97506
55522
60760
64080
95798
44996
3105
17447
49899
89508
70100
92981
48503
97015
39279
81877
2176
76602
65889
32608
36124
89348
32655
70299
55799
27613
96398
29281
13665
70185
50641
18999
92109
47564
69114
96933
34868
48482
13403
13644
18045
28085
47075
37707
23391
50037
48037
28566
55892
46624
96669
81142
45344
55283
80917
90246
83530
21399
71032
79663
64820
17521
67341
37570
36334
86430
17220
19474
24391
63182
56915
46645
25990
88847
36308
71493
69426
58460
10317
19103
33808
91142
87717
71741
23317
11983
40777
32657
21389
97292
36246
71342
56440
27041
74393
50193
47667
59484
55863
9447
39886
23426
96039
29460
17636
33723
65271
18930
8510
52368
58701
32372
57364
23612
49034
94938
21118
60395
72820
17892
57893
85025
79699
76366
64944
15595
29234
87221
85893
43102
27252
7020
60631
51136
70524
57105
38510
26724
52330
39478
24007
77995
38852
49974
91609
26917
94653
60024
34982
20399
35671
88591
75099
7466
62612
40224
5832
95392
29273
1110
56087
16747
43382
86010
92074
51793
78749
56521
15630
78986
2255
39664
67731
26474
57982
30457
98085
2758
78960
37109
53192
30142
90595
4435
60637
94557
23890
20098
26009
81282
43189
33633
22321
27963
39578
47897
73900
33908
15323
78918
34536
87074
7859
34362
16420
93209
71033
60799
73685
18609
54575
25083
65597
15057
65307
76139
43637
96241
76226
86071
22866
88463
42716
63824
58372
31365
5343
93674
17784
85930
26382
73304
5660
72968
20607
59632
88484
88279
68861
27954
95265
65734
87398
28193
61852
44503
57048
23421
71050
87231
64485
76337
65892
56887
17250
94589
34651
8664
72761
53885
37089
61077
96623
65573
89201
364
66439
96564
26508
84323
10190
60128
86566
68999
8089
92707
11902
38240
89780
56554
96036
80704
43245
28903
59124
39577
28546
96622
85037
45354
86670
27621
33791
95043
31894
22816
35134
12733
33901
14088
48285
53078
87311
50136
13311
66216
64084
68650
938
13752
25989
56416
79142
66710
42891
37799
12296
19219
15771
12994
94207
56558
55520
35491
67329
23253
34787
20888
19458
68047
63665
41398
79507
96157
80421
43867
40439
40479
86449
77970
61635
77660
53761
34968
17483
10993
62051
67452
91604
6904
6218
45522
16501
53401
11870
38188
61593
39293
97595
7640
18551
4595
70053
497
8521
19969
17457
23295
68136
46422
70480
9925
52763
89124
1218
27912
56802
21570
13106
42404
79100
42476
83275
45324
14459
37086
76962
64507
8576
20818
9781
20712
84633
83842
91999
91751
63184
42950
32432
44016
84852
95853
63415
39217
18126
36718
66146
19471
14178
30764
96626
51784
39455
6805
82378
72353
78850
73215
44505
91220
78279
76812
22396
38804
81628
81173
61227
72313
6773
80844
29600
62977
58277
78248
83468
18958
52519
57103
11065
31027
81008
50826
7990
86438
92335
4535
29263
13581
97212
43464
89920
86718
21743
25051
24006
19396
25357
35194
43682
60537
27132
43811
5767
97841
68110
73008
83988
19637
21265
44145
19917
68630
48100
5384
18216
7587
24939
12767
67647
58143
89828
15297
6280
20221
62691
47480
51786
38163
48966
44155
85848
30485
51271
7338
89153
95135
59027
82739
69996
10394
34200
63493
4149
62372
70746
9084
17399
65471
94639
65338
89857
59273
20630
71011
58101
53643
22654
54921
32403
62912
45408
89576
38083
97241
76648
42960
73334
45487
95855
15332
46396
34788
11932
65053
17283
10532
55037
17561
2779
77993
91028
56391
59332
25726
48652
68762
8446
37967
31158
93150
36474
96330
78278
69195
74997
69955
97522
32994
13135
70764
31693
88907
13182
5635
78197
8377
10253
47176
71914
82419
7277
75943
21393
86031
93644
44395
41440
50928
19523
15865
27946
29598
74276
7642
40080
4659
73764
29309
18906
65723
83947
69823
2546
47609
87809
44123
97493
82945
56159
47007
53805
58528
56820
62249
85223
9457
28547
78420
85769
8444
76031
19557
74476
26901
96962
68032
88825
1378
92469
10607
19168
12191
16820
37063
92381
12125
95017
31381
19319
44260
69989
70024
83754
16950
65809
27039
89013
6453
49329
77747
79071
34504
31848
58469
67100
26773
11184
18967
31823
76089
26124
27208
79506
44091
88963
43094
51876
10560
29852
5648
29435
38541
28911
69236
91078
81515
88356
33485
86248
80758
12825
97262
18237
90923
19443
43699
24965
15784
60741
86195
88862
15007
46963
72891
96029
78212
92383
32592
64388
32501
20647
50947
3398
51238
61569
62548
21141
79588
34740
10796
92449
63322
77135
24353
12989
35594
10906
76214
18040
47698
16822
74108
58927
70273
94085
13593
45589
71267
41156
41685
70729
72512
22847
6235
42897
43651
27835
93430
59374
22325
31842
13205
39801
85867
78636
3875
90080
18838
25464
68163
45745
44543
44830
35112
78446
29296
38310
77424
54739
85623
63794
67617
69990
74082
61334
33481
11001
25065
19907
54506
48590
14399
29826
22721
38308
73741
63813
11766
39341
51453
83662
71861
44638
90729
93589
87961
58587
34151
64704
85091
81729
45464
70255
64141
21901
13035
47225
73175
7539
24057
17424
29936
89617
81727
23710
6740
57847
84116
11305
15851
38364
53609
32148
62769
44195
27413
92991
55204
86028
87883
23896
30564
69865
2304
85669
52398
51224
78526
74837
20331
50176
84766
77378
73182
50113
42300
97989
81988
27937
46540
60039
32554
71075
53436
10951
35507
26549
54901
84236
51028
95967
19328
70503
57815
81665
19098
24289
48952
11836
54371
65309
88070
12241
47855
82899
50623
86304
80752
69406
53530
22271
4073
94823
30303
57683
35863
41629
22286
39141
18093
20083
25680
55523
24959
13979
75253
39173
22956
58486
62042
78344
51317
48923
58015
19494
75598
11111
21133
90380
97169
50421
61201
16988
60627
94288
52335
68561
76081
14029
93764
8933
58387
18954
89760
97248
34667
26861
17294
76370
87011
76793
39441
21344
13188
4229
89493
50443
68425
73375
91139
38454
91382
54001
85225
30403
19647
55465
37340
40200
89271
32459
31804
87020
68116
70891
75205
39386
3014
37278
57109
64966
16662
14071
17611
76154
62623
87777
78164
44552
12054
47654
14142
85183
59562
87813
92602
91157
59245
69673
30895
24568
26919
91883
74288
19868
57474
31542
98237
87178
68420
23349
4671
64951
13688
85758
34144
20683
97773
1283
4504
42349
12539
67486
91433
95350
65569
28853
65193
80012
48704
54992
48558
24371
42129
38674
90935
42108
32559
18128
43966
82814
16332
67118
74165
21781
34205
66018
7012
35252
10620
72631
81632
37104
97576
6475
72105
53
36613
56410
97045
59744
86351
98123
32179
25425
32221
42283
10930
17771
23837
67377
38064
92724
55158
92973
17876
41861
8884
52496
74575
36215
9666
3313
28500
4587
77112
24116
93902
29146
59719
91133
29840
51950
32762
66495
17982
80836
48147
32875
58532
91726
33560
78747
69752
6351
80451
13540
44635
92222
90422
54259
31440
76590
64632
43128
66100
31252
25842
46524
45035
16425
37839
57584
35665
63500
54608
89559
93242
56808
4223
20772
6928
46601
29067
12861
97032
72039
66148
46143
45179
22417
96433
66850
54245
8425
83452
14789
35305
10218
19964
23454
39196
23215
44368
81875
6766
4316
58626
90399
52772
4307
23848
6502
82694
24720
41859
8007
88716
68044
54169
25103
35072
25688
10498
48443
72243
39487
94150
71991
62567
86483
41425
97739
6735
84661
81268
66568
37396
79871
42155
71129
45857
82924
36347
76279
98050
52960
60229
65174
17714
96569
35729
98125
17613
89768
29786
90049
27176
37774
44907
35481
87491
87625
74965
54106
68270
39781
97284
15991
4135
16144
13547
97061
47793
43758
89609
66772
50415
63124
93952
90724
32909
50183
38101
93654
47152
55284
48717
24912
77292
36426
3296
18777
38780
9423
92942
12568
97337
7327
68664
45636
16380
82225
94532
15338
49216
83698
56435
92814
64375
10778
6101
37411
3867
97842
76879
6959
78680
41687
74935
5319
38797
62825
13127
41535
83079
29316
41454
16886
56203
35195
34135
81188
1647
40756
32031
91297
28599
83639
20022
89321
54196
48351
32803
48128
41868
4465
82563
49331
11598
76662
7507
80635
23433
13196
9392
96000
26496
79012
41482
26509
91725
45943
13674
28456
54853
39458
94186
52115
48395
11962
92643
87128
63326
29361
18538
42718
63082
53828
19705
32941
86257
52603
44837
37986
42623
33147
57441
51665
46867
69436
47086
72017
80203
5314
34965
44917
28417
20272
42092
96655
71887
56898
22259
48447
34255
89381
84447
43439
82595
91521
76038
81857
14293
75363
90882
6815
89781
38116
77685
64450
33278
37760
69391
68820
12601
23260
89861
92399
74442
28408
32454
65899
87516
90287
27570
42662
94361
92085
79158
69458
70925
41580
22764
73678
11504
20407
53081
12827
55123
39679
12085
27740
1698
17975
78329
67443
51445
43735
40935
74813
34568
66835
58535
3806
62060
89186
75723
33713
40889
50297
52937
31576
51985
22685
58767
46582
2900
95154
72087
31531
7756
59194
89577
55318
37014
63178
59613
65050
10029
59429
5809
33145
25108
77191
32329
62334
5307
79014
86263
20972
45462
29910
97713
59779
26987
19318
40671
10281
62100
90497
14796
12096
80025
88874
9973
5055
63881
48287
78507
21667
66596
64426
12141
90786
33577
45683
59665
80056
23277
40770
13023
34773
6968
9959
85759
30201
17705
9513
11760
29119
34734
30726
71406
19195
85024
65529
77265
19496
27893
8774
26173
63786
55379
95273
17272
36953
93060
18580
87583
37276
4112
4471
96050
56447
34070
89959
67712
90991
31999
91316
79472
61547
17573
32472
75151
87146
91397
82379
59667
62341
56075
3469
33344
47684
55954
59217
63989
68639
43891
74850
30151
13530
31056
96378
33924
17977
77080
92461
79896
57457
84064
25709
51387
59173
59100
71348
92664
89000
7265
50513
22990
23464
24661
96188
4656
44654
72552
64768
89111
21465
80580
44196
49654
64727
76448
14035
65392
56446
57684
94824
20226
52174
87787
9311
4275
86584
17706
22351
58385
10465
29796
10244
42067
59193
43573
38771
87135
47949
32645
92123
12060
84782
88597
23921
62945
33513
85726
2700
48888
49457
40835
15274
53295
16882
42187
73513
63333
7800
62789
56940
67124
3653
53273
32227
95141
97170
25349
86063
30222
48764
63606
20551
31990
62638
31649
5649
60499
8845
78700
33315
73769
30962
18708
52983
21408
798
88325
10759
1498
88211
96818
87261
1861
56567
9456
30693
67309
70040
95484
11170
76808
2977
57797
3163
58929
31833
42475
69963
3982
38711
71933
37346
23084
62867
89287
59190
82505
82784
32553
41874
83247
14202
72245
47817
74483
65760
87836
90726
2531
47585
37221
48549
35517
15116
70124
24191
95624
88365
5323
22836
96978
45098
20920
36658
56103
30482
3824
67607
60389
45359
58959
76278
16760
22392
40683
17465
8374
44435
25615
65572
97649
27264
48035
6948
75032
48534
52336
82467
79324
6800
67881
75238
31481
36934
59597
66426
33410
70147
83707
72070
58431
32788
65037
17981
93458
42555
48225
22651
65270
27186
55202
72913
42779
33416
65642
4050
49995
37642
32976
73316
28600
85245
95792
13391
67131
7961
65208
25591
34089
24298
60892
82830
50196
67614
92607
2145
70210
25813
25239
81862
10626
5262
30577
83491
92459
78856
86432
88239
22211
97273
44909
21049
24299
26402
48561
45995
69536
10189
69609
63870
62340
96848
66393
20723
52815
27970
37687
24104
69343
49966
94377
35260
6106
19846
93845
94050
21827
16468
27536
5012
83118
15261
35961
19524
86146
58777
9020
571
23459
60012
12344
62966
76196
71776
63061
97752
2989
52650
68121
86374
45477
44029
68557
96543
12731
52375
90368
87871
89180
73010
10914
48224
77550
9487
31927
91282
78280
32411
17930
87352
27335
6426
57851
41414
51457
77445
70139
75951
65664
30352
37217
82940
15629
10064
59882
35550
12547
97013
64318
63119
48607
53010
13343
22727
64357
6868
96620
57096
76025
77947
32752
65482
42957
29383
11119
41078
74662
34075
26223
91852
17562
5532
28632
57743
13516
36283
51566
49663
33111
54423
42304
61746
51597
