1340
43814
21222
21017
23308
29255
44468
11364
21880
18196
19913
34074
9529
49460
38424
52198
34609
49977
52689
15276
34649
27240
3115
2231
2970
14522
12078
52590
12124
3723
27734
16034
479
127
40857
43648
6808
4135
52
37577
47499
24481
46093
15164
15972
42400
17481
10411
6782
32523
50994
38589
9858
33913
21334
36105
10036
41096
6621
30968
6550
17149
39482
3898
50619
9115
36680
25992
330
9359
18070
23395
21986
7835
10046
50226
53704
48251
15649
42872
45397
42510
41005
30053
52396
51412
49350
16802
13629
32054
43574
34562
15413
11218
5306
39237
41345
49195
45097
41185
8206
48667
10681
13041
40102
31752
1114
29258
43795
48208
932
35269
35033
27294
44220
9944
1672
12712
16129
28649
5281
48656
32974
53157
39036
44764
52926
34278
14016
18747
35745
41285
1086
436
16953
13744
8768
53884
29874
41310
26074
47159
50054
52995
42363
43678
3111
33278
51091
44946
24233
25620
8988
9587
7048
18913
3493
8886
6897
97
13947
45163
13653
22782
5183
48236
36955
44012
4748
1842
20643
41770
9790
37896
30359
6444
48018
9866
26269
44980
29356
52759
44836
23036
15306
1556
39097
29622
33274
10533
13390
15139
14581
38644
8797
12508
1063
41123
14939
32886
44180
15156
9703
27763
15085
26012
22727
45091
34103
19848
48767
37374
46700
46701
3067
29892
49035
38311
46225
52597
27061
20993
6882
51971
53673
9354
39200
3404
53666
9669
545
50313
24437
5257
27551
34500
6825
24808
36998
44296
19302
51243
48144
2880
3510
4665
41182
19867
29448
31451
47518
52588
34590
46312
27911
15480
41817
5140
15472
5967
41317
18248
7225
30908
34801
7646
29411
29738
15781
21803
45737
27619
13740
49030
27277
14915
36020
6613
41055
12175
43817
1598
820
31554
27208
46714
39580
1910
51075
7654
21685
41234
14329
47511
29049
44898
24449
7471
37925
10620
32053
18655
9136
41365
39390
12315
3888
29744
14672
6101
21091
20700
47449
501
50064
27421
40244
3398
43569
35765
44084
34962
45790
8110
266
10138
28257
3050
19930
42739
47663
53154
46102
5764
6138
41507
27508
53159
6191
15548
53474
24673
10201
27650
21005
53902
35713
40273
19132
50171
42964
50581
34233
7667
50831
21885
10555
35935
25929
50269
26929
52230
34497
33620
46902
42857
4952
27409
12091
35386
45411
27800
21406
2168
41029
50894
44262
43045
30735
48205
21002
23644
41951
30176
29148
22530
51606
31601
43206
42279
44373
8855
52805
46620
20151
22859
29576
25787
43807
6128
42804
18427
5917
2254
5324
7360
26868
18398
48687
51518
296
1208
40135
21014
15753
43219
28499
47103
30541
14830
29674
32270
6564
50911
11694
9788
39350
41283
23328
30542
8216
35212
53272
26783
45177
45279
30691
23114
12000
17332
18134
32235
48447
28406
32245
13944
20554
32264
38997
40239
18908
16552
31195
33240
29482
11084
38455
47770
13848
32752
30822
35296
26487
32900
10258
49731
40502
38611
14190
36600
27449
32341
34148
7130
25261
44742
19548
38019
16943
3648
27204
45607
19622
23295
50499
29260
23643
27000
23457
26843
40392
4087
50677
23235
30584
34489
51053
21682
52119
45359
36036
16229
39854
49502
20897
21344
8381
10001
22940
22221
26298
29893
8799
36824
1054
549
3259
40259
30365
6538
49232
39169
1460
44184
33624
28447
40867
37984
24166
31126
10876
52767
45242
14020
48756
41895
5538
52096
31729
26005
1015
26167
25208
5174
28329
30296
20892
10686
36286
14604
40277
46194
31031
49988
27124
12578
40914
23080
1836
688
46385
12531
36506
3935
19062
13313
38233
37072
28880
32848
34054
9220
36385
19413
23317
21176
20317
19559
24959
4633
15697
52141
30302
16249
45585
23198
13328
30987
25740
34564
20704
19839
15329
14901
47314
41129
9160
17434
37015
7157
49547
13887
24448
33148
51373
25623
38563
49922
19026
35752
33908
23747
26925
25715
16257
32371
16185
14447
6519
4760
3250
4196
3986
37820
26666
26371
37140
21565
31645
6977
14992
9859
8544
26281
22665
26522
28392
39843
11688
24179
1962
6759
17847
44713
21643
18464
41037
10676
35866
10237
24500
20594
32258
44132
21796
7109
51696
29296
1440
9117
38015
40871
10639
52558
53672
37454
36732
21121
12788
32386
40887
49482
52041
52204
48601
25900
27271
5368
27675
7588
47276
12106
37114
3982
46666
13999
34205
13104
15996
53625
28445
12167
30833
39459
16539
16721
13891
30877
26697
18252
18772
15843
11313
50431
44562
9371
28915
48874
3448
32661
27113
36846
3761
47785
3365
49164
48679
37224
11343
29739
30922
13199
44271
30025
26166
33662
14825
5079
46585
15286
48
1509
23197
44224
2014
37567
21774
15524
27786
10662
1247
4233
30545
48836
4507
53781
26995
51916
48776
30842
21204
38755
12915
39557
11298
7832
22606
22322
7030
8065
14294
26454
32249
18635
23886
18314
799
30150
45422
29705
48574
13482
52493
50739
51540
19177
7180
825
49466
8246
28391
26377
5188
34537
9492
20670
2941
16270
33513
6215
36000
50964
13799
12520
16842
45872
15671
46341
50057
16245
39363
19282
35456
24762
5974
43266
43085
9642
11013
27345
19618
629
49412
16660
14953
24953
20977
1502
42152
49081
33382
13338
351
17715
11956
7957
15993
47975
10188
48615
39553
19873
5104
18762
25607
25286
13808
32561
10691
37624
3641
33702
3735
19253
22858
51223
10592
35199
31569
46412
12007
37395
29749
38933
29570
26549
28510
40007
43050
30919
23845
26573
30199
3291
51725
40603
11770
33396
48855
14864
35587
46409
13552
51592
5928
30038
18065
4328
19492
13555
18702
53279
49664
11362
29985
39193
22955
41070
24099
3866
50179
15562
25234
5332
50854
26085
8757
50073
34366
20830
51673
47665
31178
2353
23393
42616
53586
16390
9826
32413
40725
21903
4377
19169
39622
23904
33331
16093
46993
38528
43496
40554
48120
32334
47719
35644
37328
13733
17595
34306
40657
23830
31303
14420
8783
22314
51102
6792
28252
38551
43551
10211
10114
49927
35388
9733
25111
11391
41878
52722
38709
38662
18051
13643
37767
52388
27716
21053
8741
8694
40665
39487
2130
35012
33012
47966
27593
34049
37649
17720
4740
8249
47525
31242
7126
1118
20482
1009
50322
5270
8204
8917
33117
13989
29781
35281
22098
23263
37478
48660
38035
3922
36883
43431
24703
36821
31771
18461
2664
7858
48497
25806
14428
48089
26050
27707
8965
17668
41987
18596
38200
27151
21554
42951
797
37998
26568
44009
12981
30376
43392
2766
26656
14379
8092
28477
29215
17531
47132
38980
38447
604
31305
42249
47412
11576
19035
48721
38941
32286
46758
7129
31351
4579
53163
1973
28676
9785
41825
3816
15800
824
7375
9485
46814
28687
17257
10176
24934
13586
28086
18302
31329
6393
21361
8194
25242
11206
2003
4868
11904
35596
46305
43482
49423
28243
36708
15808
13360
6737
6054
12294
33938
33874
27899
53121
32698
49884
32454
52449
4273
5590
14540
247
849
42324
16612
13085
52494
3736
49924
9300
46781
30385
6932
13885
41075
40353
10150
27140
38539
7018
17125
21542
13223
28303
2935
36782
9924
21717
36094
52408
52337
53850
26169
46719
30240
17515
23645
15778
13490
20074
16797
17275
17310
42237
11469
25247
48515
27232
53498
26643
28421
5403
34736
27914
2462
5925
53248
24782
12481
48764
17244
10357
16478
7911
30392
4791
46391
52150
40775
43827
33431
19607
33656
30480
26629
52412
15582
45919
6367
42685
11415
43787
22239
13723
45860
30598
16197
935
19677
6133
21846
17543
22093
20646
27948
35535
51581
10455
53107
27414
40029
8384
25206
12327
36901
41595
44680
23167
24828
21953
8518
5068
10896
13046
21799
38270
11503
5910
33631
997
39505
53008
38768
45620
49640
40329
20883
4658
47733
8437
26888
7211
18477
18323
44848
17698
51506
34259
5132
49056
31226
22860
11067
11938
48233
19080
12811
14882
21758
51389
35471
12093
20512
32005
28794
9070
13050
12665
51220
27728
9162
51815
1774
37175
35198
18258
42576
38318
572
511
12671
42172
42364
29333
15407
25514
26407
21831
50822
9374
22551
49830
28427
51372
40076
494
12174
36595
2855
17503
34345
39056
19335
31621
40762
6025
50550
26427
6878
18546
54019
25560
26462
49024
21037
35125
3655
14570
36430
27534
16262
41018
41576
24531
47468
37887
49188
20918
14454
20056
38173
5855
6600
16643
45278
9878
34156
5828
1113
38681
46745
52139
12679
18344
37752
23170
18580
46038
227
31221
48057
22635
2477
22539
6719
4095
918
2071
20225
26619
14526
47898
42597
28660
6859
38871
32007
15902
44707
51983
3895
32798
37341
4652
19072
19307
28506
26737
9654
15428
43905
7145
32525
2564
50618
46543
29195
47061
42338
4551
1823
16550
30136
4882
43048
19230
30225
45764
47892
47951
18456
9952
23316
15123
17133
27031
32768
193
9322
7819
53692
24217
47372
31974
32359
3901
30104
2370
15676
12365
170
39336
35838
11106
43228
12014
13402
35731
3910
37070
7569
32391
42243
27766
28732
41422
27630
43060
9817
23245
51934
1111
31833
38023
41938
41854
31659
33793
38825
38143
37618
5566
39913
18729
48492
3350
14625
37690
27399
45041
9770
33522
37905
30209
13872
46827
34312
34391
33140
35308
47392
48577
46568
24815
44358
48633
9503
1146
23693
14658
49879
14932
11325
40307
7000
34964
5574
9852
52496
2005
40324
8373
38629
29860
16016
30582
34755
14037
37610
36301
44731
46727
15545
18735
33795
2873
39502
22503
24811
43066
5008
47984
18861
14533
455
53103
53333
44767
33227
38707
53717
25704
33170
42577
44934
20178
37853
42645
33843
13533
988
13765
16044
46155
53779
52191
25769
28618
7655
36029
18332
42471
15425
47442
43829
30044
8640
28701
52156
7750
34220
30075
31070
40751
31834
37291
53689
37326
17904
23413
4603
12668
35833
19551
44311
15943
19027
22486
3232
26966
11475
21063
4730
18963
47271
39987
16079
33435
28027
3586
13849
40174
38104
38502
42586
44487
43184
22075
31725
45873
979
46921
20244
43131
36954
52269
17172
14148
52525
4027
1748
603
42033
42143
23322
48308
14243
16777
35170
52802
25367
49000
28039
31209
28399
95
21539
23571
8087
29034
23956
52698
10222
5311
21234
5698
52279
41625
49402
19976
32189
47935
53786
24902
47193
42027
45471
42227
50202
17293
18924
7730
15929
18572
15703
40226
11536
15667
16760
22497
40153
29845
53150
44260
36484
42842
7683
35098
41325
25963
53809
39798
7235
1462
12454
6902
17409
39822
39280
8559
50375
22773
52261
23733
28538
15344
12097
15688
35391
37191
13216
44222
18076
26064
39028
40754
19656
30885
26906
50327
33246
20340
17282
42057
36892
7785
11906
17136
30783
40811
16276
30121
39946
51525
11225
8007
41435
38536
18287
44388
4678
46405
38077
6412
45415
44080
19966
35428
45519
8976
37103
41026
4157
14527
51320
46890
21967
27925
47979
47162
34047
10104
47169
18532
51072
27752
18091
44203
36932
14321
11103
46319
21769
28139
51049
3666
10892
29254
18938
33086
28367
8881
9841
33554
29120
16076
22031
44343
27695
5342
38247
11410
51038
48732
14770
23726
9757
15587
37265
36971
27228
20736
490
37383
7237
36191
40408
35870
44387
27346
27072
11654
52202
40198
38058
23705
47504
9629
16636
3309
34227
40538
42358
31408
38287
48485
23487
43945
5373
4648
48159
36643
4111
32859
37750
16288
26743
14401
12369
42533
35719
41686
31230
19944
46040
53622
46480
12249
3631
27378
3503
20378
23405
51959
4158
43309
23458
19668
19747
23854
19291
34687
32095
44984
27482
3688
53364
5050
18253
39206
25714
50466
1730
24202
11487
1955
34122
39261
18116
2500
45659
41286
29707
13704
24057
32792
18276
5334
5624
43891
49980
8040
35209
27262
46988
5109
49397
8267
9005
27487
7768
25526
22468
42583
40828
22557
52733
10935
34986
32917
53170
10912
49717
4441
7972
7118
30814
7641
26674
12960
31564
19211
16962
4842
52281
53316
31098
20832
15845
41108
2025
40873
8367
49741
3797
37697
46376
39118
12751
42055
17419
12179
8334
41456
38643
50034
35951
15918
17690
1027
21244
1880
15492
51915
28790
39853
39046
21126
41850
44950
45507
23032
18175
35117
46966
34287
13116
18321
33618
16399
53877
48517
14525
46180
26108
13183
21750
24234
2129
1365
41694
19600
30090
23179
49207
2689
52070
1824
12909
13325
29741
15622
50143
40274
41857
49762
33735
4614
39355
30426
36033
49430
39287
32397
12274
53770
37507
1754
8979
14051
10781
42042
20915
35513
51250
33991
39661
49962
23531
25209
31684
20922
30499
42815
4175
20829
7417
9539
27851
10064
10647
41917
44037
36802
40441
6490
34615
45747
14349
29012
27108
1950
8375
15597
6750
18853
34631
39567
52691
52209
8682
34178
20064
30844
21455
23810
48271
16238
48783
20777
34003
2151
25791
24284
4321
13114
4324
11012
38989
36499
26053
17092
13388
47173
3093
41531
48211
32596
47363
53821
43223
34999
25092
47904
1806
10743
42802
12889
2964
30489
3776
28023
12916
35332
32437
5027
47279
22320
48799
25615
46674
742
2227
23614
32063
46
46881
41794
9978
52862
36661
37845
5427
15757
46032
11044
47411
16828
50379
5417
42873
25845
25408
15151
35459
14360
4576
52852
9186
12201
976
26284
37125
50836
25072
5081
7495
34598
42943
15464
21164
1517
28566
39575
11975
608
38378
8474
35329
5206
40044
31518
38816
46910
20437
3460
461
32998
5856
3527
33233
48107
52559
17199
43800
50087
41809
3815
48483
24189
19785
5666
31696
22450
25744
5158
24764
36189
49666
27465
50799
1484
48270
48436
28787
52108
42212
22945
49850
48280
30589
23122
25481
31275
11318
24195
40623
14727
645
24990
12245
43368
20545
31283
11787
21899
46417
51160
52656
42138
33039
9356
22621
47540
25842
49545
44925
20746
8525
6984
34385
31619
46598
20980
8386
38188
22465
38439
19338
25407
34001
43607
11130
29096
46531
26452
13398
2563
101
14832
33879
50879
15440
49222
16815
42345
39393
1152
38752
44369
23236
53517
20691
31519
34799
33893
48417
13566
50312
15367
2585
30474
38357
53516
11895
13930
22805
44792
51588
7120
15132
49387
37858
37916
34975
25459
50596
38875
47532
27860
20418
31898
4404
31842
29111
24088
40740
46461
2405
18066
22753
41930
11946
36581
9902
20930
24983
48003
50850
15212
4847
44391
41668
1784
40803
15342
19533
43531
7861
50542
38968
35385
29131
41180
50413
3367
33107
15294
39767
42417
18094
48173
36647
20157
47420
34009
36268
49380
1530
29276
51639
53833
8026
35028
20468
34579
28867
17441
8659
21178
39895
24039
22951
51774
33362
22464
22549
17050
1485
11227
35024
41460
35341
43618
50237
14506
12458
24606
26099
8289
15651
52091
15765
2147
14933
20767
11984
48565
52533
49184
45944
52128
16663
14368
21492
42344
26331
52288
47120
6700
43928
24563
41939
6051
8411
1651
26540
2459
45145
15692
20500
26682
44981
12935
29656
30971
24163
46142
32194
8463
30233
36953
9877
34898
24933
46272
51825
16925
23030
27408
28819
41790
36825
21974
23339
22293
41033
46240
47998
49335
4276
20016
33580
43213
34909
22363
52956
7836
36116
46715
34664
4355
40031
25350
18377
32070
2165
13563
52205
31279
16492
8055
9241
29447
28521
27241
20489
6223
3872
27929
9491
16756
211
17433
39199
38461
39634
3193
35395
26485
53845
24728
51721
12566
8753
25364
38801
21531
52567
36787
833
9355
25366
17643
25322
11294
38784
32316
40015
49688
44489
18017
22787
14925
40992
19654
40045
51466
47463
26867
48275
38803
47759
19168
11718
717
19267
24451
17572
26589
39577
1236
17979
916
25232
11678
28196
14239
5610
3183
34559
18774
21538
49075
21904
23641
34540
5577
1984
25458
21060
31596
48427
16708
21356
19477
49452
525
4518
47697
14275
23118
46368
8239
10611
3318
37412
19586
21598
47250
16206
35897
48370
8636
2624
19659
9660
36464
21453
1322
10919
15869
50414
43012
87
13573
27949
30998
27458
35167
52973
51286
53731
50923
40744
15767
37801
36439
5404
46907
51430
21411
9635
17808
36879
3069
36193
601
49662
41787
27875
37257
33049
27255
1524
28057
41138
31819
42775
26712
18173
41451
22553
45423
41244
27574
26340
8734
16883
32728
25895
38321
8669
33282
51957
28814
51182
410
38212
22823
20102
18739
13760
38698
11237
49864
31667
48253
41153
23878
7747
11663
38335
43194
36293
9968
47377
6262
40730
2754
23832
51579
26164
39879
40643
38154
45544
49278
44292
21814
28304
25978
20519
40003
15872
35187
14681
36872
41333
21373
41041
17353
9710
13943
18224
21984
25323
16364
22309
53044
44078
18941
40302
25169
11883
26667
45668
43971
13708
4591
38012
38931
32090
29590
19055
19343
52290
27411
26232
2271
5430
53867
37640
35491
46559
51481
642
20678
26148
35331
12617
30767
21954
6000
34394
20163
6927
5072
5534
24771
38534
47397
35980
3041
28788
1643
42250
41459
36442
30552
53598
50259
40485
2587
2401
21988
41145
53649
41551
16357
30723
5304
25186
28583
50901
28173
47535
5098
1853
11292
52518
30737
34817
53321
39882
28765
17674
42960
18486
27475
23620
47830
33543
35344
45268
48278
24636
9462
8076
12265
10854
46237
26319
18535
10481
22531
52470
50970
32902
41881
42216
7601
12880
42833
49943
40778
32882
47137
52500
29153
45083
17319
40340
30067
45247
51917
27291
40578
37668
8874
44478
16647
46255
28216
29876
34728
8208
9353
48184
35873
17344
47210
32293
42725
10350
47945
24614
5013
53759
44275
31036
4619
42391
35882
50231
39749
16852
14151
6209
37104
40475
25401
41897
7476
11032
48825
33992
11799
19666
19242
26851
47565
29567
29516
37967
36269
11650
2646
23622
29116
35337
30654
8448
36984
4122
7124
21263
8125
15880
12437
43676
14843
10017
15720
36448
50956
18514
47563
20162
28856
1182
32296
29909
35362
42311
2532
10093
40672
30379
20956
40912
33944
7087
18453
46669
11024
35439
49632
39904
50876
9332
21323
47654
3645
35657
12687
9686
15900
35978
7378
31246
15133
41874
2839
16954
41756
4828
53177
47068
25309
10928
15799
43074
5061
29288
25471
17116
52890
40438
45685
25009
47647
14823
13196
49066
44776
10067
52306
5770
51685
9783
5390
30445
14147
23330
35937
53677
17085
5410
27896
26039
32703
33707
38448
12975
4237
13727
49986
9804
50842
46449
17414
37294
49877
11085
44061
21283
20393
42649
42646
39103
19758
18673
20747
41645
2156
4709
10120
22880
6063
44121
33123
29225
43154
12605
2491
45550
29235
12989
21152
23434
48352
3370
11833
26157
38761
27564
52997
47106
35947
4987
27836
22588
48328
15832
17212
337
15607
11900
16474
43510
6532
17765
32110
7370
16494
4504
11056
32555
1074
45644
40064
7500
36429
40825
39219
34225
16048
3477
17337
39605
23019
42300
42679
27913
25043
29443
27610
31205
6540
17528
21936
43291
16434
9765
12957
34104
36394
44678
48463
38637
45495
25519
42096
40732
2635
21768
5302
35467
4217
26225
45200
8453
6338
42318
48197
21614
42506
47090
1566
47926
11983
29899
47551
30646
19204
12137
12076
4753
38048
19738
41890
6411
39929
9674
4369
51565
9565
13358
29919
49406
14666
25595
36096
40807
40957
44641
40742
21845
7745
46648
785
27956
9632
8487
44602
53165
30295
24487
24265
19438
4216
42197
21785
11493
11065
50563
29913
34138
17478
43595
45346
48459
39554
53161
34792
45857
51928
16371
42831
38904
33995
20791
27395
41282
9575
15265
11582
2408
5057
36992
6608
38251
2889
8810
42312
1614
49526
1885
40980
51777
12643
25468
47204
52069
49136
38304
19534
53531
2517
13580
18227
8226
15358
8322
43079
47833
52975
33911
14018
5761
24044
12669
10966
45407
14359
44318
612
40305
48681
19286
47592
50165
34099
17576
49393
5528
53050
4857
17853
4327
37867
20473
42323
24478
328
28014
45771
52632
39082
11437
11304
19846
42081
10975
25267
21734
48048
7735
3340
34070
3120
43292
42120
15142
8292
20806
29690
49456
30704
26350
51491
36840
48936
14304
45013
21828
42747
1972
21446
41161
35358
10245
46925
8034
51172
33802
25766
12150
53188
41209
9746
50180
27188
1941
7162
29776
26341
29637
32117
4780
6815
8343
17591
20434
15468
17529
33832
51612
53019
51140
8108
6440
4522
6565
36173
4459
29964
10131
47614
51077
38089
20045
6668
43341
31706
29994
42556
16143
16603
20300
21556
26986
32629
46429
4214
44574
24589
20919
42071
18119
43090
24621
16149
53037
32456
36428
22821
45406
25044
45139
7432
6174
29524
14637
48453
3099
8599
26747
30318
33089
32398
523
46884
27281
45116
53796
28351
44041
29002
38771
20180
854
10658
1002
13942
35698
50606
12717
30303
53711
50244
24070
15572
5251
16699
31190
52585
34947
20477
3413
1715
24656
47761
46452
21136
46050
45152
7454
46135
11570
36620
21343
38630
5372
3437
30311
24466
50940
6586
49505
23446
48421
17827
24366
2251
2686
11814
53093
53719
20850
28244
30223
45122
40169
2100
16683
33790
33764
49205
3555
8281
15002
25435
33289
25422
32687
23919
44504
44675
20713
31980
42763
37123
27680
19411
38718
18084
37939
37242
22514
50200
22523
20775
5622
693
8480
48032
46514
52978
3829
20987
46612
10693
49374
39298
18641
11724
31998
35728
4853
27907
35813
39207
51733
46998
41309
2614
27079
53178
6854
5748
51080
19020
7700
28003
37179
35508
7041
9739
4114
44781
42704
26719
10607
31019
6006
24184
12708
52836
47760
33989
14577
53513
21815
18724
40767
30724
1097
26387
17797
29502
48106
49298
7982
12048
53528
38040
33436
19503
40377
36973
33971
3205
16377
9459
19576
26313
13309
18393
8723
34682
9015
17579
32071
19001
43422
20824
2973
7566
739
53619
22049
13769
32653
32197
43897
26362
12652
15171
42742
53329
32695
19091
9898
41581
13034
52220
40619
31020
53057
46639
19669
28198
12086
46400
29050
49268
31380
11036
21048
47896
28474
823
34059
6182
42957
6067
35589
24174
17284
38392
3846
3107
39846
33698
31046
51724
52246
42079
14802
51617
32746
7851
20925
53799
17461
643
10902
6753
52008
53728
51750
1149
32089
6170
15466
2133
51409
32927
50679
27506
20898
17173
16827
8825
7420
30643
43765
50641
51923
32213
27721
8510
36611
38582
2190
52598
35487
10705
18409
32330
30532
11625
22047
9582
398
8966
22330
22974
2112
47321
17043
6901
21939
41647
26889
33078
18483
6126
3947
32649
3758
29314
17510
14869
52060
50326
8688
12528
2543
4755
36608
11553
48560
22545
49510
47409
15556
13230
28588
40521
20816
32417
50022
14101
32837
17601
22448
25904
34219
53626
44782
18630
42774
35272
43402
18319
46157
37652
49440
24160
10121
53358
33260
1024
26127
13351
24420
22598
3756
33549
39720
36363
11159
14812
7912
42819
4876
13666
11755
38747
23363
53702
16233
13296
48865
23768
4110
35952
39317
22477
23175
10035
14043
191
40763
44875
47513
42792
40093
2625
21205
44611
45887
16010
38483
30517
53088
34309
7959
34613
21151
14418
42045
36898
39173
34284
27685
47388
4148
53944
39152
27910
8594
24572
38613
30095
15955
22389
25416
1546
5793
36192
15474
50015
37099
16103
9979
27972
25472
19464
43863
29558
21701
25155
37188
42769
41408
31731
28991
5357
24403
9940
25770
5540
22730
16419
28238
48127
40207
48241
9406
10683
8278
9244
3609
12862
34193
42875
23719
15339
40032
22713
29575
42182
31053
24317
12590
19156
39352
24050
17445
2908
36252
1595
51127
49958
36311
11348
27298
31004
24310
18244
24452
46515
6480
27869
16604
51181
12439
45130
30831
41210
3720
10559
41454
45201
45069
4873
4067
43120
46058
38056
42745
20506
8044
10149
23049
7604
6969
41554
13056
5812
16028
15484
42474
17761
6720
27389
9410
30950
7788
50976
33297
32489
45032
24546
38687
11719
17833
48651
30305
38271
12519
5825
15332
11467
8004
40306
48288
13899
42482
35912
47693
47530
16731
6951
1887
1078
53034
32564
46516
49516
48672
40424
39541
52612
37377
46078
30314
46518
11842
24161
35250
28261
29872
29603
24226
37492
26159
8595
22929
51424
52076
3063
50438
43146
10721
21221
24323
46517
40829
1874
17104
7169
8621
16207
48193
21519
2456
16414
42507
8726
42807
51663
46698
24664
20556
48386
33637
29608
32068
907
11898
43312
23244
32838
31291
16622
19399
562
35998
50141
50456
24510
23698
13745
37496
23376
29354
35071
3031
15978
50071
51824
42436
11122
16300
33694
44642
38732
6943
12346
47699
17721
2134
42910
35318
29976
22147
35820
44242
24286
33384
25079
49398
5929
49337
46167
23925
49160
4204
45567
51800
12186
40830
7214
17819
4506
40897
13167
15907
17238
37456
36691
48330
26375
19017
48287
18512
28901
28347
41852
52928
35322
12225
36524
15020
38393
50108
21203
35904
17672
7712
3745
26184
8028
1139
39985
16198
44994
44165
20015
28254
25629
48571
8551
7577
24838
42226
27166
53416
15482
37418
2981
42557
48273
1211
33381
20939
20364
26385
16368
29871
18956
34554
36605
16156
36416
14797
45932
33688
3600
5356
38917
17288
23084
20879
48322
7866
27541
2
12385
50817
37727
22918
32055
22759
17917
20130
18522
31939
30490
52948
53240
11565
41727
31247
32498
30934
50088
50436
11721
45503
33884
37645
22192
18208
9424
25807
23494
10967
35398
17253
18448
45973
508
35688
7951
48238
3695
52942
43921
39302
30027
8306
16537
12974
26152
4571
39884
40783
42656
51367
13270
17213
10410
48820
6729
8880
10577
10946
26604
19684
44812
50433
44752
32535
49265
10956
18936
3001
21219
19147
29577
42163
29800
3092
27104
4843
14268
44384
26426
5760
12817
52434
25801
28097
566
31876
48657
4726
49804
17963
31885
7820
4759
40346
8280
50700
9223
1544
38970
40489
7932
4702
31180
1370
25127
13415
8765
27341
32275
39535
10605
30675
35015
324
44987
26365
11235
27452
33349
45704
13642
52991
41109
50954
8763
32799
47978
35646
31238
6090
8739
22565
28638
39464
27168
53028
14338
52775
11329
28058
35093
49094
36321
39954
29384
26
2250
43975
18385
17605
22702
45990
838
3479
3414
7334
49044
11992
39472
51867
8396
25196
2809
877
23260
52048
4829
8576
15333
15343
9648
52605
1993
3661
19788
35481
2912
50820
48873
8481
24171
4704
2088
21937
20763
27413
49834
49272
17398
4597
3501
31096
20758
50482
2122
40074
37282
7380
2430
844
30505
42012
46212
2618
33197
48568
20081
48780
43041
32138
45438
13188
21490
9286
38219
25349
14325
5820
22015
49210
9418
27812
27582
46086
22334
4456
10754
35427
42691
30868
42782
26369
45535
13871
40593
52358
14822
26857
16341
52153
46590
20983
29388
36219
11128
19093
17119
11855
840
14904
879
10226
32578
31254
33446
45475
37740
13300
36183
24557
29118
29999
23583
14696
49009
11438
14529
17260
19308
38137
53730
46479
18819
33251
23890
15817
13032
17713
10707
21895
40141
5346
51608
43196
41046
11429
19743
4788
7411
35681
18848
36681
29960
23264
16396
38627
24601
3780
45636
51698
13875
11885
52523
52637
33265
19104
2413
13858
23226
21996
52988
44790
17218
10464
25230
37879
12959
16657
46616
902
46232
24105
568
14824
21252
10259
47674
8619
22394
42127
18508
23045
14435
32736
5414
26433
38375
26765
2942
46500
27858
29455
30087
27613
2298
14207
40205
27890
166
38614
24683
22483
30664
35888
38164
2876
23121
11791
48559
21468
41089
38008
28137
9345
49489
40582
31050
26470
23775
14159
18305
37746
5903
5551
28707
33768
40804
35437
50394
40286
18454
18551
4378
46352
23151
5283
10523
2915
18487
51856
44147
7560
143
39270
26582
4622
25497
31789
15214
10116
9603
34468
26428
10061
35179
20394
12759
6274
50082
28531
17446
9535
11775
36652
51700
48059
19273
4274
49125
36206
9699
18996
14735
28461
11841
37958
12885
10483
35777
19907
50303
22392
19691
22915
26051
50782
12600
16520
30386
25556
3446
29618
27296
33844
45606
36138
10654
53273
10943
33664
8749
6568
27588
40337
32119
51350
53415
11597
3538
33132
42727
33074
19834
18251
38437
22887
49139
46095
43297
36723
46657
23740
10708
17625
2801
46332
42642
40905
20906
51561
33579
26448
38679
42235
1738
27073
24252
5370
48130
17315
38328
51334
15501
44060
38282
28345
20682
29186
38473
28756
34860
42321
36290
16935
1699
33716
12423
36260
43600
26887
35650
48461
34802
46136
13353
4184
35678
8231
9588
39265
37113
31412
22605
20935
27400
9837
1107
49859
44568
43299
22905
1341
15621
32156
5724
38246
50918
25185
621
43103
40796
7650
25888
37280
4221
15513
13741
44215
50044
46392
13770
31995
37468
37725
26672
42764
51258
38158
11091
34848
33495
9243
32643
42780
49848
25027
52021
46880
37957
8317
32615
7991
35407
6116
36497
33919
20469
42762
39260
16602
10944
13702
51209
13055
28361
23546
1804
32103
25632
48726
22983
11002
40185
67
44483
2850
34236
52324
2768
48449
30200
25574
37275
20104
34865
49141
49295
49328
45074
20220
53883
21869
37287
27172
3429
23848
47851
29414
16
3867
6391
31928
12114
46259
41591
30743
18538
21156
28358
3746
53506
53887
46013
530
3062
26275
4811
13000
19496
14305
41144
5583
11125
48366
26286
16024
50828
36852
8999
43823
13747
39405
37616
9958
45528
29598
17020
12008
11856
26678
33721
26044
8242
18270
48986
8299
20329
30938
1450
50238
37093
4029
22528
12012
7023
28372
21327
9692
16888
8590
26087
50691
4064
22355
12673
50061
39998
47350
22168
42702
27053
3214
35298
16032
32527
24439
29891
24573
41304
9373
11878
3541
8013
40542
19683
4421
18366
49182
7930
35871
46711
6080
52697
11930
39802
24185
9032
2984
16794
2214
11523
29103
17575
13591
23658
14969
12801
15604
29177
13918
50076
37754
32818
39797
25017
1764
182
46265
51057
3569
51799
48963
27505
42445
46887
25026
9714
40109
43385
481
22617
47247
49303
31369
29993
6741
31219
20123
33771
12113
212
6013
48072
35054
26647
25182
25281
15101
49073
5380
20951
23291
28395
36279
25998
33348
4574
13577
35057
30478
12858
20008
39980
35811
35317
41303
7014
41278
15708
3566
41701
13719
25240
46807
43561
43640
46899
3230
45670
4209
5102
23793
2142
9078
20498
37157
19402
36386
38521
52084
51293
45631
43287
21762
24999
17912
36690
50337
15723
35520
47786
19179
38205
34989
27979
8836
53536
37180
51684
32116
39050
5635
47262
42812
3478
14107
49010
48262
8008
30118
11021
53053
11200
24170
17521
39323
45722
31021
24562
43044
40831
23469
13605
24687
4304
39520
42956
26122
25820
45381
3445
41988
53464
14892
959
45929
47802
47913
39384
34565
40590
48742
35506
28569
2875
30168
35790
13410
23837
53875
18633
28760
38995
10529
7337
25429
3948
27602
24774
35923
48318
9155
18388
2514
36614
28843
46784
6879
311
46533
20750
20291
42176
20376
12506
23915
44306
27184
22324
48694
1119
33098
36147
42712
31268
34450
