469280
405512
466500
382341
119466
362890
496573
246237
251719
192027
405327
315200
357097
143782
137081
155590
12547
510189
183927
91130
454841
453653
412340
468373
139186
143942
72775
97822
221963
69081
388182
236875
431038
160967
432573
67725
42170
320108
394355
292301
471640
374680
85641
427170
502326
286387
17665
497595
421898
52756
277701
81710
474166
452604
321631
485700
460089
256936
360615
467908
415166
253873
57307
380666
163354
176937
99635
306748
368321
394906
30461
281334
308344
204835
396926
327159
461187
328678
448300
478966
83873
193401
274580
305883
527511
522211
354416
332621
516689
141355
418073
387999
144987
164331
370274
11227
449696
475001
261077
446916
487143
188072
339660
3928
352042
432302
131784
363788
93515
17627
234034
204353
52891
485095
960
349598
111756
385764
358396
8678
341098
254818
515986
405822
390082
255548
324722
282579
144490
378523
113316
288325
163576
218946
335099
506905
372747
442043
431054
115929
394766
113457
110624
78621
476711
209378
525117
104495
189965
134762
187453
333225
90893
161776
89635
203272
31835
72302
517546
427549
9062
26676
263933
196973
327421
426076
264594
356331
492386
241491
296010
5903
58020
240156
329830
103853
87744
348406
159168
245681
366993
47471
46774
139742
510447
249374
301420
139232
145029
170496
170009
482718
497706
434245
518490
231591
287178
305186
266706
97760
350637
125068
223209
309952
309356
118947
50617
52522
520484
440168
258657
340244
31728
412343
152507
416212
291688
421881
396784
72722
102499
342178
186998
40797
204885
488955
342425
203624
463644
472184
181908
265109
104419
13936
290011
245152
509285
247155
432621
532168
123707
441389
37844
438162
234066
346815
355283
300765
13689
322512
437566
315106
365184
234525
435780
329201
345914
479926
270566
27941
184041
103227
205226
72218
506266
463965
167990
485094
51154
476784
320969
40084
364785
417023
454285
406996
188866
68859
75006
234389
281608
335187
418498
218852
389886
223719
245373
395680
266915
345888
12628
3670
29660
106458
440751
115678
15463
261217
305057
445958
153236
272643
428014
370873
286244
481107
37221
351389
6676
443427
207251
378276
300230
526609
13043
70338
195588
70718
64033
386962
40679
290152
158119
236059
56876
348672
493324
216765
40310
164546
5696
359896
34805
30746
169328
392586
209835
134650
329021
363653
374015
123131
74691
444598
461218
160886
68253
510278
40369
522975
319977
67703
446688
28558
170781
143587
419619
12216
169055
301736
129518
435426
262223
267363
515949
39244
489481
468325
501346
164970
23294
517633
150156
282304
471000
110741
488116
89347
25498
168585
385080
49828
89649
134972
294040
453769
96174
249647
307844
366236
151815
276834
303511
318378
296726
396067
365492
381469
285471
426576
458812
6063
107990
523203
245840
284295
416092
78488
306723
312891
128501
170327
109002
276477
83523
284453
362309
322964
356898
61850
493832
306864
2391
409380
499009
93742
267606
11797
368284
176857
448133
20338
235197
30232
205113
38363
521431
253036
422033
82349
359509
431305
169863
506403
403267
308305
242403
191349
362295
277425
475206
216466
414002
45052
181157
80284
461514
304129
456650
501092
442359
343110
291010
109154
266679
18993
230346
485030
18175
192630
419740
377611
22940
206561
413673
382180
226394
43458
49503
142576
63932
231752
342872
513636
291581
367714
440586
484421
339767
261434
167590
470265
226154
399429
266233
192794
366182
387700
433656
134375
226446
29916
444485
455869
8155
105132
165554
118193
503011
307916
63783
237280
497254
52439
347662
520012
384143
250101
287971
471851
357685
522581
205308
444983
157625
283538
431539
162009
317870
460108
99349
225550
371493
62645
436029
483647
341377
310108
406847
16443
117829
333074
500496
7868
378330
317590
48948
122646
162171
143526
506518
188658
460935
497835
380625
161672
221792
90278
454797
430034
521621
352131
348427
82608
67873
489196
61264
95385
479686
335384
255234
8798
530304
442439
460547
161023
225707
263865
353925
8214
417727
178040
63100
215741
503423
480854
293564
352764
120481
247911
481305
381546
221142
416166
213883
523775
240496
160925
478750
120120
324630
151784
327559
86198
159974
9399
395883
189245
258514
523724
478308
438499
416459
533119
280489
53452
106895
7385
462500
430676
268486
465173
216299
257221
522709
256947
516992
33035
15173
175695
299328
509378
454579
218890
137435
423609
108858
28755
47916
248500
258191
238877
365754
52884
385602
378769
36645
338413
449312
16093
337063
213357
500815
324592
405588
501459
343820
200788
202487
238859
512396
382960
291056
358498
422955
139175
472428
518654
168279
86327
416390
34781
290980
57441
126821
344006
9566
349255
9899
48842
417898
368588
429317
206386
322751
49576
276655
231048
268868
180914
309334
498562
456591
439188
172104
265656
525328
518649
370681
304321
197246
152314
407113
72822
44796
227509
203969
82498
382082
459719
148351
477933
124096
140299
416337
517086
248536
535105
421315
20446
145461
283729
381407
320914
29414
85038
29368
322194
247832
274236
97155
281523
276616
482392
99867
203115
268400
495547
111426
294861
480254
72271
37453
97806
320754
215932
173831
191584
456056
383212
317588
56941
251798
256298
4028
285874
442855
378799
301418
257319
42077
260494
268294
266728
501960
183688
405057
277678
273153
345283
88779
475051
291083
461285
296299
473143
297395
530441
491662
105624
139821
92484
238175
397196
65251
5043
202471
17055
211784
343993
399835
353874
77534
81332
231664
148731
15375
103253
508437
158281
148598
58374
231124
385355
526768
14302
481603
184574
32632
359993
519230
255446
524998
330626
412466
52207
485057
175593
329585
222614
508357
285154
431551
506939
291958
293338
199378
13316
100001
409547
520419
447834
366248
357678
454530
493440
84422
163633
350088
517525
143453
337135
490524
24901
203192
278140
5412
396104
514590
393964
117779
10088
445627
509462
172825
385281
530974
9111
162864
223536
145982
215746
438408
16317
24154
178196
331628
396873
482601
484674
332734
100960
236872
463340
285163
128136
444829
168737
303348
216713
421279
104935
189494
329491
482111
282366
357697
171734
116842
517041
184428
83633
122266
213487
365519
280782
255760
336419
27777
27309
284309
425984
256171
311076
46423
359340
437394
498903
36743
38173
46076
444024
105262
18671
274402
234971
18195
521236
452828
132932
126072
488876
326930
91839
153354
227200
56690
58609
501336
149331
150917
144308
174301
198848
265791
341055
84048
390999
204360
328018
85658
411043
86329
116248
391640
520943
86220
432985
190733
271079
300877
81568
115544
279496
141176
7795
331468
450792
368044
187546
254103
365109
379314
458027
443240
444717
351161
466737
296109
157495
246197
524295
199503
494874
486006
97257
99677
511688
347393
450930
359571
90370
304250
3883
310973
41382
267903
333313
2294
478102
495344
381738
479448
121445
70389
14509
82519
430491
16477
152426
523191
398102
518408
45777
147533
183614
272965
338063
90960
447532
527677
77037
395035
257679
510471
372491
356757
158429
70662
310365
459234
70546
274508
137526
522660
203517
177030
360167
329466
466706
450514
410552
262201
469098
353716
80469
123189
96765
173176
501494
214629
215803
225640
223757
193370
225242
210185
148007
85301
398407
291169
218025
298924
151783
323320
91594
512122
44616
354280
50510
476376
146588
433648
441988
367765
353207
390034
54523
438546
464342
419931
534870
42950
28547
310788
152535
444090
203801
460455
181732
326579
454427
75791
427683
159709
332303
154531
321996
493977
217847
310849
535161
478064
123345
472423
159782
507386
319882
6539
121003
74988
327419
211980
372997
31558
82339
62271
208769
455242
377071
179822
320042
470897
282467
203755
183856
381475
118341
283029
263000
507908
168981
510942
38354
417403
234850
221213
47459
282292
67366
307167
112126
359212
504181
241127
203024
517996
232200
534532
319814
232060
422729
412824
419884
191141
483710
191363
263813
390036
463055
409146
277783
497096
204254
211225
341201
8255
455563
156041
457081
106742
291380
130628
467387
390502
142840
515003
364265
385582
354925
28504
202235
391112
37476
318353
192999
377303
230769
456028
107868
234762
363810
486321
358446
373899
65890
475382
421998
279519
139390
247593
38563
38306
362278
62197
230628
251038
83490
189381
473277
352179
518958
280379
201919
416354
39077
172319
509158
151921
188939
439448
297438
326157
175960
269924
144913
223741
507310
394751
150623
462002
331125
335124
276682
334898
180579
164549
285194
176258
240216
448699
473142
112597
31867
146650
446134
502216
315520
461102
362092
365454
393467
202565
201239
320854
402413
44715
349196
349872
518094
144110
111366
95837
420380
408937
501891
439182
419550
9190
144451
339264
460318
200298
357162
379701
39994
142270
399515
375489
32428
265103
152483
382299
375415
521812
481135
298666
498995
181141
102322
113059
228633
263673
466969
315362
445408
495455
516080
117253
498157
57490
533080
145279
499078
346880
440832
55244
279942
239995
428224
140470
362954
400869
514796
121035
516478
21491
440877
33545
534583
201708
299882
379464
154129
152411
412759
151951
205046
237849
526299
411060
128003
372682
155235
109585
34003
151818
268545
495198
339699
3021
79739
166882
132833
468353
99121
182687
393953
102989
358256
284075
483063
294612
329714
535081
460477
355865
507587
8519
394193
354203
162233
228907
310554
114375
459168
280342
197277
321659
46453
123317
452503
153541
122357
200431
161079
499524
255840
2836
455326
521835
126446
223864
473074
197771
121242
73811
492878
442432
191673
114422
399526
47654
493795
522749
218063
322514
180347
166396
38186
65993
208937
64003
379287
340013
180285
278615
484163
161614
139333
112368
260172
352222
414126
303725
527205
4007
211693
141431
292394
448587
468262
342944
464718
14304
54947
334783
519981
143674
343361
244146
47174
280164
409579
397301
228899
89815
534660
461954
258345
227290
115310
57550
450151
331446
16566
227622
460634
196744
55483
333817
371098
175302
71832
425336
475689
35106
347782
291254
514456
52118
344397
243289
513599
382
412404
111974
399336
319668
416371
456595
348837
304330
252926
451487
83914
324804
166917
258040
100127
1290
165170
424021
226432
319738
506561
284630
94493
112440
115738
266722
342543
429261
322288
8962
197010
532620
227921
438819
96521
29147
527025
294430
123857
466454
233683
203812
430863
436884
519218
12033
359961
403654
132027
152350
45171
301792
225857
503574
178707
256014
453972
302082
29474
140636
231806
17513
203945
472554
467068
160891
21955
461707
173402
91202
302351
431445
507035
256200
527098
261895
142056
395344
81532
436600
102334
486534
390404
174142
453585
97577
347048
415608
124195
172161
417677
343958
381892
455352
505521
533101
351393
47147
467213
158623
177001
281104
103857
92681
197166
433541
208714
475615
200820
465839
74262
150830
388365
513831
277397
245296
306700
178924
185149
164486
58953
8605
122583
380003
82825
137297
253167
467254
77219
37898
318620
440410
243989
30260
288399
55323
235969
72758
253860
430083
488994
455697
329322
158019
308140
394740
314659
179810
519368
130545
113439
21713
385400
481398
279953
489887
476227
436186
87057
501962
204715
92933
276213
10165
26728
430486
291606
313183
273460
316378
183824
157474
494625
395433
27021
522501
106523
279932
70223
413852
156027
24746
533611
249142
319671
535125
349336
353944
251054
415854
173724
248953
36049
86575
163546
163908
87559
433558
256340
290602
105048
321710
470163
330874
509979
526037
297951
448938
372560
467028
256712
139537
111300
276513
253297
227439
268066
72721
104677
73543
28017
62512
141646
346353
421010
131535
438402
231439
505216
497927
363911
137249
521841
213511
416110
58679
377253
465732
323415
30104
141212
274668
479812
141098
81280
448650
393322
278497
80982
531404
158310
337361
14444
362848
344714
491274
225581
417882
389453
274229
245032
49449
148580
515568
424862
412568
260301
395224
401428
44420
476163
272985
178366
508836
451005
301165
85505
37456
342106
436667
152187
375557
90482
17987
70382
186426
278815
381562
266919
172367
82621
378890
322409
477592
171686
409184
231223
17189
97328
188548
509256
259245
183177
157601
266904
50368
25306
497641
161684
101178
199746
439252
198177
217658
342594
169384
397114
310676
88485
299834
354508
405382
382106
96307
366679
220935
435137
144566
392206
47956
23430
283293
436151
403101
15210
2076
298356
480835
518074
149969
401478
512192
292860
235956
522262
347854
16306
235435
94170
311872
35808
444768
54876
356510
241409
168732
352129
318453
331854
402594
33074
325373
489221
329500
193330
266912
47713
307790
411311
89779
88843
48737
17957
472011
5461
208961
105207
82153
372162
356164
35584
505751
371689
317999
11742
48030
366660
342680
484089
295197
66209
126469
79363
364383
75487
287261
308600
387870
174472
202157
78931
141933
378487
247183
495535
102743
316720
435694
200265
351552
408165
535488
461
96987
7922
56850
386884
181003
31551
310734
483387
29234
381614
244217
316408
524924
91137
31013
13460
243481
302187
489925
473035
232506
105670
108878
78435
308784
535949
112386
385759
195925
98060
375589
152172
387316
476719
324417
284891
359164
2454
447137
122970
503032
428285
220402
288896
90698
342864
507087
342571
27308
59736
348975
405064
257438
50330
494331
438309
488515
106284
527117
83563
307953
124789
148190
273092
114411
460925
230048
133974
124445
182982
69923
263577
308268
232791
15709
310681
147144
181907
156756
322287
459986
102538
190201
33087
349077
473170
311906
257783
41757
517068
337170
208664
406668
497786
418632
435869
210883
136690
417906
159815
234005
19613
189743
465651
460205
348961
275520
27618
361101
324289
374138
86526
248646
521071
291057
476774
329099
11969
317777
365162
350844
98433
154859
192749
194739
157443
24995
106002
78017
300831
221307
287368
8774
405343
22665
376684
150033
64108
372060
65572
329858
496049
91195
317541
325967
308824
204039
63104
157365
396361
167158
515138
311977
22874
477344
52142
241499
278950
449506
377673
366769
54679
503607
244053
63170
99961
515762
509278
441807
533049
412111
96049
467622
385536
337617
370136
388684
238236
392570
333971
523489
238442
377401
518553
440381
508700
285877
377512
257179
454503
399972
82866
133904
205860
69459
403410
242038
418079
233617
1900
217681
64032
418264
441827
488643
364431
312994
79871
436382
134386
506656
101533
479943
36037
512763
369356
399435
155153
297818
371167
443811
86019
389040
497164
426137
348935
438055
400729
248049
476629
204314
76923
474238
425805
340271
464984
189338
467941
234276
335118
162877
496464
249086
461867
382584
394212
61549
17269
65569
358263
318661
81685
150962
392721
377868
237887
423758
146430
381486
136109
451137
176291
220582
251922
99013
11079
63396
114347
209945
107978
52094
484478
44051
79411
471666
422074
166424
286812
232137
411006
206979
230849
411669
445602
477759
428770
262217
398340
33776
307798
7035
52000
67984
39974
438536
446868
380164
184388
283681
56760
463864
289200
345275
