213
384
151
130
206
326
452
84
26
330
123
59
193
194
170
414
360
77
259
238
256
243
115
127
473
307
486
457
500
252
405
377
270
136
367
364
201
234
407
442
12
158
303
184
308
461
396
7
488
142
187
422
8
413
15
2
456
358
353
134
161
421
214
387
277
444
88
73
299
231
241
215
46
97
28
298
300
265
247
106
202
237
64
415
431
251
14
258
476
204
317
318
368
116
338
143
411
345
34
487
70
343
125
401
69
333
122
366
334
85
435
75
351
67
153
418
455
108
281
66
89
37
427
280
52
375
182
107
163
437
372
325
131
42
350
197
135
162
132
35
379
169
357
41
195
285
126
267
228
491
190
453
348
19
63
482
359
311
147
426
240
210
363
471
291
21
429
159
402
168
203
205
458
324
497
220
319
254
249
296
13
394
412
79
250
480
1
209
102
99
479
440
160
341
266
56
485
450
410
185
475
432
93
138
49
40
200
428
226
196
94
140
245
472
385
78
425
87
96
292
478
229
279
23
113
288
352
221
112
398
255
454
47
176
328
65
409
273
120
289
189
483
323
27
18
264
71
295
399
39
438
268
82
327
335
244
263
283
103
420
191
121
217
397
152
222
322
11
305
186
54
150
304
489
416
154
336
139
340
312
57
81
469
80
223
395
86
262
314
269
316
51
465
430
3
110
43
16
208
460
354
24
392
124
212
445
45
225
137
470
371
315
297
60
274
261
173
439
309
257
48
32
423
36
373
230
31
29
481
91
310
339
141
499
227
459
467
181
207
393
381
346
492
224
443
287
172
404
166
320
376
232
495
198
44
109
464
155
219
275
118
58
83
253
391
180
157
38
447
92
218
436
260
146
474
199
490
370
293
406
286
61
175
235
74
22
76
451
271
313
4
178
484
5
388
493
129
104
165
417
365
