34189
46989
29632
10599
42458
27552
29212
43483
17365
18822
19931
24347
8359
8764
27859
7058
47349
46895
44652
21979
35530
3954
24275
9523
24410
11041
14881
39538
25661
27267
46941
36030
53657
25167
27167
6679
39147
848
8989
52478
4162
16017
48105
18345
48230
7481
9609
24548
44640
47296
30909
25466
49911
47834
27081
12514
53570
9034
16654
42781
24231
47252
29767
51470
22896
28028
21483
6230
17686
39024
13200
42523
20177
7718
12744
13318
34527
51547
34008
34203
24518
48722
4182
23700
20819
5920
20863
20772
21314
32447
16118
44924
52163
34513
14085
47775
35709
37975
19
36749
18566
45141
21212
10982
33482
11741
31416
48733
27808
46525
807
42362
7647
10832
42754
31212
7860
28359
17122
7008
27849
45752
18263
10901
16955
52776
33167
13779
851
22854
29078
24975
35307
51702
26111
8930
7176
11014
34027
50063
31304
26959
6465
19502
35926
13169
10825
8648
19765
17889
51156
28250
355
37053
8251
42703
40859
21503
632
46316
30410
7501
45968
4281
49408
20499
53350
13507
6892
46001
38883
32124
29471
10501
33701
4963
27035
31008
30566
44575
34209
3783
40852
33898
12790
40757
45281
40822
42738
28082
52965
33259
44555
41618
38409
44497
16759
8355
53918
35553
15162
52602
21218
2771
43204
6068
6579
27697
24585
32295
11079
53056
10365
8582
44534
32655
43696
40939
40084
17010
33536
31587
1697
44804
37763
33142
26445
24214
51628
42823
23222
37410
52608
39295
46010
4170
26474
2905
45516
8288
117
25899
26526
46509
33008
35924
11276
23734
18578
15758
28669
50774
21246
47831
46081
51865
16804
28716
9011
9378
23343
28205
28226
32857
6667
28923
42214
50163
12248
46094
10087
50195
19229
3560
46664
41659
11164
5890
22834
3883
2651
9165
49113
7821
13657
45162
2781
52809
34083
8773
50690
45117
2780
869
37988
12767
383
51414
27323
39470
28951
13624
21183
20533
32952
27827
14734
30878
34017
50979
23930
20558
41271
40339
47082
41035
21528
20347
14186
4515
41230
23206
36684
45604
52336
27671
37594
28150
48118
1703
5561
27114
48091
7350
10623
23219
46082
12753
28576
18722
28491
24250
6963
34399
42398
35263
24747
5779
48927
49498
19657
22346
21871
41969
22466
37737
52617
36449
32647
38993
29059
38686
15397
16934
9139
50393
30686
14348
10470
3933
21400
6290
39738
5428
22513
28848
53152
25166
43813
19348
14402
42901
33302
33490
12142
2690
43076
53648
15282
24680
13235
7672
31288
40173
23418
45327
15495
32739
22999
27940
53445
35859
28019
2525
8998
34319
37120
32874
29536
7128
41820
14005
16662
25838
49610
38924
38266
45489
2152
8603
38971
52927
20135
27352
11209
34686
48682
53787
9057
11192
38688
16037
49920
39251
46997
24421
25061
45484
13888
22237
38488
36862
6194
13514
34337
26892
3065
39716
31837
48713
50585
19328
34368
44803
6718
28893
289
45835
26576
50318
38344
12123
25700
21686
4529
26563
7465
36006
8112
19741
35077
15628
49868
33044
40605
45653
39007
44055
3924
16117
18233
23582
53283
18597
12906
26042
2966
6583
36859
47457
15347
53184
22793
21145
30963
13603
18184
38216
1954
10271
51486
8885
1234
33576
3625
31162
23223
20189
6368
2631
1802
33262
2802
31462
5982
14821
42515
21527
45073
52213
24610
6064
5454
24351
42541
5966
17157
39222
46357
52015
52474
42564
53973
32932
7122
46933
53947
17783
1780
46169
52228
3624
35901
53151
6504
40449
36911
53450
37758
29848
20618
15196
14704
32545
14426
23518
53176
53674
18517
11961
37847
17621
20020
50793
29704
46659
37443
11818
3773
50002
34635
15321
43055
19347
29735
19625
30293
33606
33784
563
1465
347
22596
4313
32944
13746
34854
19423
39848
326
34413
44703
10384
1646
26741
13701
50012
12728
24684
28102
43
20354
4913
31058
44565
38720
21850
50120
8438
49827
23783
11182
47245
3159
32219
51359
3190
49669
17107
37661
39136
47158
40528
8806
7261
40073
43188
45174
43129
4397
36758
12426
39907
37587
31983
34760
32788
39486
1383
16175
29912
19136
53470
47375
13674
34200
7546
11704
47552
21653
11279
42982
25047
48348
25619
7610
48592
10598
16147
14826
16565
5578
26234
36854
2760
51562
53691
33963
44860
6767
47813
43834
13833
22550
31039
32915
31341
24280
18219
41886
39297
21354
45937
4623
12055
16977
5768
21165
14678
38170
23082
13271
46105
21215
15789
51231
52524
35417
9029
6898
8673
238
21721
27050
2280
42273
15748
39377
9014
26689
6798
17397
51875
49532
21500
34351
9265
20307
44901
48842
52082
36845
49880
10787
46249
10990
21011
35327
25226
8547
17714
51241
15131
9926
38387
15456
24766
32294
11047
30453
5530
52938
52734
8273
15926
15431
35629
36550
32265
12156
32455
46588
1620
33108
48777
578
49826
41981
27391
50790
11240
18889
25390
34998
8279
48972
47156
35547
50469
42165
25428
2256
27148
38787
8853
38892
3545
26283
34599
20023
28136
47769
50275
37664
40938
15882
6273
41617
19851
31988
53118
25172
53743
34936
52880
32017
18132
34872
44092
3853
2166
2281
10765
28333
45931
19885
2513
21977
7674
52709
13455
36201
35387
25418
50427
32670
4495
39348
24609
20841
32101
22092
41088
31536
20471
49673
42067
2662
17960
41328
21927
30793
29100
30286
11300
47921
39887
22824
30173
14474
18369
52499
20397
43314
37382
38610
9315
37823
2923
49216
12963
28834
33551
52354
43243
20041
31371
33943
2895
35941
49738
22296
68
43301
1765
24647
12825
10882
10587
48345
22559
23255
35844
34452
46160
40604
44674
18297
34568
30999
40976
22469
224
19934
51787
6407
18105
73
43835
43680
13914
31888
43559
4311
28230
45123
9204
25126
14949
30039
10543
44651
23721
41359
37232
29074
8220
11826
37137
6645
8514
7778
41017
47234
38417
11738
48977
52693
2262
33029
53830
34072
38723
46124
24155
43721
26621
12017
13645
45033
47141
29804
42233
42238
50519
44371
25520
48019
18390
44449
9701
18579
39647
31715
49363
12038
43354
39025
23893
23038
30186
15567
10299
51450
9643
7391
45751
12677
19461
3217
9295
29112
24061
18237
3298
20382
12597
28770
22861
9395
48744
50134
40124
30879
16327
28123
51691
50768
31215
3019
27666
46120
50857
40819
40023
32049
52721
23847
35155
7968
17547
3201
17277
35037
22319
32677
12067
17880
21320
41477
44929
49961
7619
31867
13386
24726
354
35146
6357
6988
29675
40118
5884
34883
23716
18234
102
48183
52841
22440
18981
16621
35069
20959
53746
36109
43548
30066
5580
6016
38918
27683
30910
8720
38110
48875
50629
35956
37557
50446
46861
22196
13045
50675
4264
35220
3529
14235
44976
17806
21394
20234
30798
17663
40935
29392
52477
25296
22038
17131
19544
26844
46903
2312
33848
41836
53301
33115
31966
28584
36347
21693
30091
13413
36826
27332
48315
49098
14912
32633
28275
24329
19813
20662
46296
8661
9138
3971
25631
23311
16758
17490
2325
16999
22776
23113
51030
12806
38600
4443
40947
42686
31795
46113
9618
42011
14015
45645
43788
42303
6735
31991
5816
45220
8043
35641
28958
9628
40479
11477
6780
52178
28847
50989
36028
17004
13873
28628
24791
11555
51212
2997
938
40606
48040
48282
19039
26761
3106
8839
24926
27823
35679
39785
49170
34759
42629
39133
19161
53226
43851
25829
39788
18894
1007
18127
7400
28241
42534
9809
48042
19465
9439
45335
15263
46955
21101
19451
27612
49450
49193
36384
3498
44908
53378
20346
27021
20822
29898
8447
42719
45353
12219
17391
33404
45799
8077
20847
18303
37041
11481
7543
13960
44386
47055
26194
47735
11827
2969
37781
1722
19473
43719
49671
53282
41452
35249
30420
24259
27353
44100
7772
44010
12646
5082
36226
45952
11379
40170
28533
12810
2434
36166
18056
16060
20190
23294
13731
19224
50561
18058
35412
37503
24085
45667
5868
47796
16142
34475
46154
16088
53234
13280
20036
36465
41281
46647
26661
53551
39793
20451
42821
29157
34313
10747
35542
14793
48521
43734
29546
12722
44268
34880
21993
18877
18520
32656
17444
16710
5369
29506
47135
14388
28937
4489
51162
14032
27915
30602
25470
19779
26366
3424
28127
40322
10649
20342
28597
6344
18613
16072
47480
44448
16687
18694
23540
9194
29106
36383
29389
41254
42994
19700
34709
36472
53089
23681
26240
38881
29529
40426
2634
4245
44868
32038
50742
21481
1219
3098
51564
21433
48242
13921
12005
40530
17361
44603
36702
33712
51768
52680
12619
21821
11753
51737
3696
39862
33410
9420
31229
26154
52428
30982
11547
16576
26974
16481
16498
21940
44840
20255
7684
50350
9921
16243
41064
25950
31852
38632
12230
48775
42404
772
53992
14918
9561
27133
32480
9405
16462
30693
31042
10361
19528
34175
19456
31996
47559
26810
35446
24989
15379
5704
22153
47277
31648
12623
37236
17377
10355
6723
41961
21680
7021
39685
23062
50014
30827
37516
47500
21083
15135
48599
8784
34250
12232
10182
39646
45564
10137
41844
48715
5259
32195
36761
35861
6244
33683
51837
47601
47228
18346
42402
39414
1507
25476
24022
2385
39289
27693
2472
37765
31751
38385
16846
20303
13690
22433
26250
3017
27961
9737
26603
21280
18689
21449
1659
47458
34911
11795
35173
6730
493
40432
35518
8462
4510
3391
41369
14690
8258
42367
39619
19405
53229
36599
45272
40640
11546
38441
39124
29463
38711
45848
6708
555
343
18657
49279
3932
20945
40628
6202
47737
38228
22087
53732
29634
4330
8586
17649
13258
14339
16320
29130
23806
38591
28604
2598
22984
47302
15331
17899
11185
7390
34023
5905
48904
24733
13696
42158
52211
4077
36943
45622
22425
12273
10572
21478
12259
35195
40913
39600
29429
21036
43138
6960
48396
40676
28407
44471
3817
8919
46487
44105
36043
15045
50348
42381
18339
3064
28417
25352
3754
36348
25203
7252
10422
34541
34852
37095
14237
27778
10508
31589
37508
5374
51762
9888
52353
116
40110
18151
41006
24432
49189
33924
4428
9128
27396
45103
25331
1618
46891
52189
19640
34254
10366
22991
5436
19986
52823
34317
5197
233
8792
45421
3684
9066
1306
13896
52706
25493
30571
18468
8602
18283
38277
763
15516
7497
16493
50659
15012
12682
29423
18335
15264
45955
42230
14414
25132
22848
8690
34100
21594
39102
41904
32574
25812
13083
40993
33639
46945
2846
5870
14707
47643
52370
28808
53452
25966
1953
2000
35914
42347
11000
41087
22179
6004
29806
10376
47476
38084
26200
25098
20923
35373
21566
11567
4690
5439
12612
30916
43200
25452
43326
39730
16793
30031
32659
31131
23234
49594
37491
40335
40622
33748
9800
425
47541
16108
17449
24007
40017
30769
33134
9725
13976
26839
37139
18396
9831
47810
36291
5106
237
1475
28656
43557
29842
52958
33935
6526
13094
10905
8078
30135
19404
20812
46837
26316
7339
23208
35567
19506
32782
2510
32220
51652
21582
7373
44442
23855
24430
2757
6125
2409
26645
8338
51665
44973
51976
14213
24820
16279
53916
16912
18069
29841
34791
20638
20090
23607
9957
22988
9135
1169
25671
11964
27586
36073
26472
8148
26531
52002
34397
13816
36575
29370
49281
47876
30624
37913
2222
17976
8491
38674
40127
27386
4998
11752
25494
32085
46627
254
3580
51362
9647
19056
34509
21105
45513
39805
20171
47395
31136
4545
23417
48829
7177
44992
32654
42025
32826
2803
34216
49470
13837
43628
50423
6936
27290
48549
40222
12215
19403
45847
27809
1501
45029
19810
37597
23286
9747
5127
18984
17454
51890
38376
14810
50448
38410
43234
41288
10800
10866
38603
52835
29105
987
37997
6234
51694
35691
29016
25644
29462
7995
10207
3863
5977
3465
47008
32302
26646
8829
29134
53811
18757
43049
9309
18087
3160
21315
28224
15220
13669
32196
50695
27011
46558
51990
28087
11695
39079
14838
36165
53679
1996
23525
26332
3964
18333
10537
45109
11510
43812
3572
1848
43144
36123
5345
599
35557
32763
25179
8269
1180
21666
36763
27085
47723
47205
12723
40240
15680
26355
34339
38342
44287
4013
11310
19790
51655
38235
14146
678
5054
33840
7507
22744
34406
43859
33553
33257
27771
50387
28038
50960
17094
18266
53868
53800
35184
38834
46491
42357
17803
10383
11308
23559
22623
35483
26507
37840
9988
40513
7006
30940
52093
8804
38631
31142
21177
7804
26680
42931
21802
31922
45442
25694
43161
27250
26818
48027
33345
45018
25880
8766
21166
35501
27573
19265
30313
4855
17816
30677
38196
27876
37308
5450
882
41099
15122
11392
28550
22767
48962
18664
20820
1331
33040
1251
41397
16188
28743
21381
46290
43226
40598
606
27611
904
3097
37089
44585
13212
35450
10734
24638
37628
27463
47072
14403
32619
1571
22023
41440
46423
22618
49341
10488
13259
15642
42290
39373
35725
33352
35376
10478
21571
37148
49577
15152
14008
15822
43977
50197
6954
51318
930
27962
39362
28369
2968
15571
24743
52885
15504
28140
26081
49702
53613
44174
5080
32288
37528
32150
40131
16158
34869
30536
6717
45383
35243
49796
1937
42129
36082
39252
8416
15979
43288
16628
20714
31312
21155
7194
44176
44983
7852
17084
4207
39456
14960
22509
40560
31549
43240
23115
49286
26894
31111
16971
40423
15485
46068
44943
20755
37978
11173
13829
14809
37225
35131
10554
47365
51096
8493
1565
38118
23152
50083
44676
21544
177
38899
32254
31927
2694
48940
35562
9761
16872
37274
15853
50025
17616
51348
9525
18882
46534
10373
47030
23880
31266
22067
13098
24858
10486
42973
12795
3242
42443
17033
1977
49070
24154
14514
25861
7248
6840
5328
46107
49596
11484
11113
38129
13460
18674
18148
22985
42975
26690
19831
6771
36771
1434
9555
532
23006
30084
12332
40990
30864
33858
5639
24385
16743
25573
28360
10779
35642
1992
37002
34637
14448
46678
29607
30017
23987
36985
45131
20421
27856
48060
35692
16671
7679
48286
53045
21824
8196
23307
15847
24897
41011
48867
44743
39518
15011
38413
47264
24504
8018
32664
25528
28098
12384
21536
18939
39153
3799
32693
17368
2233
24991
49145
20105
27131
50603
14796
28502
999
50951
15975
22137
24678
12930
31100
14855
36590
21958
37315
15811
29238
41545
35163
2712
6169
44153
2957
37531
13547
42676
20637
41273
2300
51888
23630
22574
21170
7034
14409
30033
27368
52531
42518
50381
53940
45656
37933
27128
33232
18291
16331
11529
27999
30201
35868
24598
17499
214
48429
20109
50716
49923
36678
13676
32528
42835
22079
28881
11634
44661
42673
21472
19109
42959
49755
28558
14844
44235
51040
29004
1317
46906
43605
10331
26943
37703
42295
19570
24906
17792
4886
26993
2229
50779
6065
46197
11052
35754
19792
41697
7908
31338
3957
15278
13945
9792
32891
38652
40784
7572
4744
15726
8879
46735
21463
29972
8949
2369
33183
25301
25442
34939
26949
16405
40364
3066
71
25302
32897
52085
2898
46453
51366
41196
46395
18781
14395
31378
42624
47606
9109
47331
31646
12705
46968
3351
31336
9089
41008
23022
4080
4129
38214
12847
10937
42314
43638
19870
25311
38867
32237
5939
33059
32594
51753
16936
26715
9734
44231
23696
4988
22094
9312
52471
46847
37077
17603
5626
40614
24507
33062
38394
3015
26575
48531
19863
45127
16012
5121
16792
36848
15172
2613
50309
27664
26223
25915
51198
12102
2257
255
22480
47009
22121
31792
16057
21301
285
3612
50419
11760
11820
33447
50981
14436
44261
30957
17239
5355
3770
31949
53817
21610
7662
34292
17551
561
2722
47129
11588
24639
24618
18914
14
1585
39172
53908
41651
15805
19131
2336
37228
42393
29488
16312
53254
8132
22494
8442
27941
47104
9217
39832
6650
31893
792
39649
39650
31481
30702
16741
37082
14706
2175
49518
49744
21422
35999
46690
51553
18491
19414
36810
34439
4052
11194
43664
15894
43789
1210
12736
41377
47496
31375
53806
41532
10473
30045
51335
35301
29437
52308
42387
4642
52208
28301
5163
307
35973
29709
52743
41743
20744
16407
35380
25579
16104
32343
3084
45058
18240
17869
40400
1557
8664
9280
16868
23983
20997
39417
22933
34238
33646
22344
33287
7110
28906
3698
5701
5993
37302
37061
26478
51445
19518
50254
4058
43134
27504
21159
38530
8686
45532
43764
29975
7387
47939
9964
48075
37778
43315
18701
19470
19078
7431
28068
2140
42652
4794
23933
15807
7944
13039
31051
39277
11016
29519
33789
22028
14931
11920
50385
36185
27714
19526
16314
14142
33600
53709
51796
35569
8629
34382
5136
2865
5469
34873
6219
31468
19772
8740
3972
25204
4679
6449
5723
9903
51674
17063
14487
21921
26297
3344
11451
21100
23050
787
25728
47190
48190
14726
29596
8469
50765
19641
46256
26147
12702
49734
53276
27417
52479
14357
5039
29869
34644
8475
15248
5248
32494
31245
3215
27554
9081
45274
32988
17394
53841
24545
34864
14859
15071
49897
45111
51719
48256
49311
45179
30619
8025
27446
52027
1456
34807
11256
48919
36648
53688
42472
14324
51236
26631
6655
48022
46894
41502
14903
48616
44457
32906
12032
51613
26980
25965
23437
48450
2578
39075
48121
37339
5105
23130
53213
29294
5612
43909
42836
39972
42720
13149
39054
1386
22176
53063
2561
23859
17455
17372
36367
43043
41927
22004
39217
14801
333
50268
39758
8157
32092
15221
53024
24979
48731
18988
44422
50974
321
11859
439
24777
99
41563
4494
31508
8119
36811
7952
24665
2602
4683
6104
20404
126
49691
1725
6846
50099
13463
3237
36704
21119
38717
315
50462
52161
8665
53496
15985
36997
30251
4285
613
40146
17722
7624
40230
47130
18917
48094
6899
14589
48768
25988
20728
50838
50333
18500
19665
22382
48901
3337
27841
30520
18703
19427
43604
19871
13007
39447
8852
40237
4817
33815
8573
32411
5122
47574
765
2153
26709
18079
39092
28983
6285
49938
5851
52909
11483
36078
28664
18928
18893
11407
52235
50682
18068
5660
44709
306
35065
28040
44564
45829
36438
30813
11183
899
20624
16271
48209
8850
16529
4339
7904
22840
50041
38204
7278
53492
41053
22942
6030
12746
53658
28776
25195
18983
46635
31892
52672
24035
27872
6738
7511
10368
408
1689
9666
21929
18554
44905
10242
5847
40759
7357
31086
34646
16261
52110
26694
47821
39778
10180
24675
23394
31540
19424
39516
8093
5741
19484
44375
48258
14419
39565
53115
24436
3157
46140
21293
29905
36174
43461
29395
33231
2466
23137
12737
2183
36505
49444
13129
25665
5245
30476
38827
49893
5849
50422
1878
47340
9602
20964
1291
19258
196
14105
16944
42822
49554
21852
7771
1839
23485
28159
7121
12934
16183
747
31718
20209
20589
47203
10057
15898
47456
14853
20411
3616
44833
50192
52126
40067
37472
27420
17300
48666
22259
53972
37892
26059
20732
23509
53941
49913
23757
17329
33845
28253
10585
3854
47670
47304
38351
3422
53627
39968
32282
25831
2601
28055
16641
5674
44835
22590
1767
15754
15866
26586
43908
33733
11421
9091
36426
8305
41082
30029
12831
45812
49181
8530
31398
24963
1206
1287
13973
10469
25448
25083
6198
1624
8224
10266
41259
44580
40396
8834
44209
12364
14136
43344
39100
14628
31544
37873
49315
38792
27515
1101
16436
15044
44389
21545
48068
17823
1192
10749
39675
51161
40805
11806
50497
52949
26555
50568
31632
28549
15026
17824
10951
36696
47928
14092
26941
1713
10648
7817
16834
41500
51689
32506
21123
14452
51202
42715
38265
15457
26779
7856
6048
4741
5353
44582
24670
21194
27059
1473
42199
37342
25453
8671
22630
26379
51246
14066
15010
32474
38810
6097
33660
30799
19968
45045
36489
7388
41043
44668
30804
14076
39064
48306
16712
26552
43088
42799
4018
10308
49378
13729
18475
31139
14144
29640
11608
50537
16155
20581
38136
48913
27230
15528
52630
36773
13614
30754
20051
11786
40115
12716
37701
16933
40910
1864
19598
52513
39704
8133
43632
22780
24103
15699
20999
14762
34712
37764
36038
2473
28268
18301
49384
8611
2663
19015
41312
52592
7897
4867
17235
19566
47925
33705
35654
4657
32102
51304
46466
51252
49060
44558
12164
51194
18222
6595
24899
1729
4348
43934
38078
9540
7382
18859
20633
32399
18721
15478
5204
41485
46372
8286
18603
20748
36860
12244
18505
48716
38330
23572
48084
10269
37055
49422
31450
43035
19377
22151
26842
49637
15372
22895
45710
40106
52127
27711
37779
15740
39055
30947
5631
12404
7708
45719
49429
35512
15268
7831
31606
20967
26903
53979
28766
36968
45379
44299
17766
17388
6224
46254
15273
36502
30540
45022
15662
49627
47273
15307
53488
47121
32173
50110
45087
5714
28769
28653
36341
49208
37059
19575
44817
36249
35309
20247
43667
51535
31340
14479
44729
19123
26415
201
7438
40527
20263
26757
10715
36259
2114
37666
6451
19585
22576
8864
43426
26352
35505
41777
40597
8951
15275
36966
1304
49592
21421
32394
8419
49509
4426
32914
5215
13425
1655
5152
14545
45035
17930
34830
19105
51625
46626
47006
21471
48898
38848
52796
46285
28613
33424
28888
1619
24454
29533
26623
37441
15615
18484
36705
22008
25617
19188
18358
28206
725
26736
49809
42046
6834
12480
19008
40420
15213
13599
40156
38006
52334
17064
8402
35853
33010
26597
32149
23502
41031
21187
7263
4359
33643
34618
13761
10965
13724
30776
38857
9832
33614
46934
10534
4803
45979
26206
50882
23438
50062
8939
26611
38647
16394
1336
7829
9035
35228
32233
22473
53038
24119
7197
42572
32493
26008
8713
45126
341
10814
33957
35086
20627
4879
43342
28594
22328
16588
1423
32186
21024
4462
21856
48222
44173
70
9530
42115
49243
5542
6922
43080
49436
24442
20223
29698
827
13419
3678
22061
32759
25563
26634
34088
37356
36670
19817
6856
33920
25233
10897
38209
52723
44560
30694
18410
44240
4949
24648
1835
13228
12138
14507
22966
3953
31712
45911
4625
29846
20029
52295
33218
15612
21999
1267
28011
51505
45616
27402
27448
35216
28519
21723
25699
7327
9752
27405
39142
26334
44570
18306
41416
45189
13537
18944
50230
47231
15515
18679
40508
7816
24440
53349
34931
4422
15733
5740
11918
40833
49226
25833
31900
34453
30674
49553
48695
17055
28479
4220
52782
1663
41865
49133
5001
17175
13251
28575
36338
37100
23144
38653
29090
48350
31875
43954
22963
26973
33429
22601
39724
42912
51306
44728
42880
31815
50122
36703
17451
46602
40232
4310
46427
5679
21745
26149
17053
11145
11146
48988
18506
44420
14742
9242
22016
29188
41524
42904
2961
21459
39761
38926
9767
28453
40091
52860
30562
52249
32575
48745
44459
7847
50040
39140
53553
42573
6979
12234
16195
22386
24295
14902
10060
22943
53696
4945
6850
42317
13601
32015
3708
43849
13845
39127
12971
14592
44692
10762
4728
24
15575
39296
25729
5337
16058
42532
51548
44736
45595
52117
36799
44354
27802
22420
29527
24026
3419
13043
3434
47938
44099
19306
23812
51808
44428
5695
47959
2109
41015
43732
25498
20040
46732
746
16940
14724
13226
627
19441
38198
20375
41157
36775
32410
26683
5348
33211
36418
29264
45647
26151
10075
21006
695
26202
26928
13219
20216
31577
18235
4234
5957
24736
38894
1640
37987
24258
18874
38249
30158
28284
26328
15414
47854
32821
41662
32609
44799
25767
23246
29139
35009
18867
27980
23591
47292
45921
48224
36795
6941
19384
5143
19433
39158
12435
22990
24156
18078
22690
2301
25697
19354
19332
34398
27742
52720
53235
45972
48945
35116
36677
11602
53136
16608
1693
40866
29253
3878
28855
43744
52522
25535
15679
19073
40472
30202
37262
13823
14041
30409
28235
17561
31292
16989
19663
35856
6430
35219
43875
37167
20445
20916
36768
100
38301
1674
45312
35628
1433
32319
34522
42383
38379
51882
11829
34091
25872
25953
38561
10162
31140
2035
51521
43335
22203
633
34907
12267
9879
12988
8717
46802
52817
38280
41877
27645
36015
33127
6197
6105
13693
43092
53166
49358
40176
2857
15453
32466
11121
30931
12620
51423
22080
35336
1580
6046
3327
6940
15274
47738
23060
42985
29896
13445
48371
9215
309
31562
51164
26639
17486
10810
2644
43599
50037
53507
13726
43686
15158
2180
37405
47148
13606
22589
26907
30462
9835
52977
1029
38526
40462
39640
35819
41663
47581
18238
47757
37922
34415
49710
46957
24144
15938
53342
53634
15059
519
31415
498
33907
28432
42335
5331
51798
20895
6397
51932
52684
41433
52226
44650
7677
664
7312
9683
11132
1706
38489
11978
1428
41429
43406
47016
52488
4634
17909
35517
48503
28042
531
35462
24464
3248
19721
4132
2397
32246
3622
23718
28090
15633
25660
15554
24825
33714
23284
30061
50293
40898
13429
37934
32631
35226
17167
29823
43495
24060
47407
10602
6886
1396
44214
31176
29861
8253
24376
10200
24554
28894
28813
47958
33648
19826
27905
33981
52704
36207
13567
37506
5972
30037
12844
31171
36940
27806
6464
45505
20684
25300
42369
39871
619
49624
43207
8372
1638
48387
29544
17294
759
23536
13890
5161
43446
47730
42432
24014
42970
554
22724
12926
27787
25176
16591
24599
19787
7092
42753
46953
46949
30852
22077
9238
20508
28942
991
10996
42647
11436
17333
4925
11035
21892
42579
53982
29727
27769
11184
5310
27986
20395
48546
28203
8450
853
49135
42021
47634
46592
54
9925
12869
52315
6757
26222
29419
6916
28099
24098
39774
40437
40316
48259
11412
11080
53207
26249
35121
33581
11115
7223
53960
27906
47995
14941
38391
53348
53812
48143
25622
4596
32406
32353
52286
2144
37361
26833
23560
48013
6670
5190
43220
43371
9706
16564
40246
14550
28247
14467
37453
6770
40342
33523
46673
42208
40315
4909
32921
18128
45843
28508
32625
15318
48814
11010
10746
32956
40683
22636
8320
40429
42001
46790
6084
25722
19648
49479
24848
28637
3685
44552
1470
26178
52300
39143
20950
20327
8865
18590
4498
14728
39428
53356
24980
29007
46712
53771
9756
1243
12799
6095
1919
35271
33038
8100
14095
25210
51067
34971
148
51792
42167
19849
22199
50380
20429
17874
44996
25561
30612
17384
21896
39328
9069
27337
11664
22288
2243
52311
21848
9971
25059
21608
31339
10516
27080
50713
11707
27111
50060
10406
45845
28092
41478
14058
3792
45414
40691
884
29229
26979
25099
25967
139
35285
43321
42765
15385
23580
22672
18391
888
24206
19040
42847
29770
12111
24040
20380
9644
50558
24476
4673
19514
7206
20707
26945
6309
13359
26826
51371
50611
43877
48921
43534
34131
27212
39057
19609
7137
48298
34325
37530
9018
13220
53156
24853
1098
13980
9407
32706
25014
11107
13059
36756
31853
37856
16049
15533
37774
53654
39225
31947
3782
33663
49242
15798
10428
14568
29293
44808
33539
8826
36352
17749
52339
34106
44364
6779
17081
9240
29941
47621
9887
36597
31360
16998
34246
39269
10491
52947
15448
20005
366
36726
49763
45378
7322
45943
52124
45574
47214
42411
1707
2866
30733
29503
42722
3520
27046
22867
37804
30570
29966
39117
27032
32840
40509
36882
23760
3563
33939
35200
35090
52452
47183
30062
4476
7434
16866
51545
23351
18863
10441
40703
486
22822
52185
2588
10412
22264
19935
45282
3942
205
37773
43141
8526
6615
47062
33650
636
1605
5291
52026
47832
36801
41832
5516
31689
13064
43069
13412
45320
49529
49087
23756
26121
27708
42222
51100
24978
25586
11977
26686
33997
46297
115
24697
22937
6329
3485
36960
33516
16918
21391
35360
51730
4862
19285
51353
43333
18006
14473
41918
47510
27798
24374
18154
52207
46978
18162
19709
14462
26720
36498
35521
22725
8444
25756
28778
36793
42902
46841
19635
48465
6108
35714
37881
36335
13023
42783
42521
4287
8038
33871
1240
43504
27939
31714
25335
31692
8200
40300
35338
37254
14721
9803
40450
24835
13510
50029
22218
12630
17895
43527
1523
47689
29837
24445
17527
50169
17484
38785
50420
17566
24624
17712
29136
45697
18188
53295
18904
19394
46100
435
21112
29589
32134
22485
45447
12666
24724
52077
17553
45971
1425
27502
4771
49543
271
20511
29602
21190
12223
46584
12085
15295
28260
7104
20278
37709
49678
39542
27501
29039
42526
34331
15686
46370
405
33369
46776
41638
11525
9428
21559
23741
10394
46228
51465
4483
44607
40309
21789
40520
11843
4353
49599
12758
33937
48697
40285
33872
20796
27274
49333
17067
21000
17916
24221
29140
23683
29636
2527
6299
20228
40334
35273
43962
26769
29820
26773
24353
10740
37723
42028
37457
51345
6240
31152
28065
1360
45017
29668
7595
33809
231
32938
36988
42486
35330
29948
42888
37307
17642
22710
16105
23389
38010
25325
49364
15835
45020
27688
11054
13782
944
27692
7927
37128
31321
51197
18082
40248
46434
25570
37822
14594
48097
52264
12154
44397
44152
42578
111
8297
53733
24867
40550
10945
2867
22989
1642
19805
30886
6450
20141
32686
41960
37030
49894
28690
8598
30967
19097
23369
51146
37251
2567
10616
49327
3146
46536
52512
39725
40304
21186
2896
35633
7444
36016
5521
38411
52920
47080
3379
10297
12019
24556
33531
27145
51742
51621
29599
39324
27651
11389
27755
37034
5947
37384
28344
78
48781
8109
11062
5220
4836
19101
36920
30945
44443
24276
12025
17468
49747
49306
53475
34096
20920
34020
33346
25035
46797
52183
14783
2551
14343
52056
45344
39026
41963
30658
11774
12603
27007
36305
22156
12928
8974
4943
32774
28362
19406
8801
5113
45299
43247
40713
6118
48640
8459
15401
1199
7002
49600
44413
756
45260
13985
594
16885
43236
27005
49769
46743
53537
22812
24425
25495
685
14714
49177
38537
51045
40215
30310
49
36737
16352
3299
26692
45492
42978
13828
46586
39922
13509
30195
4195
10102
27017
26374
7158
6764
50246
50642
8230
33673
30012
16937
13074
45641
49137
2058
24096
23654
5914
51275
22331
39831
30897
41723
38804
14621
16272
4074
6109
1685
22511
48703
12569
8929
13160
48080
12583
44419
19825
51498
42368
47221
38486
52415
4903
46609
21530
37948
31798
13924
44295
21408
37743
40446
22030
24489
15584
44190
33929
49027
25543
17316
10108
8588
13668
13883
21062
52372
24229
401
16234
43424
26813
6781
8891
569
33804
35026
4119
14068
1176
40612
9908
38371
35760
8631
31453
35684
44964
43838
22973
50341
15873
37054
15892
4203
33657
5775
45150
9308
45602
4197
31287
4661
24021
14356
22619
21188
22709
40721
31791
3418
8517
14804
36181
10251
40439
34229
48046
39815
14990
21563
33344
276
47787
6863
27110
36032
14605
2976
20156
6487
12570
51141
28818
7255
42085
47930
41165
21120
17048
13957
13288
39367
47850
21760
36074
33463
4101
12457
18614
14033
32509
14196
44773
26788
19245
46481
48719
8101
53522
15033
13791
49091
53391
8977
37547
38846
9111
40101
49049
16286
21419
35661
48528
29649
40997
48851
10823
46652
21840
1928
24767
43506
34459
37467
49842
48358
27668
35075
5841
6563
47631
22052
22323
49426
9001
3038
6580
36313
20017
6124
36057
19875
41380
3806
21093
28655
3759
45138
28350
1366
11073
7628
43140
44643
19766
22493
31457
11492
44072
47041
18991
27257
38957
37320
17861
17518
26268
53798
44123
14580
13859
24261
15782
15954
1393
11007
44352
3191
47136
1174
7620
46031
41510
52556
1899
10830
52895
34623
32000
15670
48034
14185
7040
37878
31080
7680
43158
53901
51023
32487
52378
28562
15237
14827
13529
35011
28078
27456
18932
17951
9975
48360
50972
45726
7587
27356
7999
22524
11736
17953
28742
10496
52905
7714
52959
30346
858
40552
30976
21235
34044
8672
26274
9189
49223
25484
33213
52582
41293
1830
24671
33361
21491
18317
1108
50219
13717
24730
11810
29308
37135
15000
8554
49853
51221
50304
24593
16051
25980
53685
11138
4701
9556
23027
30917
9453
2755
38436
21404
33985
34934
43192
46676
29085
21450
30235
8245
25278
34645
51520
5802
11005
28044
26566
43879
49105
23073
25883
41771
14948
47142
53351
6404
235
13284
42370
9690
49096
1282
31030
50794
188
29216
39638
50126
47261
10195
2731
33374
31871
34197
298
17258
18818
10632
28555
24240
27092
6452
47916
22978
34972
8577
33867
45030
26705
20759
46793
30351
9124
36843
35794
51047
47906
20583
24834
16063
43580
8959
27519
51137
40955
30836
41915
45712
43070
674
42390
49018
15560
33239
15652
32262
38599
43132
11320
13502
11934
47516
10151
44885
27364
42663
17358
45253
39430
37669
41833
12691
31658
26931
49825
46630
4352
47867
22269
23182
1875
19362
3921
8159
32252
2684
27569
4757
27556
24942
32716
2566
18299
24450
11193
29894
15436
45194
64
9591
24069
41453
49995
29410
9087
15096
661
14175
49153
34416
11732
35979
13180
19876
26942
16897
46440
39238
12036
17262
40900
17864
40631
24844
24313
44322
45216
20076
32748
27430
29170
35061
24634
34029
34408
31857
48980
13814
22657
51126
28771
14608
17089
6238
47429
43645
7899
12466
32803
8302
12425
2372
32387
27549
22533
53209
43042
11045
45225
40536
1213
48617
20174
7183
24625
21065
13428
32182
9527
22897
53980
41637
30449
26749
35303
15903
49351
52744
42570
31757
50802
48673
48872
10319
22901
10261
46786
14110
43427
37648
28797
48562
41184
28186
44154
5419
2374
51145
9152
19572
5272
6810
21868
12627
34417
20557
22157
20079
44186
43318
17161
25763
27428
29752
8960
7850
47165
24716
35165
32787
2575
17968
34467
43722
51128
13298
29089
15694
38054
17299
53969
10519
8983
39818
24137
5703
12527
46994
33318
4539
15188
43980
5804
42726
25478
16293
32983
11524
8782
41327
14161
31503
34612
11822
43019
51493
11693
41984
51173
47413
18584
48727
18383
53949
39629
15368
7660
11158
47594
24352
15316
35423
11848
44071
36630
44143
25385
47299
5060
38826
29081
32918
13231
33042
31897
3836
7070
46129
19344
3704
45953
52967
4120
10392
28617
14595
30718
22459
48646
50058
10922
52301
16075
53291
31026
22569
3216
10185
20907
35734
13110
38772
51881
40962
22760
1927
50764
8668
3737
24944
12242
14619
6024
47083
40187
31572
2621
45491
39910
4832
38105
27720
34965
6149
36118
34180
8368
39582
3029
41149
35313
4332
26282
478
6561
33934
2782
36402
43160
35899
53189
45630
14372
41624
27599
46524
10900
36490
23891
50544
10752
15588
45316
42879
49614
9549
37221
24775
34899
30636
33321
29043
14083
48882
36117
382
2703
47521
31955
15360
29147
45988
24550
53314
6796
24721
11527
40059
13330
8735
36026
53005
1857
6483
1761
19339
31941
14153
41602
25237
37580
31090
38838
48319
39897
30143
50968
53328
5077
22994
5003
46019
17127
30782
36572
671
10080
31843
12580
28267
48976
6777
13137
9348
13307
51874
13559
36562
45891
29249
53385
304
29630
1300
53031
5069
25893
13437
53381
36216
35225
49491
7398
10312
45000
21555
17650
37622
18918
45003
37327
47
40371
34296
18798
447
7212
28131
52911
27661
39318
48824
45782
1227
35561
34412
4299
45637
4486
10429
15611
45210
53986
47291
31319
45193
46432
34116
31476
43425
43538
27958
35666
50723
51432
4865
45265
21140
38944
41132
7249
13332
10077
28287
44975
24210
7822
30455
41447
34268
25202
7090
51595
8699
53105
26799
15382
21081
30108
24092
7343
46398
38773
42004
49389
26499
52186
20949
37730
20384
44749
16750
5267
32602
43939
38121
17502
31527
53675
47164
44149
46779
17980
36475
39682
27953
33774
15370
53623
52502
31404
31193
17536
41339
34742
49844
20928
27304
8859
17583
21947
44616
41229
36856
47440
10467
32533
5416
12414
6249
6387
36175
7159
39819
6192
829
8750
31401
39951
22683
8128
52834
52793
44810
13140
5366
6574
12878
24239
6577
14947
10849
22670
22127
13383
53217
37387
12268
53773
15261
22593
34730
420
43612
48332
6129
10514
32127
39471
9694
41608
2467
19688
51933
46459
18749
5225
19009
51666
17118
46407
43250
27440
32945
50990
9854
11577
21052
602
41058
53765
7208
51748
39006
51043
43657
386
51980
22022
26514
16817
14691
33198
50805
25462
8938
17908
45244
38166
24308
4042
9116
34919
9916
18288
39478
37144
32279
1971
34542
16664
13457
1654
8348
14480
29624
42476
11169
52772
46550
28943
5119
13109
20111
34217
22508
16638
52025
45614
18758
1682
18133
2860
51175
37747
28472
25140
28281
49573
3993
24870
34120
43351
18608
3772
52234
16538
15244
19345
28883
38420
12235
44606
31767
39374
46599
25268
30666
43358
3440
25975
3500
34843
21573
14123
5997
12227
3876
50487
43147
19252
246
41965
13795
34775
48269
282
35143
47772
23273
29479
45998
4577
10977
5017
16610
40499
20702
30586
22585
675
29282
46749
28321
2794
24212
45923
34924
12826
23066
38044
53361
1840
39065
16163
14376
23958
10443
21888
22278
35495
42351
39020
49574
7075
33976
26287
38650
42297
7663
20881
41258
41201
11040
46830
4543
50731
39473
13587
53885
4030
46851
38294
28545
47219
13936
36969
40435
27597
35189
768
15366
50732
39623
34002
19645
38847
51910
48087
33125
3519
52352
51809
28744
42084
48684
24355
5023
36405
48526
12165
46943
21780
20218
38947
40085
33983
8821
18782
25537
37243
25426
35737
5282
22645
12352
45629
44986
37398
9366
11888
51892
28969
38858
19053
28413
45019
2034
10430
52467
7884
26032
46780
1017
3532
16530
1608
37650
49576
17599
10759
19107
8205
39748
46004
10461
16152
38831
6390
3085
5587
23537
19479
21501
11460
21388
30437
3857
11090
44553
16826
47844
6967
44266
27052
14899
40984
21412
35909
18062
53201
41054
31622
11800
35758
29357
9141
32427
18685
22271
38988
49353
43325
26579
41331
39239
14481
17948
17950
6890
39814
42082
15729
35048
467
1985
2367
18731
19112
19128
43293
28155
15128
43725
7766
23648
39166
32771
46431
15804
12872
3632
5923
6546
25571
23792
26302
2515
25971
40471
50624
28697
33245
16464
14280
318
12688
17220
43389
43717
30211
37138
37039
12675
8472
9943
35905
9114
19319
15450
21773
34608
43857
17751
15051
33638
34514
35732
41382
1479
4816
39521
17641
33468
33838
37255
16599
48076
8533
38748
53304
2481
8742
53745
49365
14542
14596
30973
51154
19892
21987
48738
26022
21001
47929
34517
36867
39177
42968
43094
17747
11776
52130
38034
41628
16125
167
12891
46832
16531
35954
18117
9856
19710
35436
10079
47046
17590
3306
2199
41903
53911
23828
52941
13125
22175
34329
3224
21013
9536
52498
26954
36052
38050
9210
5689
46829
10578
40654
52172
30741
20112
40579
38201
27689
50412
17342
21640
35201
12271
50477
41995
29924
33611
40158
20952
5185
7545
33104
33212
12475
1760
3633
30628
19462
12660
28731
2232
35779
28871
21737
7886
4350
692
17938
41953
26823
3877
46768
14478
48847
40806
1065
16859
17221
6305
33599
12711
13221
21174
43324
44589
15129
6947
36058
30424
15111
39667
268
18960
4043
47570
44590
12969
28156
27757
7630
2545
50093
10702
3235
11426
11765
17607
4185
2023
17430
39584
26617
12890
23318
42210
36354
25326
34705
19636
9423
885
17618
20432
14887
8608
8215
52013
37891
19902
14524
18676
20355
42144
23811
16246
24737
42117
21133
43913
23193
48052
45856
335
13604
32951
53707
14680
12951
51998
46477
28861
18165
6588
41639
10145
42412
37486
1124
45876
45164
1148
38793
45832
20660
359
23166
8350
26253
22261
42710
22037
28625
53032
46331
37900
6261
21922
19532
29406
45711
30442
15049
7057
50840
8310
967
8937
21932
21290
53223
8677
33248
26245
38531
22281
43588
53539
44914
45456
26793
7168
44677
29477
3522
20525
883
17128
27474
21520
28975
34937
27457
45419
53386
20697
45337
34420
11805
43993
19057
37511
3022
39504
11670
11096
31732
14410
46451
16733
46306
33680
12496
41737
40642
30120
21303
29928
9990
49227
44187
16162
44339
41496
17676
1398
31494
35938
51660
49919
42194
18373
41948
49581
5628
14274
7106
9566
21278
43576
10834
6876
29814
41555
41919
33007
52011
42967
14100
36996
41340
3269
19314
18480
20035
24066
28182
29230
16970
46087
23110
31877
23467
43507
10513
7580
5874
42844
10045
31393
10655
15980
11572
42911
17014
30484
33009
22312
24424
9805
12255
21288
8323
25131
40690
52600
33661
2724
21786
19791
6752
44679
47616
20400
23836
4183
47049
50814
977
33785
44682
53573
52712
21513
46498
25347
32972
41678
49998
19293
39698
1390
4301
12176
30210
35581
38135
27620
40705
49586
48317
40183
44053
19833
748
51421
40362
53354
47241
26070
13091
37452
50174
50914
17381
10194
17588
1032
38395
34050
27572
6685
23833
27088
47989
31686
37381
36635
11490
22890
15117
30402
9158
14654
92
50907
50286
27928
43435
1188
137
37334
21613
25841
31831
36645
50564
25492
9468
46002
12614
15040
6123
31418
51862
48806
16545
17933
30935
32439
31483
17659
44930
17007
14099
37108
33954
29591
43922
8498
47364
46445
16065
32205
21396
14374
19926
31034
3923
6659
52083
1825
40682
41734
24837
34422
52399
45681
38626
7081
41338
43981
29952
10381
51004
47433
42274
38853
23766
4615
18933
9871
34332
44705
38401
22228
26627
11229
8650
6277
20954
23650
6018
23634
29323
19755
48928
44990
21034
29457
4405
30669
20900
24203
13638
48325
38458
6531
27178
14798
24508
50711
7472
9206
47934
30966
1561
42746
707
37337
23364
17011
16825
11109
40850
45368
23299
17
37707
51403
32745
48347
31542
15077
15488
23105
49225
35384
41272
29400
22142
13365
48292
4305
12463
16965
43886
25681
51829
23423
6307
31709
14872
53890
45846
51633
24045
15061
27289
26873
26504
27624
45617
41465
11876
12306
7166
46382
45538
1506
43620
50256
51879
15868
26134
26156
26037
49739
34912
44285
52740
37946
25832
37889
43283
35930
46924
34780
7722
37229
40843
30332
17027
11894
38962
20359
42169
5795
30924
47184
47387
5629
7941
15100
9017
48833
1164
6410
23258
3121
48192
35879
31227
33760
22797
40847
20142
29885
3579
28320
11346
45176
23298
2431
6701
21066
34774
11093
45579
18583
20389
4094
35
515
49705
35208
7891
40801
45249
51554
44477
27725
33292
25042
23268
44
26658
43190
13161
29024
9905
27129
51600
31739
44841
46529
41495
50004
21521
8639
42630
49949
3449
10070
3334
22536
7916
43637
25218
30473
46772
611
13405
43394
45229
29856
17924
44664
23632
10614
3961
22027
26753
44085
34195
17546
2193
27278
31342
49320
18999
30980
16422
31620
31010
15338
42813
23627
10377
53
30671
47997
31118
19906
44221
3108
17314
16326
3456
10907
27998
38445
52320
31169
15801
35906
18997
50832
33453
35625
38292
51626
14537
18622
45756
38973
53011
10024
35959
15136
32727
30133
20388
41707
37534
45499
47000
21839
4314
19795
51094
6474
6282
53315
33969
15377
6722
20043
10313
28988
843
3535
38221
24742
22257
19279
35204
39126
39033
26419
7859
2783
32499
18518
51954
46528
29324
48752
34601
52930
40370
27363
49263
35571
8259
46217
45842
49116
31517
35484
36070
28208
5831
21609
24193
42924
2075
39141
26381
29245
47001
47637
17186
7340
29911
29736
30413
50089
25960
13186
31841
16177
3171
6689
42240
53423
10413
14709
18462
15836
51836
47517
33130
33594
29499
7529
28574
6821
31730
52620
46016
53788
13876
38861
22970
52906
20336
52116
14695
27923
48336
41415
11943
47660
53253
44578
23053
41714
1847
7323
7401
7948
51746
11187
17021
30895
628
17705
2304
29178
17040
39849
4782
42962
1786
28685
40284
24868
38618
37031
656
10949
13512
25464
1183
45924
37037
17347
48187
18289
4073
23150
26247
47256
27272
30851
10561
39513
13705
25670
20756
24354
12305
30469
20164
30430
31259
52728
53855
11351
42877
9537
42855
42859
50702
12170
48535
50470
34708
35353
49947
28728
2174
32811
35607
7054
18788
20021
94
23971
43798
32785
37633
42355
40075
970
51512
44204
48889
15197
42926
42122
36568
50654
13995
934
3874
20374
22919
44374
775
34902
24104
2861
46260
23993
5863
23900
38991
48476
42514
37438
45112
37670
14885
15204
7453
46637
16460
3601
44540
38708
29683
41354
47610
3016
16281
44659
27526
37808
19593
22962
44062
24651
18130
21776
15130
31873
52263
32139
3289
21623
21277
11708
32968
20338
16732
46911
15087
51399
50144
19231
7702
15092
39369
887
21679
36938
53501
35566
41539
40303
32223
25239
13879
27044
45460
5507
42232
36476
48964
9671
27670
48626
19266
38345
14851
4373
43785
46795
13019
18018
16456
32552
2362
42473
12136
33547
10886
44400
27937
40399
1596
16030
41708
29920
21718
42626
234
2848
28272
43832
12440
42026
26043
46330
8198
36744
6196
33718
25752
7530
11593
27626
2450
13659
27621
14337
5386
3706
16404
46754
47893
22268
20479
44426
33483
15763
5322
51623
45213
3771
13326
19467
43087
32530
47428
31471
34495
27799
26248
3920
23441
32563
49521
43454
38421
35576
37016
3180
41956
52694
2139
5515
3757
20054
18829
1435
33415
31913
28646
31800
14446
22146
19392
52000
1283
5792
44131
28568
5726
21853
28061
44283
10000
41228
20788
14898
7011
18550
38206
40561
35496
16800
1716
51463
11821
476
51427
36817
11245
16225
48903
7498
37494
16240
14508
8298
53098
12431
38338
1590
10804
33358
2574
3908
37731
6056
14057
7216
35023
47419
13176
22200
23225
51614
17032
40729
8583
18618
9891
4054
9391
15675
29584
17647
2097
13084
26220
33488
27603
45104
180
35552
38602
52064
41462
16219
53280
40700
46746
32835
53535
36711
14423
18092
10020
48622
33214
4190
27916
34441
52436
50407
33270
9668
53064
29203
12518
8550
7519
9538
44052
29514
21669
33293
24162
25143
32810
49587
49455
49501
27246
19929
5442
38509
11019
39263
3034
18310
24773
15724
28459
24872
33388
9444
29942
31908
3963
46277
9708
14518
29658
51658
16186
8354
19699
47649
3435
10148
19122
37817
39154
4854
44064
37235
16618
46996
9471
41276
41133
40480
27120
42184
33481
47094
1269
23444
12238
25001
26702
19318
3199
21393
28870
50887
45665
18126
34004
1812
33564
11171
25905
26466
43476
31174
587
52657
45159
10459
21102
18108
13301
15322
51149
5044
38381
45925
30052
38043
39858
35207
21879
23007
2150
1997
13922
9039
30486
11025
21185
17974
4205
19454
37190
27410
48608
25052
316
47118
4229
17308
4398
29573
37299
10678
6727
11666
34144
39861
52715
17295
51667
35815
41687
33692
22065
10869
32744
49845
18778
39881
47176
29450
25168
26564
11340
15452
23626
6027
24893
24976
18842
1200
52461
33011
29365
48099
15718
17135
23517
13609
52891
26832
13010
14785
18949
48265
27282
20721
24921
27119
52171
52221
36891
33336
30447
15519
18429
4169
2383
36709
8708
37451
34794
18422
11723
23237
29610
10004
31249
8486
16066
6420
9291
14407
39409
11976
35668
1103
49405
5453
52058
2640
18057
3827
41975
40199
7596
47849
38654
42262
24992
31516
17942
17665
44639
20559
27558
26209
22689
31115
41025
23841
48885
39955
51779
25271
3103
17597
6210
8002
46731
20293
53482
2093
23592
43356
24117
17755
24857
20309
14967
8925
27542
6831
44362
49857
51616
10112
10332
20995
22445
15336
30905
46287
9167
22500
23985
24884
37463
21629
47185
37376
37102
5729
17918
14236
29797
37719
18449
39933
29143
47645
18507
39780
48044
1010
11236
11342
20914
1518
40241
33300
9447
39735
20128
2821
53738
30465
1417
37787
814
28266
21016
32960
38948
949
29206
28921
51314
26353
9294
38286
6845
8961
26657
32773
26437
29867
53621
14278
11037
45172
6597
950
6023
17075
7377
12264
29310
42937
38900
30678
34950
45416
40395
18602
791
12018
37305
16347
7065
6751
40142
24660
22870
18063
429
52022
2592
9768
50227
14708
6612
6786
32243
50770
24796
10479
40132
10538
24543
42191
52151
3283
42524
30388
38581
29151
43500
4717
4714
39128
12421
29452
23201
20844
53502
40407
19447
42446
41095
35789
6923
7635
7112
21426
16328
21898
13513
3979
32154
24216
10468
46015
39833
36616
23352
37501
10583
1533
14602
4056
9181
50160
29686
9680
13862
19397
43522
52032
27266
14028
1445
30159
26498
39763
6623
47976
21677
45581
39994
53831
53125
37475
52460
15030
3025
28825
4032
17182
30806
40919
36844
33308
47249
11380
38160
43735
25659
47713
51895
6033
16786
7532
45933
24215
10950
27788
11789
50347
16818
1769
5006
46205
24840
7017
13667
16113
39952
53961
38363
40667
3470
22337
13381
40283
5045
17493
41732
53456
10360
17054
36609
17678
43053
53842
7803
44198
32013
86
52257
48134
32034
45387
16264
31445
27028
3238
11094
40902
33120
5435
26482
47725
51395
39197
52969
38580
26762
4546
23879
9595
26203
12452
12419
40789
40673
21960
45868
26191
18067
45470
53938
15741
5341
35233
10247
12562
44195
31218
32137
25381
33056
44538
34922
13920
32155
5570
2991
26242
44546
19991
23746
37425
207
9236
40693
12567
30711
39253
24190
30457
39304
36657
40886
21696
38449
38194
40312
43754
28107
11506
51741
43178
46919
1936
3680
10038
12512
4937
14877
11459
19481
29702
41295
1325
43083
32534
261
44267
50929
17589
5303
8823
32910
53942
21208
11945
11285
22302
31799
16385
15404
38625
51926
19301
3122
25480
24667
16805
20098
37917
42860
40697
31651
33922
43661
32443
10637
51254
1610
17585
20904
1112
51712
14675
2290
48006
39803
19296
5832
39695
31959
40383
42089
38404
30997
9389
44936
8777
1058
34093
10895
32467
44619
9554
24830
27637
14815
10415
29560
53838
53065
91
43162
33286
14234
18707
47853
14352
37411
6569
11792
1788
42043
36113
52043
53987
38120
36111
13030
41056
7668
43029
33121
25299
52443
1635
5589
6991
19280
17047
15184
45934
1489
28677
34428
20604
35827
5415
51688
44185
50862
42984
32073
39114
51259
36798
3428
25755
15802
16658
35031
19499
8118
33236
41942
49473
9713
48747
27030
31125
43225
19953
30146
15756
22537
931
49860
5111
40855
36231
28635
31132
40917
31747
21039
23302
45945
32077
47033
15573
50153
19950
14833
43575
42224
29915
34908
45472
43940
25041
35687
50188
12700
46351
17158
4990
53945
5965
51937
15684
9821
13595
10911
31884
11513
41772
49180
6765
14829
31081
42919
8170
48750
51333
46527
49603
53418
19400
44379
32174
10221
38701
23593
30116
22025
51079
16389
19564
35150
3960
29084
48658
40738
44282
48858
23069
1701
34941
51249
20330
49751
18141
2032
4804
16358
48859
37215
43377
13417
33619
13734
32142
39458
18650
26459
34842
36786
31397
3073
8950
51477
6544
3407
48952
28736
30103
47028
15739
40202
53614
23813
18885
4023
27175
53167
50665
3133
36818
31755
8947
13886
5153
45261
20137
52145
6672
53425
18719
18751
4583
44502
33615
31737
19945
9147
31741
27058
19504
30034
9772
31410
42895
28827
31261
42936
17280
30508
6631
50425
20337
31545
11213
36900
6496
37136
43668
11587
44327
50566
7309
30040
48073
30403
32606
43328
13350
12734
13363
20358
39564
9889
41060
38559
31463
3814
50927
1359
6010
22360
5167
6541
42037
1921
23550
12209
9985
20480
37614
36874
28614
25902
35852
12006
19884
11873
51967
47754
14127
14924
29205
43511
22436
25734
11246
27374
25582
29337
29812
6337
44579
4238
44645
26267
45956
7437
40858
17052
3944
5086
22829
6366
36168
18473
19300
40669
4294
3277
20628
18368
44270
42029
25781
44356
48440
5182
4041
30217
31427
31294
9982
46965
50283
40327
30523
17338
17800
43646
32849
14761
26432
20944
19980
41400
6371
51852
14463
40281
9403
6896
43257
46702
11759
18649
8009
38428
13515
38930
32600
15558
17421
21139
42997
5700
27576
18909
27287
51271
16380
32260
36018
18604
51020
23017
18273
18552
48557
42149
35556
14561
29927
4388
5837
22874
48257
13900
340
36199
46065
26899
46944
43276
41352
2335
29708
8994
28564
29850
14626
15735
6086
22762
44480
10278
36926
11397
26140
53863
1449
27251
9273
10239
30824
29825
9789
4319
29027
37859
53070
46805
14965
44748
10208
35609
36509
2652
38550
41112
19366
10391
40674
16230
1453
2001
23160
1627
12147
48724
21149
46615
52398
30289
16334
26450
52571
22240
23862
22911
35196
50640
30479
51192
29386
6421
46454
25597
26110
1820
48753
24807
2796
6525
9211
44586
17442
35352
28580
11982
32547
9848
3051
10666
25050
30271
46326
43811
18168
32216
42714
52719
39308
18353
47695
13711
6448
52125
52751
6362
45883
8446
48782
48600
34707
48965
31552
9041
49174
11386
8704
26982
16260
52020
19218
41141
41766
33034
28578
30539
29813
3343
53935
32167
23404
45657
49795
52274
22932
23551
37684
37355
20753
4554
50329
51454
43740
40293
49250
5602
34942
6078
38544
6601
3058
27471
8424
10009
12595
19915
12228
38299
29242
36543
36720
39969
8494
9499
47883
25735
52501
18172
4651
13735
24225
22417
53754
23663
25864
36507
11649
13694
14172
9965
31920
880
48456
9496
53500
32153
47538
36512
9401
47074
677
470
29828
35964
5210
23224
52642
51751
11440
25790
15658
48933
3734
15373
4638
46697
6774
12696
32109
39134
53655
18541
27991
46311
11958
38289
45332
33093
12023
31429
2518
1047
24910
4232
29677
42397
28493
40057
24267
43107
13608
53430
45239
27774
4682
21289
20737
48717
24474
28681
11517
8461
51819
37324
19476
10386
27696
47486
49061
47145
10229
2820
7089
16354
41100
32307
11932
18101
40228
12051
1886
3671
47222
24515
26863
17993
50508
20795
35578
52654
23745
49729
47112
1800
38700
47317
23873
50668
36631
10050
44874
19568
21285
42938
46557
17477
20194
28457
50577
13438
3891
49086
42455
35408
32767
35293
19716
48294
44090
13322
30983
25539
27864
4312
36397
3676
25314
33731
4850
917
32273
3204
8433
47318
14476
9284
47917
25374
48584
6849
2451
17967
200
16482
13742
28282
37935
7201
47791
47393
153
25554
53455
15795
34048
21348
3356
1334
52621
34153
10999
34821
43535
32730
44396
28034
37700
13598
40844
14852
33530
3859
37849
11400
42281
25843
14800
30516
20039
49876
18895
17709
16963
30364
28748
51138
6379
11099
20766
31823
22429
53764
22504
31785
19739
39098
24285
19483
51661
11515
5094
14655
6012
28859
18320
22784
16757
36319
48446
51994
19023
12750
35597
42677
47922
27660
23023
49134
38397
34795
33780
50697
34519
50748
50938
30475
35140
48746
32769
23285
17341
6455
19903
14627
8986
11262
32170
16484
36332
26691
8131
38262
14905
38736
29060
33434
42299
28008
35733
13634
22522
10798
4598
49432
4609
46687
41720
13863
21719
30074
31055
5981
41962
11730
7142
8316
17932
22378
8538
38638
7634
31816
33776
8219
50011
30524
32556
10436
25509
2785
35958
4186
17789
10190
44070
48529
2337
36797
48216
37619
8099
37541
15553
25630
29117
2420
38113
40906
53054
23188
14276
29417
37205
45640
16173
10910
30977
2725
43501
45418
19271
51351
18801
6921
7351
4705
20436
46439
10100
11301
39342
51956
36435
31108
39088
18355
26975
30471
6432
31796
7384
18975
5466
12468
6912
5978
29958
39694
40884
40949
33503
51761
28876
32887
6713
27754
4864
20574
36745
53708
18833
23350
21508
53206
822
21173
27921
2392
30324
25486
39074
24794
5853
44598
43249
12037
48496
7761
21550
15786
13938
1508
34543
7445
53582
47546
47846
19172
287
5005
34951
26265
46752
48566
16595
44488
19557
3554
8722
33367
3675
53550
3458
28965
32931
25487
37915
48610
5413
52774
47022
14841
21620
27894
29465
12747
6388
3117
34237
19653
5885
12041
16770
31634
41378
5822
29165
25733
24997
7293
4050
21576
39019
5285
49292
51920
22085
16463
34776
25180
10751
9522
4262
5751
23037
221
47099
30547
50849
24333
12581
6042
43532
21535
15388
