10134
26115
6149
25858
37034
23601
46770
51502
44270
32978
7013
26591
44548
22547
25304
17499
16285
28907
41583
43025
47109
2519
24534
46209
25076
8904
15308
2701
31043
16593
8497
19661
33453
11669
42680
33150
2590
24336
12761
47496
50323
45663
2085
33392
25433
36531
8712
11761
14668
11708
10585
25489
21856
30533
52444
16209
27961
39861
5727
10832
41913
35048
28028
5981
49077
26079
4224
39758
11339
10071
51124
50105
5948
8199
22780
35010
31038
10688
17693
34920
15977
52674
14596
46630
22172
52216
12904
11432
53340
5347
32546
12223
33429
46592
4011
28641
13047
14316
34030
29930
45511
873
45446
13425
51229
27854
40938
13789
37628
40334
21748
30415
28414
25113
40165
52252
11534
29995
948
33939
7874
42494
20805
21617
1742
48970
38525
16572
24110
47142
52652
31627
47282
25686
9125
25646
30543
17005
31244
6702
40356
20100
7238
17899
48493
6657
48491
32539
41733
16914
11907
6558
15356
42751
35896
41590
46186
51627
36510
1869
22960
3703
24940
50019
42643
21638
2170
1075
33203
6660
15193
31720
49651
1727
21912
21077
44590
12017
43077
8020
52921
1535
15983
33519
32887
34953
46546
11890
42373
17708
35112
43644
44375
14441
20572
27557
1219
11115
43485
46072
45066
3157
3531
5988
33916
38673
23109
45832
12744
30577
9649
46163
23022
38087
19980
51594
35702
22155
13697
32894
41017
24321
3440
23115
40147
3456
15322
38893
33284
47914
9130
42466
30040
14222
33821
6201
14034
40161
35844
12896
38562
35295
52839
30906
21003
16649
30902
37833
4461
46303
2273
30750
2831
26458
11783
40082
51145
27486
41743
27658
22902
39837
23082
4210
42147
24305
7151
26480
34793
34327
14684
40569
13954
51132
30198
46214
26836
5869
30462
41366
47628
1977
39148
6991
14753
37463
32062
34578
13191
6104
37569
14794
16939
52571
51316
21608
11911
10468
17861
42354
45018
39640
16009
44331
17983
43923
22220
17301
43833
24387
40923
40998
53362
36638
28938
31087
53193
42772
9599
22609
17378
19776
2383
48769
36436
11029
36195
6941
14392
2076
23187
28486
42414
25813
15780
17086
26989
40041
22284
37866
24804
15782
17905
28840
3916
44868
4906
30252
5860
1828
35670
30116
36891
1326
13675
8404
27201
39646
34768
12157
4131
2607
21401
46143
31559
22624
14318
47027
50150
12504
36039
26721
15009
1835
52874
39404
20581
29337
28157
37759
11918
53054
46264
35164
16791
43872
41316
11077
37738
18760
8790
19692
23040
43764
3153
40006
21141
48653
4343
36905
995
4322
53342
37360
39615
26285
22625
32084
18806
47988
33248
42191
34650
41313
13496
10163
11696
41797
4482
40524
30057
49249
6682
19789
31767
2468
38765
5445
41069
7320
3313
39844
42585
3430
26847
47672
25022
47986
52716
48395
51966
16275
28066
30537
12284
18042
41394
27853
37659
28484
43793
6577
34341
40736
19385
36161
14269
3978
10914
22382
29980
18893
44050
29359
9127
36405
37205
29659
39978
13160
3977
25478
30362
45136
19739
22319
4743
37046
40741
1783
29209
1358
45969
35008
11979
34140
44228
49701
46297
38163
51822
25843
905
35140
19627
22939
46243
51387
8229
53648
6615
34463
3248
11870
45803
9871
12879
48340
28671
31100
32204
21185
50479
47828
7477
52147
10082
52817
19348
40919
52019
5038
10974
16918
18589
42136
3656
51026
2474
13768
6097
13321
46097
29219
4983
48919
17992
2871
3322
2907
33432
51820
17277
39300
28931
31553
53526
22370
12289
30928
46173
42612
17717
45703
11571
3444
25954
16101
11573
45794
18536
46204
40687
35956
28459
1778
24190
53335
28603
49553
9076
29253
2922
38641
31217
34105
50730
16291
6781
27849
9041
36601
18061
24770
25105
12883
46744
32009
26541
36820
25374
21175
36760
50469
44651
22321
18394
32247
27677
33125
29308
44046
24938
20721
53597
7248
26080
44871
19159
41493
15071
38038
37434
22509
39062
31480
9985
19113
2426
27953
19058
32149
18597
31411
34095
37587
3576
43144
13132
7401
10726
21218
35874
17566
46166
40527
27753
38686
18346
50863
1884
25119
26675
47076
7570
5964
15399
39762
36018
37602
40231
19165
10362
9237
9151
22680
13342
32871
10875
30202
48983
10143
42594
37269
44620
5118
28116
24325
24794
5026
1144
19710
17095
41272
39489
33520
46487
18497
46330
25717
48104
4208
5790
13886
39177
27374
14249
16681
15888
34567
35417
35094
26808
37490
33557
6284
40805
44802
44840
16680
22975
15664
44808
33799
7653
380
40875
20256
20942
34783
1265
34698
1996
22310
20948
53982
46446
45469
35645
50557
52194
46511
25716
49341
19891
35709
28448
17269
26850
32985
18528
39078
9855
32932
1786
43766
3129
33595
37613
2644
34388
34298
670
23185
24759
46793
8398
22908
19500
43812
38690
36827
6304
8127
21688
385
37514
8865
11736
11446
23640
3484
16905
33990
53931
1698
10610
37006
11595
48712
46268
44599
23891
26401
17638
3568
17100
41187
22101
27709
7916
35350
20752
50363
21765
2512
7993
9956
37994
17021
49886
10007
5984
39878
2192
37350
50635
51699
53735
7552
31505
30486
23148
22351
28048
39467
8706
19729
6487
49548
33592
37599
11551
26382
39112
20647
50750
20210
24917
47045
13007
16088
29682
10115
45071
24450
18985
30766
1327
11226
32656
48100
29717
49768
27509
48281
17128
14612
40920
52239
34976
53739
23154
38626
50055
19487
17483
48806
12510
24016
7291
30618
38862
13779
36688
35621
39752
38867
12790
32518
31920
9423
41557
50655
7628
17466
30310
51528
20347
37680
27338
30985
25419
20456
2509
24793
30782
37989
8237
5809
47370
9141
22832
44930
1366
51912
27657
53922
10060
5121
43910
27575
7891
10011
52378
38806
16987
35083
12255
5392
39642
53017
14008
11260
7846
13361
50783
32303
3447
32220
38610
7426
19889
34351
39090
14021
17623
41912
27260
16993
13574
25301
19990
15546
45258
1175
27795
4055
4368
33896
6484
26509
7163
33321
37568
42157
1667
21676
33786
45813
17219
43300
46030
49480
31910
17254
15816
7302
8956
6929
25263
17676
30564
9269
32684
26896
32098
31968
39668
21325
20153
50511
14661
9403
53038
32267
35720
7643
17037
48257
43275
26655
49055
31977
31563
5441
17843
17008
20978
30632
4222
32809
17158
2677
40580
30869
49729
6727
28400
6745
22942
51028
26248
24390
12111
14364
25947
703
16317
20668
49071
41749
49172
1721
915
2814
16627
1619
33369
28674
19231
15521
34822
37673
16006
11585
8563
26627
53310
17631
36177
2796
7201
6982
32292
30420
33330
22585
1627
31463
39996
10026
9880
42333
698
1104
48848
53544
4774
52311
14353
28156
2866
16970
3960
30450
22001
17223
43455
49225
47457
19754
39075
41452
38672
17129
44200
50512
31342
39940
43490
4508
14178
13757
43352
11749
37948
35521
41755
52701
40499
2345
3034
52578
40848
50241
44635
31385
6918
15363
47880
3765
37843
50599
13546
30455
30072
46675
22648
29506
43262
5728
3469
12713
17053
20096
45756
32252
41469
1551
51228
22620
3559
45694
22353
28369
24532
777
53105
18272
2072
22108
1414
5272
44459
6959
676
11927
20774
39973
40777
946
35557
17616
17390
30404
43166
7774
32528
52600
25334
50173
34979
42353
18222
2390
346
18215
7555
4268
42874
6489
14169
19505
20569
28341
24024
25835
19068
19262
35215
6570
13746
33640
21797
34809
25902
20896
5739
39029
46847
12926
15215
13913
5263
11214
1912
48839
33492
53366
11374
45304
14035
10269
35382
39761
19134
3906
30969
38861
30243
42852
31321
42117
14066
12901
6354
27504
51986
46853
47671
40607
51444
38189
46549
25094
35095
37895
4086
40129
6617
12143
15202
31704
12449
31324
6294
10234
38797
21568
2794
33619
23389
22496
36831
20487
47433
52328
27779
22502
14295
48190
25120
29483
15739
33168
16382
31636
25164
29302
32411
44076
44655
7885
10208
22914
23257
15554
10554
38868
53740
18340
17633
23229
4071
28467
47603
16598
46007
24930
33774
3551
28203
9527
23717
5062
49587
37485
19232
27842
44435
37003
31179
3792
18559
9043
33614
50565
9037
28079
43583
51850
44758
3891
3739
39952
30071
11472
108
55
46621
14542
30153
32079
19032
51020
39354
38579
35876
33684
31423
21250
38674
25123
24862
9861
12647
43160
36874
14957
14279
7402
5933
45358
39851
13830
1629
31147
44138
9468
41533
25345
21513
33294
35993
41434
26263
19416
20426
2928
30448
2525
21196
16295
503
22435
12162
14414
45026
36878
34134
30611
17603
32727
45781
3112
18568
47013
41486
29825
53089
24878
16536
26349
45522
21771
17294
7441
47058
40849
12558
49367
11776
1441
10827
1076
20234
21994
12763
3994
28388
48905
42629
19829
15706
8652
26617
48816
14137
44860
8264
41280
10575
4623
44389
15183
27826
38071
41194
10675
48716
21034
48221
1096
40969
18646
34165
13822
50573
36267
15539
14803
39935
22323
47190
38366
44864
52298
25475
38526
15812
1936
22667
18786
33259
12348
13695
9799
35768
12840
21886
17811
33528
12260
2743
5284
13749
4813
38381
10400
30655
40996
51265
40188
1765
26579
50464
36754
18946
50465
11180
12247
33888
23503
11439
37437
48384
35746
9455
37241
5058
15141
23497
205
13813
33931
14649
4181
31105
48862
15036
20285
46205
22836
11178
22595
48295
4075
9289
38464
25274
45671
45202
14896
17144
50245
16710
45343
106
43886
2181
28178
29850
52174
17380
28715
18469
7619
26879
37802
40257
50999
30323
43059
18087
31429
4669
6802
37675
22682
26537
48758
20194
26160
33004
9433
2720
46374
22061
38379
22067
44592
13052
25871
16766
5491
41510
2069
30082
27280
41843
52428
49644
53447
13661
49133
47834
33261
48323
45744
44337
23900
40589
7714
8550
34252
33837
4776
1166
45917
551
6044
5015
22846
19293
8341
26838
50040
14609
51477
11477
39285
46858
28294
7525
13572
31437
26381
52350
29854
18122
21644
50946
7725
25869
4988
230
6988
8813
6087
6697
20694
45660
10009
6344
1471
18498
21276
39418
22814
24
23691
21830
16316
42810
8048
9384
40191
28689
2417
17074
27791
29303
37436
11785
34524
18104
20934
4959
34283
7627
24385
50424
50153
48465
42068
33395
9456
38105
35016
51096
14114
9176
21290
50696
38795
16538
23176
31013
21661
46245
31785
43318
45760
26273
40528
24969
29775
10399
50031
49058
8482
15511
42552
51980
10223
35775
8690
18734
30244
371
3949
39023
7192
1846
19902
22785
15106
30557
21959
42303
27009
36822
19845
9726
32052
12413
51109
53860
39330
31388
38523
50309
30144
7941
51539
42008
21742
11828
570
44431
8735
5723
30990
51061
24130
46354
7093
50458
11756
52452
42217
28947
4961
4590
27856
5507
18201
17429
49719
40747
52183
19458
691
31762
25149
41455
30336
53048
51251
39799
12589
15919
40454
45770
20257
7460
11132
37032
15939
37181
42179
49625
17609
24216
44183
14214
4137
2289
27198
15894
3996
51476
1620
43339
33605
39963
51860
31258
23520
8133
52047
24819
48666
4923
28670
13149
32906
45364
40768
9163
5189
51252
21316
6212
49997
26488
20880
44820
42218
25290
24691
44670
11915
8254
48993
36291
32616
23683
11530
2713
12942
16703
32930
16889
43951
19087
44207
9071
1593
29681
25692
21524
44298
21295
38942
34593
7021
9749
20447
52034
51241
40910
31481
33293
20901
4954
49642
48959
16267
53566
25324
5802
45921
27015
44140
41178
1843
14237
41846
8687
36355
45998
176
52270
45462
50229
26994
28619
28015
52058
19670
50351
10888
20200
22416
46458
20181
10576
19759
5963
52017
49154
6164
40507
29856
18617
53899
16438
20491
11100
32699
39953
18602
30052
48007
15691
14768
6464
52136
23134
36221
31642
24507
10431
49774
9294
7738
11805
47443
43805
20273
8244
50374
1858
9379
41589
24943
33584
7686
7376
48563
241
34893
158
11169
224
19883
4294
42307
39391
28502
31123
24617
33047
38728
4532
42677
36140
4335
41359
42632
45309
31154
28140
53567
8885
4383
7484
32559
3369
15826
30405
515
1626
21870
45957
48598
48684
21305
16498
8402
22111
16310
53752
10387
34880
51992
33334
30748
44887
20105
41587
8521
32225
17981
43763
37184
29217
18769
7152
36231
17436
42000
14715
49818
46339
28324
10536
41009
14231
52457
48335
58
23333
37776
1073
38586
23671
12023
23133
537
47450
27343
15759
23063
10522
26623
38808
39690
53762
30560
34676
20860
11397
53678
21810
48896
35408
25005
47827
33993
47906
675
34082
39569
52062
20306
48152
40426
25515
25340
37530
52666
23227
11574
8868
31787
8845
34814
41277
19542
22991
4056
3305
22516
4232
16502
26863
27323
27965
32796
3296
2851
20475
38194
8548
53251
8123
12954
31360
7995
23674
51909
15483
15470
45061
17376
41602
35021
18245
48306
19309
11248
18006
36017
41472
47315
43674
20814
40351
2759
27144
42895
48727
25344
13514
19475
52291
21009
2745
1982
27405
52072
38073
53488
4000
30418
31390
35740
19234
14847
14217
735
4986
14085
8190
52596
15330
1360
28102
43558
22963
25749
46121
42105
23436
38721
20218
38894
8676
40628
51362
9921
3993
53812
21754
34456
13469
37884
18637
20312
21346
5690
46382
50972
32501
20308
938
46067
14208
18929
20852
2739
15789
37198
48432
29538
26408
37682
5134
46105
2711
40863
33780
48087
30595
38976
44322
11972
35582
11925
14567
123
35291
45682
131
49102
38982
25293
9182
24355
7228
4953
30132
19814
31196
3007
36245
45883
28967
2884
22911
22340
32524
19597
7812
35505
50287
30725
52195
2023
31358
9767
19311
47323
13743
17462
47876
16296
16768
30757
9467
10248
22513
602
31263
16911
10312
4293
19070
42853
42678
50553
504
14784
47852
24869
22771
4480
51598
51370
24428
47407
17084
9780
8727
30307
22164
21733
1496
30973
26469
12557
41527
38860
46654
28973
28866
13159
5143
10041
27007
13023
22087
39875
38514
13115
31772
42422
30085
12499
38457
52770
33683
7893
24680
