22805
462
43488
43523
28823
23888
4822
43447
23776
11447
35848
26883
13663
52672
17449
38969
24246
12871
16350
23092
6101
26997
45704
550
7707
34587
39217
10336
3674
45473
14536
33510
7095
43157
28071
23253
51313
14627
34054
48825
44183
13608
5824
49570
11408
20315
25172
34349
45602
10859
49830
3275
21996
37096
6661
45567
46564
25752
40912
38221
3771
38590
49878
24786
44993
10650
25505
53907
17258
642
27078
11143
36643
48588
10308
24459
42594
46775
43821
27802
11471
23330
10626
50993
586
44056
10289
46887
22973
13522
8152
7120
36557
25828
43414
19261
1035
24196
52785
52951
45018
37873
31510
2875
19204
42942
45637
29608
34917
34627
836
38680
20145
47949
47981
23672
37203
44323
36382
37261
26562
39866
12452
36726
7460
10603
37664
22767
24166
35117
29692
3750
10528
3961
26152
22275
39287
42121
33704
16647
33249
43950
4905
16374
12260
24149
42762
4591
19063
11799
18722
51767
34157
4586
40518
3589
33380
39226
36522
38199
13278
34601
45688
2210
32280
48466
36420
18856
358
14229
3924
36837
25419
13003
7667
5513
17981
17514
15221
52759
8242
38867
3219
24175
1107
49674
7737
3265
34620
35780
14584
46185
35678
5765
13618
52541
28331
36859
42066
46439
44964
24852
29677
3015
42863
29919
45527
37282
10243
34523
24980
20701
50618
41237
39665
22759
22323
40215
27926
1990
40922
25706
12334
41633
52623
17709
9894
51056
40602
42772
7300
8297
43007
34570
37044
38898
34766
16380
53321
26799
6541
30447
28340
51043
3322
53785
43232
25801
53170
3766
13577
22410
12810
28361
35676
4827
19336
17136
44488
33417
38235
41553
40706
6982
9691
23945
16091
29764
53855
12378
44300
9589
12704
41040
2620
3889
45786
38764
22750
6415
36386
12554
11597
46352
6536
46341
49567
15498
50501
15216
44331
22744
4430
12800
30905
31865
35221
37466
27074
38938
25651
52598
22390
39798
14001
43219
27007
48344
26632
9634
39906
44260
17946
37462
53935
38230
16820
31614
6590
11311
15332
11540
35190
16987
52626
22110
39470
37570
42280
40509
2314
2236
14655
35343
53996
35176
4516
40559
34439
12685
22543
33610
46156
24648
53267
12723
42199
39927
22461
31497
23732
12030
2089
50751
16499
44128
19646
37464
6639
24064
10811
40785
41396
20189
29847
16121
13615
23259
44227
1255
284
26814
30889
10411
1984
12637
23796
17603
2829
38324
32287
5795
40283
41932
14259
2146
39620
26827
2516
7224
11579
41724
24995
41123
28291
22683
42700
22710
4116
32988
19139
9712
27832
31741
47950
24207
5267
15475
27286
40881
5204
26210
51519
15650
30109
39931
24530
7511
28385
40427
50640
12476
35307
48030
14769
35704
12087
26175
49579
19355
51786
23798
2225
15072
26179
940
4213
27457
14547
23088
49323
39413
30108
15836
39376
41975
48319
13493
26255
35196
23777
49903
35226
15325
4008
3721
45052
16165
34986
63
44524
39428
25406
34790
12190
30307
37878
25667
7975
15757
23812
2289
9965
12306
5558
22562
27167
22998
51012
47999
22779
19006
34337
53165
13770
22727
17222
582
25460
44050
43276
37925
15131
18644
1706
44156
6766
37223
35211
3571
21019
29819
2907
2293
45776
21965
25902
48004
38369
11875
38299
8383
1079
42858
13085
30510
23140
15532
28032
1774
3328
1083
18704
30368
48330
28229
11690
6927
10328
12571
44398
36441
38
15075
36418
36948
23610
37041
40295
3621
34915
34639
40410
37477
33789
561
35019
8338
10218
52578
37321
48120
35028
46836
26104
30931
50750
20611
40209
50991
42745
24576
25144
46057
15126
38119
37993
22140
12237
27686
27908
34300
12954
41931
11979
43485
36974
42178
780
13340
43599
34418
14445
37153
854
38830
33248
2182
41395
30121
50373
17045
24253
44810
34149
50615
2728
22259
38761
39957
53215
3324
24596
2119
35558
41844
42538
36699
4868
44461
6544
38787
20312
2348
44417
11977
46394
42132
12185
17622
4449
19722
26656
28764
39434
15274
41073
27321
15619
46436
16349
25006
48724
24212
3824
25252
23354
28076
7072
3239
649
16446
13159
3032
7933
49916
15591
24061
36513
27525
18009
26297
41063
24271
6152
35614
12774
17634
33196
42737
24272
11997
52550
9793
11226
15327
36551
53930
14942
40510
13826
7642
51281
38974
5828
3078
5873
17454
27141
44798
22059
25756
15186
34772
45544
35504
24895
20156
37563
26071
48629
49669
4095
11195
22989
35453
22827
1488
16545
49433
41986
52558
49817
48454
27728
48111
2689
53048
18025
39281
44318
37491
7763
36710
35467
23482
52635
13768
14617
16370
51627
6817
14813
24669
40695
16578
26404
22639
37811
37135
4367
29765
48196
44
46654
10384
26349
16472
33580
21023
50439
12650
44751
23402
24610
19444
30712
17403
15706
41221
24179
45666
17543
50966
19070
31886
6162
6560
8234
39411
22868
46785
35708
20128
14804
43394
19301
42753
35433
17185
50723
7640
32773
42292
13552
39600
36638
34475
26038
31467
31847
1319
13176
6098
18740
41525
44316
43149
36693
33516
25736
22038
18245
12104
41535
51046
14667
19812
2355
18119
20123
4129
23795
23069
50477
23091
24074
5571
28205
27228
28277
17416
26634
34839
29932
28586
51250
7631
6664
22097
44730
10964
39653
48682
39045
42077
39806
48323
33253
37131
637
33735
1782
20056
27005
25257
52643
23035
49601
38850
28846
32749
11952
449
22934
20855
40224
30464
16177
27876
12111
32309
49595
32301
16452
40230
40041
50480
15630
28587
25315
678
42676
20364
20009
2770
42928
22720
6130
15261
35752
3330
13521
40056
14895
9813
28504
25455
7437
19702
7399
4980
50924
27846
46488
33898
34055
18906
14835
51081
18041
24651
20714
50827
28147
1469
37618
20987
37073
12019
9804
46809
34259
53173
38312
6180
41367
32821
18794
36954
13251
99
14941
50804
22986
12395
19280
2522
45826
48787
39542
46154
52747
5545
37210
23349
15852
40020
53304
2855
43324
7606
7373
51746
28177
8139
29541
43860
10469
24528
6654
20782
741
23008
41199
32970
46771
5116
11870
7293
33262
2744
38734
11916
32737
11260
23129
14159
46337
19906
27177
27258
26428
11437
43967
44558
53687
893
1013
4236
36504
34155
45422
44487
25459
22583
14806
37461
33396
41562
40687
24150
35275
50517
42215
13814
5464
33351
40894
52825
14324
13237
5153
16471
4559
3972
92
16240
21884
35468
42058
37781
11493
9693
39145
30352
49896
43876
36810
6806
48091
9832
18744
22624
3112
38385
481
24712
49404
23387
38725
14567
20140
25858
53188
20011
33348
7578
53906
13486
23654
52853
40500
31652
19365
24738
39028
50688
3321
935
3971
28308
5088
2309
6795
38456
53247
46219
35269
1692
38258
453
49629
27133
42012
24394
42098
42070
6653
5810
53113
45579
12640
11800
19492
2014
38842
14923
10791
38887
27896
22608
24157
43603
12142
13726
33769
52836
41434
13224
6211
24228
18271
26874
23227
31702
7752
7733
25627
49644
23884
40290
13639
44177
33912
36639
31512
42648
30518
18221
39126
21956
23721
5460
37037
38703
5501
2363
41757
32358
13824
37251
9888
10426
6035
51548
39158
964
23996
3420
31460
1981
33926
23341
25577
1980
4619
10368
11054
47921
1987
24268
41193
27036
53803
18106
34474
35080
11338
27010
48589
11826
15545
14500
51082
23862
4261
43575
53117
43764
39203
37852
19627
18642
11280
30478
30065
35266
44776
33672
24912
2227
1311
2444
16487
53800
47966
19353
23299
48155
11873
27129
12649
45935
40042
37490
52969
14354
35237
44125
27097
38192
19229
25477
18123
7093
20976
9814
51196
50418
5046
44132
10239
20682
48684
39337
45171
6076
38124
15449
14843
19413
40735
45167
48655
27393
39098
5800
28765
22994
428
9685
4067
1798
24899
6126
868
28723
12816
52828
16160
19318
682
53
19698
39663
53306
3800
30597
3777
23184
10643
49222
31490
46879
27516
28841
16142
28612
15069
20122
43767
41453
34958
1379
15029
33499
1037
15656
2347
3210
19648
1768
34381
16770
46726
53078
43859
41243
42175
42271
14130
36855
16813
16736
46284
35510
30640
10341
43498
51169
37759
43052
46169
24474
89
52756
34486
9935
19620
27342
38731
46180
7582
23709
52599
6064
6296
27350
27789
15855
29840
44833
44817
51748
2445
30802
25940
4363
36437
46576
17795
22448
35907
23050
40062
11953
14510
25867
28265
1713
45680
20666
4250
17114
3433
34099
18949
45488
19246
36646
10757
9797
51584
43666
17206
3867
35827
43380
34019
41977
24826
37158
48201
27721
45264
46735
47948
1793
10340
12000
37163
48662
42014
28013
34092
45245
28360
33045
34665
43947
43626
40985
43880
25598
28065
1698
22701
2686
20300
19983
29792
43847
50941
17284
45277
40798
20378
10940
29760
7555
8145
38451
33806
45069
23320
6498
41604
16478
35953
20856
7758
53813
13626
33937
19458
34719
18670
40075
33263
22880
7362
601
39727
35473
15183
35257
22606
18667
22136
40562
15906
4641
3082
4200
8019
28498
20837
4840
4284
14339
27164
53822
6485
39583
3230
40941
33518
1360
34951
44396
8119
49773
22014
34568
50396
41799
10302
24328
2093
46254
3320
45789
10146
42814
48732
32442
12062
12064
27645
1272
33214
37520
12066
28386
4094
39841
30070
7194
40003
42587
12154
8236
28736
36440
23388
24417
27482
32264
52774
3859
44564
12256
39275
24081
28233
38309
30235
22700
8109
37065
25022
17137
28874
17506
10596
41306
32918
34827
25557
6388
42974
24750
34442
34420
22298
24310
2754
42317
2141
18918
22636
25805
52770
13773
20712
109
41916
22285
41990
11372
15384
6596
50781
9951
2616
34497
35915
23456
44720
53941
264
23283
11305
25020
15766
38439
13896
53759
33918
15289
24960
20756
53090
36404
36378
32982
36749
35571
24243
3261
46030
10879
14890
14734
37525
6582
11610
50855
30659
23090
53843
13976
7405
20791
965
34108
6833
53013
16754
34366
25820
11380
26200
6145
41329
12601
414
29894
36575
12505
31547
23580
20997
34893
35254
27277
42988
48107
45108
35573
27219
11323
9878
14795
17091
29621
19240
23869
50802
37631
39908
37126
17862
3268
22842
5154
52629
14277
8264
44389
44805
48658
34060
3962
5566
19032
33014
50775
17573
17303
26466
2523
15311
24115
4557
51037
6305
32719
28839
50857
31885
9689
22956
33717
24851
28553
22357
30000
1305
19489
1803
23409
7671
3404
18188
3016
7142
10234
17580
12028
33162
23836
2211
19589
32396
43458
9721
15912
48788
15722
16553
41680
43456
26660
19061
36474
3262
10298
39332
15253
39187
14235
27798
23033
48228
34957
2458
6340
42662
53368
3575
52985
2659
28505
26195
33410
209
38268
11901
8319
51646
4458
5778
34812
17528
31731
20225
14291
14900
2145
11795
28848
33774
2918
30609
4499
39463
41337
44182
45698
42595
33478
38750
18630
13799
4142
44533
27580
4255
25938
4066
29632
37242
11318
46245
5510
20829
38726
34575
22519
19994
1912
14955
7719
36850
20847
15157
17572
8013
13978
33870
44431
43444
49558
5258
326
4249
53070
15571
11445
46761
16244
7510
35293
33614
3123
22341
7035
13968
6125
6623
23501
27480
39575
19308
49577
23551
53943
36405
2435
10263
46762
25135
12134
46015
15935
9650
7245
20016
49292
23540
19310
39682
41694
10784
42984
44467
14466
22331
19073
44702
611
53072
38473
20844
51290
9785
12828
38383
18029
42225
40718
11754
26112
46212
49552
26089
5230
48070
42243
11251
20996
42037
8088
43220
14884
43131
2295
30448
43370
11838
18045
29832
42068
45050
25600
51160
28064
129
7925
23096
4243
39812
17142
35808
17033
24269
45956
17213
5005
38302
43
14845
5812
527
29823
41069
2476
26835
48805
39062
7505
23419
11917
37211
14712
3952
34181
38697
9713
7071
5446
26513
24302
36928
39728
36623
17203
30393
27891
604
2997
33905
43893
932
46783
14781
34384
592
39765
16833
45214
43919
927
23483
43322
4960
10225
51670
18770
39396
26820
24816
37853
17472
10105
17087
19505
1947
45433
19292
11041
30808
2916
3667
2565
10530
17027
47994
35465
10814
2006
43904
13043
30133
9906
26512
36463
24126
25889
53905
23988
16953
36988
19599
28729
44115
14756
37420
24198
31646
46003
50607
48663
38346
38187
17689
35360
37273
1377
23992
1741
30782
51272
38393
51520
16572
29989
7645
24549
25659
24546
13878
18650
12023
13419
26342
39695
28116
7750
11514
26458
33745
51280
42155
20231
24296
12805
20230
43835
2557
30294
36507
20629
32869
37602
8334
32865
34050
23715
40378
40945
33337
2752
12271
22216
43202
49887
13242
39322
43760
38756
53096
48080
52585
15135
20744
19860
25735
17748
44736
24696
10959
48505
44145
25158
11467
5751
51777
53969
34398
6710
3636
50652
19490
30708
28298
14784
48807
6584
40610
23139
28301
25165
22244
9730
25671
23523
5019
30252
38701
18635
37894
45739
46618
36383
44869
25177
24866
22089
38908
6396
26596
32252
49519
25677
34921
14700
22539
28420
18134
9819
2161
45985
45752
42975
35120
602
2554
40981
36509
22730
17002
4159
37081
18210
14785
4625
7970
39617
19352
25350
5999
46256
37280
33990
24229
9578
7316
30302
27737
17814
23644
29849
11622
27117
24785
45525
43104
48187
30309
36633
15441
25271
15263
24917
17852
50549
7228
39707
24233
33702
10373
25914
22312
2263
41642
34037
24797
42312
40498
11533
38496
10439
30300
23758
53780
33411
1385
15259
27109
14216
22093
22815
39221
12113
51640
1063
26992
11705
29991
2903
5517
27031
33132
31664
38895
49511
12191
29553
53016
42722
43060
6554
4888
52582
48699
4595
10102
39054
29531
38991
38298
2609
2826
34196
9642
3888
35554
34590
28691
11696
10705
6068
22821
25763
37123
42723
20032
16383
51429
800
39815
14651
38755
49693
42194
7444
37062
7499
36555
11052
4112
20339
36697
12975
31908
19474
1416
22105
32733
41981
6917
21900
27557
25630
46077
14819
22221
28209
32439
25069
18927
29785
28286
44731
171
1927
1779
39958
23985
14928
34189
7011
40578
43248
24172
22706
10488
25668
43691
32277
37052
23799
36660
33624
152
49800
52975
42747
34732
27749
39572
24162
16381
28808
14526
12192
2137
33800
49271
22852
540
45807
5645
28411
53944
4359
51659
26684
7502
14045
6993
28499
39511
42184
4298
7386
40471
5567
4836
27126
14124
33297
40240
50847
44154
45618
30062
25524
51103
42733
4599
27817
49923
53660
50420
20169
15693
32363
33923
30039
79
23821
26865
5120
23952
27786
29909
16576
39306
4938
3019
39237
8214
22307
14830
46260
34985
3312
36459
7465
46419
52573
37720
785
15254
45898
48035
46079
12152
50649
22052
23416
48556
51390
6419
44127
683
2351
40418
13388
12858
15385
20238
25458
39960
28657
36816
31656
37283
18093
46824
30508
45584
30015
3199
35409
30738
11460
4859
36667
24694
17012
24819
22265
24711
3915
15442
47987
46595
20827
24333
39611
10792
4963
48031
13495
22096
3956
22319
42611
1094
49921
45254
8090
390
36636
29619
2747
35139
40076
46078
37207
40936
13315
35089
17967
13573
34141
11665
30831
37757
7951
6824
9960
10961
20254
30150
10478
15671
24540
34682
30048
12108
26216
52751
44577
4379
28630
30457
53009
6981
6925
26274
35939
1001
31796
23518
48464
38322
52694
48484
38541
51412
11513
52662
20028
670
26855
6501
28568
1917
13860
10849
48651
975
1055
13290
37816
39797
35748
24902
42927
22007
52764
14442
10061
5524
14336
11934
42582
9700
12469
53739
32764
42786
44974
296
6199
43710
30006
19130
23695
40267
22042
23304
12280
10095
22587
48163
17183
45025
42734
22363
51729
15352
5217
42813
14906
25899
53842
20806
48704
19894
34081
44408
39357
1372
16145
51707
38902
50468
18024
35632
43306
53646
27306
25697
53929
44223
22667
2336
32798
49406
37225
10646
25727
2943
41933
3950
31495
17545
1400
34302
1967
35825
11888
12226
44826
34011
52733
30400
25623
52
19029
41848
51464
37448
42773
39429
5189
6860
34677
13104
12477
2753
6794
19084
40439
30380
10370
33658
33298
988
7480
15382
33943
11175
35760
37921
1244
14046
42618
19062
17223
11748
20057
11555
7898
50616
5222
44164
4968
14271
34051
5252
7153
10352
5607
47973
48813
6320
36937
23614
30246
16403
18071
48090
23723
10051
38241
27153
45147
40867
12595
28747
37399
15060
49810
10074
45573
730
31666
21949
21875
22992
16543
3204
46628
48372
24583
28170
33873
9945
40048
51278
142
25874
24303
25831
1010
30131
