4410
57770
47292
24730
96829
5632
81659
41153
1364
37510
45218
90973
6695
63751
67991
12092
67781
87495
82132
56882
55263
61661
17195
32940
56025
12351
53389
28
69257
81827
58317
7526
20245
1678
54449
10122
30872
85787
56727
54930
38706
39190
11241
62007
65264
67954
16936
95770
68068
45913
63422
87605
74
15989
29966
19178
25805
28439
74056
58805
75763
22118
5429
11948
35792
8955
52074
48633
12191
55496
45538
59887
94336
66732
404
6690
2748
93233
67118
11204
63074
68842
64365
33008
61519
44024
87560
28096
94904
18664
16325
82042
10292
3086
52164
60907
96108
27696
21287
9305
43483
43046
40888
50955
17721
30340
69877
84371
5341
41800
26808
24883
51794
74047
13536
72736
40106
83461
82953
4043
47091
53017
89505
10154
16578
14136
45123
38743
19977
71710
35990
6997
38958
22181
91017
47946
97973
97446
51163
96013
77272
1141
62580
49606
26400
63314
92885
92164
61202
80380
74396
50752
67247
54126
35764
31837
15123
29952
26185
41226
37800
81445
97523
56841
63506
89944
47766
52571
87566
38367
47186
91750
9093
6512
50492
67435
25145
4473
81058
89860
12279
58656
56724
24651
13463
72906
78732
58236
88807
73574
5123
59122
57187
45046
7339
18916
20266
85188
59454
55976
87266
32968
2162
19190
96024
39558
46558
16528
75494
18266
13495
85463
87822
10728
48296
79857
71686
8669
34000
60670
74623
82026
50704
39065
6357
22072
67730
91241
52647
77641
49709
52542
77989
48463
32976
23345
49461
61215
34014
97498
17294
43781
96331
64062
40239
13281
64976
4162
62889
20871
32765
31853
5954
76521
30253
82690
83781
57269
48268
33134
72970
60319
58576
85184
38212
96144
41433
44441
29975
8036
52846
79589
78349
69728
93395
61817
37258
67131
49737
85571
15619
58876
50319
80351
41817
38001
80125
93095
57978
65673
87088
57508
11811
55856
32893
17063
29305
35995
48073
36902
87419
81037
94835
57647
6088
63006
63837
83681
41836
17085
43032
50489
31915
45254
75750
75053
19692
27745
76107
87344
9046
76897
79929
46872
47148
90605
4551
57017
41973
45376
33036
2731
8993
75290
10557
69783
86128
82741
73598
48587
82293
25825
15351
92058
1352
18262
92230
12372
7792
65259
932
40487
6660
92823
47958
80365
84919
6008
14675
4258
97925
11540
56918
52611
57623
12633
47075
10410
65653
17274
75823
40537
57271
38201
31365
32910
72200
62894
52256
25113
1756
70944
92539
79659
71979
10461
19445
77841
23807
32186
76141
87720
88482
73538
47470
78921
98042
33933
54394
56737
6404
84246
30862
62818
20584
59439
58679
51762
33073
12142
80299
97893
91656
51717
63024
91808
55499
82734
69688
71521
9153
82531
88999
9297
18094
60971
70807
18452
28475
52586
86556
50571
18895
6687
62959
5556
39162
56902
11535
63592
24034
95151
57417
40902
9682
89283
31339
46900
12760
13276
77813
26804
62117
87396
36916
81753
50104
37411
63586
6577
52711
48410
30108
97592
58115
53332
86897
60096
16192
38588
13923
45991
54187
844
65775
49703
52082
72258
97264
32304
44229
18620
89842
88830
70169
13356
33119
84751
43951
69732
94925
95149
12102
54306
15061
9052
95373
87793
74426
7180
46676
5227
85426
25655
12803
58278
68889
11735
49301
42197
80241
82812
48414
68256
94524
90948
91379
27770
35017
52990
47572
91176
20829
63549
73224
59427
58672
82685
72181
96267
7649
84311
20134
207
5819
8025
30812
8677
94785
49869
46411
49628
54060
91387
15121
5107
27637
28378
63285
29353
8958
83485
50011
66312
78278
95209
80884
43809
84248
28684
40703
87128
82376
45777
56263
24801
15427
83097
89424
49500
38854
68118
23142
26031
65969
65577
31542
29518
61588
59554
89448
76832
27472
35530
20572
41991
49412
72465
7897
43246
10236
16228
24933
8044
21137
93688
15668
60667
13550
61044
76724
6430
56226
87215
23949
55699
94478
68445
58744
73504
78330
69275
11695
11774
35423
26133
84847
53505
49023
55560
7331
77197
33208
70164
7012
28442
50435
84365
3312
51839
61062
51857
26727
87333
49041
82708
7369
13133
28985
50159
46895
81430
74140
17814
46557
89951
87323
29991
78053
24177
66138
41875
4184
52692
79738
23370
43371
81842
22418
13243
42458
10105
26649
70293
18395
64030
37679
51975
89130
33250
96662
80376
75228
72227
73294
2786
48917
35938
11285
36095
25231
24762
19074
36804
44315
7126
82452
62200
69936
97928
65692
93881
2669
66748
6030
79859
49757
90562
50024
41742
67643
70204
922
59544
45897
11908
21130
71523
30723
93029
5562
94770
2724
51749
55576
67520
82149
21820
65598
44122
68476
48152
29157
95639
22292
26407
10372
97998
14020
33760
92150
21419
94723
79633
94776
48397
94610
36288
93170
29206
53043
96751
79557
41366
47670
34046
94924
5846
13178
28673
37405
64860
27068
34012
10163
84398
81824
28189
47695
4719
26182
44530
12295
15215
92897
20208
24881
35713
7274
56573
32162
33572
66516
58508
35475
79517
7046
29262
8232
8623
78175
62115
82381
24328
63900
47989
88325
50007
85215
56938
19081
12700
69118
58039
43860
30265
2848
36062
8006
9560
71392
52826
91820
26774
57666
56501
60182
20018
10411
29390
51981
7409
50057
85422
55250
37329
89595
28838
9855
27658
93053
38630
68611
89487
73889
85022
44112
473
25272
64743
64241
65593
88537
50411
97807
38156
48002
32725
81564
96971
26405
37538
49221
58552
53443
80534
49074
31408
51277
91368
24318
47195
76681
26059
29148
49953
34760
65953
64683
83094
26313
33941
43312
53464
2573
83404
93856
15783
48488
59152
66813
69367
28976
33957
56905
32697
509
84
23163
97927
42533
80925
6282
2294
79595
32669
60741
83931
72648
36082
89155
16818
22543
10107
70835
61169
88786
70772
15990
97156
9782
94874
64181
90387
11394
52270
55813
65207
81913
57118
65341
95769
29507
97872
4529
53218
5158
28190
23644
91312
50691
91700
6118
5786
25067
39441
40894
10108
17584
94720
20454
49681
87367
90981
55909
35463
60134
16946
97923
39357
90507
10633
4994
8067
697
80553
34977
93217
13046
679
935
60039
98118
46812
7240
66431
9949
29517
76687
13231
42265
40777
42452
2178
19164
4020
45724
18071
33129
41811
2538
27449
24430
54468
9724
61553
31416
43000
14755
79714
30343
81922
16336
60401
48272
80974
71728
93698
72825
85804
27700
54792
16695
70362
92683
36210
51570
6424
50700
96430
58364
15012
12263
79505
87293
66596
32746
58507
57790
18677
22397
44036
63625
50439
20345
82934
3359
30030
84838
48836
70801
2398
66022
8837
68414
14544
3821
28691
26950
78050
62235
1571
85812
40518
64474
77599
42553
98028
98053
77991
33894
67943
92339
16006
70808
9726
38400
6663
37734
77776
427
85391
47104
477
24760
38036
90324
93621
48160
93245
24386
94050
8600
23528
44215
38221
54305
2066
49909
31919
8963
44266
68714
43894
79658
97690
52957
26353
71668
63281
8987
22885
57750
26948
9145
83579
89647
56205
30722
21756
38934
93901
4507
2122
65211
91456
17279
36002
17766
28158
53381
48829
71958
44178
50979
89500
86684
47748
21491
84640
72819
5706
7066
95807
58370
76664
65515
90697
43069
87204
36358
50121
50882
63110
96047
11928
63090
42084
75632
11947
17099
53300
93273
36562
36781
53258
90118
54374
76242
63388
20915
63681
34315
28097
2623
17999
11565
11173
77298
2038
75757
36948
4324
18317
40564
27339
89619
58312
46541
21726
68453
24049
59624
35202
19017
9133
89967
8559
61918
35457
73805
30594
17504
80256
94256
90662
74892
27895
56076
62208
55284
90549
61104
63983
57833
89605
97951
35756
60531
72986
61846
41125
13413
17864
64991
80731
31929
40452
75508
70632
74138
79213
40047
13048
36226
39786
68946
79863
35272
53632
42303
95398
30527
78987
38799
15864
90075
14086
63532
13595
51387
89275
92233
45283
7319
93569
42992
16359
20218
21613
87209
14109
78496
49884
49010
44076
44563
96241
10722
81971
52877
74493
4758
69824
50720
2488
87568
70373
5071
90417
59077
19073
95719
45477
70950
39006
7407
3339
24233
25536
52759
9295
82516
11729
72832
39350
3652
54233
36552
5050
23100
16043
2970
17474
11111
6943
97582
93689
30796
47630
55098
44123
31615
43009
22939
65241
54085
46450
28518
18822
33356
78787
91153
86429
14033
34991
5277
47641
17888
54556
26702
71974
16260
39633
80107
89924
68755
18812
77929
70887
79629
20025
18080
47716
72371
51602
75727
75375
52811
22058
50470
84272
54035
82000
32007
68190
87665
72603
10319
93605
20383
56868
25382
77828
34646
6860
28809
46985
78393
95115
36472
60156
33563
96021
41264
12514
82885
20736
88217
15580
55393
8440
40467
62356
79284
54473
90464
33692
39430
46169
85738
28427
25529
35118
66372
85086
66940
80338
92374
50041
14067
26284
55974
69337
33173
4444
70245
93506
13165
6169
82230
93944
26922
80687
69882
20232
97242
29077
92784
36669
62029
54525
12779
46040
57546
43307
92757
20958
68849
10666
8434
88839
67196
30054
11229
29405
72170
94729
36291
52993
20041
82726
18714
42315
82712
3459
87649
85711
57230
63783
42192
36964
12217
42342
40202
85068
40649
7077
83357
48261
43916
25491
26197
74582
25172
2208
8454
22993
93813
54806
34040
32033
1479
27173
65007
63798
3222
50550
25733
75301
25240
56258
87963
72417
97019
50119
19453
7745
72700
4169
52171
73143
26447
59208
6278
17130
29846
37272
59434
90824
69650
27028
28281
11981
24383
91654
57540
69764
90145
14386
49159
19994
34195
60257
30062
86295
47604
1284
85643
18368
78700
3585
6493
29411
55673
40061
82134
73463
29394
83682
73255
79560
50122
89415
87817
10685
90563
36304
25383
42812
75937
11820
73813
76148
69604
39059
25297
75402
29830
29903
73895
65632
33805
78403
56396
19530
71756
63274
66739
9129
88265
79160
85845
90863
32548
65595
46282
48806
63411
96593
48983
49066
98085
75791
342
45548
69135
70278
322
69234
90441
30714
53085
92341
83941
96193
7355
37452
56696
67425
60349
31119
34903
48988
15800
39095
2981
55439
68346
278
65450
11510
18802
76800
37289
97591
59915
79681
41386
3859
16018
26502
3116
66595
64444
53151
51362
33169
2851
1800
59362
35610
14114
26334
86536
22910
87777
22013
58086
74947
64185
44410
6757
25323
64889
48912
40133
9149
79265
6413
67524
59471
40396
34303
37105
4273
70683
38625
36237
67324
20024
96498
68206
69207
25265
92211
20870
13359
53135
85255
45878
91078
10029
84639
13342
88156
60968
48635
67355
15449
68145
259
95841
29210
61028
28943
53200
41592
41420
50245
78447
63385
22722
81591
47327
62906
33
72748
80060
19606
89597
11349
16229
26647
65076
64977
53751
27388
27817
76108
20549
83150
14764
82583
83348
51270
2173
24695
45967
20748
61800
76983
27253
56836
40672
49094
97689
32970
96959
59709
25586
41694
68645
66204
38060
64787
25475
97173
28797
33054
44268
67391
82920
8167
44880
14694
93069
72068
93084
18278
62839
36612
36651
67145
22892
93632
12527
60603
86637
58046
83743
96922
17801
69656
19546
10284
61244
7099
93373
25778
56471
1730
71174
89455
9686
2916
39635
32877
65493
78602
89548
10439
78525
94293
6218
94260
30649
24299
51087
9382
980
44179
85579
57902
58126
90765
71009
35803
49381
73772
58736
28305
86945
56976
71574
90249
12701
23700
69666
55235
47985
47361
47964
13829
90155
91540
34356
96884
36212
53895
81674
75543
26163
78095
53273
95337
74107
59533
19047
20808
62345
3913
33414
46634
80378
27742
81047
62140
71336
40794
20791
64734
45089
77742
36397
28130
48573
81260
91135
52434
97325
45317
1714
9936
2647
23062
45825
28626
73592
50885
91205
24464
19979
3087
92746
56512
93264
59860
78749
17512
92873
62873
27903
8662
39740
71162
35141
2299
48809
80280
26493
66211
84202
52178
81756
59348
87171
21250
71425
7235
25680
86772
35869
72193
44374
38350
11937
15293
45921
34335
6986
92431
23565
98123
87607
91475
23688
40520
45145
38519
90386
9219
46949
76679
12967
14765
2047
56980
41485
25513
16612
6789
53215
49475
5178
37494
86215
87811
45646
25078
11985
14014
45120
27070
63344
3525
55668
32339
13613
67063
26227
70984
41579
2265
75311
52955
38917
57678
50397
35454
45124
53351
25445
49634
52057
30743
85617
66541
35597
7816
47007
35348
30778
86090
22540
599
77926
16624
58467
25364
80927
41668
29237
79461
67820
77047
85266
91202
76759
91708
91995
11041
32576
2408
47294
53994
21391
38325
19061
52706
26729
45229
56001
95276
16200
30215
41907
28697
32614
18681
92519
89809
93703
26992
54095
14269
63889
32163
35467
33807
83976
95685
5667
63526
5773
76454
68451
40302
25146
14884
6819
81844
87300
62550
36937
66572
78366
26645
42341
94905
15426
22927
26817
13766
67365
88441
53442
22811
32445
53515
51202
95141
11750
61555
31104
50946
14502
43258
29930
67134
53035
48678
30938
6398
92735
23840
8039
49928
55020
10833
21562
43114
70294
55453
89966
18848
63873
60951
53234
38918
62752
41632
60507
8746
23489
61695
47130
95942
39278
66345
20566
90151
90619
81725
1313
4562
97650
90310
71058
20835
95365
74361
28416
53521
97118
93070
91664
50062
97445
88024
68429
95573
68513
89229
47040
87751
37648
51267
24184
37524
44996
11845
60479
37813
26634
72306
8062
84810
54879
63866
62942
35557
29277
47499
84785
77754
9981
41854
32290
55719
81276
7572
57373
1131
51165
80377
52287
72682
44399
3214
10860
25139
19206
19865
52134
73894
89239
73299
30424
67487
41953
96043
38433
55994
10358
33859
57421
9657
76628
17057
87253
64416
76462
1048
79626
92051
87258
34658
85581
23951
21680
4617
28781
49402
10260
61376
62625
13943
92832
86217
40101
64669
39124
21782
45158
68294
87934
87497
97220
70073
33233
18018
63378
41282
78430
96641
73044
87277
10038
9538
50950
21757
12780
58363
58195
92288
24147
74169
14607
79009
42615
91963
44296
23539
67745
63010
95848
65763
63138
63241
44647
31677
8751
77596
28145
60489
91645
11952
15218
37489
41743
23122
10234
95697
79278
55201
54798
46166
5235
26988
48057
38545
30058
53983
34996
13859
39493
54298
98068
84565
90674
4788
15452
72437
5579
2224
22135
29483
84709
45586
83765
7902
47527
16274
79203
89571
19968
14253
87933
31530
30774
84229
15013
20953
21180
90713
81615
29625
80606
97227
63423
94366
51084
87634
92283
60690
583
70896
3761
20443
82655
27865
87240
33781
95783
72886
67923
55706
84664
51298
204
61889
16656
95053
78783
22652
45747
12118
75604
88297
34990
35362
174
82414
27059
6622
38449
58633
90166
36986
18613
11842
93825
71784
16963
44829
34575
80427
6960
18213
78295
60852
10519
36940
67989
6393
39282
4422
14073
31580
57728
23839
40596
26069
47153
50707
25472
60406
90095
5024
28774
55752
35391
49785
83674
79003
2010
1932
50973
82609
53912
1619
80806
82300
66473
39261
81448
20420
49091
83961
67281
58678
65572
84574
2738
82548
29228
53587
52776
94455
32188
42577
49632
38838
41534
90136
92106
25168
26095
77402
41313
16726
29825
48810
39303
58430
66796
93663
73152
53767
65244
85674
79692
53009
27065
45616
17949
54818
29858
77917
62697
5535
38457
22542
13739
87112
66176
4360
95036
49450
93370
67268
22407
85770
43701
35548
89553
43830
22586
37287
74761
80306
70646
59489
10545
72901
43630
36391
81020
45441
4114
53450
5633
13112
51095
64724
17387
51310
58654
60390
72977
96708
87932
51027
87747
57641
97720
26793
16483
72322
10795
65630
5780
39707
79908
64613
87951
45042
29690
18717
29862
15850
13397
51408
56278
62932
96580
12708
91722
27306
28983
10402
64596
30882
62036
7063
96612
40555
80336
95866
56067
56760
28503
14493
42144
11114
91174
42487
88312
54658
14426
78674
65424
59172
13791
7020
49300
17481
68410
16062
41657
61939
66619
30034
60871
11843
54702
85718
45997
7546
93851
4537
80589
17585
12316
95411
89196
17835
2238
82800
76849
60029
54679
67611
89873
72661
32978
52249
20544
9697
65163
96312
38169
1854
43024
78871
49164
26979
83296
59243
6456
31505
59131
12246
26826
97572
27440
53960
94756
80134
76809
50982
28603
51403
9738
14838
51507
15332
1999
63054
72026
66519
22576
43019
87653
52436
65058
38334
58754
83128
53653
72083
19897
20707
69261
71184
59467
69103
20289
64056
85448
96408
96044
62862
34382
28382
4636
11961
74077
45942
93269
22702
84451
59026
81581
90133
20546
97143
42108
183
60461
39406
36688
46284
5855
44800
1149
75147
82783
61429
33413
80197
21525
70461
55046
32296
11692
73882
47210
24397
80566
31605
20132
70477
42772
82584
44886
14664
4375
90640
17314
58337
3494
77956
77810
3353
30081
19565
35240
3270
31883
70098
61265
44646
15707
57070
36647
62220
89758
24775
43364
44902
6192
25088
15176
1487
89568
61002
83042
37106
45849
66305
67210
56541
701
21356
91670
86701
92044
70567
47098
19675
80839
37174
7535
95729
22559
82674
96099
61682
5
38738
91908
84128
66264
2150
14180
12119
42653
638
95974
67271
78408
55653
305
14707
20442
21184
84053
63578
80229
93601
68399
76368
13299
38082
64433
20603
37322
65885
48062
73806
13842
2487
95973
4726
54493
80493
59770
71644
60658
21822
9097
6777
62413
54455
24335
21958
4302
93360
50418
32926
46314
18461
90329
44295
38766
38594
33852
86833
23905
62215
8596
84962
26547
27211
7269
22137
36839
55574
89590
77997
36928
78201
25439
32141
77288
28164
52107
53966
24538
88748
83324
36793
16663
75698
34883
6942
72142
43736
78885
42513
36388
45249
40406
88755
21646
38663
55801
57607
59335
31433
51545
92097
68771
50417
37031
70986
14668
17035
22474
58901
49304
52217
67945
68930
85122
59456
12778
50710
18706
1116
70185
77490
10941
88941
65053
92087
50773
71884
79597
81277
60637
15822
66784
58282
17916
78792
89607
2962
23961
286
77432
52797
17697
57881
76502
75005
11260
24514
29826
7030
65215
58572
443
91836
57179
97053
14363
22874
66242
79387
91953
52728
33294
1622
38453
66070
34669
46838
23593
96616
30320
70076
49364
83146
58703
52560
90663
7073
22000
14002
23640
46201
49256
53583
15401
38842
92436
51457
92468
37217
93821
55633
38263
3681
57344
29642
91373
59448
86928
7799
89561
33948
1579
10985
7758
67644
46894
58651
69790
10691
56932
80499
32541
63559
72204
1522
82138
70440
23336
49656
70131
59325
19523
48045
77872
77777
58073
17452
83950
33082
92112
16011
38092
43351
17254
23877
62300
77582
17762
93848
15686
9621
14216
88679
70083
90160
64300
97665
19116
16373
3233
56312
65599
72660
53602
64765
79735
10249
13381
63650
53169
44512
81788
17123
5757
7044
9393
51401
64585
75670
62446
85325
82534
62974
68677
5503
76645
31114
77706
48167
53294
26844
92745
10867
20744
41012
72392
69273
74601
84698
81107
27671
85656
69984
92253
54206
30750
424
2254
57392
95907
27222
1393
9470
75122
62801
14600
16506
63113
87938
62348
48270
52947
8975
61073
77953
43901
1979
21161
67882
60583
59777
44067
8307
47932
42374
80659
67298
69350
85556
14433
30444
30592
54482
31451
72423
97840
3959
66036
82873
57708
79622
50983
52535
29142
17058
44974
25386
6658
88625
42101
48291
79298
38551
70144
47334
5276
62830
81273
13800
4063
24201
72639
95208
80091
74485
23466
74659
68377
70817
93707
76855
18787
89730
27503
78836
51250
85777
5800
8410
70334
96788
64495
16224
39555
33069
52768
47213
13392
38030
43989
85208
72342
62213
6507
97181
17992
39683
12161
52589
4603
21555
59799
50437
16267
62987
74168
29590
50689
96466
42378
90669
64624
89888
96481
6123
87595
82427
48070
1340
77240
44060
49960
95954
29753
12992
95148
57320
62532
51331
2088
30693
67055
59142
68085
53055
43117
35013
58246
55664
59612
63981
49834
46464
35742
60028
22896
87370
89850
88480
2103
21361
47528
1473
10904
38120
70370
1257
66094
44906
40231
14015
17282
52066
30585
21097
63808
91340
3318
94266
77674
49120
30793
41922
44753
61442
28817
52744
77089
5911
37743
58244
84558
48665
82480
71458
47198
95771
75026
56087
74943
79486
4172
45250
56593
18721
28147
29852
70585
66406
53388
72897
95339
62114
87254
87771
82118
45213
76565
46235
45575
11046
30625
91476
16683
59020
5077
47432
93891
68244
39495
83792
59254
68835
51494
78826
36052
15766
74458
5748
46666
30632
31700
11973
11806
77266
46876
59306
72882
41394
28143
88213
14634
41304
98225
32721
46992
94985
94781
44866
52599
98158
67797
58980
94149
90822
51869
72164
55659
45895
13639
15834
1106
61070
77370
93600
21343
94150
97837
83423
35400
45710
18328
24840
17902
30855
91059
25000
50511
69352
66924
60267
44874
62780
56290
87885
26833
35070
25560
4050
49096
69248
63366
8665
68302
70855
2252
90911
97272
32068
30467
7540
20993
68338
58909
87887
74764
97235
26909
87155
87164
483
94032
89380
12120
1326
41612
43215
71088
88640
86604
84781
94081
18809
24520
56525
91405
78324
27936
59735
28154
51641
3110
38805
76409
32564
2799
4206
29071
186
47048
61262
27504
48560
8712
77858
2235
71021
23415
78191
3048
86921
42288
58947
85358
91306
10650
40037
58954
92141
67252
59749
74454
81550
26627
78524
72885
78306
67179
44168
55200
80788
37416
93585
30294
15967
80344
72218
78365
3514
32894
66026
86013
47381
68461
785
30952
11505
6253
79964
64925
28447
86465
38032
46979
91653
67267
86158
83407
75582
80844
83090
34363
57436
59806
16290
85542
95274
57632
41778
96812
14043
75381
49076
81456
16764
19963
24806
59922
6797
56156
35577
57050
59386
17553
12038
42002
44239
17413
24900
91240
18344
18416
34427
1665
42821
72039
9593
422
98217
23175
40132
53872
39818
68114
37172
20852
49280
31861
55553
84944
35816
76840
29102
20217
38821
47467
80853
93329
96441
62992
27689
40638
9157
37103
3019
25952
93553
35991
59352
42344
1519
59934
24280
27498
63393
75639
88
85240
51445
64923
49497
36868
25477
69869
52402
52784
4361
77771
82850
87380
33331
62693
5033
40194
63492
68516
49281
59155
56765
71652
17358
37763
69631
72535
68971
52581
1458
13476
90490
97248
84268
17865
14776
87415
97667
37445
91223
95225
23089
87581
26382
89364
14905
35823
809
17492
56544
59320
47172
17231
25321
65376
53615
91192
69979
32461
3383
87674
61000
67648
21042
80653
50998
7609
58090
22661
92792
23773
7653
90385
58272
20827
15341
9514
90230
82848
13440
66340
1512
5913
83829
32409
15376
93306
24660
39517
9525
43594
77276
39264
51936
69685
55569
4981
87820
11886
14124
62191
86704
45682
15354
80523
89955
35301
36565
4308
76700
98047
94419
39109
7894
67955
7807
89910
75734
89566
58277
36287
76370
29667
29509
17229
60038
64915
17467
5536
47520
61282
22464
52177
95675
15117
70309
4065
90025
86232
92280
17606
82318
37225
34788
52458
32824
87735
36284
49082
89737
75271
55156
17196
81983
50944
14705
61310
96579
77361
90185
19455
84336
3477
64065
26311
71323
76121
6264
28135
17250
71985
72527
57116
96100
53622
23446
37531
61086
34848
17774
53773
48950
78035
45770
59477
25011
64022
56595
21853
41308
7826
36379
43704
8651
28029
41741
7069
44110
86221
77278
2159
61691
80759
77105
96825
29267
32500
91778
60089
12638
12171
93451
14725
78818
55596
9549
12204
32850
34485
59296
74854
3458
77750
23768
1991
6977
2086
55535
31254
34793
25073
46112
87939
22953
26977
12930
86044
85938
66562
837
78736
93416
73584
95288
93223
68326
84749
66551
3702
73531
87375
78143
11923
61607
25983
82105
54089
5567
54626
98181
41984
2462
70274
59154
95425
55550
83013
50580
55729
70506
23222
31613
27130
55050
37191
7051
57504
83852
55969
13634
12960
94002
69695
34515
3818
55324
95
84452
91542
45169
76719
40455
69541
12253
58069
5794
86956
72861
61054
55467
53417
45661
92647
56230
83193
80034
16421
90531
84439
57742
78136
37128
12361
22847
56149
68524
86506
15295
73289
45086
75531
56069
95211
34763
86113
90345
30942
54467
66260
90193
72788
87187
51537
61878
69245
23963
94449
26787
96609
12860
63821
91438
41248
8074
21719
48753
75610
44784
28951
77859
7890
32674
58915
95338
5635
95011
92713
84236
1314
91987
72374
61504
88292
2529
70691
79118
2391
76380
75256
13203
62393
4780
39789
80479
81398
65131
81568
42920
55580
63033
12577
67594
32447
86575
47622
81371
51458
33765
95854
2472
65111
33684
47128
68792
31652
69612
59562
95034
11901
86876
79752
94432
84441
28411
26103
26192
25074
64699
79980
42755
52290
59974
83734
15664
29767
11645
24739
21443
35746
65896
49617
92509
25696
54886
10567
50494
92159
14534
67255
51466
91244
97311
45814
72048
12902
92929
74808
19984
54759
3184
65843
42019
48044
90789
15862
38345
49047
64087
70973
31170
45182
84465
23636
8117
25531
88855
33028
24820
49376
17806
93103
47347
75376
60751
64848
47505
372
67362
22050
88262
41000
22859
86942
18499
30552
31728
87464
34617
50904
8824
74598
20522
12659
88392
16616
23701
94918
82544
14004
82469
73349
2280
25683
69411
34556
96703
9229
95633
54328
80073
44551
30283
54557
52894
73465
26033
18939
61280
67236
277
50793
3910
55572
74109
43610
16482
67414
6319
566
41938
24003
86224
27990
55584
57803
70679
35150
38114
95431
81451
51967
11825
2904
84896
50729
77410
58145
15163
25741
20138
7078
63780
41385
82940
26961
45473
24699
68285
67858
78091
56977
9711
74600
1816
46438
22715
15777
18785
15734
33274
49130
84985
86624
56967
69739
94030
20410
74508
28160
56560
29995
90854
57953
1010
50990
51192
76857
14032
82512
49352
96981
23973
64501
32562
85156
43547
70512
97101
54779
29735
55138
44719
80957
67112
19210
85615
73497
27937
25276
32852
1018
17631
46285
92127
89526
76149
1597
81041
89585
86341
63539
57872
44045
95473
73185
86573
27823
26936
48007
91209
47169
71396
39314
45790
1608
41962
95884
83385
38228
2745
91579
86227
70634
5498
67004
85352
32177
87192
51189
74345
43998
73851
47948
46081
97890
5040
23333
72146
22491
18172
9034
20497
74805
24356
17534
27796
83130
6143
21509
47218
79365
39179
96332
7690
72564
88833
15606
47375
97261
63635
35639
9653
81984
11498
60620
28978
35892
73930
23920
84237
19317
91632
64176
34545
33269
72278
53271
62876
59442
37651
6117
52942
60701
57815
85327
66690
37663
48285
39565
58465
84348
74283
82285
31064
71948
9390
70306
12193
91335
31968
92895
7333
5299
12115
81330
59982
64018
11176
4229
23279
91890
16517
71835
29960
35273
65624
2494
14260
47174
81956
56240
56539
92101
41761
18679
38831
67757
82697
26304
55627
38172
9821
57767
26175
49264
86408
37683
73957
65395
83814
78877
74156
71461
63612
85494
3787
89457
39257
27964
65477
11707
54517
47922
98286
1202
92884
27520
25353
16825
45972
38096
63209
69788
67191
55100
47419
16803
66313
78029
25963
97393
91601
36762
28015
71881
62332
84032
122
86421
54261
9272
88148
18742
69563
52609
124
75833
15852
85365
47518
41666
7639
30207
13728
32091
51496
97982
996
66600
76824
9276
79555
15774
93568
56874
45495
69991
59617
51604
23502
88527
1092
39082
76734
31707
40335
1953
19589
2883
74818
97797
94994
88330
56144
82329
64366
17155
38849
51701
45155
94097
37346
4776
29171
72643
12741
92753
3092
93065
3949
49602
92444
72396
32973
55361
2699
30539
52271
58041
51703
97825
53338
51747
80061
76538
77672
95520
82866
40631
93414
68037
29721
60543
69465
2267
25431
39237
36674
96453
39779
28269
75845
34501
81405
10193
3983
75519
37705
30285
80738
4168
82546
36249
22823
60548
40927
4463
87858
38089
96129
40939
32964
81872
44894
66213
90012
28174
15582
93940
11899
35093
34032
15968
76593
87154
6111
88667
11295
29273
81992
31984
64716
92206
23037
92138
58410
29105
42788
86107
796
21197
52213
89598
81585
74787
19967
62519
45191
39548
25713
41674
84916
81327
62639
11138
30171
76188
66285
50259
46545
92576
87343
21933
32639
57305
80861
4025
56879
24240
74188
7250
9340
21581
50530
82824
58964
89930
30324
1799
57890
89492
24733
34229
81916
83785
28714
21718
84195
95999
67256
47232
30534
75099
19477
1961
72847
45200
94175
47138
49200
97343
51760
96016
91794
58216
9748
77081
26875
93769
71605
65833
68418
67723
93315
22165
38626
56683
48811
94734
14900
64562
88546
23658
49285
76060
68846
72778
51827
66180
79803
86127
65707
33783
9831
41847
39985
34538
9120
71049
74065
65366
44795
59349
8448
91054
63886
69399
19002
6309
60196
62666
8018
9379
46106
34603
93522
71394
30055
57667
66472
18276
15792
24684
71210
84661
69463
18323
48685
10175
12238
80757
31571
24939
8881
18748
36387
54572
14500
48903
75138
60920
35098
2207
79254
56993
51681
96799
20777
70415
29773
86747
88122
25407
24484
77671
85649
45244
52798
97631
55385
94940
33267
48494
91773
22915
26503
57076
21490
71190
27961
62869
90574
18019
6722
57359
70150
11196
41058
33020
25605
36276
30661
93520
72586
93757
27684
17475
16131
75523
61024
93323
67373
23207
41034
25615
34954
19697
71333
88805
62936
64461
67784
85666
23835
27738
80364
61011
1052
24769
41905
53848
26292
50223
7895
23395
5462
12466
2686
94457
86765
85747
6260
86622
93374
1634
59747
84424
45470
19109
34585
97080
65627
73192
9698
45526
92992
64995
52545
45075
76074
88873
21346
46054
89336
87404
66470
47242
25710
23727
22355
88239
46642
48429
51089
50299
36713
4631
42182
32741
85524
25179
82259
78120
47490
78888
13505
4663
67652
74475
13508
60749
88084
36811
9151
51099
66115
27199
44825
63588
28609
63005
94583
54508
31216
6337
16047
82973
16398
64921
27929
76067
46456
26548
1325
38862
1577
16187
97930
79206
67735
75969
44323
74416
78904
39248
87227
3654
68188
22451
14083
71692
46845
84408
98007
84188
21922
43265
94649
89635
23314
67086
92163
52927
44419
6542
47808
62716
87491
67766
21642
7959
50974
48705
72212
14389
65633
55318
15578
70093
31045
90056
66888
85727
48446
952
76637
559
91938
34431
42482
59353
63974
11456
46279
10651
58077
77039
83386
46163
57771
87462
12136
80074
49539
40966
70386
89923
12726
19256
20591
88803
65206
23536
9062
12221
84668
97207
38825
76498
19599
18103
29438
11594
67715
46405
87676
67584
91398
9794
93480
1861
22918
32
90237
47214
2536
84636
54205
70082
4980
51739
19903
83340
8918
7779
78226
89144
59304
34395
75577
73248
66482
48620
64432
20105
55734
1126
58798
33327
90830
95221
12517
66943
65603
19286
17604
64150
83014
38158
77221
95385
13645
86483
52738
6094
57490
94581
9917
8243
80173
65140
55548
55642
87447
81180
85864
2255
5168
64623
39203
18171
48427
93655
91620
86441
5960
11266
63195
50021
57754
70016
6397
23474
75795
17960
36269
9290
53433
9924
29253
39854
9659
36767
76750
1422
39300
60112
25140
8948
11237
17507
30804
24497
64558
24211
53797
68871
66056
80913
1841
79055
31062
58243
51453
96755
66723
81418
73907
40995
60891
62504
12889
12104
23575
88664
10968
96585
42406
31334
75733
83207
9755
82635
88896
78583
1463
56936
51281
90825
86567
54991
18894
51985
92786
72183
84282
2134
30056
75956
31150
90158
1159
18638
20710
42915
12082
32977
63151
91423
77434
30992
82429
52780
20182
32112
1308
20250
47445
70588
79612
43102
22455
72910
93268
9082
82756
37802
19110
12395
49854
37685
5853
9071
60412
62456
81616
42120
88497
40211
80786
30120
97430
22705
54978
73621
81134
42065
84002
52332
24750
67543
1695
44507
24165
67572
73093
19621
7305
41109
69092
86241
72187
46511
13918
82724
1846
13172
28328
66761
70925
59397
86104
35520
93159
85110
84254
24876
36775
54093
24239
51316
65945
70394
60486
21395
85336
24985
8287
23923
64072
71636
52357
7420
10194
89976
92918
35678
92393
51338
47586
67790
3461
21111
40215
4970
75737
42287
53613
81658
81395
16693
36008
55121
1213
95325
82972
80044
35993
79787
94794
27630
37981
11074
35409
98171
55430
90734
230
7079
39680
78347
75453
59157
55416
3191
45554
15493
85370
92903
24955
12490
53805
88352
77812
75485
9709
37725
28694
29495
31682
50274
14866
70967
7268
90617
14168
54940
80743
70314
88847
82371
11638
79292
485
72427
6970
43480
62977
36454
63752
70638
40134
47660
95603
21774
11045
38149
60286
33873
3268
52413
45049
82520
53400
84403
9073
66753
87711
67180
34809
13983
10118
22574
94183
50837
32903
9199
17941
45528
253
96313
34708
10915
28608
21117
66086
60692
35492
55804
51217
45884
91980
14874
74395
88534
60918
32492
53955
45819
14095
5382
96704
73657
42566
42886
54243
87413
40838
24319
63484
42193
43100
97247
28020
2959
79546
93770
56584
28554
89518
37893
92896
13984
22969
89699
29626
35560
20632
92637
2441
60181
94519
9916
31215
49397
94939
87870
15544
73576
87889
17317
74421
18607
12689
73976
65475
32067
58254
40982
95640
37589
63480
67589
57982
83245
88469
83871
69013
86254
80764
78516
41556
68529
50854
16888
3351
57981
54475
10681
62813
33186
32535
32675
7474
32833
81415
5218
1475
7862
13384
38872
61276
82730
58674
92475
90060
55244
44083
54986
41554
23056
12524
30954
63036
38828
22042
45549
86197
84269
10495
95181
38744
95912
81843
28814
8029
46777
78581
29092
16817
89262
79256
29370
59382
52748
40306
7261
32559
15044
42652
43726
45162
25870
34863
11930
92181
65432
33764
72921
47679
86861
93927
89544
417
7360
78479
10139
18983
83200
68079
47408
47763
96725
5999
49056
65408
61097
15518
82292
64770
61015
21439
66368
59488
27939
33627
49255
63168
25810
75498
39002
909
32301
53580
5124
79478
24488
58675
67375
9135
95813
77782
66865
34972
70014
29316
55834
83169
37785
83403
41804
32023
29472
73865
67689
84273
83736
20103
75909
47058
74270
69059
20412
82289
81981
85472
16544
96564
81132
3872
89044
2601
60446
10271
49487
72546
24401
23718
19062
67228
11149
80017
31092
22287
90461
19564
43666
93855
93593
59669
6151
82315
30765
97987
5729
42847
6530
18316
46008
14505
86559
65363
31668
43405
94574
33512
42843
31996
9542
29359
4615
37215
29620
9947
67153
97981
78275
91492
52783
96608
89766
65506
54503
37835
26726
3898
1733
16671
627
22996
7252
38586
31541
36263
7102
86758
83127
90470
44927
92915
40012
43267
41538
35036
28878
15368
39331
51684
91947
49938
15119
19772
6548
69852
93008
18471
25974
12685
96244
29413
70221
28847
12871
41411
45462
56835
76820
70773
40776
54010
62904
38099
70894
21751
64736
78975
92868
14786
82804
1924
15901
5761
20487
82448
95464
18833
81811
86333
66330
4321
30584
21966
87557
55125
80783
8879
22443
86898
20814
30478
81345
6646
51805
63398
70359
22703
12546
26989
60581
91409
57525
7496
18022
50690
38775
46042
8886
89446
20532
71391
44908
85618
12013
8724
66244
24359
8218
57545
58519
33777
80469
26042
55094
23707
73214
95318
47618
42392
74039
9845
7911
57
16499
50061
60191
33125
77614
30784
13905
92120
17431
92827
96070
25962
43411
3118
56991
55954
53799
37766
88269
64167
33678
64970
28637
74111
53887
71061
27094
94573
89325
42499
17362
94391
17666
28992
79171
48618
864
52195
59183
92773
30568
66554
73650
60803
61644
33273
70625
91124
27469
95582
9244
11425
14963
91127
63734
5242
73413
50962
72029
58219
75518
74021
5145
48875
53021
47316
85262
11335
80890
77417
59435
88170
51952
3084
8206
72849
11934
49747
8331
5909
52727
85170
19092
40140
25497
41085
94113
19775
81496
47281
50140
31520
75304
28561
30404
76966
75355
16869
42735
87750
96847
22629
52591
5410
82194
6746
69404
27098
46854
18482
75472
90844
82256
87702
6529
61954
36825
7486
25362
59786
1807
69582
70166
85206
63624
92145
48535
63218
80429
76928
19469
27167
80790
1693
35718
53828
74712
44478
3970
48934
97302
75187
97940
88128
44250
75207
62260
86123
68000
81646
47132
86437
60530
97562
89070
86832
5974
61468
28500
68876
35136
66749
66112
4926
9897
48420
28999
28070
80570
39581
36551
31225
1056
81102
81800
68541
53517
39552
51138
10989
12529
97255
17574
62096
33363
35047
55272
73529
58154
48542
97135
94505
11702
85735
79030
40317
68564
75437
42620
54408
45780
79846
15451
32679
51323
88922
75524
87237
74368
40907
22432
34716
20486
51053
12010
73457
1466
54003
4087
75366
18581
18516
94626
72471
72102
27525
92392
74815
83537
29040
60961
12969
30048
27075
35583
28105
22922
88631
92216
51571
77702
66694
86363
62792
85199
8276
74410
42398
4317
75360
5582
67617
51779
16123
12665
52850
59166
49350
77651
960
74992
72464
52919
51600
72263
5476
79049
47634
69872
60592
47364
29236
79437
73327
6299
18134
15695
72051
28733
88030
96090
41774
75985
59830
56899
84092
32374
58907
54834
83971
72545
41410
59043
22541
57006
58755
23356
38810
28458
95260
64834
27018
28452
50574
97395
90086
26028
55667
24821
3989
79905
50590
52234
72308
19693
95614
4588
578
59412
3745
14971
49830
60360
66005
37889
82310
79259
1533
26169
329
71170
77253
39968
24681
71261
7524
97990
42481
1343
24674
47701
17560
1207
4929
93731
54516
40018
89238
41810
82349
18921
66612
71002
36330
63707
94655
96571
74139
8385
87314
6158
7241
17216
26432
73533
63543
43045
34417
35283
1713
16309
33610
16466
26761
55918
10328
78864
70874
91530
34550
63004
14940
72261
32668
24980
29783
73091
62965
59995
42099
49712
7573
81101
21383
34743
3544
77131
6825
48290
13752
25211
85121
62023
63601
43955
26331
57952
63291
73391
47815
23878
74291
84084
89106
71263
34947
79388
57077
30157
63641
53614
3503
58110
547
59047
46662
43108
81638
27196
55187
51962
32602
46620
83551
18312
52004
59011
74131
85971
77946
23555
8579
44194
50956
9888
33530
63671
44822
60107
70133
48485
75883
47492
38621
49967
81830
49002
55545
22248
55691
74319
70601
37550
5133
84444
65070
44392
19910
44904
47579
56450
94374
13286
74264
95193
56549
23937
58849
72441
74747
89705
4885
33510
8363
10624
68697
93352
65781
53229
53024
62241
38530
43107
72996
57796
30526
80814
81512
44706
52732
66740
729
24942
66177
49088
18431
61209
86755
76405
66416
27194
21115
2251
41228
35846
50008
14749
27142
63788
88108
70555
4778
35751
70541
65982
93074
96234
65967
41135
16437
77347
93401
12896
91534
7091
94117
42600
16745
68788
46655
66923
31570
58338
38445
15513
29310
9386
35139
74090
16134
39984
87851
58094
77350
38860
17061
21749
39424
63545
67927
40168
77587
29528
22998
68872
72167
60377
54911
40240
60340
85434
14616
84924
90899
88135
4305
97088
49693
60435
30835
12459
22282
70856
93719
35699
78000
21594
77450
63143
77457
4762
52871
4760
36644
4935
88231
37778
53563
17524
90211
22147
48499
52255
72060
21913
64383
21202
31321
38214
35593
52418
15575
45296
22698
61125
75113
93811
48786
25849
16094
85034
40126
31742
46967
28127
234
78137
80703
46017
26596
89219
20114
66233
3306
75829
44489
55027
76740
51807
30321
40398
70178
45396
89043
53422
39089
91958
26938
56143
1237
56441
82957
19160
13890
36947
2304
69387
63088
15944
95104
69479
18254
82781
27479
2831
88464
92409
78719
34480
83936
78767
43922
44976
22333
80219
50154
35894
3844
79133
65170
52802
14980
12580
61435
46918
98228
47317
75183
94595
16863
39312
48312
62399
41350
66665
82339
30510
33195
44269
7975
2909
14189
24055
46699
13268
80629
62106
88928
72777
28828
60521
40033
98289
59480
66288
8456
92026
23751
45100
4665
54624
75063
66303
21986
97469
45521
30457
16644
8760
85925
72242
26600
50862
84503
75338
33004
42299
36013
56853
90953
73302
85686
59371
28391
14899
50502
47862
10137
37874
20080
12723
84809
47744
14207
44335
1114
67329
71666
97892
8905
19408
24725
64341
54908
33205
87346
45716
17395
62548
67366
38940
47978
14331
48776
45451
23490
77495
49365
11586
76906
13477
89528
90709
69287
8486
95142
80222
74646
15888
45310
69734
80195
43769
87303
63479
91705
60007
48992
62009
87680
16472
90197
31388
81527
36914
20049
76510
56276
59032
16839
76810
7423
63735
27066
63047
7198
70666
59880
43245
1686
20867
26274
8893
58850
68166
87445
65491
11264
96969
80122
62720
80162
20144
54050
67113
11384
311
60105
13185
27940
1554
97902
60436
11402
83210
69263
16898
92946
59823
30189
15136
70402
64534
14479
46585
81091
70947
18749
6037
42454
86449
90587
14138
37131
92810
72191
14048
69119
47326
39205
14504
58780
52821
12920
73769
68411
36971
52166
89413
56780
41498
7706
87502
13158
80407
26358
62569
88073
86297
59327
94917
44852
53373
89524
26757
64873
56660
20933
53148
74683
84341
4998
95931
237
4701
20269
46669
30565
58542
1555
77299
92185
70766
67230
44518
195
52595
20626
66390
94710
8604
49682
42241
35034
20222
48700
96128
43856
348
75812
46497
94284
45750
3645
35231
45231
78367
56411
733
42271
64943
93810
70964
52886
62248
55333
30603
82298
17411
76011
84991
28339
96082
20329
84391
52403
73933
46399
9787
23742
22951
82666
10326
28662
26532
43580
60210
59791
96701
62556
17565
68042
78703
79582
70740
95471
82570
83144
77794
32781
50519
80840
73898
25263
85900
67233
77647
56916
40850
88419
19163
19899
32743
32075
69528
51052
87784
26124
90554
24143
75754
39169
86223
87400
42649
59834
71290
6274
42234
11293
75089
26446
87025
81626
57965
41227
42177
9013
13683
4676
17005
45660
61784
76935
78435
28290
25378
33399
44607
91568
91500
91014
77628
54203
20850
63137
93372
94730
48366
30921
87769
21679
56618
14128
16541
21126
40002
24533
27193
88614
94048
22300
55639
54815
37247
32415
46027
64730
44757
51098
11020
43241
73672
37428
838
30414
24134
50897
76580
27621
45020
14244
38603
66045
78515
93545
94418
50733
43755
80491
28826
1853
79672
1941
49702
5821
58423
1301
31360
76308
83396
80776
28706
17066
45164
48933
29300
44501
28668
74076
14619
14323
46725
50884
72893
12149
15443
58895
24841
84730
36469
64093
11064
67335
10364
47378
90273
83865
19660
85396
20518
34798
96757
8679
29361
48930
48952
44411
21033
5623
80485
3672
22875
77551
28499
85288
4880
12676
82151
68954
44473
56404
52565
51108
24355
87213
32453
69779
29276
62070
46978
56236
69396
9895
10658
27598
31138
73491
27278
92160
8809
67152
71651
36232
8337
36216
35207
69630
9371
28012
37047
84679
6553
10389
16318
47339
43416
45177
51032
91910
53000
68952
12016
95182
24382
84513
60478
86160
11514
6121
66512
87229
91435
95558
6561
7987
37970
39974
88252
16971
76630
64228
78714
6145
88364
70995
80075
4372
3725
61799
65301
88626
51802
30046
18366
31822
14995
26873
82659
25085
91943
61942
52410
8285
96382
20892
68253
79671
14943
87096
36717
26443
35435
33256
71289
93992
39655
73026
58928
55611
73470
11807
39473
39900
90644
25847
76006
1983
81120
95088
3162
23380
12259
65067
39460
27608
97866
55229
5446
9696
11663
8790
55817
5392
46146
17441
89297
97699
21328
76699
47650
68113
65517
63153
57638
47933
53164
33902
97439
82549
96862
14413
93521
51974
69356
9210
49672
56668
25033
64855
20294
35750
87845
67614
89394
30181
16762
79822
96848
95868
51372
96867
91289
46347
64660
13436
68221
3050
53449
96228
38681
20770
255
60644
87980
76943
37792
62031
11364
47960
36230
66171
90183
36503
66843
28170
66338
81258
56048
39306
48196
80528
80969
86612
87056
40646
6444
58941
20780
73206
1737
92489
10352
30626
7137
19372
63616
43413
87739
47961
2768
70508
54620
86494
29282
70289
85514
66457
2605
55620
60440
31841
67859
71412
35702
52247
4840
15399
63145
54232
41865
41497
9754
92373
25449
92115
25119
12440
54569
91110
11855
21940
3992
72905
4379
54841
72388
39574
94084
86590
34462
1109
75438
74011
82590
10636
39836
14647
95159
86826
9084
69835
63019
69011
66680
93696
94422
17593
70032
26275
30430
67161
86243
89956
68366
81627
97423
8347
97759
33949
5593
17364
67998
76490
72240
16096
56943
71173
69551
45755
61731
492
67415
86176
64978
81053
51011
36407
91463
73061
29170
89851
67405
72577
27110
39756
74697
68169
33123
68683
87472
69614
52717
51742
56828
27845
29270
49036
93425
67656
10763
84651
19677
73820
91214
81030
64539
31824
86786
65591
35221
15678
12106
35914
9288
8976
52033
37650
9524
80026
23927
46384
43947
81573
36844
72367
39105
22116
39417
30331
11628
98265
67297
82040
54021
19889
15318
32248
52829
33521
60325
9225
63367
64528
94604
90958
88485
78890
26449
59758
59013
47422
6989
50759
22498
93177
12715
63708
4300
82616
9880
82136
9853
51330
63814
8939
65765
46526
11408
36436
59126
3267
84357
71010
55330
12098
54959
19450
13589
44590
63217
4641
28739
67911
83590
30513
95418
37884
12367
27561
61925
33662
49457
75879
50222
65447
8777
13125
41356
32205
40635
2833
88018
17230
65905
63805
41447
23632
946
21390
43626
8558
69590
32536
85296
95292
41864
61149
68944
75979
32225
57121
53917
87670
43750
93455
53644
78611
13054
95135
67912
34278
69959
30218
32300
55366
64768
24298
78165
50706
18640
65020
86182
78310
3936
74831
11440
96489
81135
35464
892
18265
67374
78534
43071
94822
63121
73060
54606
19838
68688
64080
34376
89330
27055
68049
89893
74151
32025
70505
5774
63811
86120
19726
43214
12600
48747
41049
97070
64106
88698
44012
63757
70005
54315
74862
82628
51590
18405
91954
753
28546
80836
11102
3624
1849
18455
74800
49470
47457
70965
953
96966
83669
40339
30436
81158
2467
45319
67884
22710
28994
52138
39636
29658
50266
42128
47879
64756
39755
70272
9458
60785
42422
78566
22105
20972
67740
5513
56931
78040
29694
52984
20143
64548
30446
36772
91557
87900
2118
60448
59597
25443
3061
20746
64533
77449
14008
33121
72823
90239
82305
95883
63376
75268
57150
86202
81195
98238
23265
39341
63159
63855
23969
32567
65017
16463
77791
56682
72544
82728
31969
7945
66066
551
43538
34034
56034
38450
83433
96206
75196
30966
84784
79420
54215
2969
40512
40429
66589
75095
41850
54386
61492
70305
76867
85675
68921
23436
49855
39667
67322
73202
8241
96524
5319
60418
64088
67486
49187
29193
12331
86110
61124
77759
8160
92137
5411
73023
45360
81613
80942
73842
9160
18327
56433
89231
88230
27850
27589
69194
46311
95571
16477
43147
45418
25647
71091
2019
41925
95944
4817
33144
27739
52204
4989
60791
30039
26986
10347
95322
92985
73858
25044
69839
6243
6705
55215
14867
43078
51504
25959
21154
5332
72106
70377
96504
71823
28461
19124
33911
64552
83993
42879
36035
25233
3999
16197
18612
58209
542
22756
77225
27205
4368
64340
39385
58962
82265
86311
15571
24764
63710
88077
95055
83979
17105
4811
69844
6569
91
401
60561
27734
68796
35258
55635
73799
83226
75284
78935
69906
37282
60011
6610
72153
53492
14499
70157
39147
69192
65436
4986
46111
12767
8768
28355
4860
75286
83622
6920
32486
68893
19598
7543
9982
67716
10760
76576
44192
23381
65125
66831
86493
80143
93110
51203
36826
17275
73119
36494
60055
33553
96172
73472
25551
23703
19695
20670
15002
10052
69115
91844
83934
97292
61690
40650
36205
40261
18218
67544
20488
59145
29340
1102
53263
57885
54522
37938
63587
28496
50702
77597
82687
23823
80286
66951
84625
95009
32250
12973
14565
56189
13314
16020
37013
13750
6189
77339
79458
93359
74102
19250
41431
58981
17027
33718
86817
91560
72303
85395
23672
94308
27916
3143
85313
1317
39418
80821
80410
65178
38153
93904
16823
28610
37449
15609
58730
34093
20694
22284
19457
74069
47626
22103
72874
13322
64144
7575
76166
95331
81995
71506
16354
13117
62736
27217
61174
73968
19570
7751
11840
46283
22825
74677
9086
29312
8610
25430
38339
48671
70268
83887
95664
3941
68292
31197
65587
73254
90027
1501
67114
23475
74874
55166
49976
50760
72132
76255
61171
43600
33806
78066
64611
1901
40504
91698
19863
74703
64257
90651
85819
48689
26616
58807
43379
70554
73847
13850
69318
90616
77516
72177
54568
20738
80116
92442
10430
83849
54922
22850
14173
51862
50249
34472
46368
51852
56607
64239
17264
70663
89091
30456
59224
31589
65075
86357
80112
17653
69140
80269
7545
93353
53764
7167
84093
65197
32770
61725
28916
56254
13382
42974
4047
55101
97376
29143
48679
77695
9409
42606
3877
71986
76518
85562
37819
20826
79824
42802
81732
61567
69817
12739
2156
47534
8818
39792
38140
38925
8765
20376
75501
30619
58882
4369
15599
11124
35734
32406
1415
13
73508
4959
58998
81969
36129
19555
60984
63970
21445
74504
2648
13542
41414
85420
96286
27163
12324
40714
66542
49008
23504
5518
75729
4288
41877
18573
22206
41677
37197
5399
82820
92010
78160
46324
37466
86944
7767
68819
72681
67725
45307
15593
95353
51236
75074
85362
24199
92939
67787
22763
54547
97194
42799
80272
71238
91347
97404
94413
95191
78436
43420
50808
37934
8859
70718
75306
70342
27491
10680
81153
11884
62717
61832
41786
67699
87160
455
44236
66907
16993
52548
24713
70675
33643
34535
9200
40967
34445
49314
49191
17508
86501
96159
47346
78751
50584
35180
31047
86600
11206
53366
61675
56348
9372
57282
61226
52573
76508
60000
93556
41416
45830
61263
11210
63198
20074
54881
73103
92621
46755
62292
84977
60612
85863
60980
11698
95553
84808
56283
61220
72670
38584
44134
36199
79845
20430
77552
37081
85943
95544
61862
82063
96931
38080
20505
4101
20733
84969
69573
86281
11612
10493
56965
12063
1768
52885
63758
38879
96338
86439
70664
31591
62719
4863
60299
1998
48842
34019
15347
26143
82968
45523
2045
80618
36934
65606
45227
95845
58527
51786
30492
89658
31798
75455
34279
38998
49809
90904
38443
49261
82185
67641
53918
70676
58147
59998
43937
89117
14959
77162
10363
60513
58198
30470
63608
28918
45891
65169
82591
23294
38246
37642
62364
96603
89319
68238
70043
87645
4054
89914
15328
2379
65024
23082
91977
53091
30216
80105
88320
38661
71829
38227
87681
57584
84276
20361
887
43251
49820
62075
20609
49816
74290
86508
55973
77233
23024
40262
24756
15762
53893
84147
8357
28247
55067
18780
94956
90458
91297
27601
40431
15074
10990
79019
60231
48472
49723
58788
29188
66188
36078
78956
12187
34190
18504
87137
57993
49357
93631
44542
98036
9841
88338
93636
39164
54511
83312
33626
48571
37534
1855
6719
4799
4152
81935
72286
72087
25613
70713
77985
75540
10631
89174
61960
4960
24074
966
68540
95831
86866
22643
5088
83307
41437
12210
29065
29844
69131
97943
12147
68997
25699
15083
88968
3442
73891
31665
17125
48764
839
86587
92627
28133
62344
92720
49104
47112
34936
53715
