3089
25148
19441
16145
3549
3693
9175
19874
19317
3680
8585
8852
12012
10675
1358
7543
19390
26586
22456
21235
15962
2342
10774
18832
1843
14764
26361
21431
7038
14824
2507
12195
4444
20119
4762
18669
7085
12991
23808
5052
7510
10280
20859
16877
5100
3039
20580
11793
1760
10669
6400
3895
1892
4857
25364
18588
11377
4969
21532
7733
3624
4824
17995
12789
12749
16501
2086
10350
17456
19631
17372
20603
9542
2261
4103
24712
14438
1837
9874
1620
2480
16026
4249
9911
24582
22593
21240
9497
26027
10861
13625
7034
4733
459
20976
8957
18607
26538
25768
24738
20259
21410
1523
22486
17850
19802
4507
25128
25122
15929
16371
9538
5498
7559
5063
4245
24272
24651
2672
9427
7092
13912
25182
20995
5538
20029
6545
1285
7441
25167
2727
16749
3662
10126
13044
3395
25333
11273
3040
14080
8694
24010
22825
9424
5511
16704
11316
4253
5966
23089
5504
3465
17415
25170
10602
21076
22502
17475
2605
8773
18043
2291
3351
8530
7518
8610
15527
8690
20933
16031
23684
11669
4198
8129
20086
6393
697
18024
8200
25156
3121
294
13245
12366
21955
13705
17097
4169
19310
17310
9065
2600
9868
11254
14043
19429
25681
13688
19379
8203
8066
9707
7698
25113
2343
23227
12074
23710
3269
13955
18998
5465
19464
18465
25732
15647
11128
8440
1367
1819
4820
5754
2528
17025
19336
8623
25263
25967
19999
11901
4776
5141
2962
21482
1881
17878
8986
4957
13089
26618
19906
17983
10416
10688
4528
13572
20579
13409
14848
3899
4890
17041
20686
6874
25283
8787
25159
26363
13991
22428
16633
16537
2491
21563
25754
18178
25926
6552
15973
21920
16326
12588
14649
10537
16625
8517
4849
19918
16421
25056
25998
5895
11103
12738
14148
6991
9308
24171
9945
19315
9713
12341
26535
16622
9877
21440
1699
24303
20931
18120
22812
24459
19744
6196
16585
24319
17525
6927
2023
25694
18966
2535
21346
6178
18578
2625
9428
25999
6295
20589
1737
22223
3453
644
17015
23841
15574
16987
4812
21022
23115
2776
23659
2244
1287
8892
25310
21025
11411
10297
22437
13112
1543
22439
21079
12627
5509
3053
16474
25344
24602
25747
4535
24007
16873
10288
2458
10916
22234
3101
2502
16615
12948
9035
4086
21208
9774
14234
4487
4660
22571
12569
18068
7875
6473
19759
6603
12729
25176
22035
22756
802
17492
17569
22796
10793
10200
4591
9716
7582
14380
9262
13623
20172
6181
10869
5039
21722
20405
8776
80
21715
2065
464
5672
15942
10216
5945
6306
25758
9229
5711
6907
17425
2988
13954
2718
19873
5185
25272
25764
935
1697
17993
3215
9460
18633
25202
2790
4036
25095
24421
18679
21029
19347
1390
533
2728
6513
13950
5145
18069
7512
22334
5819
21105
13128
3555
13078
12742
3904
5889
15674
9221
1385
398
8507
5744
411
4909
24377
24942
18075
25073
17776
17050
16149
13265
8752
906
16153
26644
8130
795
2649
11996
13337
21107
3570
14294
16803
17237
25882
6403
1427
21805
20319
19407
10447
19904
1504
8762
26544
771
12148
8956
13288
21221
22801
6061
10008
13436
9559
11222
6517
11175
6941
19166
7569
9711
8470
11480
8308
1653
8306
21647
14643
24265
19859
20115
7481
4687
23970
21473
17298
18646
18644
14889
14780
24004
8589
913
10661
16573
7423
5481
10771
1172
16597
24614
2978
10999
4522
472
23984
10415
11129
11945
7080
12190
6269
4562
1807
24823
18682
41
12897
19705
17865
18598
12717
21444
13035
3013
24521
26548
17043
18074
11164
7010
25766
14282
12319
9847
8210
6428
2364
4895
10413
5725
16335
17421
2713
7550
20961
22479
17559
22874
4748
5860
19285
21182
11366
25168
23483
12192
11865
6857
11840
11267
4534
14648
26310
3110
20495
1388
12024
8269
9816
12356
15943
25918
12839
11042
17215
24005
18697
22789
3738
24876
25779
2943
19579
2784
18985
6581
6465
6155
10068
18882
14636
16081
8510
24645
8294
5050
23539
19639
9529
16584
9033
7748
17429
5939
4017
20066
2222
5535
9271
16482
17096
13663
22448
1607
17033
19925
8830
12748
25214
15594
8955
26158
4772
326
14036
23231
12675
17580
5902
4576
12899
3196
20489
20238
7503
13037
16757
21470
23795
10611
18650
17306
23221
16660
12920
12253
2240
20604
19437
11196
21479
19182
5049
25929
2527
5530
11333
20895
14436
12075
8829
14866
21048
14850
4499
14309
17214
8028
22355
23657
15547
1519
13997
5115
13134
18182
7522
20545
20523
16375
20605
4127
9677
18394
12966
1950
12071
12240
13562
18509
3
13242
20883
16880
16870
15969
9406
7528
8703
14328
3933
15477
12954
8451
2071
19436
22445
20836
8688
11422
16608
21063
16568
24649
14407
2696
2588
7741
572
13511
5829
21363
17515
13598
5470
21700
1734
20109
18940
16679
26468
11011
742
2234
2366
23827
15668
1315
2614
5877
24212
4171
9611
8707
24744
6912
21466
3812
2101
4845
24352
26496
21945
14399
16310
1681
14662
21660
4554
25220
22503
12761
17286
26333
23793
23246
20378
5906
4137
6533
20291
4237
1251
15928
8626
19368
14184
12714
10807
19427
25230
18424
8681
6522
12732
20309
22259
3606
12850
12087
24410
187
25064
11776
26474
8392
17558
20905
18702
10047
16486
2911
26284
18618
10067
17202
18818
3729
21074
19203
7100
8789
7553
18078
1654
13431
9482
8593
4919
24009
2599
20341
11113
497
13633
6216
23157
9481
5583
25334
11223
21688
3267
2570
8954
21053
9600
12068
23974
348
15541
9257
11439
2650
2164
11275
8842
11242
17294
1817
16709
1542
25845
7586
14773
23256
22751
12347
8369
5985
2965
4281
26533
10881
14778
18138
26514
9842
12712
14520
16478
25212
1540
1142
10576
16990
25948
4610
12718
13260
20049
3458
2237
19155
19894
7719
21216
3506
4246
20833
6446
4003
6415
8462
347
19355
2771
7779
20640
22727
8393
18136
10448
2313
14384
14861
20989
6998
16312
7015
12647
26374
19864
3421
4258
5642
10835
8697
24172
14839
25204
23196
1625
11079
17314
12308
11636
14419
10239
9625
22848
23206
10610
2561
26600
8988
15643
12659
13099
11544
9433
16032
7597
26504
24348
6957
541
7941
6121
4905
20450
4968
18183
4110
22055
11036
24944
2848
3106
3755
11285
163
6418
16624
23973
26234
22905
3827
19030
23599
1226
13939
23648
16115
17307
9730
22629
11693
16438
20005
13452
11020
14149
17517
8343
9288
19696
16560
15944
25247
11634
12610
25818
23527
10051
18543
743
2439
11013
9117
6338
8485
24206
8335
7760
6105
1693
25655
22212
26650
10170
8358
11724
3317
5825
488
26393
7234
11239
7873
21042
12361
1773
14180
4996
20917
7600
21540
1415
20583
19844
22776
14248
13407
21189
19455
18623
2823
26587
12583
18915
23216
16681
16650
807
7490
20195
5522
14378
3625
18017
21447
3333
9412
13378
6492
14630
11803
25751
12607
4285
9752
199
19423
26139
22363
13555
19914
7468
18810
24487
12081
357
18625
3912
18918
24551
5998
19643
7912
12837
1728
19646
2496
23013
400
4493
20994
25927
6591
9979
18710
17857
9758
25869
11496
22192
6525
6443
20307
2409
14758
10052
12128
9981
16630
21161
23105
1579
6424
25280
15627
20626
628
26581
5801
24991
14427
1205
8419
11341
19856
2
3376
7881
26261
23753
18711
20539
3423
2906
8131
5033
8375
17088
2587
19272
6014
10192
19003
26184
19506
16698
13375
16576
4467
14576
8367
15924
20610
22838
21991
2216
4889
19417
23679
11217
12880
13379
17231
11524
1342
23842
20000
25788
10764
4088
1141
7513
25692
18663
12668
8300
16127
24386
12776
1690
11027
20001
9590
5083
1349
12362
17578
7554
25250
4524
10824
6139
8812
5804
11735
6523
1404
3694
13992
18589
9269
18416
18927
25118
10372
1744
2896
9204
17296
7431
8968
1812
19495
9178
4724
7649
9237
2438
4806
18833
4825
17309
6256
17815
1774
3144
24983
21280
7674
6217
22579
2679
20443
12274
4010
13638
13334
1524
26577
8478
8711
1663
3484
1181
18148
25883
7273
6349
702
17979
2356
12469
20245
22451
18436
24877
21467
1263
21781
26383
4728
21561
22572
703
25174
10898
7002
26308
11799
13393
11844
2646
19324
19808
13492
17869
4156
14858
21755
17630
7494
1624
2431
11794
22261
25241
824
10063
5811
15681
24399
21677
9916
17051
10982
16788
458
180
25742
17268
25985
12133
8148
19798
600
9322
5887
19219
13619
17074
1258
17969
10543
15909
10630
21382
2301
3099
4405
26131
2526
23506
100
5751
20250
9848
24568
18658
20428
19667
10569
4870
7539
3085
11501
12094
6244
9569
11727
1356
8301
26357
24652
24495
7005
14714
5680
17447
22575
12063
12630
590
24139
18469
14312
26040
14642
16036
3577
9261
6354
7659
19717
9050
6986
8458
235
2381
24363
2838
11171
8550
3557
21723
13359
17639
8575
1234
3136
10589
7774
191
16637
14548
8946
22872
10754
4486
18210
12381
2764
25323
12403
11477
4062
6900
14563
16983
4915
12316
24152
9103
18070
10862
23279
3748
4433
6381
14750
1331
13739
15554
19635
3955
937
14655
4879
12328
14091
13497
25361
26560
3514
18521
6479
21726
22323
5596
22464
10709
3015
11157
21230
26121
18198
11472
26138
14541
22244
19875
2188
23834
26540
8537
10595
3734
4891
8633
17494
1758
18954
14150
3282
25908
26491
4648
8509
456
4998
7935
4658
26303
5565
18437
9192
2633
24353
17191
14422
16986
17798
12260
10027
1231
11182
23824
19029
6123
7457
4175
3751
17740
2915
9395
815
13045
12237
7909
17801
20145
3739
22020
17466
10293
26635
8070
20297
19274
4218
11037
21934
6083
12083
13687
23496
6023
12422
17902
11842
20275
479
24604
9125
4113
21986
17348
17079
3760
11289
11355
12423
81
21720
14562
3756
21195
22031
6205
13316
5683
24988
24209
15956
13905
26555
23222
20088
9067
9586
26252
11395
18522
3411
8467
2623
11429
17077
10626
17160
3731
2550
24514
6908
20101
21435
19354
20008
3201
22236
17521
4432
6218
16792
11179
11737
11903
24723
10582
21743
11685
21631
17520
21804
5180
11707
21380
22379
19888
19993
13458
573
21041
21571
24486
26114
5898
18092
9273
16104
10460
9387
12153
8616
21381
2060
15986
8567
9217
25119
8377
12711
11304
8033
7495
25873
17262
26435
4908
20347
300
16843
16481
14749
23778
11367
763
2348
1965
15474
2063
8782
8205
6903
7739
14072
11746
19389
26525
6396
21501
25820
25362
4012
10466
19800
19564
12987
15564
4714
14230
13936
19392
11955
25031
5146
26061
24476
12392
7053
17911
9046
10291
23805
118
17301
9977
2583
10993
17976
8799
24332
24339
17027
18716
25025
25142
26315
5014
21327
20257
11008
10259
14668
2780
14610
17442
13930
7552
14513
21507
11353
7721
25801
21821
16989
7429
22478
1212
9864
17987
23538
26038
11060
1299
7576
3104
3131
7589
11001
1572
764
15896
2683
12596
18497
14267
5176
10739
7765
19781
6220
11757
11323
22604
6598
21718
297
2468
7709
16331
9898
14632
10165
24258
