22213
7274
10503
17831
17561
34340
26309
18805
39776
14002
40514
21071
38662
6240
7402
36707
26324
9095
15191
5517
19632
20462
14872
40210
11047
30231
2555
25944
492
17758
25478
28947
37735
15029
16713
9652
9075
233
1085
23506
55
10373
20591
6197
24589
23366
18754
37062
12235
764
30851
10509
16924
18758
15079
39773
37428
20228
6491
4064
7655
13444
11777
9141
20990
8876
37215
2783
16801
40457
34170
2181
19965
24406
16343
26314
25449
32160
17411
2400
17750
6304
19668
18976
15436
12805
9502
40354
21255
3458
19142
32163
28150
40219
14784
26332
31490
528
13256
6853
2255
31822
32694
22566
10218
34474
18857
40622
35486
641
18935
4422
18164
12956
23273
40476
17610
25373
6515
19586
25881
40001
6930
6848
161
18710
16304
31281
23391
30763
39434
31587
37359
31508
7911
33537
11134
21808
28333
11321
10103
20295
26633
2791
11308
22221
12210
14630
30759
21173
15104
25392
11811
38994
25583
26199
14635
9334
2158
6300
36877
9664
40574
21638
15480
25082
21922
14085
23108
16681
29838
29521
20102
19864
732
21012
31542
6180
2373
16690
37326
33200
999
30064
27087
5611
24427
20276
6271
25682
15438
22535
6260
11127
34132
30373
27462
26222
17558
31827
35154
16042
35979
7031
20255
28160
17533
37907
19878
4224
33225
28010
8794
10785
9089
8428
34033
15712
11369
15444
974
17808
29208
20851
1044
56
7914
16496
7920
904
21835
30892
4655
40485
7033
10538
39880
3698
18065
8407
856
9484
18260
28425
40646
26177
32691
33900
3382
40408
299
5129
40170
15374
2318
24730
30672
3683
13296
1260
29707
39981
11413
33266
34544
7042
38864
18263
33486
39891
604
39717
36844
10969
13647
12997
10220
40096
39828
18252
3815
40181
40349
31590
198
4373
11070
8194
39474
11446
29809
33594
13215
36757
40317
39676
2480
20094
10879
7608
36966
39787
18712
18314
754
7950
16859
21099
23545
36562
3398
23877
9660
8841
22089
40488
4520
854
28445
2620
28900
39094
16068
13626
36342
628
32538
22874
23533
40786
30112
5237
14401
32465
25962
8569
35322
18275
8563
6915
10089
33723
17589
20484
23245
23796
30110
22396
3678
35061
30520
32533
23082
34669
785
25403
30989
30212
13510
9221
2746
9710
21787
36087
21230
18002
7518
19015
28347
837
39994
34227
8241
13364
12337
18297
6662
7563
33065
22679
28175
20427
9485
23405
16325
24197
14541
7794
28577
4623
9708
12553
4026
9169
11648
767
39443
7929
15018
16626
18826
34516
3269
28001
26327
6485
9312
6771
39963
6783
10966
27447
12
31194
29367
17273
4961
2169
23098
6583
11970
10260
36988
12875
9653
12752
10736
35075
12577
12691
6745
6518
2672
35957
25357
10342
7921
9546
20714
30300
8284
27292
21948
9159
8825
33254
27266
29372
31893
6461
14855
34526
9777
6760
19932
9689
27745
15026
17728
18411
6775
7106
3997
18175
24361
24313
8949
8837
9296
27473
11330
18247
23383
1981
30657
32236
37202
12582
5506
27512
16308
2308
20436
20590
31328
34127
40530
27282
27742
21199
19112
6743
12226
5542
22432
25509
33237
19953
7576
10083
1906
15948
36091
40356
18799
24380
10100
26132
736
8263
9585
7797
11684
37230
34187
2292
31384
9881
24330
36279
23513
36564
9843
25672
12924
23202
34667
529
30151
5125
21361
14021
470
29808
38340
16058
9868
1311
40513
8529
34215
23542
40207
31392
7770
28732
27206
35218
6245
38656
10659
29290
23182
30952
19658
15662
39131
12600
21112
10666
26136
20518
17941
23122
25624
18801
13385
34887
31518
25946
18165
16474
15962
25052
30420
10444
35406
29459
10996
19451
8157
24242
36201
27289
28889
26148
36006
34884
35983
28603
4516
3373
23216
8109
15332
18874
21796
31698
39460
29293
18127
39819
20211
29059
40460
24228
20469
2351
22339
12460
35023
13468
20053
25368
12625
6268
27185
15001
22567
37747
1031
24314
14676
22508
4414
22095
12092
7529
10733
4012
8518
31386
38043
20474
20122
19507
2544
16256
6843
12955
13470
36223
14834
2754
28251
192
19430
547
14578
29097
36890
26128
1344
26418
24226
36665
31213
37249
12781
3031
6567
21433
20273
27281
22886
838
24164
9965
10506
7684
33680
35977
36976
7381
6644
20709
9850
14418
23194
16622
22242
10233
22512
16134
23794
22364
1283
34188
20222
33475
16347
7710
8470
2497
2144
35391
19726
12258
23860
29615
25464
15167
6897
17109
15165
9307
2391
27392
32312
25420
17395
3917
12686
24538
29768
26955
11964
19578
6382
16891
16472
21651
3328
795
5499
5686
18509
18852
10992
1285
20300
20869
23995
3715
17080
37734
18796
14482
38548
2473
10927
37655
2359
39937
23287
35974
34707
36681
8814
12285
29190
4523
21488
20559
40159
21754
2422
31405
30468
38536
7786
25488
8705
25187
16514
20521
37693
20059
9280
1174
24560
31808
21505
3448
39975
38508
12585
10109
10448
9511
2888
33516
29425
39659
28950
26337
36689
16701
29504
12784
12648
22878
29072
17531
35316
40008
10837
12120
5320
36225
11866
35475
14945
5483
26724
25788
14549
40215
612
5935
33441
28088
36281
29251
34248
2445
12138
13462
9497
32632
1706
34343
30704
8587
10542
20394
7891
6578
6700
21939
15558
10022
40322
15175
13200
26021
27525
151
36082
6978
28422
4197
4238
18724
32302
26187
3793
17176
40353
5456
21372
4065
4043
20205
40228
8202
12206
11057
40369
37896
15984
23419
31345
15955
18890
6314
20839
28235
38809
26632
10520
39627
12840
2376
11649
12921
7567
6277
19955
28589
9183
30790
9969
28953
1682
5503
6671
26936
6255
23857
8250
20971
5326
37628
24237
5600
9624
17740
35372
11080
18501
8660
25639
11805
20535
17724
7420
13258
14535
40453
30397
28706
22571
9180
16038
20566
20143
15122
38143
3765
1199
8161
8307
20245
15795
21936
18347
17812
26180
9329
14469
31010
24405
11851
40706
7067
6427
3758
1844
18978
24715
9625
30116
6218
16272
13650
25305
8474
25405
39925
17148
7686
23079
8299
1883
29285
6275
11438
15725
18743
7279
10478
8132
9473
13357
2205
17689
28916
8469
23865
20372
36179
25446
25048
8842
18616
18372
24055
12255
1000
13262
16536
36135
23420
29368
28554
32576
27910
25786
40491
40333
32066
5565
25499
39871
5472
34450
30757
14540
22094
5545
8251
33184
36351
18200
40823
9467
16004
7375
31794
16709
1360
10524
21430
27496
1104
18586
36865
5232
10228
30509
26000
16553
4385
34622
11646
18772
448
15360
17693
29849
26060
781
33130
16961
8516
23286
7896
7615
15626
19644
12237
35207
5677
27978
15797
4185
2758
40162
22193
21025
9632
19495
34199
17116
4649
14998
29067
18726
20248
11430
2005
20536
19221
24244
660
23883
32661
20865
34445
9896
36336
34706
10032
4993
11104
21875
27533
17970
37449
5763
35377
7261
21356
6973
25447
2331
4881
22861
18337
29600
1753
14865
7815
36013
16339
17684
17163
33684
18354
20051
14795
8258
7285
9823
15657
8058
8208
36024
31828
7377
22549
25910
21084
32238
37453
2464
33907
12186
8753
21930
18869
2020
19018
12675
20312
19120
4356
27144
11088
5154
29231
25043
14806
31832
8654
8201
5186
9537
7423
3751
15340
12260
17153
8313
24263
17371
24404
18195
32714
12922
7548
16484
12213
6922
30316
7932
9039
15484
20283
25518
7093
20123
15168
16629
31521
21828
33239
39001
2118
22896
10847
30641
29740
26976
28566
28075
6697
14922
33071
34184
17842
30787
36025
39748
39606
23397
18630
30965
8724
23338
12623
12755
27156
14638
25597
26287
26109
23220
34320
18779
22901
2065
5550
19595
21809
16467
15581
24167
27395
38520
12729
23372
9151
2603
28665
1404
19637
26427
4634
644
9829
13538
34539
39724
24534
248
23126
34353
29439
31295
32628
15081
17426
8181
33450
16268
29718
1247
25601
23211
5241
6885
31903
1268
10902
411
13535
7766
12008
622
40609
34467
1261
11306
1879
10939
26959
152
2129
27088
34868
23843
38676
2729
18048
38537
8287
8169
12141
6465
10019
5802
23064
18470
11390
18150
2890
9666
35385
35132
40177
19133
36354
11085
24728
8192
29841
39006
10896
7204
37705
16837
17131
16529
16505
17165
36583
8983
28721
21076
9117
22389
13391
8530
14833
30061
39824
33719
18189
4244
5595
18505
7916
40645
35027
34836
35366
32550
7960
29825
19944
10871
11316
27141
33671
22761
2258
8224
33843
19442
10688
12859
5675
14523
16274
9703
38115
5680
8123
475
21945
8677
9591
29427
2901
38863
29619
8049
34839
37491
9633
22088
27757
29263
9785
7869
9592
16261
5301
19489
3955
2160
620
157
13378
153
4515
30319
16802
12740
1656
18057
18507
10827
16044
20451
11020
5593
3916
8524
23059
20057
18993
21395
18990
10975
26884
19670
26227
17221
6404
1418
2075
32073
7057
19226
13445
37634
9934
27001
2582
2739
14836
22670
28936
7751
31024
14971
17073
12243
1985
26416
21542
18685
908
12986
2329
3718
3039
35165
16832
20095
4351
22540
13582
10881
23681
19641
14821
25452
31909
15013
17300
14862
7262
18340
29118
37442
7115
38711
17999
29848
4181
18511
39969
8953
40146
20096
40187
2757
25340
39478
32556
3056
8266
18774
20325
34701
9045
6754
19577
23038
8286
34197
35706
6206
31674
18527
21496
33825
29199
32938
26296
29286
8687
558
21039
9027
35057
27979
4252
3418
22351
11854
8566
5113
10053
2425
8134
9586
24555
12580
27228
34867
20183
10737
24311
24048
5547
8121
27909
12758
39701
3770
18154
18126
747
24012
34518
23777
31945
37424
7810
21634
24094
6598
23719
23377
342
15966
18579
4071
4674
26286
24052
31920
6297
12871
26940
17573
17700
39126
38714
8739
3517
31041
25592
21843
39927
23783
5544
1836
37239
24431
35985
3688
15573
33457
34115
18504
32170
23036
5336
4403
10549
18648
13979
3281
24251
2106
1288
31591
40299
11571
40079
20570
30357
27739
16516
36850
6914
14013
22516
3257
17585
27541
5317
3967
7859
9246
36974
17297
9071
38721
28031
5690
15159
34840
5236
11078
18997
4189
31499
28742
8087
20221
7598
21247
25408
9070
1056
13537
5118
37493
4968
2489
10319
17408
6961
30392
6685
34872
17557
10888
19881
8135
30060
6656
18334
13573
9858
24185
33922
15461
35838
31034
31528
25083
4627
35453
9697
8430
33506
24418
35387
17505
1913
29187
22365
17431
34641
692
29839
38854
18837
4697
7569
15822
21534
21392
8158
30321
10460
8972
11152
16464
36959
30305
25809
29546
800
17436
25500
16093
40445
2310
2925
14476
8182
1414
6907
33584
11783
32123
39480
34210
17681
38700
15722
34229
2319
7844
34690
23791
8984
27758
15185
290
34647
18798
33828
12108
1159
14601
2569
21836
21405
5604
19908
38241
12126
5121
14552
5344
8217
2421
31302
20855
6436
12661
39756
29222
38267
29814
10578
19964
5681
28408
39875
12989
23349
2550
4510
11454
13397
36250
3690
1666
23845
38993
3880
34813
10312
39796
6533
37911
14830
4232
30220
35841
22877
38101
28414
18472
8708
1080
9096
34042
28274
25219
35972
31052
40286
38701
21839
33883
14689
36224
1192
1648
22674
21779
40448
13224
6680
5605
17406
12533
37713
1680
17559
18821
28341
17625
1153
34051
25994
17193
6786
30854
6872
37125
16258
14858
29797
1290
31022
13299
9134
6426
15634
11383
34682
6949
18162
584
26144
34298
6488
23337
15957
34043
27417
38251
6864
11541
6955
34443
2047
38666
30153
37479
11676
33571
24276
36162
7625
21366
23057
19650
3041
5683
18236
21242
40687
6428
6528
6170
35986
33134
8819
1857
5619
12254
21092
27386
2880
17428
20142
13408
37358
30338
16605
6792
28740
18490
16958
35853
26055
40447
12942
10014
26204
1432
40462
10301
26643
29467
32561
18300
29353
34861
19194
1875
36269
504
17134
9173
34244
23253
8852
2789
37431
17305
6477
12014
9028
20432
9665
23829
28551
8148
23953
30329
32295
10993
25900
10734
6886
19958
2260
36713
3513
8484
40111
2371
6660
20265
32469
36754
15399
27091
33148
17621
7049
26579
28920
13485
35856
9978
16345
11342
32690
21652
25347
27389
14489
18268
33563
36300
16711
32687
36143
7418
15555
31326
24024
28584
10689
7527
3297
8360
31290
32660
13381
13349
2180
406
410
22850
7721
29142
18187
30477
30666
3162
14410
28693
10236
7695
7647
8028
38695
15942
25462
6824
24321
28945
1286
27675
27511
11999
8075
3394
16939
20067
24118
26722
9047
18363
540
2626
18191
29760
39900
5229
30107
19859
38527
13489
8054
11705
24135
29773
40804
197
40285
15476
4622
36970
21646
14684
6881
27409
1728
3798
25330
24132
12908
22870
24096
164
20658
34151
35709
18149
286
37181
7850
6441
560
19274
34484
38255
36571
20991
39121
39599
10813
4398
3987
21929
9352
33221
20135
1082
32466
542
37707
35170
15402
29759
2377
25307
5485
11456
5026
14674
20917
26307
13304
31333
6171
21009
25486
2624
26545
5548
16037
40176
1165
10867
8844
6316
194
26580
18784
17275
1665
40597
13571
12649
29800
9063
36863
7688
29062
24285
307
4401
23712
37638
9986
32296
7718
9534
40384
2913
26141
8059
6632
20385
9975
34128
12705
7272
27224
13218
17121
5588
10928
771
653
37128
23125
16850
23252
10932
34057
2402
24161
174
20836
19411
7959
38304
33564
25325
323
11844
11146
4895
14818
40351
32090
13450
22902
33549
29775
18668
16554
8648
38301
24352
4239
22553
23226
4419
5140
12947
29801
12167
10911
10698
30331
21215
15131
35822
6626
28664
28180
37599
6424
2347
21200
11326
6458
40268
3077
34342
5091
7103
6927
8085
18185
32169
40825
8026
23102
13238
3686
27992
29180
11129
17977
22636
8164
31944
29722
9366
29862
18493
5200
40535
7275
5939
32106
36089
30295
13280
9138
37037
17424
9908
18867
7831
33826
5218
21819
22436
37636
24282
18984
22749
27016
38138
670
12598
38126
23268
31824
10526
13427
27961
2183
40251
33533
16324
12831
18864
2560
1100
9235
21060
22568
20959
19963
20726
18770
19416
19028
36184
23354
8088
17829
31829
8545
10540
969
29376
39009
12215
9662
30457
18861
30848
30861
6959
36113
7525
16145
27411
17553
3403
12937
24230
709
35327
35216
2037
18529
23187
16108
6920
32124
31343
37732
23173
11354
21950
34237
3802
9052
31312
24358
9550
2369
5528
10488
30288
13300
40693
5338
35152
6211
28304
5183
7534
28329
12670
30476
36369
8548
21499
4620
497
36141
10552
17138
16797
30222
2159
13290
39447
11103
37668
13611
2385
5638
16840
37312
11711
33565
9837
26881
2204
39816
21827
9657
4636
15413
30434
20663
12106
21107
9458
4171
26213
37219
18227
40643
2352
4229
3419
16309
7403
10904
28080
30046
7698
26311
878
14617
17164
19642
29621
27277
515
9841
14136
18884
8831
10479
36310
15617
33180
3989
10865
34125
10
24725
23209
5567
10096
7538
10935
32060
8209
7713
39830
15466
27999
12751
2172
33555
16023
25657
16323
9109
29499
4227
3060
26137
8120
665
9094
37206
34888
40522
635
6409
12437
19512
26557
10803
6791
19126
4038
18838
8854
7808
15683
36158
5249
16610
6774
5823
15727
11654
2126
15179
18243
16306
17612
3913
14019
32165
36288
7899
36212
36594
29451
7026
22383
30769
21926
31602
11143
21214
2401
513
7583
30118
1430
9649
20402
29468
32959
38038
20554
29061
5017
943
20335
1443
12823
16935
801
16247
7593
35331
14122
442
25075
20515
9332
20488
35329
13501
28891
25896
7704
38751
22086
18362
39768
37116
17191
40702
12700
23127
19575
3911
26122
17978
32664
1273
3260
31165
8824
5211
40080
13226
12583
5792
40525
15737
37602
30973
40591
30675
29531
23977
34116
23037
9115
39134
1842
40016
36963
16336
10318
31525
18605
15133
3272
13596
12446
2646
11328
36275
12000
2510
34896
4041
25511
23371
8055
19011
18789
11498
36266
33878
29444
40781
24426
15643
9294
7953
24172
19468
28023
3329
38264
13472
9899
30450
7370
28447
14105
16853
23070
9132
40512
33495
10037
2262
16513
34171
17738
2083
26061
23524
20396
17835
20318
15335
19939
23123
29280
38517
38024
30771
12889
10894
34488
303
14109
21437
22835
15472
23090
18525
38299
26168
14106
34703
2268
17157
36149
23095
8717
19001
23065
31320
20070
36366
36851
10742
31522
29769
24301
40051
26734
21109
24609
27219
19886
15639
10710
26542
34023
30491
9149
685
39454
3378
4544
4256
26889
16836
5000
40649
2357
12717
28238
1155
34194
37439
756
11838
27408
6191
6253
30667
8533
11466
4653
30684
2279
17198
2104
34814
