34814
41277
19542
22991
4056
3305
22516
4232
16502
26863
27323
27965
32796
3296
2851
20475
38194
8548
53251
8123
12954
31360
7995
23674
51909
15483
15470
45061
17376
41602
35021
18245
48306
19309
11248
18006
36017
41472
47315
43674
20814
40351
2759
27144
42895
48727
25344
13514
19475
52291
21009
2745
1982
27405
52072
38073
53488
4000
30418
31390
35740
19234
14847
14217
735
4986
14085
8190
52596
15330
1360
28102
43558
22963
25749
46121
42105
23436
38721
20218
38894
8676
40628
51362
9921
3993
53812
21754
34456
13469
37884
18637
20312
21346
5690
46382
50972
32501
20308
938
46067
14208
18929
20852
2739
15789
37198
48432
29538
26408
37682
5134
46105
2711
40863
33780
48087
30595
38976
44322
11972
35582
11925
14567
123
35291
45682
131
49102
38982
25293
9182
24355
7228
4953
30132
19814
31196
3007
36245
45883
28967
2884
22911
22340
32524
19597
7812
35505
50287
30725
52195
2023
31358
9767
19311
47323
13743
17462
47876
16296
16768
30757
9467
10248
22513
602
31263
16911
10312
4293
19070
42853
42678
50553
504
14784
47852
24869
22771
4480
51598
51370
24428
47407
17084
9780
8727
30307
22164
21733
1496
30973
26469
12557
41527
38860
46654
28973
28866
13159
5143
10041
27007
13023
22087
39875
38514
13115
31772
42422
30085
12499
38457
52770
33683
7893
24680
