19695
8069
14270
24273
9541
3442
4108
21644
12069
81
1977
4739
3288
87
5901
8776
16354
8356
12958
12834
22025
13499
279
2039
11431
17654
1007
21750
2588
13758
4089
8099
1029
10468
18925
8929
9381
11097
10912
18244
11370
2295
20973
12629
17101
11836
4556
11964
20328
17843
6998
15535
20349
25555
19768
17494
23967
24704
6617
12225
16903
3271
20134
16375
10769
21423
11304
15658
15925
3923
4115
17947
21165
1688
4048
16799
16906
6244
17584
14879
5309
4882
1506
13079
20205
5676
32
24499
11020
21725
25145
6381
18360
12964
7343
24464
2874
26411
19694
12404
2384
19466
11986
6736
904
19135
5016
24345
17075
16100
9646
25251
14294
229
20613
16275
7715
18963
500
18309
3012
22662
10214
19403
466
19779
5817
10651
15310
3820
6079
7412
16131
16387
5496
24484
26645
2442
19036
23775
6941
13375
14118
14722
20026
13798
21246
22953
21303
23430
7330
7693
12031
16247
13859
7395
3024
18771
10005
24859
3947
9405
21217
8506
17007
2603
13489
17230
22781
19319
21441
3354
18878
5218
11663
24476
307
2710
14424
21310
24433
3491
25738
4879
1965
22538
24613
8778
15573
4925
5959
4407
525
3814
18212
10961
16872
9483
22003
14393
25873
12558
952
20817
1252
9904
17074
19659
6044
6098
7535
3522
19952
25187
13039
20776
14642
1793
25780
19189
21330
10865
15720
25627
10355
6032
26509
12253
20196
9649
21515
4283
9939
6289
18955
10504
8782
20673
4068
9556
7340
16064
5350
22976
25663
21865
8829
2165
8191
11200
13679
17789
18486
21889
18793
13388
12460
15696
25405
881
10581
6096
631
12162
5793
18787
16075
24230
1829
595
3304
9299
9301
2324
14882
105
26364
7857
7002
17531
12113
22119
18225
21345
11920
11852
11664
23346
7078
10909
17582
18161
15548
8357
2287
22833
8012
15394
1537
1580
9566
11230
19096
11392
13955
10716
4147
8202
9467
21451
18983
1673
9517
11638
12386
25884
3399
12338
12762
20562
26133
6762
18037
11966
9001
25037
22506
18770
913
23952
7028
22262
25408
6315
7529
18303
21749
18322
14286
13965
13947
13825
26390
6953
25282
5101
14179
20823
25519
23754
6960
2240
8203
6458
17823
16034
18333
19352
14758
2522
19822
21785
23390
19673
11149
10117
13748
8341
3221
16125
2958
5801
12070
22381
10981
24887
18641
2200
16738
23869
17551
25499
10339
22879
3301
2612
21619
15307
22608
19079
9635
15496
21018
26126
5230
19408
1426
4129
1637
26529
2471
17439
5600
13849
15783
20926
22224
13448
17994
20362
13653
10629
20257
5565
2113
13805
20314
8042
21818
7739
17564
13817
7556
20787
1178
9133
6870
1597
12370
26520
19261
13931
17411
5772
21097
14059
14161
19118
23808
22793
15407
3637
17161
6126
16478
13009
26205
2814
3151
8530
22030
22027
5272
3521
16967
934
19969
7531
11946
21276
6702
16873
19939
16399
14121
20171
19622
13457
12979
26307
3104
7754
21701
2823
16657
26207
5637
9508
23157
3544
10803
1282
414
13185
4219
2904
3416
11807
20601
14521
22838
16395
4313
3534
12681
14534
21978
11779
10605
19796
22624
9633
5898
9832
22880
14555
10352
15141
22985
1126
5925
7414
7743
20669
21649
14617
4573
25668
22945
9811
26044
18568
26257
12046
5854
19813
11006
25224
12395
2259
606
16288
15645
4413
2986
25155
19123
864
23163
10991
18120
16437
1429
8854
18332
14693
21509
21593
17812
1338
11298
24121
9515
15858
7099
4692
22708
16424
19749
20116
1504
15855
21359
18502
24038
5481
12707
2598
8993
3840
21154
18605
9748
14689
16265
14218
24786
23955
7178
25655
22001
13471
6838
11928
24284
5660
8922
22566
23646
7780
14700
11967
24813
5142
7834
12910
8260
6858
26589
23304
5759
12890
9717
18358
12091
15668
3319
24367
23687
11604
9637
24752
21483
20287
2427
23498
23441
17946
16003
15577
9621
1312
8513
18279
17885
8374
14723
1874
19807
761
21723
2849
25925
20057
25890
26346
20459
19092
11753
17497
6925
19427
18247
22111
24972
23159
17820
25427
7554
16137
15638
18681
6363
6189
23662
26242
8941
23947
12246
5802
4678
10234
23995
8298
385
5008
11618
8422
5268
3100
13997
1109
2564
7104
11011
11031
21982
20002
5027
15409
25220
4526
20567
15379
17152
24617
212
13629
15615
24017
18600
21869
7124
16334
7901
19175
8693
155
7673
13938
7621
11927
2008
11261
9035
16549
8029
10515
9727
7570
18395
7900
19824
9370
8766
1470
4379
23126
8305
7481
23453
8296
19200
22122
25369
7941
14162
25199
9292
4059
13608
8164
25684
88
24082
2227
22754
4124
13431
5050
11957
20519
12937
24540
3175
4613
12765
21762
16671
3828
25838
695
13509
11981
5307
6172
18160
13340
25808
17747
11391
8224
6564
8284
22117
20303
18815
13287
1709
11506
12589
20850
6135
13176
2065
14509
24969
22820
5994
3007
10353
17849
8503
16648
25396
5168
22346
26093
14035
3712
2048
20299
16572
1032
15848
4559
17112
4676
21907
25614
14005
14404
4306
15349
4782
3663
25138
6226
6398
12614
9498
23317
9160
1750
20919
22686
6602
18816
2514
576
14544
18729
26412
25232
15450
11186
21527
9977
22861
14550
18989
6152
8197
23942
9416
22745
7133
15415
23771
21120
12283
24125
19133
14650
10076
6952
197
7625
21804
3171
1247
10301
2290
8841
12142
15292
4422
3713
12174
25447
9996
14861
2885
23990
5608
12181
1640
1377
7512
19924
18820
1290
15838
17462
5640
13794
22120
16274
15543
14518
25574
6749
17090
18101
316
1557
16495
24045
8292
17894
3977
3224
4162
23813
16008
11984
18530
13439
5365
26431
9869
6914
10819
16625
1083
11566
18845
3497
25214
25384
21793
20509
25186
16892
332
22764
18698
12240
7201
1047
22100
13455
26598
26562
22685
13056
14933
14865
2991
3667
9311
14814
9989
9629
15340
23735
15395
15242
18880
4204
8669
4404
25541
8512
22510
17108
4001
8744
13444
4364
26554
26330
967
26463
15656
20572
21057
764
9320
19678
18805
15430
25985
13026
17715
10632
14017
11291
15035
12706
25411
13130
9438
17070
2230
12346
3917
18651
11888
19278
5624
168
589
2095
9089
7607
21070
14176
9282
3954
10021
1631
16045
12986
2424
9
23229
7229
6628
13224
16104
26512
15965
20737
3041
5500
3743
6597
2867
7175
4125
15179
12625
10596
6329
19331
7664
24906
22903
24911
22418
18169
15482
25324
17265
7287
18454
4661
14315
18025
11936
14276
25276
2307
1794
3002
14896
25056
13863
7054
2342
16535
15911
7584
23004
13175
26052
18980
9391
18654
13014
645
3579
20577
3853
10216
7486
18
832
11649
1176
5119
14778
22451
6124
2120
2840
21567
24163
12898
10717
21676
8139
19684
10057
22286
23115
11528
23816
26090
10744
4156
23792
12328
11635
10948
1528
17379
8259
5348
22693
24987
9810
16721
7726
25941
15055
10576
23122
25549
8423
6017
15730
11018
8873
18474
18730
10652
18320
25316
12972
1059
24247
17130
20426
4525
14610
23839
4051
24142
24376
1567
6758
18538
6779
16889
22692
5091
13157
24898
23154
7975
14109
21683
468
26370
11544
9114
2980
15100
1906
3589
21490
4771
4274
5351
21894
16950
19290
2220
13922
20561
16214
13769
22066
11013
16945
20062
5446
3295
14609
15812
25152
4256
12206
13833
21947
5341
25955
10107
6115
18260
4869
5251
22896
7021
13780
13077
5570
5467
19626
9978
3752
22036
11229
17431
3784
24419
21875
16674
14924
4177
15519
7809
16865
16520
23734
1250
17229
12748
18150
9853
18300
16009
486
1876
9836
6497
21642
2724
8150
24078
13327
17191
12722
23319
2584
24330
7084
7491
266
2712
7052
3302
8082
13538
5015
7120
2931
19468
18865
6550
404
19020
11691
688
8207
4121
24112
7646
2500
23170
21327
10335
3119
15048
767
12597
2129
8904
10797
21386
21689
1367
17189
4741
16677
752
3599
21039
5062
3361
24811
20382
11220
23666
17404
22863
14526
371
4758
12260
21548
1539
18272
14022
2499
22000
2571
6820
13767
19368
13937
18038
22606
15842
11896
8204
24425
12821
14872
20041
26443
22229
20348
3960
14684
3065
17276
3843
16736
21290
15819
19677
12582
7775
23587
15533
10015
22223
4975
11764
16304
9740
18689
3548
8907
2858
13857
1526
25126
18086
11529
6177
25500
4411
7677
10219
7446
18248
25742
17005
4812
24152
22498
11816
6288
24355
208
23619
20006
18922
23041
18102
12439
22914
14322
12259
15561
25461
5839
24423
18802
14122
18562
22127
9259
16002
21964
22944
1766
4773
2074
20067
10326
9662
1119
8780
23216
7373
7719
12490
14574
11670
2559
2742
14306
3632
11196
18761
10756
13690
21465
25924
5162
10140
19279
5005
8509
5430
24182
12596
22948
25484
10491
2393
17800
11042
715
21992
3432
5646
4371
26003
22068
20889
9037
3244
2884
6534
15986
13434
25835
22635
2609
14561
16794
20525
24354
19997
2365
12096
4679
12318
25075
1328
17503
23757
26145
26629
9168
16422
13255
12314
17143
982
20408
13163
10787
21607
25041
10833
1259
7047
20448
3941
5694
17430
22466
10732
9790
17066
4765
6049
10281
2201
3386
11493
26122
3629
180
2026
17146
7019
9142
24746
1415
15892
2779
22214
15170
20838
23038
23972
7310
4060
21623
9519
12133
8965
20796
16446
20471
13933
23164
14968
4859
23113
13517
21185
12093
20001
25703
778
15531
21755
8972
25853
264
6898
21223
20374
10396
19548
20504
20648
12618
12482
2926
26340
1901
22556
21927
14056
12537
6223
20618
21135
17142
6694
12014
18817
11591
11037
21092
13773
12124
7381
25623
6662
15446
1378
21059
23877
4515
5115
5713
2790
17219
18859
2335
11190
17583
25833
23610
5130
13844
2183
1865
15741
16802
1576
15702
22375
21426
253
26289
16040
3539
9333
25346
7356
11035
3156
18240
22525
12816
4141
4200
21016
14258
8596
3296
12731
6866
25197
942
16219
19836
15958
7787
17077
19734
26014
25108
21529
18200
3323
18912
9276
521
10092
18660
7032
8320
23510
7236
6891
24364
15593
21171
7740
7714
8909
23976
13304
6496
13912
18374
23250
20583
20252
24944
7679
7519
15972
23784
3606
8153
11541
9158
8632
3744
10583
2971
26264
15948
14680
6940
21697
11223
4242
5616
14670
15974
10035
26430
25229
12716
16883
9148
15015
16665
20922
9452
8127
25766
17306
17763
17613
23048
3836
8182
18590
19303
5418
5963
26479
11502
4973
7281
9839
25575
23276
10229
1625
2105
23819
6065
14582
5012
25589
5596
3005
2456
7771
19915
5088
25429
22112
9865
9946
1863
17145
7635
25016
20377
16119
16692
10506
2709
22273
11225
19707
8838
20698
18726
20084
2297
937
3146
8788
14233
16639
11451
22248
2217
1967
19204
17490
21912
4947
3218
17665
15479
4659
20623
22386
4574
17540
20165
3906
23513
7026
19126
14167
20036
8851
12827
1599
5059
5784
2090
4372
12479
18466
15733
12234
16496
7868
7355
16527
1813
9700
10861
502
8369
4824
8903
3953
23806
18645
16266
1376
7671
16173
10343
23436
18328
20827
14497
22285
15888
23562
3095
22106
3392
388
19720
8307
7996
14583
9774
21248
15285
16168
8583
6425
26341
6322
14760
4185
3181
11845
19386
18087
22841
9709
24322
4016
8288
12984
21910
21203
4346
26125
5752
8546
7040
9246
25997
725
11400
19365
14341
18268
3123
9026
25169
14815
21637
25879
7532
159
1319
16
21487
2478
5395
26177
5715
17836
15047
19250
12705
15209
19249
7688
8410
9983
21074
15854
10044
6268
12817
12299
26617
14342
1437
11805
23629
22942
24731
14222
6675
14084
23032
16245
21717
11138
10871
21652
13897
20159
20207
10532
16460
19220
1581
14046
24120
13182
25621
1716
25727
481
16969
201
12076
23532
5511
3252
14731
8617
18243
2318
9353
17349
4291
22677
9762
19006
13487
26499
23287
25318
21765
359
1511
22527
15960
14483
9703
6144
24573
17299
13290
4096
13888
20200
12317
3477
3131
24196
8675
3235
10347
11057
20602
16824
156
1271
15108
25652
20563
17923
11163
14915
14141
565
18330
14310
25991
7244
1022
1297
4717
24285
11908
11167
16870
3417
3259
3914
19075
13122
24645
4277
25787
1008
50
16982
5818
1720
23090
11974
4028
11563
19891
14560
1595
5017
21373
8604
2473
13526
16690
10664
6274
5442
19050
9392
9998
10241
17109
8628
24449
537
5176
22308
2007
3568
8928
15138
25569
1840
12553
22017
3194
19589
16037
7245
26439
26505
17693
18799
11943
7369
11961
9580
25102
12148
10083
17174
2952
22583
1779
23447
22328
12676
14749
19851
838
6672
15052
16645
1295
23496
12298
25913
12413
4517
16808
3479
20550
3324
2331
18206
16507
12012
18099
6699
1955
21213
14172
14519
6658
1659
2968
25740
19514
1698
14090
7365
22675
8212
16769
15923
19724
15698
21004
8
800
6791
24315
85
5841
23607
23185
4636
14673
21603
10287
25867
24319
14699
14
14566
4272
366
23611
9337
6638
9171
22378
11139
15569
7855
20117
24211
17950
21850
162
15993
3566
10311
8395
6182
16211
16444
23308
3239
7942
12156
10104
12117
6375
22486
26618
21967
863
23651
23111
8531
7875
22673
16407
15517
4584
17421
22372
816
18975
12882
6619
16584
8558
20832
16654
3351
12939
13401
19601
23599
21810
8715
12502
541
6538
19750
4904
1992
13162
19877
12933
13659
21013
7145
8408
26271
3356
26475
755
23508
24144
19291
7111
8101
1193
13324
16453
14759
7539
5328
21977
21077
5928
3751
10439
23049
5912
3658
5195
11758
6867
19098
1768
16415
