10611
2740
3959
30785
37529
9533
1363
7334
7251
5768
548
16889
36403
37112
21842
4919
18867
37267
670
4809
33094
1955
10026
24468
40393
39121
19028
19724
36095
36440
5581
25982
25607
24610
18309
9651
1055
21659
1188
1091
25534
31731
24787
33037
4490
32031
28085
24917
781
31430
8426
38945
22972
8586
11872
28578
402
633
14513
2610
37840
28411
28197
23674
1837
15334
4458
39366
1063
27677
35393
38713
37489
33473
40400
30989
10142
8656
34762
40749
2040
40135
10486
11247
40545
9723
27389
38079
15700
15561
10281
13032
5498
15281
15603
34619
30360
1795
34919
31380
9346
7298
10154
24696
4913
7012
31628
28371
16523
27806
29669
725
3795
6529
33553
4777
40636
37308
4798
40020
30825
38308
3248
6242
12464
13581
36550
26004
28088
22348
38924
34910
36934
39853
18568
36853
36549
28376
3391
26027
38448
23374
36948
25748
17754
31338
35203
1917
22255
3942
19162
7761
22991
24229
40625
28999
24760
27980
34620
29465
27324
25324
27107
38030
6398
