6193
28323
1495
18227
1112
8141
3135
25863
21453
25541
10260
1836
1629
12985
3865
11012
26920
27990
17349
340
12286
17107
26756
7925
32244
15926
8427
15157
29955
22670
11511
9795
15802
16159
35636
12105
20164
38594
34029
24515
5123
5945
17768
31607
3348
22009
7756
13618
19649
21048
39524
5754
13611
24306
34343
17706
19666
18913
167
30065
36274
10263
16925
38608
4537
26325
22466
11771
16649
27672
19276
28699
6369
36808
22977
6657
2401
36287
37490
7058
23273
27576
2435
40569
26850
9226
4640
22439
8648
5676
7791
33749
31446
14270
35489
5610
23475
24219
12868
19746
34968
25767
40030
2309
17114
34711
5303
2490
14182
29113
9478
27400
22806
38164
15253
30793
28672
24922
1462
15348
32139
33621
10533
8977
33806
18063
33476
30531
31652
39247
1497
6412
29424
15682
12265
3924
8260
32621
6493
21071
14585
2076
19135
1463
11475
21563
33744
17410
14813
16424
14285
23954
29602
11524
6738
13432
575
40371
23549
10478
39681
15057
7984
18156
34664
38205
17360
8813
6124
7927
17264
32418
25838
8226
19665
31523
34444
38441
13605
21040
33940
122
10386
6661
1410
26440
9451
21930
39856
9277
33391
25804
6070
13355
20003
3526
31490
32662
210
14000
32523
15772
16234
21308
30676
34054
39017
5627
36993
19095
29028
28165
32756
31110
17088
36455
38107
8550
27604
18782
6368
1202
19200
34476
37582
14333
24002
20096
20815
25319
39763
38497
14132
7269
36215
23542
34748
10799
8878
5365
4829
6509
22105
8475
18536
30080
23395
11535
7227
4297
22082
16092
3129
21683
28407
34306
24652
313
371
1699
35885
10720
16587
5494
36404
16689
40071
10498
21180
38644
39326
26138
28690
11573
31042
7806
34951
10965
7155
38837
25306
32333
12580
35731
32740
39265
23462
11872
6993
15316
7736
19364
11699
3034
37658
32497
1815
14725
9818
32562
5436
33163
13615
29074
15295
10106
1848
28693
36551
30683
26241
21269
9442
26703
39113
29567
28085
6905
10323
1568
17869
26827
25413
22344
19506
14306
13845
5845
28200
37913
