11197
21203
9926
20044
12481
33962
9961
20424
6123
37000
6058
17872
20411
23634
13850
35185
34770
31262
14505
28306
3297
3847
10689
24835
23485
924
10265
23440
6674
15461
28809
36271
36438
28776
29089
16281
17985
13005
22379
19532
28333
24735
24601
2394
38761
17137
18492
34158
32144
39116
5872
32105
11113
11890
28514
19195
22728
27698
33566
4077
39108
3431
6044
7635
10711
16252
22641
23592
10467
18746
28875
11519
31095
32262
24665
31973
23645
8654
29461
13029
15819
38072
23231
30511
10301
36338
20364
33316
39079
9162
7006
15179
26144
5204
25318
24760
13117
9601
25038
17504
25535
39451
4715
14099
25795
1030
34720
38081
5098
35656
37691
15720
846
24663
28813
17325
39162
6666
21931
17496
23812
36503
3891
13527
15557
38597
5291
19385
17759
4725
16462
36517
18134
9894
17505
17677
21329
7157
32225
33042
37231
37032
5205
9773
18789
6407
28286
7014
2149
21783
39148
15854
25303
4421
2051
37644
7620
260
25862
35368
15510
18220
908
15172
39520
5998
2261
12812
17
7971
35895
4775
27074
6632
12535
12487
4155
33872
5317
22303
5503
11969
3728
17411
835
22609
30907
13244
10294
25068
38056
3623
17731
38488
14926
9210
23870
17754
8776
2698
2866
26755
2856
10388
16965
26247
10046
34781
25525
18226
33124
10710
33914
984
1435
5316
26943
17229
9466
4260
39141
36168
19414
9946
16914
25568
1521
17268
11537
24818
1499
21192
38243
17752
17243
30832
23791
30646
28723
12495
34279
31999
31498
1317
23398
21475
15642
25064
12667
26813
27474
12401
14177
23967
3448
1640
36159
33058
23447
10346
35350
3454
37456
33018
18902
6286
2178
11789
15545
39546
24468
8460
19879
31969
38462
30410
22667
7085
11549
12409
199
4713
18212
25289
22901
13060
30675
26142
21592
36013
33136
2515
20969
24269
28251
186
12053
25304
9549
39233
9599
213
1109
11896
21994
39184
2284
35806
714
10383
9734
38656
25314
27984
35614
31286
37566
29030
29653
39407
24908
5343
28034
14205
27546
25359
10877
17511
19685
30592
30078
18021
38624
18525
7585
26343
11464
38905
24736
33211
9774
9529
7587
34736
11483
5856
33543
5027
7526
28747
33174
9517
8126
31015
22914
16888
1506
36380
30701
28029
29224
13324
14608
14082
12411
33380
19050
20965
14485
10899
36141
1063
32807
2665
22714
33902
34741
2130
21261
6061
33555
11074
28230
37837
3387
4160
30677
20666
33283
17145
30543
27692
455
5545
18473
21989
29685
37063
21997
4512
2997
10729
34212
16298
13846
14269
32571
4074
12548
8164
31371
12143
8856
14437
31535
29584
8264
14222
16743
18896
36663
26789
26380
35706
14207
32530
18490
29213
21822
38473
17230
1726
15384
28209
19410
22632
32108
5192
18910
30928
5023
32193
16532
37824
37653
19035
15956
8693
21144
3797
20543
21874
28088
36719
31779
38401
5646
18941
37693
23982
33278
23587
10418
21150
18008
4101
32457
12676
2309
3372
39168
19586
3457
16809
3870
32752
24902
17850
32565
30346
29674
37704
12686
9327
32289
12145
12337
37251
24527
36516
39427
20243
38660
9178
5032
10256
25401
9626
5820
26334
4751
38833
38649
29075
17531
67
33165
8863
10199
36746
25796
9767
5617
15590
37712
34263
17739
32533
6257
19244
38886
11491
22643
19998
8156
18424
21815
9000
19749
27759
13337
6534
39082
14511
24010
18033
25547
14184
1919
32107
18343
11826
15365
2195
39104
17345
21196
31268
8889
21041
15850
25898
33207
8684
22473
24500
25611
17098
15542
9775
5324
35813
26359
29758
9892
1263
29568
32448
8116
29655
1613
18793
19057
18930
28073
7061
22270
36878
10061
322
27077
13191
38102
6273
23849
38824
12469
26798
15641
2768
39077
9582
37423
23490
64
7684
30969
37129
24024
21025
14003
27084
197
36449
15000
20042
29931
27733
2142
11176
9977
10602
15964
31363
4753
35640
15685
36953
3642
35975
32243
18931
23667
39129
2177
6473
37923
6768
8523
14252
8003
36812
13050
30697
32153
18797
14419
12659
5389
14474
19298
9544
21489
36722
34522
34576
19880
26140
21801
32537
3557
14240
9032
26250
23492
19837
33930
7144
30593
30042
34207
2083
16274
39420
21953
17972
28744
7946
17156
8136
6554
6747
23479
10896
15132
15187
35160
12130
21300
29688
25541
29442
19002
37540
15927
31994
11438
16622
24032
11407
31419
21595
8871
947
34794
36138
7618
36979
9646
38130
26713
28790
13101
32820
23974
35162
23824
9160
33894
5962
30696
34589
17995
1327
189
21148
18224
13500
18665
36024
20382
10048
29772
13855
11473
12918
12144
39045
7859
9666
36638
3819
5500
30518
36157
30933
13859
30595
1854
4109
4258
5919
27581
4836
20343
29486
11562
28526
3821
5918
16539
5672
8318
24340
15794
20847
36633
22285
26169
13049
3279
33279
35183
27376
30341
22837
12174
19209
29156
29138
35785
13105
10295
23988
290
20981
5466
27754
38275
17691
5528
15660
25157
23740
29485
3716
1621
32626
12281
38560
17887
34254
30455
26300
31698
1938
10269
17338
5038
8524
25335
31271
2295
30607
35395
36308
8322
38705
34917
36398
24901
16015
7501
10195
24336
33030
14104
22082
21310
12103
14379
31394
8791
19423
27826
14604
32569
28279
34792
3010
2524
15500
23465
36171
9149
36814
16332
19449
37459
24057
7055
33384
34143
30145
14225
31810
22877
1268
36408
25741
8681
21205
33530
23953
31978
7733
27050
12140
22677
1723
7270
24787
10635
16147
9236
63
11576
20237
35005
271
8598
27529
18421
23735
3648
28696
4735
34740
10680
24784
35743
35589
25388
31110
18237
781
6441
17940
22618
33299
35630
24841
7581
19078
2721
5173
13282
29431
6097
24661
8825
35461
35476
1250
34968
13165
4005
23827
33161
15962
16858
5050
18997
31510
20226
37103
36445
1176
2084
6624
915
14981
38541
19179
11188
1597
10460
33876
29577
32315
13975
20725
2365
36233
2060
1424
19445
25375
24050
16248
8118
37757
9511
4388
38146
34064
34918
3802
9036
35118
25803
29749
1697
30949
39013
13837
2700
11964
7551
29490
608
36863
28415
5675
10700
11403
31361
25787
26517
36032
37091
28831
22009
19017
11772
4977
18345
2782
17523
5799
16834
13336
16536
14208
30506
17881
12520
39364
6641
21014
18472
27165
2795
33893
22460
19885
35451
34534
25558
12010
39408
29426
1345
19
9960
36337
37074
29166
22927
16006
8597
7995
19444
5195
36799
14783
14500
18474
26681
9952
1920
9551
17688
10250
10882
1391
36796
15940
9628
21364
12545
37474
37234
36188
30715
17085
36479
21570
4786
28778
35768
9508
25080
17787
20841
30551
36254
25893
38870
5424
2851
19173
12494
2930
37004
36877
7975
19859
26543
26530
1730
11851
61
10709
23803
34132
2447
1132
27693
28512
21848
19864
32454
32268
26945
36981
33096
4262
18937
37841
20373
33168
32751
9794
13137
32234
5304
34491
32326
23024
13082
21990
30494
20035
24583
26641
39475
39480
21640
27871
10432
22735
22066
36818
7047
29450
34160
7943
27979
7654
13384
35214
24904
18509
847
33870
15112
621
39506
24764
10543
7401
5626
10672
5710
19218
23422
540
4827
37022
12279
45
37759
31356
9876
9861
33904
10638
5878
11678
30086
25053
9749
20835
38557
36123
23080
7542
36062
32613
18430
18656
7058
2215
16954
9540
2305
8861
1339
6412
24354
5070
10485
2061
20049
15196
25096
20723
35886
18016
33667
10539
4021
24030
23236
12407
8380
33458
28439
31272
3649
35157
24046
25015
26666
8696
37825
30413
18954
12816
8490
30110
5417
21325
25850
9684
3396
9751
32607
7942
34174
38115
26523
2070
1055
25296
15259
25376
10742
9722
28736
9192
6590
15912
1946
29310
5297
22718
34065
26342
24273
31257
26963
9259
3099
24495
5910
9718
37802
24310
25479
36036
34768
37211
31707
34621
17702
10738
10889
2506
21511
31020
17712
4628
33210
21127
21146
15203
39375
8845
8792
6445
13009
30279
18247
22757
19203
10515
24450
35805
9759
4013
27827
8326
18640
3826
13057
17867
5013
9455
30371
37715
7828
20030
21871
37913
9475
31037
33305
33808
6460
916
6545
825
26677
11214
2439
34546
10446
20256
15260
18253
88
28184
5679
254
30616
22647
2694
25800
17253
20056
36064
21030
16366
2919
16939
12945
36482
36461
38668
8998
29272
5520
4777
32479
8120
30092
37921
8868
11694
33028
37240
34907
38512
31007
28869
24974
1069
22463
8393
37588
3580
14200
26209
37117
1588
33035
35801
35483
4283
22045
15405
30573
3098
3609
1964
31447
9058
9997
7703
4379
10688
35848
856
39476
10475
18125
37559
29018
28222
26774
953
10053
36536
20003
32998
27575
36549
611
20019
15416
17963
22307
26200
5926
20357
24991
3578
25286
37643
13491
11380
3268
38704
35390
32557
6620
26830
9526
5616
11115
27885
31764
37491
19699
28819
5696
38887
488
9899
16877
18462
39382
33271
2200
18783
37679
31966
37215
27111
37891
39040
21781
35191
31426
20238
23062
26727
20011
552
14686
38625
35186
19270
32240
15282
62
18364
26346
3659
39185
23851
33437
11674
6811
30954
10334
35954
9616
29513
33153
38727
14443
8576
995
15914
1934
23248
17588
22941
39147
8495
8103
14144
33874
7586
8468
33315
8548
38299
37765
39400
17425
464
33881
36723
12657
17769
24614
18457
31082
6580
26540
13128
28843
15710
26955
34757
1442
16964
29614
22886
37682
6591
16628
20052
3810
17976
11178
1173
34504
22481
8373
9552
20330
13190
24344
17994
21397
33483
22649
10404
8096
7573
10206
20317
16153
27012
32572
22994
34523
36386
24044
22233
4780
33666
630
33314
22292
30388
32137
22290
3915
32439
26333
25178
32780
8564
16016
7934
19574
37080
19526
37567
2386
8114
34164
18697
39240
26714
8862
9868
9661
4987
9512
930
9357
7303
31022
5615
970
29285
15910
39574
24006
3899
13241
32797
32302
17713
25316
13303
27051
10610
22683
2548
38897
1262
21003
10627
6262
8725
36281
757
18765
1092
12156
33538
29164
204
9219
569
27702
22010
5044
20679
36647
7675
26810
6269
33682
13759
34905
8860
14192
21461
318
4516
30452
981
12516
795
10050
4407
2681
32783
7988
38455
27718
36492
7708
15841
13042
10397
15789
32408
28239
2829
36980
2653
26115
2125
19568
37817
28827
27125
35571
29526
26345
32962
7306
27962
17321
38523
9276
28829
33287
5286
10290
19874
1258
5066
16357
19240
33832
36752
29559
10428
9781
4245
16832
15390
30935
11079
9638
38665
9040
38664
9052
31018
25380
26017
26751
30669
7507
4381
3325
27985
4411
37101
31487
37598
4422
36545
36125
33933
16716
12835
27834
14281
38630
4818
14389
19829
21964
13238
6450
34216
2106
15665
12168
28281
22408
13114
25899
34981
3016
23848
36501
30591
35636
10879
28217
31769
38565
17370
12129
3430
7313
1418
6042
20661
19058
26013
11192
31403
13067
23723
8193
31728
39516
12557
30909
32308
37252
33323
32577
6426
4136
31602
3028
17952
8253
36345
10503
35441
20119
20229
18438
23106
2210
32382
22624
17993
34524
1694
11650
20674
36146
11686
907
31517
300
21346
26122
23436
2645
26525
20711
26697
18506
6161
6630
30674
35745
38871
29947
7405
29927
30127
23769
27499
14139
23002
11604
12372
16150
9494
817
36747
12799
18232
13498
28803
21198
22029
12938
14490
18025
29581
35764
7252
327
37897
17331
15271
7696
13849
27503
33061
19397
10653
30105
7556
11879
3112
5875
27358
33277
36813
28081
32392
25385
4650
24827
5645
2880
3188
278
7724
9369
35323
3137
14928
27824
575
3318
1547
6082
2871
38898
7277
31482
36794
1071
39167
11524
16829
8661
19168
37276
15227
2138
14180
34170
12593
22261
11121
34466
1282
233
18987
25806
18922
9222
36468
18667
26189
21348
29291
5276
7894
26663
4741
18698
36454
4761
28853
2446
16842
38410
1323
39404
18470
21618
12497
7685
15452
1601
38721
2287
6393
35412
6659
30939
23096
22724
1353
3508
9713
25169
21500
9590
1614
27711
2171
14080
37730
23262
3401
13099
9764
15541
20519
27257
38079
9571
31513
25128
11665
30036
13747
31547
11095
36270
3616
29015
30578
21650
13316
36269
3531
12873
3445
319
34089
9049
23473
2434
15199
29932
8847
28450
15216
31903
15577
21644
14218
28741
3564
16797
2053
7956
35789
18769
263
1133
24755
8226
37128
39531
37132
3263
38296
26886
18871
9235
9018
3612
37084
33320
12180
3832
33816
15978
2520
10626
25603
2349
33857
23468
346
2306
9703
22226
8653
37131
7521
371
19197
27524
33462
12346
33945
39000
23415
38141
5333
403
34283
37847
12400
28331
38731
27177
6062
9376
13131
30427
19021
20870
14271
24780
5078
9770
6278
9754
31503
1600
4335
24722
15430
22477
18912
33941
25076
9873
16014
2979
1898
17890
9584
38525
16826
18893
13380
34077
6276
193
1869
33539
2205
15693
17317
38839
27969
46
6465
5025
23249
32166
38669
27838
21194
26368
7702
32441
29694
9789
3785
15471
35996
17711
381
1276
26887
35732
38256
5302
20872
18680
1837
20557
27870
22058
5040
32597
783
19886
30682
26192
15529
5752
21488
14283
5686
3328
29478
800
28298
8203
31409
2688
9465
7450
21501
28316
20120
6548
34440
5176
2101
3269
30649
1604
38637
31974
30436
37135
9656
10276
4986
3389
26809
5871
21024
25075
4519
2371
5881
23721
5665
29254
15546
20048
35577
1032
751
27699
21296
17865
32127
10645
30830
32148
4114
32180
19858
22878
38755
3918
91
10542
9391
36033
21186
17445
15502
26904
6596
20840
36244
30327
16519
33833
7348
10448
36071
11212
17967
37672
29660
38245
8559
37888
8778
27159
30544
11726
7159
12834
36512
29158
18120
15115
803
31352
8779
30318
31674
29622
26272
27497
22300
32207
18920
616
4964
5474
27736
11127
22590
3158
4854
29684
15923
20439
18949
18887
9963
29935
39022
37927
18338
25889
8137
36160
145
24457
29692
16960
14114
1095
29481
13069
3186
2720
12538
12133
24731
30500
21391
6461
27181
14135
23097
7965
16157
1891
9647
14457
2518
5939
13155
9205
22487
31626
12870
28529
24029
29455
5790
32241
10411
25081
18428
39189
94
38464
28418
7731
20384
17147
27756
9347
15647
8595
28214
33296
9692
38894
25012
34648
21829
23662
36164
15004
10213
27957
37072
33912
18877
37915
12843
10232
707
35357
1279
415
1526
12809
30354
238
27725
7029
3634
36215
20345
19736
1255
36832
13740
23130
3110
139
7927
190
10205
22729
23499
3290
27151
17750
1724
7924
9941
39081
13096
15109
778
35664
17949
24481
5745
7371
9760
14658
27989
22232
37553
21774
22503
7896
8839
1927
1875
29438
36518
26519
30507
31939
24659
37486
33350
6466
38257
340
27700
38269
36291
12040
460
5948
34097
36207
32470
34148
31758
14159
20517
6782
25100
10510
1151
11804
35862
36287
21067
28523
4296
162
16855
11075
11994
25116
18150
37662
5932
20675
32157
14242
2764
24892
30326
16918
18766
32585
25478
12546
38914
39163
9328
28753
34915
3912
23622
2904
6287
2957
16246
31113
2841
368
7614
30531
4386
11091
20326
31461
37656
20245
15969
38446
8225
29670
9962
19304
27757
17678
1850
29007
31906
15770
36952
15387
7054
20436
34447
24332
35819
35867
31679
6553
30311
26745
36043
7716
15702
14203
20852
11815
14791
22265
13808
36995
17529
6017
4706
13375
38495
2993
16317
10436
25058
21827
25369
16473
15715
28301
23251
2277
13729
12914
3666
16723
2426
17692
15572
5747
32789
34224
35454
35973
33958
5209
21137
13383
9792
9454
21139
17171
8587
37882
14078
6665
32132
37612
22762
536
35782
22664
38627
38759
25039
14689
5535
4789
37557
6030
33103
9640
5299
12514
37140
22930
28419
23156
35868
27489
4391
38452
23650
15749
25623
10235
1399
15385
29604
21016
16958
3653
8163
8660
8331
22676
37470
893
29680
20972
31410
35761
37224
12904
3572
10345
7841
6381
14249
15551
13158
14226
8181
16321
26644
20254
27170
5991
252
5829
1908
38648
28068
22634
34598
5804
26712
30333
23608
5174
24816
19993
11974
17249
4078
4634
26718
24036
33573
25789
1298
34463
12539
13986
18133
1543
25173
4142
20669
7350
12470
26541
17437
31977
29464
29627
13830
11450
7688
1954
28771
3253
11421
28190
38513
19004
1403
21258
28925
36551
30952
25090
29721
34142
5859
7016
597
13816
37702
33177
8219
38084
2160
11796
31258
3308
3570
6793
38208
34118
15431
23154
16282
32559
35643
7264
39521
25294
24329
26874
9624
8256
5989
35324
34989
24052
14199
21069
20717
19709
18875
38437
6568
24439
9248
36313
5817
37805
7925
13097
39380
25346
3459
25473
11837
26781
38925
28290
29512
1877
35669
34166
27492
9021
14687
