9401
47074
677
470
29828
35964
5210
23224
52642
51751
11440
25790
15658
48933
3734
15373
4638
46697
6774
12696
32109
39134
53655
18541
27991
46311
11958
38289
45332
33093
12023
31429
2518
1047
24910
4232
29677
42397
28493
40057
24267
43107
13608
53430
45239
27774
4682
21289
20737
48717
24474
28681
11517
8461
51819
37324
19476
10386
27696
47486
49061
47145
10229
2820
7089
16354
41100
32307
11932
18101
40228
12051
1886
3671
47222
24515
26863
17993
50508
20795
35578
52654
23745
49729
47112
1800
38700
47317
23873
50668
36631
10050
44874
19568
21285
42938
46557
17477
20194
28457
50577
13438
3891
49086
42455
35408
32767
35293
19716
48294
44090
13322
30983
25539
27864
4312
36397
3676
25314
33731
4850
917
32273
3204
8433
47318
14476
9284
47917
25374
48584
6849
2451
17967
200
16482
13742
28282
37935
7201
47791
47393
153
25554
53455
15795
34048
21348
3356
1334
52621
34153
10999
34821
43535
32730
44396
28034
37700
13598
40844
14852
33530
3859
37849
11400
42281
25843
14800
30516
20039
49876
18895
17709
16963
30364
28748
51138
6379
11099
20766
31823
22429
53764
22504
31785
19739
39098
24285
19483
51661
11515
5094
14655
6012
28859
18320
22784
16757
36319
48446
51994
19023
12750
35597
42677
47922
27660
23023
49134
38397
34795
33780
50697
34519
50748
50938
30475
35140
48746
32769
23285
17341
6455
19903
14627
8986
11262
32170
16484
36332
26691
8131
38262
14905
38736
29060
33434
42299
28008
35733
13634
22522
10798
4598
49432
4609
46687
41720
13863
21719
30074
31055
5981
41962
11730
7142
8316
17932
22378
8538
38638
7634
31816
33776
8219
50011
30524
32556
10436
25509
2785
35958
4186
17789
10190
44070
48529
2337
36797
48216
37619
8099
37541
15553
25630
29117
2420
38113
40906
53054
23188
14276
29417
37205
45640
16173
10910
30977
2725
43501
45418
19271
51351
18801
6921
7351
4705
20436
46439
10100
11301
39342
51956
36435
31108
39088
18355
26975
30471
6432
31796
7384
18975
5466
12468
6912
5978
29958
39694
40884
40949
33503
51761
28876
32887
6713
27754
4864
20574
36745
53708
18833
23350
21508
53206
822
21173
27921
2392
30324
25486
39074
24794
5853
44598
43249
12037
48496
7761
21550
15786
13938
1508
34543
7445
53582
47546
47846
19172
287
5005
34951
26265
46752
48566
16595
44488
19557
3554
8722
33367
3675
53550
3458
28965
32931
25487
37915
48610
5413
52774
47022
14841
21620
27894
29465
12747
6388
3117
34237
19653
5885
12041
16770
31634
41378
5822
29165
25733
24997
7293
4050
21576
39019
5285
49292
51920
22085
16463
34776
25180
10751
9522
4262
5751
23037
221
47099
30547
50849
24333
12581
6042
43532
21535
15388
