7250
7234
40525
11769
33496
39103
18794
34561
11546
34555
28049
37518
10933
12326
29390
1069
38595
23750
35936
5551
16110
8040
19739
2319
28237
31542
16262
32357
29210
23999
24772
34205
9126
15738
10789
39977
33299
493
35922
26190
7272
37562
4320
28974
19360
14769
19374
12644
36003
7288
32639
39293
23481
29220
33836
31163
29638
7434
30736
20007
5537
40587
28706
27326
9796
26056
13623
11176
12633
26040
22374
18632
23037
20501
2183
17690
16439
17780
14429
24113
629
36037
29888
36884
19546
34851
26389
3688
15482
5131
17432
22390
30002
9879
19654
15827
30203
2177
32681
33428
13966
21484
17478
619
30131
28871
30618
31196
12304
16905
36105
19873
8323
29546
31355
1710
35504
24760
11426
17002
35096
23245
28091
19397
17000
31764
27950
6369
29996
8194
17398
26806
32506
39106
19190
21512
18546
1184
40602
21554
27388
27859
22425
15061
20912
4193
24705
27758
19522
33088
13187
36882
19735
28680
19877
30057
12440
30941
19220
34568
39443
17938
17457
2351
3471
31564
8121
36064
6428
17144
9005
8485
31995
23453
19406
13621
15463
19584
2641
40057
4285
7231
103
17680
29991
12034
8
3589
9287
15164
29673
105
27676
6033
15582
29603
14874
1316
8427
13168
30432
28969
23121
30174
29391
20940
8619
33977
23184
14799
23214
562
12063
35688
13683
2995
29119
33424
14299
11832
40436
18025
18310
23337
37130
24592
3661
6950
40731
5280
19197
13116
22784
31587
28568
16374
36531
8923
660
26365
659
2686
34387
36310
7684
38949
35857
4610
36319
25314
27916
40680
36770
37131
10626
19609
16537
14758
36560
36035
11200
34032
21856
3678
39284
4172
38786
37951
3993
8113
24878
33890
38133
17796
16811
40150
14407
3526
26747
18617
26585
797
29104
24122
22113
19595
27024
23333
1301
17011
21479
6957
23504
36335
23681
39598
33736
2178
38799
25309
11583
17994
26094
7945
24874
21164
33984
17709
18475
4655
25238
23955
21272
9320
28103
9094
23793
12390
35848
8349
7057
2223
1351
23591
10572
5827
36309
16228
35324
23045
24918
33250
37007
9806
31171
4697
11450
32779
29628
30753
23030
14952
3616
28711
33020
4595
6877
13653
40300
9319
38776
29649
35285
11516
32120
31112
31049
31680
40541
20243
18913
13466
1987
7311
16087
1317
11056
17492
10707
5740
36532
22437
16889
40589
26917
25360
31329
9703
40005
5528
23179
35006
28863
5467
38004
3975
1663
723
38546
2198
16268
33663
36670
20879
28257
39616
36545
14515
15789
26966
13011
23912
22204
418
2618
38006
38247
13256
4704
40008
719
34476
40413
18929
4892
24702
14642
5909
2514
28061
474
29839
34969
30140
34102
20267
9149
24179
33502
27911
37940
6269
11555
8000
23921
19511
19081
13521
11410
253
24916
2339
20491
29958
19601
368
12026
17023
33582
1124
30374
30595
1986
759
18988
32231
31319
14697
36629
17769
33577
25257
31976
21507
12783
8740
37818
35919
36833
13261
19227
4211
19796
8071
26201
31174
19513
27836
13997
3161
12647
23451
31072
28508
32927
18931
32208
39436
19345
26565
15613
30625
6893
24011
15548
40069
15038
37958
10918
21990
20903
4582
21526
24955
10608
17436
7302
36059
9325
9298
35090
38337
36053
37609
34954
32476
40286
16707
34914
5298
5733
34669
25364
13016
23834
37582
32018
3675
10575
4478
11026
1709
37509
38940
19080
13620
186
4684
17988
28966
32014
35923
39677
34573
40682
14106
26951
5118
27897
36869
25599
18769
19783
28833
11469
1132
18299
14503
7453
33734
26714
29209
7018
30064
12273
34778
1699
30619
10822
15155
34014
27739
11876
11860
31372
26736
16557
15432
6260
8771
11892
15117
2834
32329
32740
39714
26976
20939
15976
4607
28954
13670
30446
20929
37946
40738
8519
37177
2225
23000
19108
40106
19535
33988
39468
33333
37063
33431
18603
20143
21168
6361
26734
11816
29539
10852
458
34797
14735
19330
19544
10220
17800
23500
6680
23264
514
25947
33486
31381
21929
30999
40806
32890
14939
27831
11075
35240
24395
36640
16010
33218
22886
8525
38253
10868
32915
28968
20720
25821
2821
33078
25589
9340
12432
9309
40591
38775
11977
4759
15065
18626
35294
8488
9851
6678
17058
33573
30626
8116
670
35430
17917
29984
17931
12349
33778
17717
1300
34899
24933
35220
13987
7472
10718
23047
2249
19087
18954
38341
1400
17147
16867
9685
32781
30217
3697
5033
16427
39759
3448
12005
33770
22904
11890
2826
37770
16433
29872
33908
28976
33813
5093
26080
39123
17943
39874
7337
35329
125
35840
166
15984
40004
25263
36558
12118
1059
29944
22343
7081
1715
36259
13806
34192
16967
40768
1352
26099
10906
21340
16242
38326
25802
24766
8902
15122
7315
4887
33260
24120
5947
37664
3700
15465
20073
19631
5142
33438
9388
38302
30421
1353
10108
22428
12213
34853
24701
39005
11879
37612
12381
36527
22992
13083
2464
27606
26556
36336
38332
6349
15118
3656
15573
39885
25252
23115
14063
4873
15765
14114
35276
33412
38107
10773
31569
26134
20155
5492
36060
14314
36285
16412
13794
22547
20371
6866
27625
20286
21307
34841
25818
48
36480
27857
3025
16661
26573
32942
19528
34038
15555
30571
17384
5919
3644
13547
32917
28972
4322
39608
36052
26498
28029
34848
29965
18943
714
20299
34864
11019
32761
18940
38587
21166
870
34713
25355
19597
38532
30502
38610
11461
31027
2693
36530
4844
1698
36355
27753
35233
23158
40459
858
33708
34388
40355
5730
511
27079
8215
16876
31652
57
3409
40507
33073
3309
16243
36614
30207
10049
13614
15829
31426
15667
31956
32242
32756
36267
22426
32486
36238
10808
8530
9393
11821
15407
28830
37106
19534
4411
32485
34035
30516
6833
4743
27594
39019
36387
19736
19315
23624
1089
31078
9892
15486
9069
38251
16286
40173
20334
17979
5377
19484
3176
28026
17959
38112
35969
15578
27790
4617
38539
27320
26202
26098
14742
6451
35298
17777
2382
10932
10577
15979
485
5877
16973
1357
34885
32270
14767
21186
26564
26555
8118
7216
20391
12638
23889
30602
20071
15453
20160
35695
35944
7971
30549
34211
29691
14951
16095
14094
13626
2204
21289
40399
23398
31326
28116
12385
36492
27027
20247
36302
10952
9190
36220
26938
39296
28101
14373
636
28996
4062
40789
7480
14064
13104
20694
17283
20030
30741
1187
32455
7486
4115
10593
7460
6028
11476
22140
31358
19623
35385
7308
2622
24995
37095
2018
19934
38656
24389
6157
411
11534
15776
6134
9780
22553
16644
27899
20142
49
15842
38501
20324
38279
2839
31083
30728
733
24609
16705
37755
7439
18659
34803
84
36081
32055
30402
5629
3422
13082
27854
32170
2906
13962
21981
33515
18612
36218
3979
14760
23775
4273
19935
22905
36692
33231
9950
19483
19490
14706
37508
35762
34203
16229
12363
37985
21991
32261
518
40135
6151
28636
7263
24194
26760
4096
4875
26377
40081
30523
33310
16247
22096
5127
35336
21691
27063
20138
32898
30152
31950
36353
36784
26682
24961
1383
22128
26832
30020
40618
28078
12300
23751
5065
16017
19283
7959
11969
2024
38957
3285
8640
36242
37125
6355
17961
38040
5490
39726
29637
6371
3278
11204
8093
37614
40631
3269
40078
23126
33017
22776
25842
29695
35416
11591
8078
30642
35852
40390
17970
14644
19820
14357
6846
31768
39139
17902
11465
15998
37955
40312
14754
11255
27614
24769
26801
14377
18536
4445
14300
26912
26654
3157
29619
4597
12382
372
26375
17007
23359
28861
35957
14524
19918
33279
30146
76
18533
24947
15477
40281
27788
40137
40466
19377
4463
9188
24404
7996
37749
22823
9680
10251
39720
12395
25928
16864
23679
6868
8977
26189
1899
23743
14485
30427
24952
4109
645
3179
20397
6690
91
35270
9807
4902
16300
21992
12419
22879
28878
9901
5196
26179
22789
12415
21915
18403
18981
526
5900
23131
17033
10632
4203
27786
22793
15046
17903
24271
23972
21853
5829
23544
30388
34175
17372
38538
22391
29383
9795
34999
21723
19884
9367
37011
22360
40375
27782
40713
24958
37538
783
33693
36885
13107
22285
37964
38024
30914
6854
26065
28848
711
15148
8752
13209
17197
26172
19286
37536
40
32635
2845
13680
40455
33341
14361
24696
1644
25058
38513
13708
14639
5865
11271
12547
40439
26433
23503
20048
22411
27375
34462
31190
20107
317
5025
39701
1900
19656
13445
19082
27255
15478
3300
32404
33042
32164
18614
10231
5172
33440
19537
40003
15173
11456
14508
16802
15586
36523
26147
25221
9857
23554
22177
27233
34938
36802
39288
10087
24132
11486
19387
23331
39446
8054
239
34037
12234
36327
4119
24382
577
16914
29670
10880
19231
38503
22370
32398
30630
36225
34173
40715
22570
16568
13229
35859
1872
26204
37784
34666
27390
33991
30371
3038
36821
38022
33478
17472
21849
24597
12001
37663
5012
25003
1832
27381
38031
15644
29405
13719
1954
32465
34091
2354
16260
781
32926
4660
7928
29882
33453
35134
184
12119
39741
703
19727
529
18681
20532
350
23781
33715
12586
22563
38766
31051
7997
25615
13185
40188
18948
31351
24264
16077
7013
35962
21913
29680
2032
10951
6959
24187
13225
9773
38774
10110
2467
31079
13502
1837
18355
15596
5192
26501
36106
8493
26409
27051
16076
31227
27338
16550
19181
26765
20697
35257
8053
9354
16371
33720
13627
9801
7162
25091
5484
30572
35819
21550
29790
4482
9931
10051
23203
10927
33672
33671
34809
14096
27085
20123
24950
38102
36843
28973
33241
33914
17976
18320
15048
29381
6165
15459
34257
22778
1342
22891
14643
35971
26143
36755
19501
31570
23703
22349
1389
14752
17947
4469
31003
36686
10629
3665
29236
13776
5557
23729
16089
24007
23987
16245
3990
6484
7443
33979
16238
24376
8459
25254
27421
617
14340
31568
1348
17113
32136
16290
12576
33893
33093
39128
4615
40250
22979
21549
28506
31458
39617
24230
9670
38609
15182
36567
27792
32095
33859
33741
9193
12364
32121
7944
35313
18409
7444
29966
25053
32460
8624
38995
29102
29064
37798
28857
27941
22548
4890
31595
11589
8478
11885
35406
24233
20306
36268
32337
31357
2376
30032
32938
40658
33069
23029
33332
37601
11807
34949
8622
4719
17788
24512
11048
32645
1933
35278
761
33590
23947
6488
5123
34915
27337
22168
28817
33835
12214
40377
30462
39615
9407
527
31006
33041
24414
15997
12368
2825
22314
31325
16130
22093
23396
4904
7964
2236
21369
2310
7000
3048
11212
36880
5899
21264
30119
26102
35319
21832
10588
22795
17779
13789
18670
9227
36513
5373
193
34925
24518
38554
24891
5003
36847
39639
38553
37780
9180
13541
34461
35373
26426
24164
16310
8749
5267
14935
10784
22357
23519
28815
32086
39461
11460
13675
33441
33106
23420
31901
28070
13216
7417
7271
3170
23932
18558
21728
36588
30489
15036
12762
23578
13181
31958
26838
32183
31395
28115
11899
26088
22308
20628
29215
16556
40441
24913
8706
25098
35513
16893
8126
9720
8925
40284
31015
10578
12672
28254
20314
4599
18868
1792
29930
37778
8750
18921
1237
790
36332
32117
33445
6343
24118
22085
11782
10252
34409
11231
29943
15799
4410
13501
22106
35378
11037
6970
33109
17493
33074
16121
6383
15627
35291
4084
34284
23609
10759
20223
23911
21918
4979
19385
27278
25622
40160
15241
33674
7299
33216
34270
30393
15595
15992
9003
23036
17009
14090
35707
22366
13629
20900
28792
18978
3484
1981
36340
18349
1153
28255
40115
21898
33834
9852
14140
20240
1555
19100
37171
34996
31675
13193
39924
22300
5145
32768
25327
37166
12521
23159
10902
15610
26064
15156
1229
229
5119
2632
37738
39611
32073
31406
2606
1684
39107
35348
1823
14521
24191
25345
6199
12072
21899
8955
8008
5207
28656
35510
34016
28110
2379
35837
23842
14701
665
21325
35427
6285
11853
1923
18893
23416
30646
13691
27575
36922
34096
164
11605
26807
4103
17702
690
36944
14699
20399
21538
21391
10226
40514
31113
6040
7223
37735
27298
2383
81
39433
6257
11009
11165
35689
2248
4983
25288
10644
8045
32682
18000
14109
17935
33831
9705
15050
34859
30559
35841
15869
4907
17171
38115
17927
8526
38524
12243
7516
20105
9387
35014
37180
29241
22377
33536
35721
3674
18781
21686
18553
22284
35350
33796
10580
13195
14659
2473
29799
31615
34836
25620
16998
22824
24276
20617
17385
15783
7179
17687
40353
11504
7270
40316
17798
25100
29107
31657
12790
26848
12007
11767
29112
36509
15566
19296
12760
15479
27811
5376
26584
4837
11880
7165
9185
16670
30740
23966
4274
17962
16865
9667
35135
23894
25122
37977
8931
27568
5731
22775
3667
25924
4805
6164
34940
30223
22889
4982
35937
5886
766
10061
27400
491
17399
26185
18916
22116
21327
28108
40134
718
5185
12042
35977
27844
38989
36830
28521
12444
17895
11747
9112
22764
20382
30543
32480
34948
39474
3175
33049
38980
4315
22902
8636
34930
26842
32174
6481
29827
19578
17378
35746
1821
30014
2840
5359
18919
18301
11804
16368
32706
27289
6152
2218
38246
16280
17706
5265
40381
24976
35839
23417
13093
23992
32410
1730
5881
38011
25836
10094
20274
33027
17967
18968
38601
37042
33593
26398
40333
15580
12328
38012
9078
1869
15165
14689
6981
35007
18611
34567
16544
4324
21655
1895
23173
2296
12679
15098
31081
10870
15754
23570
7498
33022
39985
26229
17999
19168
28564
11500
33316
15220
40784
19107
22961
21490
7328
18087
11439
23002
16647
23688
5022
8958
3274
31320
9432
32275
28718
12636
316
25336
15436
15574
11744
35411
3286
23380
36236
17050
21172
38338
25132
22153
37567
26743
18744
38619
15130
33256
26855
12418
12292
6414
19914
29853
24571
40159
15143
38665
12531
30424
16632
25300
3251
31195
30011
1095
19926
4275
29113
3075
5631
29989
8533
40698
7466
2613
31164
607
27908
39683
26715
2333
23925
8603
20519
11089
33129
4688
9922
40049
36700
15784
30641
24767
26483
36674
22854
16816
4674
7161
32881
32227
19670
29083
17918
26657
31532
5286
39886
37803
16118
6490
8976
22998
32646
40014
6159
6474
509
23588
24969
14930
37495
19463
20153
4606
4859
3999
6716
34680
15138
27662
24777
13696
18755
1295
18763
33045
13263
2189
37505
19562
4312
36600
24530
31058
34278
16885
34169
5853
29068
27308
2494
8189
36910
23561
459
19604
38529
34776
31433
22305
37068
3935
12655
40556
565
14947
39781
31217
12279
1358
15202
17939
3520
29237
17287
6267
40348
40133
6350
1231
20500
33879
40728
38779
1825
9010
9422
23902
36566
14071
8700
20949
30710
9802
30163
38577
8423
36001
7676
34945
3477
32012
33751
4452
24252
2726
25231
32035
10109
883
32051
8031
27610
20257
33841
40336
32350
30067
18880
36582
2511
1687
18476
11149
29994
17165
13969
14788
19306
33774
9435
16542
16595
21850
694
6376
33545
23984
21301
26170
18102
345
34189
20887
20385
16232
6135
274
7450
38141
18080
26248
24567
24129
27802
17157
5360
4834
33523
32800
30464
10938
27360
4828
37564
21696
36025
38534
19663
13510
4387
12165
1992
2292
9090
39975
37146
20120
22163
39896
24925
5358
11454
36754
35858
22840
32182
22439
5187
31651
4301
13004
32760
11096
17300
19098
16803
15752
7300
17303
24253
38283
15571
34190
9131
10949
10709
21353
29613
23890
35352
14476
31327
13105
24762
30481
32886
11560
27304
3153
25351
10717
29468
19864
24924
17386
23301
10230
5132
7338
7985
19499
32754
16693
26726
37730
9082
11732
40712
15208
22131
33396
33044
38687
32285
37783
29425
24012
3959
37147
165
29664
14092
30038
8927
5026
26829
20930
6317
26149
5193
39621
18630
34028
11519
32097
8409
26698
17391
507
24397
30199
7076
23738
28703
30173
39255
5565
2294
34890
29829
25267
27376
18982
11445
32769
14756
15078
11464
37719
28533
33210
11169
29951
32029
17707
8766
1329
34073
39703
422
