23104
11496
21266
17054
927
13846
25161
17003
7698
9328
10739
7167
3501
22648
19018
25687
3596
7732
23637
5391
20548
19063
24409
11861
5506
16869
22292
18518
7592
4648
16080
22114
2360
18062
11358
9104
5843
6106
4
2868
15502
819
13142
4485
14737
24108
11432
26330
13434
13441
1611
14721
12999
13324
21425
17748
13592
14083
7719
22299
13510
579
8324
14149
23349
20756
12819
9809
13048
14793
17036
23448
21136
216
22545
21712
20573
1623
16882
9421
20874
15791
7324
2238
15762
8393
6060
19304
24787
20473
8913
4832
24226
2660
4555
14373
25916
20445
22076
18013
10484
19148
20444
24999
9799
18063
21713
12725
849
13971
15371
7843
12808
14183
10754
5823
5493
17177
14813
11274
4061
12240
17088
952
478
4743
25990
24060
2468
7361
20665
18260
1677
24456
2427
6523
2176
10170
25111
7098
17399
26250
19486
22608
24022
3010
22478
13820
6238
20870
10893
21056
14070
17069
17912
11567
2082
12682
5479
8146
15523
24169
11356
8309
12877
9557
22150
7880
18220
656
25704
17081
11339
2553
15626
11518
10206
968
20968
11451
21655
16117
10789
4866
12271
3559
20460
21358
18344
7593
23306
10563
25931
26096
15335
583
24455
10180
14584
17228
15332
5245
15635
20130
1785
5295
10858
26570
9535
14531
9029
24050
7219
2904
26583
14447
20040
78
3527
2678
1238
13874
24452
11153
16262
11194
25431
4067
23427
23115
22798
23722
19053
14168
4470
19959
2171
12820
24973
5327
25318
12804
10254
11384
11769
14371
17800
8322
24440
14504
13650
21769
14191
4348
24039
17897
11825
25522
13842
23732
11864
14033
24721
19492
6213
15582
18310
19603
9147
17968
25010
215
3122
18328
23425
25080
23430
8072
16311
421
24605
23577
16292
7540
14454
1843
25379
24974
4737
25466
10540
17834
14534
18025
4889
13435
22134
7132
17566
13996
21229
22129
23120
5516
5260
440
12504
1947
20461
18512
2633
10152
23536
16025
8432
22175
24196
24364
11237
9067
17726
11984
11468
20742
961
7391
25182
11629
1754
5110
24940
20851
2799
23919
19449
12934
4616
24035
12352
13247
8532
24078
20248
1845
19371
6133
12845
5839
12549
497
12928
11574
3111
11996
3538
7224
11724
7913
20936
23993
18065
24939
14053
17342
18130
5598
16742
13977
5282
17246
23278
13495
550
26346
7120
26361
16863
22235
7084
9515
23190
14413
12783
4670
23591
17090
25958
19306
1280
19069
10532
12799
23634
1093
16599
19760
16263
1537
16836
9656
8198
16359
1352
6599
8431
2120
5561
2023
23170
26374
25708
25995
10613
15822
22269
11161
17430
19668
16518
25667
2145
9131
4877
7149
19736
25469
18794
15498
6785
16659
23670
617
24913
7114
12498
12415
1097
12830
19372
14179
12426
7447
25041
22634
10896
25800
17928
4634
15010
25375
3658
10815
9635
4535
19682
16197
23331
20281
11495
6561
23905
15575
11168
8745
14087
3429
21886
24085
19090
26379
12904
10233
20471
6152
4636
13918
10597
25548
10598
3960
9739
2395
4081
18253
12926
15984
15962
10810
5575
20358
24207
7829
623
9794
11642
11298
2653
2708
23696
19309
19893
1692
24385
3003
21173
24451
8090
22143
26236
17045
19023
18285
25980
24632
3005
19968
7906
13088
14726
18877
18078
22689
6827
10319
24234
1330
268
1005
20991
11582
12694
16562
9750
22240
17299
130
9797
13800
19550
4063
7874
12911
8334
10740
13307
7209
16920
20296
21656
13278
15515
9525
8058
16756
16248
20455
25417
6568
21010
6971
12149
17914
11211
16306
25654
12840
8300
9136
16699
21635
8577
12538
13132
15376
16596
21551
7469
4785
7751
110
8362
3035
1402
18094
25918
18673
22184
11122
8007
11128
18802
19746
13149
3625
14718
3786
6006
15066
10055
25381
5131
10767
830
12846
20948
4936
22082
16523
21124
640
20604
4057
4859
23298
4488
21509
4680
15657
11244
22290
19854
21581
806
22776
25692
19470
16925
7950
7463
11145
25331
1959
2182
26495
2442
23373
12375
18562
10849
16028
23994
14273
24692
12183
25974
7893
21369
3679
14469
20146
12502
13595
12997
24948
22823
9717
23555
19482
15353
19373
3553
22121
8940
8561
12889
19286
11656
19540
15421
5829
2849
7972
24649
6511
13389
10299
9338
23764
16494
21433
8006
6223
6801
21015
16452
4518
20260
8271
12785
14935
13285
18088
13885
12298
369
5223
6053
15422
25416
25118
2823
23166
8158
6037
14099
23729
18125
19538
10182
9586
18208
3683
3017
11622
3873
11919
14450
26584
16778
11946
4526
26625
23452
18007
8688
13581
23604
16613
21172
922
11176
3827
8549
2514
9405
18363
19285
12779
14641
12815
10275
21048
16718
8656
24504
26147
11479
20497
16533
22618
12695
15484
3089
2785
12201
8283
5133
23424
20918
7721
5425
7441
14609
19973
13140
14906
19921
7505
19308
2251
2666
3067
11389
23594
11633
400
22692
15605
26647
1776
12882
8582
22106
11725
21768
22649
10046
11279
22151
24737
11720
18846
2836
6029
15652
15780
10115
5564
23338
139
15761
3051
18823
23514
1392
2282
14465
20062
10503
21410
13086
8754
22844
1
17315
22472
20821
23336
21651
22719
24363
16502
5095
23593
11078
18650
1368
11591
19557
18890
1318
17639
2246
5267
3560
18575
21630
5343
26597
15046
14265
22847
13624
24679
23389
14606
20817
3891
20528
9591
3529
13074
22484
23198
10762
23134
12379
7436
3672
13304
1327
25137
12068
11382
8540
20932
15604
17013
9455
25098
4647
2436
26539
2933
25321
451
15035
26156
9781
22845
6512
12826
24403
6259
2
14611
3102
23255
13356
13379
23598
17317
2623
4398
25129
10425
6742
4092
9827
8863
379
18149
6083
12688
13966
15493
12015
15941
26578
11802
2410
20542
14872
104
4854
2572
1415
449
13138
11216
3924
15915
10894
9075
11549
12717
15830
457
24554
6249
14225
22791
10100
2658
14979
10038
23292
14982
1803
1243
21839
22723
7443
26574
7041
13251
5993
3519
8879
7987
4086
5555
24089
4955
2722
20607
14563
18760
15395
4718
5594
16964
21845
10775
14930
15568
16120
6215
11621
17394
7629
16303
2714
21857
2254
5999
1091
18313
10799
22502
9168
659
4984
7055
10800
21872
26357
7673
14439
2453
3908
24761
21101
9730
11047
6779
5063
21910
10049
1549
24325
23309
17345
9472
9543
20980
8139
24494
15681
22565
11329
21446
22053
1698
8587
8307
26288
9429
9654
24087
4703
14227
12861
10303
26488
11683
212
24625
23324
26576
24434
1094
2068
24178
23307
7641
10854
4810
9343
22164
25552
17969
12258
19677
7677
1289
11089
25723
12948
12742
10718
3580
13230
21385
21396
7498
10710
17997
10732
6079
18271
14902
6050
2326
19020
12099
26164
19426
24221
6766
18355
13520
18782
7635
22038
3946
13007
24594
15758
3887
6992
20119
5392
23596
6080
1312
24714
12895
1587
24118
16284
10715
10040
24198
19709
23179
21916
11805
4689
17814
4332
6768
19512
26254
20572
17878
2647
452
19433
1914
2826
5899
21146
25741
19353
24209
7918
8975
7844
7631
17460
18780
1643
1584
16989
11660
4415
21093
26626
7938
4024
19490
10639
22930
24923
20834
5557
19323
1302
16239
5378
17075
13023
5342
15020
10516
16003
25724
17608
16581
6069
9530
9451
24180
12676
16169
26274
14026
23315
2841
23812
8060
18192
10121
4006
9693
21214
2096
7770
24591
11866
17690
6461
19447
14841
17338
22678
24959
5212
7178
26159
12197
10874
18290
3618
9467
16389
5328
2840
12881
4720
10541
225
7408
8741
19965
22544
26341
3131
16658
24156
530
792
21151
1791
3511
12854
21384
12399
13026
14658
17879
16575
11557
12520
2530
16443
19521
13488
16196
10051
3693
7031
20427
18662
23709
15595
25185
2581
313
20798
17329
14650
17698
17401
5077
15437
7481
22792
465
17500
15419
6968
20596
12870
10550
16980
15391
1852
5261
10296
19120
2210
13905
3605
10228
19519
12825
24987
20641
13830
4975
6518
17670
10383
26373
16118
23613
1752
10426
11281
24629
11838
7621
9764
7616
21890
11682
3856
11843
3061
19527
25940
10642
26233
6129
6557
17977
18190
24552
8413
588
26283
6545
20783
18097
10223
14468
9798
18102
13860
8338
3096
22581
24782
5214
23286
10243
14438
14970
8966
5891
16682
10209
14535
17023
4145
16001
8187
1839
9069
19629
3995
17467
4457
6988
20387
25779
14861
17832
5136
120
2245
5593
5510
9440
1176
21110
4407
11383
13502
4700
24489
17453
19383
22549
12545
17715
21235
15434
24620
22552
13300
24529
18531
8326
18228
21906
14634
1673
15409
944
25394
2959
17445
8376
6074
8080
6239
17478
15971
23438
14266
3927
23838
26034
3957
25452
10111
14749
14837
21708
22762
21096
24634
20743
16971
11171
24918
12790
7992
25133
14913
14351
22813
19865
17019
22574
17809
5885
4813
23804
14952
1105
12364
10836
8180
24691
23788
22101
9028
14894
21682
7779
25500
24349
11427
24408
20363
22987
17255
24495
19149
17775
2742
23983
13864
15354
6184
23251
5508
9597
10663
18172
20463
11452
25957
17930
16226
25994
11645
4973
17741
4746
24395
5533
11463
22740
16215
20340
864
18150
17792
20402
16023
969
4704
24982
23366
25084
23110
2136
17736
8580
6097
4602
13383
2807
4708
16951
17685
18648
26568
4783
22950
13773
8520
1942
20495
10189
3431
13887
24581
22669
8206
22991
1593
13242
10479
3761
10737
1670
8285
10048
8204
4829
5825
3594
11780
2401
4472
7111
24733
10661
20481
14877
26602
24957
23143
19927
25100
9630
10701
16611
25674
1179
6592
24535
23216
5842
542
16921
872
17025
7069
6049
2555
9419
16192
8869
17881
19744
16083
1448
21193
9489
17735
22246
2808
12159
17819
21189
26074
20309
14885
245
11776
1454
20729
20060
7866
17367
7488
7334
8815
22837
20892
16377
1734
10531
16365
1571
20820
14547
4830
14601
16968
11083
18519
20677
8967
18003
1649
8572
21244
12131
24627
4839
16553
22946
25959
16283
18828
21014
17766
25086
16870
4007
13961
8954
25483
21092
2592
2616
20488
11800
8981
6969
7816
10263
1840
20018
24583
5398
10105
16242
11884
24187
6192
20760
19749
4784
16539
11099
832
10174
14228
13123
7867
11273
21081
23667
25374
9043
2391
3115
24922
25079
8017
14645
12439
2719
14995
23473
25757
7475
25046
15907
5323
10316
2606
12361
11157
23529
16105
17393
8305
6800
23822
18861
2384
11086
2362
5128
22214
25928
20058
14366
108
3744
12704
23418
2517
26051
13611
8891
24911
14991
14904
14977
13862
23258
22241
18356
7895
2761
16088
2219
2252
7494
15776
404
17750
17853
19722
12227
13188
25066
19678
17333
4905
20987
402
22320
6025
14297
11123
19698
21699
2928
1957
17942
26548
25029
3112
20801
11761
21915
16406
24110
16391
23335
22863
251
16193
6146
9529
16422
11394
5517
19966
20139
6214
21685
10427
4978
7208
2576
25301
18936
19435
16241
11748
17922
20049
12034
2712
15583
23189
26080
5421
9024
6446
9129
24189
24766
16338
16957
26133
13654
256
8768
22093
12935
19942
20568
22749
20367
17041
2850
1554
25688
5530
9404
24501
12778
4622
4617
22951
19139
5600
2048
8327
8666
25424
21428
18223
16685
5307
13014
13144
7976
8504
22735
20993
13993
24508
21632
3095
4606
25783
1322
11166
18888
11733
5536
16111
23291
2316
16768
934
9641
13397
17113
3803
11860
26058
9106
7726
9459
6209
686
9456
20930
22120
26171
4003
13769
14180
7399
19669
7030
8315
26398
12499
13296
24879
1344
5010
11980
25091
5812
3706
24020
24650
18676
11581
1331
24406
21400
1535
19029
26240
13189
11628
14041
3486
6751
14402
24075
8453
20612
22713
16708
16759
17616
21265
19987
9636
5848
20806
17026
3758
22839
24785
3821
16979
2747
18214
3069
1885
14574
20684
15541
8571
2022
13911
22142
11599
8710
9401
22014
8112
2117
7127
10867
20413
8865
5911
23858
5424
20027
9779
11935
16639
9683
24806
666
24985
1930
14269
7683
22234
2271
6040
5316
25528
12010
4699
24796
13802
19723
7133
8175
10088
5892
20600
18749
11835
5104
23177
19451
10302
20745
22197
4137
7907
16666
24701
1550
13952
1506
4490
10166
23984
7980
17984
20599
21094
1826
9754
10537
8267
13590
21371
20487
431
17631
9519
19563
5435
23105
16366
25402
10549
4921
15479
23419
18275
9448
21236
21379
11340
20751
1948
16572
24773
14050
12225
6713
15547
15763
17362
14621
10633
14782
12378
4084
18904
23459
12703
21152
2310
7804
26328
21004
25456
19497
12777
2393
8079
12969
23854
5254
24133
21697
19689
2253
21704
14388
8316
25099
1782
9117
17541
12460
18946
13829
22908
21059
9819
20468
2591
18744
3087
10086
9493
21518
15784
22912
15826
19953
15509
4711
19863
17242
13011
6530
22964
7085
15551
12347
4925
23942
2987
15728
14895
6488
7009
14199
25539
5936
8440
25480
18856
10637
19867
990
26610
10781
11336
17569
16524
22848
1870
21680
6516
21215
3604
9507
23545
16657
17482
4105
23108
26018
6076
9105
25055
24771
11522
23699
25804
6582
15398
23171
11583
2404
10250
5543
5207
11075
2314
18839
17243
15047
17436
9081
915
13835
4883
22112
24801
6757
13330
9166
15418
16771
8944
10435
5514
12046
5067
22628
14610
11239
23287
7693
12699
8272
24200
14197
1667
23294
2128
24344
20136
2704
14587
20525
12802
2843
19396
4752
6043
4141
4578
25206
18815
12321
847
10256
22158
26383
25163
6478
12534
21134
16597
21617
19515
20775
16211
7416
18026
3787
14698
14824
7412
13136
21615
5066
14011
12847
11104
15895
12101
13999
1708
25451
1569
17471
5299
16689
14929
24028
9307
6085
11390
26265
105
15514
12346
8713
2076
13489
5584
3609
20536
11478
26163
7420
22721
25447
4483
6202
6805
11375
23090
17448
1729
24421
12793
8117
6744
8108
10298
22811
25151
4748
15393
19870
17001
3585
24886
574
26146
21453
2020
24548
17691
2358
19847
25713
11175
24986
17337
22061
4693
23317
24003
17370
7323
3149
2074
24088
16412
6149
17474
21141
23481
23640
9658
18908
25716
13478
2982
12096
13105
14740
2102
10785
21764
24100
14997
23750
448
5866
13070
5518
18558
20577
364
23165
17708
7773
1505
1659
2901
17343
4611
22897
7058
2197
5088
25207
17658
13794
22925
11922
14217
6529
15375
8658
23653
22874
26338
16990
3141
6837
8496
13601
6070
10823
11865
21567
20857
11473
12720
14812
8901
23578
14436
3753
12541
14278
26280
18745
1902
25526
24339
24394
19769
8668
14055
17917
11305
14757
8387
8971
26550
21404
2149
19719
15373
11754
10511
20284
20877
20958
408
15986
18092
2321
6500
25474
11782
13928
6728
13239
26323
10681
22904
345
10825
24123
19127
11208
14932
18881
12282
12146
10763
11881
23587
22080
5107
12334
4045
26334
13805
16189
20478
1684
13511
24748
89
8708
23659
13641
8943
26376
15579
26347
23683
18797
3147
16004
22898
14655
7499
10726
22639
22287
5585
17874
13273
24374
21676
5019
23960
13531
9345
685
6064
13265
9130
10073
26475
3446
26040
12731
2406
16591
14804
16372
19643
403
5438
6191
10149
10814
2084
13243
24561
19370
21353
2950
1305
23949
15905
13990
20759
23333
22939
7561
8475
2820
25722
2694
23561
5567
21521
1460
20480
20746
11951
24719
19489
24517
16558
17623
17758
1836
3483
12832
19351
8022
26622
21089
2718
15679
21348
22962
12434
7503
12092
12890
338
21784
4986
8605
24768
18837
2112
1971
24229
15536
616
9789
7521
23463
2715
23964
21389
16588
24880
9113
25670
26266
12421
1391
4932
20135
19599
21634
3770
4102
1967
7847
11233
14702
10631
11052
2521
21380
2276
23180
2817
17097
17681
11693
19038
7197
13031
11077
19444
1169
7417
19741
13165
11439
8273
8588
11909
20294
11379
18758
22859
19940
18154
18312
5798
19318
14377
6535
8547
14162
16220
6573
22218
1861
13552
11759
26166
24783
10591
19924
17186
12544
3126
8178
22104
3680
13451
8535
13036
7886
6583
1647
10472
24540
11182
8502
23803
21899
25758
18143
13221
1007
33
5998
26222
14684
3613
15974
2869
22102
3636
443
23491
20091
15664
4911
17523
17820
5857
12299
17983
11638
19051
25545
6821
9747
21451
22596
17783
23833
4590
10473
2392
21870
14021
1114
122
1237
9800
23946
3756
13385
11918
1241
14393
16594
19099
2862
888
10670
5808
15068
4542
5537
18132
18164
25144
7389
12245
19980
16763
13157
14526
23421
5873
2769
20811
12081
10768
7162
16048
19925
18551
2775
18038
9167
4969
20424
10135
24058
12309
7876
5938
17860
13900
1800
23281
13476
23277
12300
25936
20034
17537
12139
16982
14045
10291
21582
13387
26278
25145
24924
3072
12013
7884
19529
10860
24492
7067
16838
24402
9403
654
642
628
13791
14354
3649
7706
8868
22497
5111
18942
16249
23998
19142
9514
7945
7157
1372
16309
4340
22311
2170
1945
19951
2949
916
20377
8489
17320
10476
11347
21614
7113
22542
208
24094
10688
2195
2612
16035
3525
23245
20824
24693
1891
6468
11874
10234
3713
19074
12494
549
3531
4715
16413
5497
13530
4686
20758
4071
18873
14636
7864
798
16357
21920
8115
21181
12438
13549
17489
15617
20458
23524
2208
781
16603
7395
7032
4909
306
13034
17882
5440
13985
23818
10777
16652
2399
19034
2456
18234
11159
13087
9814
19913
13280
15531
3832
25471
11917
14040
21911
7532
26264
9763
24330
24131
11688
17870
19057
12553
24103
13210
19602
8382
16519
26552
2931
2597
2964
21382
7321
21608
20137
22237
8274
21383
20099
24378
16020
2905
17724
2608
20376
1950
1413
1719
1832
12021
16091
19531
24021
18813
7660
20931
15676
13979
26482
14657
10290
1299
11967
7466
5444
15943
22298
8609
20683
4459
17222
3730
1329
20753
2133
7885
26041
116
8460
9804
9605
24488
5919
843
17998
7574
14870
17725
13493
12992
7510
23955
953
13071
10582
20782
8922
11141
346
11444
21807
22901
11338
7733
13512
14915
9667
21142
4543
6994
619
15064
21681
16205
15609
15748
910
13374
2791
980
17123
11808
16286
7182
11252
10332
17273
114
22559
2323
3128
1411
13371
5379
1638
13272
23672
16272
13220
14954
23319
3641
956
12470
23199
12952
14569
92
17240
11962
23723
13141
25130
19356
991
18835
13039
25011
11908
24890
16288
12262
521
23380
11486
21232
12542
15344
24866
16706
6575
13505
20437
8368
21490
21047
19014
16291
19910
11880
19504
1419
17561
257
14854
14963
25085
1086
14488
22248
12308
15564
25377
347
9170
22971
16313
9490
21208
24044
13215
21179
1908
2052
14148
8464
18004
596
12856
6796
21572
17991
8024
11266
14532
22834
8689
21715
10812
5448
2070
838
12921
14409
23274
4014
20863
8353
15340
19737
13920
683
5035
4724
16504
3926
11763
17256
14527
15526
14399
10211
18913
8791
21684
6123
5236
20466
21174
14008
9123
7713
2882
10215
2755
21254
898
381
13363
2098
2589
17628
4742
15959
14467
11507
15347
7851
17570
17403
25927
13643
15356
15904
13295
15455
1612
13439
9395
20479
11287
14701
11764
21233
2549
20375
601
7837
12121
7979
361
12032
20864
4121
21165
19903
12187
14158
8129
2573
14644
6519
21112
12315
21837
24994
20691
6580
2890
18885
23926
2537
25745
16824
13501
19939
19904
18860
12859
7727
17295
17291
23552
18020
1008
3041
15440
1590
25759
6219
3783
2083
6764
8823
11411
25442
9380
26360
1482
12685
11498
26345
8919
15663
21123
17638
24711
13313
2161
7458
7147
16967
23517
16371
9729
7822
5845
22620
367
12729
2984
8462
16748
15618
20873
22621
24661
23810
20956
11222
16514
6953
17376
13954
3123
13898
23004
13166
8358
6003
8167
24340
8786
15464
16511
20101
26220
6164
6247
21594
8132
6956
14365
10850
11079
5513
8388
3773
10725
10116
5015
21554
4731
6970
9463
14833
9679
2851
1657
9592
10522
793
11380
18115
11417
2518
24887
22187
6483
23492
7608
7768
1385
23928
242
2707
21626
3835
21549
9359
4965
7343
23203
14564
2776
7784
12391
2832
11119
17642
15977
20555
3040
20038
12018
19738
7737
2730
597
17525
1882
23337
15983
15795
8492
6799
15374
1809
21144
16571
19417
2680
10395
12781
2387
14900
15964
13288
25211
17432
7179
6256
1383
2269
17594
3794
18521
20772
19415
20028
13213
24878
26024
23570
25968
22074
17165
4015
23571
22865
8016
12942
26551
3631
3019
818
8936
17236
15792
17106
11536
18646
20540
26049
18279
22188
8026
2237
1164
16684
5232
16998
3487
18041
19040
13289
24724
2988
13234
8332
23209
5822
1293
24722
17178
12193
11284
6748
17529
2262
12389
21030
1890
8788
21261
8000
25400
4441
7846
21803
22097
20265
18297
20827
24731
11246
14286
22147
24416
14019
4621
20850
15787
800
4848
25104
8676
22990
4129
16918
17175
13343
6231
1591
15525
18231
1835
15041
5370
15385
24444
10682
1374
3954
6816
16764
15837
11297
5233
21618
15408
22167
1028
3874
1704
23253
3820
24503
10141
2528
14881
5568
16825
2605
24457
1474
2204
22306
25544
13134
1706
7377
22254
14852
25196
6999
25385
23746
7824
8691
12864
21858
26641
1022
20319
10190
25112
17249
6782
11300
3498
23246
17187
14020
23646
6015
14795
7146
444
7491
19081
26487
10618
10224
9398
12080
15589
4133
21620
8528
19752
19485
2159
4770
4496
16185
8706
5080
24810
12900
16114
17080
24904
10271
12260
6586
8278
17257
24685
19881
572
20042
3840
20109
13090
15571
15433
21792
19359
17856
13796
7099
14561
19500
1396
23334
21374
14687
24562
1856
2958
4328
21696
21900
2137
25523
7704
5804
4104
16962
2275
4464
10887
13173
13245
1163
24166
7725
12898
24608
3870
15495
17756
18661
7456
11589
25477
19984
8657
1246
18012
10502
8345
25812
2803
13789
3561
5329
24461
26025
15383
17087
3686
17047
9608
20033
3079
2414
24040
22840
7465
10050
21160
8140
17261
5994
23979
12158
16457
8103
2026
23320
8457
12880
17838
16762
13462
15615
24014
24979
10680
24438
11138
19416
16055
23224
20407
4646
5928
11862
4151
13500
14435
17601
24808
24951
18538
20142
20605
10576
3895
10154
8313
5137
17459
15924
4389
24012
19704
15965
17903
12384
15346
9562
10649
10153
4674
24674
7755
21009
13634
10900
909
8777
8907
23201
2610
7991
7471
26094
15630
4678
8849
20315
7011
15548
16002
15599
24329
4963
10124
16490
4901
11280
15823
6605
8977
15348
7940
21161
21592
18548
11981
15050
1833
25410
22748
14691
3830
7507
10862
22778
15668
2152
1886
13015
16758
15623
14493
15622
4669
17967
5937
4032
13949
6234
5450
4130
18272
26615
18741
7664
20229
25505
22533
2695
1806
23566
11059
8184
15483
4069
4727
2415
3807
22153
20589
2816
21407
3144
13777
5393
10204
24935
5439
23751
3692
7212
11446
24059
12411
7910
19956
23601
20951
19988
3695
22827
21561
18182
10106
1062
22919
4581
13995
1040
3637
18553
14992
22610
22232
26055
6975
10202
11434
4566
7651
8598
19773
22297
23428
16301
17386
6462
22763
12833
7669
6096
12045
11606
16828
5361
10727
17262
957
15458
12445
13392
10343
25412
25176
266
17702
17366
15938
6562
18018
19979
22023
9423
22886
22717
11124
21108
18926
3998
3715
6246
8711
14680
13931
2674
18084
12040
24579
25725
6009
12388
4075
22653
4050
14299
14703
1628
8776
23968
19460
8065
2353
21919
12011
22518
17826
7560
19461
9324
5125
17887
18059
4951
15396
9387
1313
11320
25739
868
10873
8325
10157
12396
18927
8403
16027
18923
20737
14622
7871
814
23939
1407
12264
12860
22056
618
460
11443
12050
2894
9603
8411
15039
24172
10905
19911
12918
26367
15944
8767
140
10390
3543
20674
5062
14360
22140
2108
3929
6260
13617
12963
15500
1562
2728
3690
3031
17284
5803
24872
8941
8963
19404
8086
5941
8824
11229
25372
11044
22928
15038
22016
21449
202
19337
16987
6775
19064
22144
2261
23403
5483
4486
14832
11931
17966
26153
14709
7035
9567
10889
13599
24759
22676
16535
19468
16271
12962
1873
11950
10615
1060
25817
9643
4601
19336
23003
12960
20875
12359
11575
19672
6090
879
19476
24619
13506
6711
22744
19858
24157
8386
13477
22774
3058
4156
16319
18796
6551
1055
1501
20234
10561
2513
678
1536
8924
11955
12857
14916
5079
24450
11749
19434
5806
456
11715
17556
24019
12314
21486
7054
25789
10393
23769
17371
551
18539
15819
2989
11636
24412
994
1346
12008
4945
1818
1899
22626
19147
8013
17002
8655
19907
14565
12331
21186
24989
2758
13433
14482
14806
16569
26349
23135
1009
16883
25684
12412
8682
11803
1740
9497
21131
15562
21703
14640
3107
2786
21362
16739
8286
9306
26621
12489
16760
11597
6095
21555
14886
14835
20227
4386
20858
6790
476
16735
10422
10267
16082
22225
11505
25706
16392
25390
14023
9711
7354
26006
11849
23507
14959
10068
12425
26064
4865
12320
9089
885
16751
13254
21345
23518
7190
17901
7068
6834
8997
614
24070
25150
22696
25068
10138
29
9449
10616
2741
17006
4673
10070
5402
11397
6237
9735
15345
11954
22953
14481
12884
16316
16335
18133
22880
13614
7552
21029
11611
7602
419
321
7051
1665
23630
5833
1563
9435
7490
16975
7191
13228
536
16045
7523
18244
9327
19438
16019
10880
2876
14825
11942
985
3994
10766
9650
25014
21187
22738
11777
4809
13205
21212
21905
16555
13276
11490
11449
12090
21003
23541
14711
24752
26077
2214
5944
24128
2047
4108
11101
10384
10574
5302
18206
21616
14656
18768
17104
4546
11878
1323
1277
9810
17237
11361
9801
5235
13332
417
2322
6514
22641
19319
22095
26281
15343
20024
13008
14879
14851
16476
10310
18816
7879
9011
15425
12394
17514
5395
13761
18265
21659
23945
22999
17542
26627
5247
23695
23673
5055
14267
8523
20052
16702
21102
1376
3863
13347
23385
11150
18116
20903
6155
20100
1494
18916
5549
18159
22766
25197
11421
20552
11197
22109
8957
14016
12118
22589
12256
308
8433
23094
625
11322
22546
371
19554
20638
9150
8681
13098
22652
14918
5942
20840
12486
6600
19522
5921
23943
2534
5512
21034
21851
4940
24599
7091
17797
13968
19928
19947
315
1404
10379
3415
21629
22943
11186
15616
26221
13046
18761
21489
7708
5849
19089
21204
10839
556
18767
17807
11785
25367
8097
23271
966
21075
10213
26620
7344
8968
21706
10738
15469
9644
14577
9719
24521
3921
17323
16174
13268
20275
3021
9392
17851
22094
12142
14847
5813
23798
2957
25159
2798
19523
15765
11675
22021
2259
21863
10567
24074
25378
19119
16222
21883
2661
13233
25503
17512
20493
18818
4095
6254
7996
22022
8881
21691
22268
7415
17621
7140
15001
23977
6460
22968
16493
18857
6124
7584
911
9470
12932
24459
19328
8611
14811
12339
26526
4548
16556
22819
25726
15460
24662
22742
4766
12390
12247
26536
7168
18644
21461
10553
14628
13914
7483
19888
3581
11323
4048
23174
15519
9390
851
10274
4957
14826
6765
18082
14976
4471
21585
14898
2552
10802
24076
555
25732
23691
2156
2525
12672
5436
16086
17560
17381
21917
3621
4808
22011
10042
25491
24905
6120
19346
16468
10262
4740
25045
7636
5262
23599
16929
19885
7963
18163
10208
25811
25956
5417
19562
17831
3085
11396
16724
22247
14618
14187
20428
10792
8485
1106
7446
25821
9784
21711
10127
2640
7730
18358
6502
15966
5455
15326
10246
13121
25681
3497
17894
8385
8109
12
23633
8099
6587
1813
2522
20953
3804
10110
17799
1041
10575
2220
16608
19414
24011
11584
11875
2545
1525
16352
18166
11577
23851
22263
7633
2461
5441
12296
25971
14462
8304
16986
20313
1682
16480
4522
2035
17622
19506
14903
12807
22479
4722
10429
16276
18555
7128
23615
25535
4638
4131
8201
17396
11798
21027
17786
12127
14310
17789
23539
7865
13206
23103
21469
858
26564
6130
6835
19501
22572
446
15658
23479
17000
20096
23761
17729
22785
13075
7901
5
13854
7333
1853
23252
17885
14294
6774
4964
25051
20510
23290
4976
20522
2319
23328
20360
18872
20123
17096
24557
2439
24185
13494
24624
1282
21442
23724
22042
17369
5838
12875
9513
2073
6185
4567
20107
8091
17435
2692
22165
17114
6240
18876
26059
1547
25399
26015
19658
21473
8707
20823
11205
10284
24762
21342
24947
4641
26563
3606
20922
14043
3866
14593
8463
4841
19630
16231
9652
24366
2754
18902
6560
24222
22836
23572
12356
20994
23688
998
26039
14663
8621
16071
622
947
3922
12161
20106
13607
12066
20318
10542
21721
2199
18040
3080
20092
560
4816
18884
4034
23111
22481
15985
8005
17649
26609
24442
6556
17264
14065
23662
12228
14723
20813
1401
3086
10483
18675
17475
2452
12219
16070
21625
4556
14848
25141
17568
7607
8958
21568
1051
11689
25323
23762
6113
6806
4694
7029
20727
10903
855
5350
4633
17402
20853
11364
10788
10134
16482
16346
11331
11979
9624
19646
2027
22638
16282
19839
12326
20517
10749
20699
368
18193
24150
11525
8685
13130
4501
24874
24530
8620
14538
3667
4768
18943
18582
8521
14079
23211
25537
2240
10039
5217
24159
11619
8890
18236
18237
9083
6574
1292
2167
12254
16322
942
11511
9686
20111
21797
23102
14714
24729
11374
7432
24396
15587
25007
12929
17533
14693
12525
2267
4947
10755
10922
17363
17441
23782
23632
11883
22067
22668
3945
7467
17948
24541
2936
11569
2563
22822
25733
963
407
16348
26084
14810
11482
20924
2061
7653
25525
14926
1408
19284
26257
1492
11585
2684
26650
4881
23985
26093
5257
14046
5074
11854
7567
8357
23345
8758
11533
22183
21258
17463
26134
602
350
23519
8809
475
8755
9347
14507
14372
22673
17391
15756
10510
10165
5014
22577
9051
14652
23956
14064
21641
1424
19680
25426
162
11774
6707
12128
13527
22312
14716
24920
10087
11408
17065
6112
24171
11103
2403
2638
18066
10573
12259
5540
20357
22913
26052
13059
2551
26590
1879
19998
9369
1650
10753
467
1711
17580
5456
10434
9149
1426
20576
21718
11912
10521
25799
2110
10520
21026
9116
1929
10054
250
24742
16079
8617
5289
24144
12829
24505
204
9389
18033
11822
4552
7204
4453
9673
22296
1044
18509
6024
6243
14748
632
15461
15473
7601
26001
13333
24223
17466
4082
13559
22091
9563
24399
16032
14448
2595
20587
2184
21719
11325
24231
13022
9547
22551
22048
9399
12153
87
6613
4747
11352
18736
20651
22972
9366
24558
5562
14
3078
13560
18174
23265
12173
25924
19360
4985
10544
26380
20804
25558
13209
14280
3681
4780
24210
26633
12001
25529
1296
24802
13915
25319
24566
1589
661
25682
2148
12214
1365
19974
5380
7203
22681
10164
17675
5910
14186
19421
25300
20110
375
17518
24502
10879
23164
20032
20867
19298
19357
2126
8592
1495
17022
11587
10565
25065
10418
18314
5474
23285
11590
20235
24960
17578
5317
24147
16714
10668
3567
5243
24518
5923
1534
13813
23628
18526
7155
4990
10528
20061
25765
22894
23932
10058
14849
19288
6196
16411
24111
2242
20744
12036
16437
13861
199
10530
3923
19930
4072
23823
11263
12668
22664
5468
9379
22914
15040
4586
10844
2896
24613
17679
2745
19765
10122
14787
19082
13101
5256
23510
19869
17112
424
11425
4757
11230
10126
19059
8389
2800
26270
1574
982
8074
20499
19720
24482
15597
19761
26066
10819
21072
882
13616
11050
21148
24963
7081
1247
19293
10590
25179
11747
6128
16813
18008
24099
19
20498
18350
1681
8976
10394
5995
7419
20064
16578
1388
9457
16203
3725
2327
19100
6168
81
4874
19556
5013
5881
16244
25082
21686
20022
7890
24090
3595
4336
19066
10666
15989
14907
22909
14945
14004
19046
13137
16367
19997
11499
9388
20886
18801
1339
2679
21159
630
1465
7696
10783
25005
8335
7929
14818
8867
9384
5108
2920
23749
10337
23589
3013
2419
17331
18121
2872
21464
1567
25445
17573
13762
21702
26256
26037
8619
21621
6531
2871
25194
25553
17875
26144
4668
2200
18738
24500
9134
4444
14420
12867
13021
16087
20297
14029
15377
4120
16186
16250
16061
23119
25078
636
13114
2042
1958
25383
17692
23531
1731
17122
388
24469
12776
24151
21596
25050
3717
14722
17810
21392
95
14630
18541
16648
4974
23513
13653
17572
82
20108
10890
25420
1073
16679
23431
10912
3532
4650
17046
20835
20807
24803
15743
6595
20714
4665
19041
10703
4652
11264
18075
16961
17464
4103
2458
8684
24740
17531
8134
3666
18572
7027
17910
24666
16529
22524
8461
12535
14193
7788
8094
12532
20970
7477
15591
16923
23121
22998
2983
11850
12088
6227
6175
7122
9669
8070
25998
16188
21042
11259
13515
21583
604
1400
23303
17230
13244
18039
21166
3834
17585
22941
22487
7445
18086
22799
11369
10191
17107
18929
8625
5310
4070
8075
667
21238
14933
10107
25102
25806
10309
21637
10323
22949
12230
3572
25415
20259
23207
15357
13360
2539
512
24596
26069
1741
19707
20239
14068
13992
4521
26076
10917
14430
4106
3579
22659
5860
7946
886
10297
24961
10336
5544
14988
25976
20904
635
17270
8920
21675
1696
10601
12925
16749
14304
22252
8602
10151
14061
17772
18658
25060
21122
9108
2994
1162
16327
12984
23806
21678
17619
4076
13340
12455
23339
13177
18175
13484
845
11608
4494
2372
13450
2767
12235
16582
22854
7106
2781
11751
12252
11447
918
3847
19915
21855
26177
8287
12827
23193
2575
10063
25989
16049
14901
19621
3066
26537
7525
7806
15381
19852
5355
13963
13219
14221
8878
24576
21892
5218
11357
19109
4100
23649
1949
11516
26557
22168
17155
1583
25510
8152
16047
17031
23358
903
9720
25948
15394
5539
4353
13807
26567
2375
9049
2631
8059
16420
20539
4961
358
14867
7331
16939
9025
15367
4002
16561
14896
22176
23780
3509
16974
16421
23526
12404
25108
7172
8104
20459
10175
13774
4917
15544
13472
8288
23325
11546
13555
23651
18581
4026
16064
585
10660
4792
1680
2582
24465
5846
15442
7409
2520
7562
16462
8372
3440
23777
10610
3712
14209
19989
17079
19087
5796
12977
26476
15022
17364
7158
15487
389
2986
23791
20878
7936
8435
6467
16545
26365
7772
9157
17784
17513
15642
14003
8131
19507
17511
21710
19711
3771
6165
18766
17923
12430
2447
20121
19432
16713
8400
2348
25443
8904
14796
4554
22171
8801
9310
19755
4628
18859
226
16779
11617
23233
20494
12858
21588
19530
26575
2864
22270
8186
9037
9413
9331
9813
10421
24466
20261
157
6788
24122
15368
21060
15057
12171
5385
1170
22033
4023
5939
22307
20575
16419
17932
21158
3651
9409
23938
22758
13399
18352
12283
8964
11679
25057
12708
24008
2860
13487
2389
10899
16530
23280
13218
5344
18831
9527
8391
19386
16379
18507
26294
20718
4835
14506
19856
21785
24582
2036
1787
8895
8486
19463
16375
13091
3073
7741
4536
16096
5298
5604
14768
3919
2611
15000
11841
13329
23398
23534
13473
24804
24928
9334
14363
24998
1159
12312
5563
8650
2180
16688
8817
21100
7926
24927
21448
2777
24483
8082
22230
19862
21437
24690
4786
17051
2266
8765
8973
14374
6224
21206
26354
22831
16873
6018
19840
7440
9551
11727
17505
20657
25502
8379
16479
20583
3098
4645
19061
26337
8415
8200
9766
22759
8096
13772
11330
9015
16865
12166
17078
23995
21570
11799
24418
26607
1895
22640
25070
21169
23989
19622
10505
25069
14781
2109
26554
7674
7989
19716
24487
14944
7405
9609
3653
17118
11911
7410
5551
6087
988
20286
8857
12949
20829
1608
9666
20274
25140
12200
22767
373
24689
13759
20055
3064
20960
10495
24578
3011
15414
4651
1082
6147
24112
1380
12053
10742
4966
16573
6061
1377
3512
5815
21502
4068
25549
8501
17174
15008
8687
5541
25513
8299
25186
4774
123
19612
269
6833
13468
12905
7004
24993
5545
12395
18076
23553
8578
13895
12294
14751
528
22206
8701
866
24758
24069
21513
19474
5242
18048
11215
12447
442
9492
1736
24775
12238
22278
9491
7378
20653
964
23250
10261
247
23192
1281
8779
11568
8912
23713
9697
17835
19944
7684
24938
8310
4676
21867
11428
2349
1598
11424
17951
857
10072
12524
1420
1168
25997
6019
17015
8081
6230
14962
3587
15927
15382
22049
15929
8678
3721
14397
10909
10252
10834
19140
9055
2677
15952
16432
10869
12836
7748
356
26072
7756
24356
21689
22050
4096
22210
14398
19377
22887
893
24038
17309
5467
18023
2361
22750
1548
2383
11181
11934
23550
9541
19143
19546
13308
6078
20676
24730
24770
19935
5251
240
25669
4952
5271
4107
17994
862
23779
13847
25180
20365
24876
20815
2668
21901
12912
395
14181
11823
5082
14157
24336
25203
14174
19727
19025
9718
23289
20957
17857
10761
11288
1786
660
11458
16006
25951
10380
11207
16949
22948
16094
17959
23489
932
10769
23486
20685
20406
19882
25926
16078
22828
25298
19071
15079
2093
21105
21503
18771
10099
26553
20349
26560
19402
14290
12459
21408
14103
2880
18911
23675
22864
20911
1794
26157
24789
16296
16339
17340
2963
7063
22832
7682
22833
14846
18229
2793
436
23700
23969
12422
23707
10433
16542
22718
24700
17699
908
8144
20585
6983
11351
21638
25403
1789
3103
23482
22055
1854
11312
21184
6174
13568
1564
16960
24470
7745
2420
5320
8980
18998
20143
20321
6507
16230
13866
15336
16164
21126
25132
21218
19511
17443
7555
6169
5375
10578
26340
14091
246
137
5069
11672
13584
6000
3114
10179
13787
10270
3961
1964
12144
12192
17577
18568
2568
10077
22556
16429
20996
13396
7222
24215
14015
6144
5428
22182
5354
25048
13463
16761
23323
4495
19983
23006
22755
552
10097
15651
22547
4038
24869
11152
11649
11948
22071
23626
3422
20404
10092
17162
26173
16402
8269
31
11877
8579
19901
23771
24617
15933
2064
18194
20249
20833
4953
18136
7659
19455
24475
5116
3939
24713
9791
12937
9593
16526
16184
20763
19431
22737
11315
5423
5867
16034
21563
20132
21564
22276
23614
22770
12531
1622
14544
16737
23125
16218
4875
12689
5347
15011
24430
7823
23978
3439
21240
25679
4481
21889
14627
8694
13193
1604
23440
25064
23416
12016
5275
24668
22530
14502
12094
14975
8593
18739
8467
6977
15570
8312
18854
10103
21668
23712
23684
4946
16738
7398
10580
17545
22697
15588
4361
17981
15912
12091
7097
12834
26582
14505
8615
539
9824
7566
25813
16110
10156
1560
16704
3823
23391
22613
2663
22857
6972
24113
11773
8021
12496
9391
4655
10438
14961
14891
9539
6042
7911
19376
16285
9302
23961
10381
22794
23999
24107
26169
21063
11296
22892
5237
23935
12922
13201
5407
8604
23186
20048
2996
10108
7769
18353
1000
21104
4089
21180
10911
22289
19002
15793
17449
5572
7349
12540
23359
10222
7700
15331
6553
4087
4135
11454
22701
5124
18162
820
25018
2212
25200
22647
5821
20981
16733
9556
22793
16397
10148
20754
3630
19912
22780
1685
4667
13832
6140
4157
25533
24755
18169
20138
10617
17244
26085
19088
16092
2780
13978
23248
7596
26273
18096
10506
15930
20832
2829
19977
12908
16221
12822
21078
937
3650
4001
24498
8889
4970
9454
249
15772
11241
12174
20871
25656
12852
15036
19733
14407
22585
6815
24129
8119
8113
16938
21717
14923
10161
9537
18858
7863
17491
6569
20647
24031
9464
4533
4761
4436
7390
5589
23107
4405
4732
924
17433
11920
21847
14153
8959
10924
22891
2222
11545
19428
10902
1050
1910
16454
19031
938
6186
1869
8064
15005
18826
7729
25740
18930
23305
13212
18654
21894
5286
2895
21043
13806
17456
20828
8373
12485
25002
26046
197
16694
11757
26592
20895
12333
2028
23369
21441
17716
24896
14385
12056
11698
22504
10069
14738
22816
3603
12924
1011
18668
22911
6119
2033
2557
20708
22694
16037
15070
25033
13380
23144
6449
8664
12075
23220
20570
565
22537
12386
23423
18656
10650
16062
10674
22273
10093
10268
15532
24155
25087
1658
5022
6451
19620
14311
5109
4327
9564
6826
18931
1516
8948
12980
24005
23558
14986
5318
12049
3007
4855
10596
2993
9785
1485
24618
1405
5349
25441
1579
8669
15939
16274
14892
17721
12508
2729
3046
15021
25177
11192
1452
9408
5548
15545
1362
3081
7947
5041
14752
355
8317
19134
21097
7869
14785
2586
3859
24102
17164
25117
16732
15430
24703
20626
13044
24676
11856
16700
9096
19030
18347
18586
264
22180
15783
6979
3765
8789
20757
11133
8193
12696
15397
24354
10622
25777
4739
26225
24525
788
25509
13119
4431
23213
10214
21506
11066
21605
4350
20937
20314
9416
18243
8548
1742
26371
20317
17535
22160
5472
4046
18117
6200
10926
8197
5917
23933
22937
912
22018
559
7586
11385
12831
2567
9076
16830
20270
1610
24781
20591
3710
2818
25435
1602
21861
2072
22675
3818
21157
4815
4114
2248
14960
18803
12255
22124
5599
8761
2364
20245
7738
21878
3106
5132
23625
2974
3664
17109
11947
16368
11106
1306
4326
24093
17252
25430
12350
12058
837
18307
4529
7154
17780
22671
23735
2952
19777
10133
22476
11474
16566
6591
243
17985
11465
133
11845
5332
12130
19022
7036
24984
12866
2908
22032
3846
22902
2985
21788
22821
6216
3520
16207
19872
25322
12119
25419
5446
21778
13229
18514
22294
2531
20688
15982
10722
5360
21477
131
11595
8207
25092
5554
5943
7059
3903
23996
3075
8452
8397
9540
12473
13546
5352
905
10838
6092
329
17872
22584
7464
5898
16008
17095
25953
7919
18362
22709
11179
25131
12179
19549
16889
21607
23711
21016
17159
518
7774
9020
2770
5490
461
1109
13153
18311
5249
25762
4654
17070
7718
20368
20456
13840
14200
22035
1481
19321
17705
23361
9079
17390
19778
941
22087
20917
26490
18342
25022
2965
14809
7470
12906
13367
15554
4931
24575
783
14864
24435
21435
10150
20698
8172
24997
10824
4833
9637
17682
357
16932
17921
22623
11134
23496
20016
19932
16503
13357
11090
3521
119
22824
23909
25752
3025
2854
393
24182
17964
15725
11681
23811
10759
14073
20831
10498
7702
26632
18886
846
4849
13162
5805
23855
4411
12437
22595
1779
6537
6148
23205
26042
17084
11313
3448
14713
24227
13056
3788
1024
6798
26397
23538
7124
929
2546
21690
10184
920
18006
20894
11269
7697
3023
14999
11869
2464
22
3450
14396
2956
17429
19363
18336
23227
26259
9444
22525
20668
11431
25653
17659
14537
986
25782
7325
17603
19009
1601
5143
18663
23831
18306
8366
5809
1531
10868
23123
11732
6217
3893
24631
5426
21194
25472
20563
22961
8787
8163
9708
7545
24983
227
15511
11217
14878
20896
24977
22779
9568
1030
10514
3877
1965
3646
8348
6014
18667
13792
25047
10507
9674
5824
19650
16253
18087
13094
11767
12457
20253
13327
15932
22136
13449
14949
22703
13065
25675
19551
13080
20385
25668
802
24555
16214
14188
12111
20707
16245
18779
3589
4019
3722
3668
3825
6131
20826
26642
13529
12518
18524
5411
258
17527
15940
24736
5591
12305
16175
14717
9393
1488
9414
10658
19303
19615
22220
1326
15730
19037
12029
4635
17890
22686
16774
9538
13571
4637
15404
13283
13547
2538
19601
15960
17733
7130
2330
23101
11441
26248
23781
12712
19043
18109
22060
8408
11666
20147
18791
10437
17413
16874
12420
12957
18105
248
13351
848
24491
18894
23161
16173
2398
20584
16941
517
15751
14673
9742
6544
11420
19609
21619
24616
20531
23959
8483
10830
2560
19524
20786
16395
13907
24749
24165
23802
8394
21856
1455
26160
1325
567
24704
21595
26061
21482
10570
13602
25155
21412
5142
437
9333
10338
26238
8574
10713
24571
1697
2059
19676
1838
2233
15580
17552
13104
13986
17688
6072
22768
9808
12286
16433
10221
993
16548
26532
7942
25755
18784
19696
25729
13232
13159
7438
10074
8845
7125
17543
20117
11190
19472
9516
6603
22195
2054
22764
17383
18242
3485
6608
10334
19410
9458
25793
13050
26588
23917
17504
10279
19938
1507
23364
7141
20969
854
15006
10201
24688
24420
8092
22625
23264
23318
7184
2727
11913
2355
22293
7680
6179
24365
15016
1090
1544
7175
8454
24933
13950
26128
18552
23197
19957
22194
21841
25006
1459
24183
14736
10113
5946
8686
24334
1295
14953
17173
6470
1285
25512
11765
24584
1304
2325
380
3441
6780
21552
540
8448
25786
24117
6229
16312
13594
26008
25701
19936
19948
9003
8993
1414
3931
13570
26139
5340
8478
10140
18550
5372
14359
12419
13185
18660
32
13334
13882
15779
3506
26391
13198
16917
1858
18144
18131
8705
7062
10120
13818
14036
25954
7905
1524
16664
23528
20476
3113
13460
2147
23731
18746
9322
8450
1324
13107
9420
24441
20636
25556
3640
15908
17521
17976
20339
13958
22281
18882
20947
22560
4344
20470
7597
23680
11965
12047
18278
14424
11743
20687
25996
21363
11165
15496
2899
2344
14807
1381
3558
9140
10321
6555
9745
22876
23397
24970
1646
21600
23379
12082
8994
1874
2379
14425
12687
12107
15417
10741
336
5078
16275
6236
25453
11949
11941
25314
22677
20521
5121
18785
17304
23149
18525
14557
25427
3430
18838
6533
13921
21351
23444
17548
3068
6466
3793
2830
11422
11602
1071
2998
1036
1683
11064
15608
8806
21772
7613
8827
2202
492
3097
195
15535
23200
11643
18996
8893
10559
5573
16567
9505
141
12223
20740
128
15745
14095
24175
23191
16195
12316
3004
12327
2446
2771
8573
20985
17978
4414
15678
24969
219
11768
15360
3740
19012
4804
20862
20545
13514
7330
1952
6159
11801
21714
20658
1167
14514
3036
17115
20582
26637
24786
15333
5883
19374
23921
7782
13642
10817
19144
16973
21249
7776
2025
24191
12440
7746
24966
23656
1642
25008
23000
20608
13498
21402
16387
23671
11193
17282
19626
11304
12205
11426
11069
7164
7459
6571
1743
0
493
5123
13252
13064
17909
1532
7735
21866
7511
1070
3949
12501
24433
19533
4707
7189
19312
15656
10265
22724
10431
13782
16267
11436
24903
26289
13178
4116
17714
3518
21426
9068
19954
6607
477
20144
8296
17723
7049
1817
15073
17327
2227
4551
674
20122
8799
26014
9731
9372
14059
23327
6160
14552
10200
5925
4030
9319
6220
19553
4914
26646
12095
22179
8802
262
8568
9445
7369
3433
15559
23237
11795
10600
2062
3665
8422
22771
8697
807
21893
16393
5224
24376
17458
6818
17956
24658
22782
1451
9671
4401
8421
10898
4695
23384
20001
19635
26493
5403
2759
10579
12718
14689
17544
161
5001
25683
22027
11476
637
7679
5238
19068
16165
23472
23642
8474
26358
8536
7318
22597
19287
25193
8896
25138
18334
8945
14993
1867
26635
16876
1912
6823
20852
11579
22258
14706
568
12803
18239
24881
20257
14615
1077
491
16753
6448
8503
13063
5027
11401
931
13341
9485
20822
397
7074
1315
1458
8173
16336
19614
23501
7799
1607
19964
11372
21649
7928
20578
2783
12221
22879
23159
12495
13894
21119
20675
17267
19033
24639
7619
18122
2915
14367
5213
19721
14432
9588
16483
2111
15726
1884
1717
2976
6490
24931
5870
6454
26295
15627
18678
6546
20794
11659
25803
16557
10832
7903
14167
5387
3752
20660
2519
328
3952
26477
12916
3790
7678
19423
1901
7767
21000
16206
2910
19457
20574
3920
23839
21127
11938
4031
7217
3776
10382
3496
22177
13246
7921
4791
21037
9120
11993
14486
3889
24709
23426
17067
19131
15457
24225
19730
13839
4408
18762
12064
22989
15553
1888
23352
23674
12500
8842
9545
22866
9074
8404
8320
1034
15403
13821
7830
19335
1725
7504
10564
6772
23832
9737
20045
2596
12353
18292
24952
20338
10628
516
16590
17485
13833
14151
15667
7365
6088
25949
25807
20050
2579
8566
11770
21462
1614
970
23356
24962
13997
18146
19898
12022
1559
23206
24499
10065
834
18773
13388
2308
6077
22594
5460
9385
21918
7758
11156
6996
10374
519
14925
17936
23187
11903
13869
17697
10306
16315
6604
12956
12477
6111
19122
17829
8851
5922
21683
9685
8203
1387
13258
6522
21663
25433
10687
24224
8062
2274
13315
6797
11978
26531
18781
575
17405
14098
19596
6063
17348
6497
6825
7649
5878
1963
9670
25768
7400
24929
14794
2738
26063
16892
7848
21791
19445
11710
803
18085
9097
16815
17883
21888
22996
4919
25013
19724
10716
22642
20908
16606
9303
22777
16559
2721
241
5090
20805
19725
4430
23456
13284
1332
21494
5868
21579
7610
3493
19462
18305
23618
19499
9376
1447
17038
22590
2363
21909
1337
3101
15055
8820
4513
16729
2186
13275
22704
18197
26640
14956
11970
11218
1781
12529
9086
3533
15896
24739
13644
12479
22474
7924
22314
25330
10901
11907
19905
19384
20986
4059
23402
18863
8554
19963
22812
15045
2445
2671
23790
18047
19108
14942
24127
14184
25809
22630
17241
13362
10606
6084
14456
9304
15063
10551
11183
22173
20276
21064
21516
8618
16278
17499
20535
5083
11711
23241
9114
22629
5452
7692
10835
4939
22783
12481
16090
25718
6778
22814
12143
7617
24865
21019
24323
12724
10910
24130
17528
8156
23687
23690
4736
16720
22781
24480
2970
23738
14466
22170
9585
3875
21091
18895
3500
7109
1288
13264
20837
14940
3869
24663
9604
19920
9518
14031
19395
4879
11661
19943
20768
21231
15769
20967
19145
15603
14653
1472
8469
23002
5280
9035
8918
13822
3811
25963
8663
19005
3784
21055
25166
2917
17625
1801
22133
25485
6161
412
10423
23755
22805
17234
12400
3800
5024
5113
14490
24121
8341
18649
3892
18268
26612
3540
12794
14042
870
20689
13106
17906
20505
12796
7811
7573
23987
13190
18225
20663
22850
14862
24472
679
12927
21859
24061
18021
17042
26326
20251
7177
18871
6803
12236
22272
20755
22494
11668
4838
21881
8480
17588
12666
21224
21882
10378
9736
20716
11558
7086
18140
20370
1308
17891
15410
2407
18832
17508
1859
1939
7686
25694
16770
12089
17737
11234
19871
453
14077
20347
19469
7052
6708
9689
25061
11738
20014
25794
7143
19146
5902
13174
13124
8416
18878
2981
16125
26287
24805
16820
20149
13872
25919
25369
21862
14889
13175
6073
16501
26353
5553
18100
19422
13361
16746
8399
9732
20588
4982
22185
4960
10632
10593
1475
11121
14287
26232
11223
17298
26249
16934
15424
25816
1710
9373
6471
9753
20224
5410
20114
25001
20701
12206
7393
4705
1239
6457
1648
2142
2804
11623
19889
2055
2811
6255
12716
11445
19049
19004
12940
2229
2094
151
1054
22255
20984
496
24760
25542
26021
16835
14503
18073
2037
18204
8673
4684
13325
17866
2881
3943
22538
12215
11191
2533
332
4451
20546
21508
18999
936
7007
3059
9036
17226
1081
4391
5339
19085
10885
13588
19766
10231
5499
18948
16277
12009
13349
3956
1927
14485
23236
26132
6034
15596
3947
5466
23118
1530
11087
9698
14604
21378
15673
2696
3503
4339
24193
24310
16734
5570
14914
4475
10695
665
15990
5221
20949
4147
15029
5569
4360
13566
16451
1793
9318
25947
9119
17895
8378
15015
22967
3882
4573
13172
25489
16507
2997
4099
12105
8840
15453
11151
13225
26095
3552
17108
17539
8396
18276
3999
12052
11563
23658
11820
19745
12102
19561
9126
4922
15452
7083
2763
4863
3711
1003
12871
10921
20485
7360
19320
14476
4858
22065
8
24125
11254
23697
823
12079
24152
5150
2805
10779
18120
891
13553
14780
10888
7912
15443
9058
17795
7861
21849
7817
23297
25195
25508
13492
13231
13645
6101
8191
16450
14216
22867
1851
4632
16098
9468
8808
17689
2450
7023
19659
16528
3608
11662
12844
18925
9135
17644
3817
9057
23718
5397
24537
2066
20374
6719
25049
10324
10671
13041
17674
22501
25188
9615
22690
9407
6526
897
2336
7541
9137
1428
6990
20414
21667
6991
17703
14156
4716
1021
474
675
9039
5098
9443
11744
25521
13809
9744
14437
22522
17827
1004
1875
8654
13342
23856
10724
5831
16487
21025
8828
4679
1565
2139
9103
14978
24445
2374
14391
12191
16549
15048
2241
11691
22966
8584
511
17634
24197
17935
13539
7527
12416
25165
1900
22818
21375
13081
4530
12033
4008
11641
9323
8597
16512
25771
14869
9364
11697
22591
8014
2239
1358
24439
8608
26600
12519
26651
23168
4691
11635
24390
16492
11046
17062
23005
16984
16258
17439
8071
24652
8437
7845
2774
2893
16364
5309
1371
18827
14602
12104
5359
9526
14510
12006
9077
9418
9309
10811
14375
17746
2617
13516
386
12993
9139
4428
2382
7137
9438
17397
11630
17126
18000
11316
7220
17353
11497
13299
17053
23243
1309
18319
21001
2526
1951
15067
11968
22944
19919
16726
2097
10656
11475
10071
2228
20610
4904
22739
23621
21372
18058
17251
9142
10056
3914
19062
22483
19558
13490
840
2891
7666
17926
24707
16919
7981
7667
19361
22945
20914
5120
22521
9164
3775
7961
907
17012
13760
12902
19388
11139
6763
8576
1072
7185
23581
22507
21566
1283
13948
1561
24612
20031
15809
25031
11267
14567
6759
22092
8169
4773
22015
1290
24623
2455
5152
24228
12862
17259
17672
9361
14883
16073
12773
2029
8677
25148
2999
14648
17279
4018
24092
17937
24539
4138
8363
20868
20124
26623
3514
21118
3965
16922
6987
21209
22495
23357
12691
611
4143
22198
5416
26247
21908
11120
405
26082
26106
5579
23752
17660
26339
24790
22233
18795
5057
3488
1367
20933
4011
13314
11556
23563
19879
20723
13199
21642
24146
2173
20681
17927
12110
1002
9471
7891
18093
21073
14753
17924
20240
10278
15401
14308
136
17111
11685
11550
4640
16723
21587
1478
2367
4993
18357
17469
2689
1356
415
2381
24054
2699
25707
8407
15466
1596
1889
6731
12971
15413
5003
7431
11250
26054
2613
17730
23450
4692
21138
975
10735
11349
22695
5100
6811
26603
9504
19662
8195
11566
23183
20562
928
6749
7118
1307
23506
3948
8068
24319
17422
4153
13843
22152
21609
24065
5903
4613
3091
16994
11852
1418
5274
25088
18053
19845
1795
13442
2746
13828
1425
12377
22952
20625
7013
6143
10430
24536
14422
2024
333
498
12233
12492
9344
2720
10640
26161
22066
12686
7815
12226
17018
17972
2806
12674
7362
19700
18820
9052
7939
4856
16472
17717
22155
17446
2132
16054
26579
1466
21013
22601
6966
8978
25710
3577
10711
4777
12552
8374
21876
23158
3129
26168
26480
24032
6577
8102
18067
17626
1921
23417
14829
1691
2897
7418
10239
13962
8133
946
6989
25371
25157
3941
11326
13615
4923
26485
17955
9367
7153
9014
13521
8785
1619
11826
9085
23257
5052
20750
14938
13195
5930
18812
352
9623
24460
16636
22705
17328
13183
17277
17156
9073
16655
1235
23760
5029
16660
21267
12816
13629
23374
10340
13226
14649
16264
19970
24793
7019
9441
11848
23196
26529
7468
14163
10673
12170
2277
16
6007
20720
19994
534
17595
15796
2169
22606
13561
18821
19731
2937
11926
16060
26142
6252
7512
23647
11381
2734
4897
19070
18184
16866
4448
23284
21427
10790
1450
19487
24723
23971
20486
23668
23692
12810
2900
11489
22285
409
11867
6829
14097
17880
684
15812
8406
7112
24145
8859
12982
599
24115
5509
9329
5476
19117
8369
5264
19625
19776
2043
6166
5887
24
24753
8419
1713
3414
23641
20391
16495
4115
561
13238
2218
6777
19495
24414
23490
5556
7070
25405
26078
20324
17248
20628
6706
1812
22141
12026
11684
17950
1043
14549
3880
20104
13486
22889
2041
25805
24057
8796
18016
4416
14617
23937
19045
5478
9786
14729
5006
16444
22077
21560
14890
9488
20594
8135
19060
2559
4891
1728
3888
25000
13778
3421
16743
20780
11295
24353
5044
4836
10583
26533
19617
7655
7671
96
8434
16712
7138
16585
669
19454
18345
653
3065
12791
12733
3844
1546
15499
14477
16740
16314
8455
15590
13391
8495
25436
4427
16952
26375
14494
21024
14192
1669
12551
1314
25054
25747
14441
5209
232
13540
22105
24921
21773
14403
20713
16072
8793
13293
1613
4544
10076
18005
16956
6491
24646
12257
8155
8847
20348
8493
5462
3812
8465
24425
14754
13287
9094
19481
9776
9812
17850
8114
23441
22196
354
16318
2857
13605
20617
4672
19960
17229
1553
17105
20640
26167
23500
13097
4056
3940
10062
19467
22661
13779
20618
18533
3524
20467
23279
14694
14497
11737
10183
8814
3694
11074
7478
13128
16607
2201
21774
8130
7622
9316
5300
14034
1804
8073
1468
26067
22052
5031
9725
14090
22627
11625
6479
16972
14196
22786
5854
10515
6964
11343
9305
24754
16194
4771
13274
21806
19424
14887
23276
20346
18262
21666
14710
6452
6525
6543
4701
15574
10644
5034
20277
3042
13368
8008
19618
15540
19876
20362
24672
816
9565
14692
24607
13610
17707
23648
4926
11766
9482
24764
20899
18316
17493
14405
4161
21239
24043
3743
23508
15004
1730
5129
25780
26057
13171
2588
19594
10842
12955
1033
5222
22512
20102
26224
12797
11819
11726
23256
19598
20316
18112
9765
7587
8055
4433
15980
21647
18010
6206
6985
23941
11890
3077
580
13012
25559
18364
4884
22555
26392
4400
12366
4330
4755
6456
8555
4580
24047
261
8862
6752
9574
17516
2063
25965
1807
15043
20320
22635
6559
12780
18944
22599
22722
12413
13453
13967
1297
17602
20372
13639
5856
23734
24888
21040
11318
7699
26363
10488
21039
20230
22040
3659
7548
10881
7396
20889
8202
8770
17763
860
14908
4122
21137
2337
26329
79
22119
9098
18317
22890
12370
7088
18947
11609
16449
2019
24934
13158
15012
25183
25714
13606
18309
2739
4564
24067
3755
25672
15828
318
20971
18210
7982
2947
21207
7047
17089
13125
3445
19502
20254
1666
214
17086
22217
8559
7517
14616
5390
581
26246
6732
12939
24202
22189
13893
21370
26129
22868
19708
15459
15053
6115
16017
11534
4824
19851
7520
26617
7413
1104
26031
13302
7724
20475
23682
21084
21802
13068
14600
4807
7183
20597
13912
16056
13859
2878
15738
5277
25966
3517
18787
10795
17532
11572
2784
786
19508
7990
19317
9616
11995
25490
15638
11247
1047
22838
11524
2980
12728
17055
23853
8679
6783
23247
10047
21515
23924
14449
2369
2835
17884
1705
22665
7336
6044
13768
5363
2716
3737
16427
25125
5801
15946
9554
14905
17744
7839
11756
24647
24968
25482
3764
24346
24626
10719
12468
24077
25464
10538
15074
14786
17565
18291
12433
3795
17804
14715
17232
26035
10765
16358
16614
15813
21053
5832
7801
5888
19908
1242
15324
21804
1421
17066
15975
20037
24884
24897
8903
2948
8418
23574
15018
22896
12367
15785
8926
10513
18750
230
17296
22727
23992
21767
21903
23664
19104
11888
20046
18554
17540
3425
2934
26056
10474
22619
18050
13788
9466
7037
22100
1907
11810
8700
18945
7462
16337
11508
22169
143
21465
15522
25946
1412
12469
18137
11612
25930
14990
20305
10641
13129
10675
14819
16887
13222
2733
4928
7594
15566
19517
11041
3906
21695
17813
19528
18574
2929
17181
24648
20992
9746
370
18145
13194
5926
16405
15497
14165
8519
25105
16649
1403
5322
11541
22751
514
17754
3767
23266
26473
26275
11180
6597
14000
21698
22841
14922
16170
9308
2645
20547
21914
26528
9163
5858
10683
14739
7320
544
7460
24389
11542
923
1316
19065
1489
1350
4144
10594
20097
13913
13819
5587
24217
12913
7435
18325
8854
25814
6712
22202
23703
351
2192
8792
17683
4895
6998
18653
22508
4918
4980
4561
20819
22994
1171
2207
10577
4020
12365
13339
22958
5045
21399
18759
210
2067
18765
7798
9065
25527
1943
2919
11248
971
21643
19768
11242
19021
10238
13586
20271
21067
509
21259
10232
18757
4049
22301
10041
10480
13310
24211
11788
15897
2179
12670
17720
11812
17387
19348
19873
10827
12251
12336
14303
1721
9321
8057
5004
17911
8020
14030
4584
20527
24080
1777
10678
16424
19001
17904
11196
11457
6210
15400
20291
21145
21432
21077
15650
13883
17886
26285
5521
21020
12432
11543
6059
17962
18337
18520
22662
16537
20624
4735
10217
9360
17184
14761
23742
3861
3627
14433
8790
9394
21103
1797
5918
15386
9522
2772
13888
25987
22562
6980
19016
20093
21035
6960
11115
2972
949
9710
10192
2153
6054
16385
2824
14548
14380
20131
25465
22493
13620
21869
13933
5931
22756
24778
23974
15759
827
14292
18049
10045
5442
26572
19464
24559
17035
8297
13115
12083
17303
3766
309
4357
20423
13959
410
3797
15555
209
1572
2264
17117
16516
1810
4603
7502
4047
17587
11939
18898
21111
16969
18743
14390
15775
9560
3805
14387
5597
17049
12103
16834
16223
2794
1709
7695
5011
1825
19726
20116
4797
22936
12155
25009
21679
93
10169
19955
22513
16334
8318
20929
24004
8932
24657
3735
18299
20773
11416
9155
22609
16399
24398
884
20998
2190
19137
21517
3798
20044
18052
22683
9013
2635
1577
11514
24199
11552
23202
18571
16227
17157
688
14746
6235
7455
14756
12273
22588
23728
4534
5049
24342
9053
24486
25819
4480
4712
24478
8915
19651
17806
3104
24971
4134
25164
16587
7394
3109
19024
14682
13001
11188
11149
15926
10080
6718
3928
18241
18289
17759
2168
9696
24186
6041
4142
24471
2460
19399
8183
21519
13838
13191
10923
21598
15431
17727
1672
8894
21456
12970
15339
8395
14612
16647
4550
1934
9576
7855
18740
598
24542
3428
10493
25028
2977
801
14939
14394
18529
21021
2609
15600
25524
1087
17102
25660
11419
8807
4585
20797
9357
13528
19771
20491
441
11530
16543
343
16995
1699
15641
22571
21011
7050
26372
1399
12038
10392
6177
3020
19505
1938
20623
22870
4510
25921
19358
5268
2135
1588
20356
22309
25032
5278
6232
10627
14620
4726
4036
2602
21423
1750
1079
23612
7595
7609
8938
7010
15529
25320
17709
19341
2140
524
19526
3541
16993
9755
3001
25463
23363
15824
24611
2107
15585
3942
16888
14980
2122
17424
21553
18789
445
2916
19484
6205
12317
16217
19649
12031
14054
20125
24388
21088
3038
8671
16343
20667
25307
25059
6021
13072
10037
16216
22490
6761
12983
2080
2762
21065
11114
19015
23657
18737
4101
8917
4873
11199
19990
15539
12443
21559
18348
1632
19010
24779
10913
7565
8760
4762
13270
14452
3907
23716
25147
16293
22741
19115
15815
7658
9311
8937
7335
10543
398
651
13507
9125
14708
14744
3584
18934
5920
3063
2693
12472
2790
11378
14951
24401
17011
4397
19028
11055
14306
11779
21154
26272
14866
12727
4759
643
8585
13562
23302
12818
21644
10734
4894
2265
19520
23341
20747
2698
14215
6505
7546
16469
26252
10588
1751
211
9044
7002
22910
15911
23565
1849
1406
16456
10300
16936
17669
21569
2883
4660
7807
7497
22654
12398
21
17486
25671
17322
11781
11928
15534
22265
20443
16200
874
610
15968
11846
23342
6477
3628
15774
7337
17630
25743
22271
20566
18775
1287
14545
24655
13139
26005
10625
22215
25109
25095
3704
2078
24372
5205
12730
4497
19690
24318
12246
3419
24900
14669
1960
12883
4158
6781
21197
12427
6046
9767
426
3120
21429
2270
14941
3432
14966
16827
9618
20381
13973
7429
19498
7818
12027
15330
17455
11806
3009
4826
10389
14839
2371
17867
16407
8268
26378
26534
26364
2865
12891
25979
4055
16022
24926
9553
14678
15942
16243
12931
23701
17695
15633
16353
13518
3682
24355
19713
12909
24448
9061
22500
19967
4588
2465
4950
8424
15051
26027
11278
25121
4127
23273
9780
25520
14173
17629
20233
26172
8111
12941
2561
16374
7786
12429
21409
19627
16477
16044
14051
25984
12478
4029
18346
21054
6606
11484
22510
7598
20418
24914
22321
4913
7166
17014
1540
4563
20954
9749
13932
17414
19647
9769
9317
9102
6055
3569
15407
8426
6722
26618
24164
16332
4040
25152
22489
1580
34
12536
12530
20601
23454
5807
14401
14417
15921
25444
12554
17061
21633
13281
25302
24932
1160
19654
9087
14910
14464
2726
894
24510
7736
981
15550
6499
16509
2723
14475
2570
14967
17671
14790
3052
24936
21499
17332
19151
1831
22927
1850
14525
2656
20898
21795
6501
18061
20849
19393
14312
11480
8177
11051
25094
17953
18809
20383
20436
21057
824
22026
4403
4599
1848
11173
20403
15494
12456
9325
22108
13537
5434
22871
25146
13223
914
2764
4118
19747
13545
11184
10733
24515
12557
12798
127
17896
3495
24930
14442
2753
6954
6051
25802
12345
20441
10385
11225
5151
4419
4624
495
1031
10419
24317
1778
16716
16728
22051
14856
4916
5890
7892
7681
7368
14515
10273
20556
6056
12521
26029
20765
919
5500
433
11879
20621
17271
3542
21373
22602
2603
12028
10373
1486
2334
21693
25026
20002
24745
7156
17009
836
26562
9315
24732
6484
13051
317
23915
1641
16007
1811
11404
624
7012
21243
23775
2921
12805
8364
16817
4631
17640
5092
14364
10875
16757
23975
10205
14378
8011
20926
8293
9111
14361
25395
1814
22304
16108
21113
15476
21185
576
17461
7430
7760
16390
15957
17316
15992
18671
20781
20905
4812
790
8803
6
11178
12194
1969
14220
9110
939
12043
25478
2697
5039
5058
7775
14370
2071
26111
22539
10704
18810
15527
10693
6776
7176
2313
16398
14983
10595
16198
18263
22993
2268
16342
17718
13799
17305
1508
23842
8916
19934
25299
9339
5234
7387
24176
3883
7206
19300
11521
19695
17421
13557
12462
8176
18565
10526
5542
8340
24967
10159
1828
23099
13386
21213
17287
12167
8772
3913
1655
4035
25699
13569
14725
19124
16163
10667
18756
18123
3864
8174
26555
23745
18035
15816
913
5016
97
2877
9802
4831
3125
24585
21474
21403
26023
13240
20450
11494
16831
4979
6724
21877
23753
4579
21268
22651
14431
1379
20728
23747
18091
12067
14720
15614
23540
26573
24514
18304
21875
15649
22691
6704
19291
26060
13109
21263
15380
10186
12340
7199
996
4503
15934
2443
17428
14048
4644
21361
8506
6141
20649
4515
23676
24167
6036
14546
20712
391
8185
19381
16686
4385
25205
23405
12341
23706
11053
19332
15009
22869
11406
17868
13298
15058
17375
8181
11371
4734
4582
25187
9638
14384
22826
8892
573
8161
14284
20795
2065
7082
21599
22036
23350
20752
11650
9536
23661
16256
24473
6039
10519
9048
15629
4354
21781
26348
1576
19401
11214
11108
4994
6067
13886
8773
7020
3049
26489
2138
2053
26591
13558
16673
2388
14275
25969
24910
8743
2852
25795
4998
8159
17167
17793
10128
19044
25506
13035
7061
1513
20549
16665
14769
13815
6730
1573
23351
8438
13851
24377
25773
13548
22062
2629
10420
17074
7703
19488
9299
2687
10758
430
14498
23296
23150
25938
19619
13120
7813
8590
3535
17536
12868
17027
10772
3508
1723
20888
6476
17347
889
21445
26097
2423
14376
22973
17274
15489
25929
657
26484
13069
5482
12290
20774
20518
10886
13532
20977
6132
10311
11745
22633
9721
18329
14069
16752
3918
13824
10490
10665
17557
16602
13394
16240
5105
23098
4675
2165
2760
19958
2788
17522
10181
9642
9607
17641
25122
2175
25468
5396
16109
7791
18906
18772
4160
19673
797
13006
11613
8154
21887
26643
25311
23176
7356
12693
18264
24640
11348
11690
16461
18318
15573
25439
15521
16416
22796
19853
13344
22068
10216
20711
11277
8546
2859
22058
12436
17005
543
973
10705
4862
17530
11392
12229
16520
14080
17020
13179
19000
11054
2099
9417
23741
7689
3791
13783
17597
17591
23592
20602
22137
7797
6615
3002
20113
14974
13836
14229
7740
217
21463
1001
23321
7988
15352
16605
2782
3148
15518
16661
9600
25406
24725
8651
2089
6208
5071
5420
25418
13908
2373
22979
3426
21799
20567
4642
22266
10176
10052
17840
20893
11551
13575
23623
21606
2812
3967
7053
15472
14823
10247
17567
1805
12976
14943
15749
11365
4073
3551
193
25153
22111
14154
11739
14483
25373
3545
13154
22731
8606
16107
447
13253
17354
425
1924
671
8110
23710
2906
2594
10826
3754
12203
20686
5369
23163
2221
1582
17888
1688
20978
6962
396
24162
2622
17767
17665
25313
19728
19739
18584
12311
10547
20015
12289
15017
6510
18811
17352
24569
1076
16046
20919
18
21665
25955
6554
7014
3938
7005
3134
16005
3546
19338
24678
13096
26605
23523
14948
25728
9354
16565
17073
3884
24204
14195
13292
5101
8359
20749
19653
25167
19329
1940
10712
6995
8852
334
26241
26036
14758
15490
1278
12108
12721
4758
20012
19874
3084
8838
20995
7342
25676
12533
16589
10244
22028
1491
16259
12915
3598
19697
6812
8319
6839
3442
5853
5102
21163
2150
11824
303
12702
25103
26359
22934
10653
17365
22089
19437
16996
4685
20019
14800
13534
15646
17824
24220
16204
16299
3663
17773
6038
11042
377
9099
4491
14362
14998
20453
4473
859
20282
17374
22186
22041
21496
17982
19732
15744
2345
5528
23828
3871
10744
19330
9080
26593
2810
19394
15970
12120
7433
21359
5886
19548
24404
12961
9107
14489
3494
13099
8531
4537
1429
15454
18128
21405
13042
26594
5836
4150
17925
9649
17664
22315
21360
10333
17734
8449
3655
24350
17684
16823
24490
13355
22216
15576
10517
23774
6720
23520
11076
13863
15675
15033
14719
16765
4846
11204
1512
22561
9010
8934
16540
6959
23480
4028
21195
14094
12936
17509
16521
23554
13597
23631
960
7747
10756
464
7654
20380
13024
16710
6469
12964
12428
22955
13897
18819
13871
4915
22516
20955
2717
18865
6808
254
2932
2402
20697
5046
22856
10081
8333
14686
24432
9161
15935
26535
8168
20053
12431
23499
20989
16440
8149
24710
2079
24705
17083
22037
6253
20396
7457
5362
23944
23367
4662
18560
895
18054
20333
1300
5096
17583
4850
21406
23210
15625
5135
6173
19465
13795
4478
13155
25156
12042
3082
13481
11317
18848
11195
3557
22903
21434
1080
12509
15654
4442
4322
23766
12318
15674
20704
16430
25297
21133
18669
2587
23344
21836
14624
18083
22570
25937
11960
12715
18753
2542
4033
4005
6536
3911
20386
12989
7558
18202
14222
19292
5480
9523
15953
523
4719
8383
10104
384
5934
13108
13604
18180
11610
18867
7777
8472
2258
6563
14957
18537
13804
19362
7626
7873
15820
11891
13297
6445
17447
19367
16522
18254
15349
9663
7900
8947
24972
12122
18672
24543
13855
19639
11953
14419
18808
22612
4864
26614
10545
17861
3121
4845
26109
24992
23001
12878
23392
16162
20308
15794
8652
18022
11155
10878
21787
12269
9072
23474
4597
17452
12988
13525
14562
14675
1555
11456
15065
129
16435
11377
1636
20859
23580
899
6740
25658
24651
24236
25209
11203
14517
7630
17818
11461
26065
3137
24086
6509
20088
18899
4971
21023
11596
5405
2601
18910
15415
19116
21694
20345
26088
6794
16750
2887
15492
23934
10619
17451
5017
7544
3145
14302
8599
15432
22942
25450
1639
10286
15572
13656
2198
21237
6973
26343
9330
26038
18245
10882
829
23965
10709
21109
5290
9424
1656
5337
17321
19123
17945
14512
14654
18173
26638
24991
26336
2535
23911
16677
17427
23988
11580
16886
6458
3034
23155
25315
11373
8672
4557
8542
23184
12998
399
4004
10884
12383
13256
3728
17929
14024
18907
9008
5877
10809
25473
22706
21182
21203
1311
10129
13312
16347
26384
3489
4506
14588
17480
2081
13445
997
23586
5588
3860
8662
19413
9349
4656
6709
19326
10699
1464
2431
17696
3757
16340
19656
24912
5443
2280
1906
12338
24101
14076
9590
26135
21176
4021
23908
25389
19333
4958
7105
8661
14671
4677
14676
590
2021
10871
20766
3118
24015
19392
2725
10281
21012
12355
21107
19902
3526
7856
23515
12990
4933
6614
20561
4500
23137
25437
18051
5270
2991
22728
615
14357
16350
673
17253
5818
13535
6475
5119
4088
21504
24894
23582
9506
23272
7522
7102
22059
23973
18755
15028
2654
1394
6534
871
2039
22604
22667
11440
23172
23907
5038
25677
19611
3416
17007
2429
4596
19535
6795
20897
6552
25149
17841
5447
19841
25004
20236
16308
2215
25366
18226
12991
2856
19532
19093
2615
8899
2676
4885
1679
26352
20335
13598
20876
7614
23796
19442
16864
24792
17497
18666
5904
7180
9118
17774
8551
6743
20328
21044
17546
9046
6075
21550
17663
1815
385
16976
8497
16584
11548
26276
21565
19138
19513
20952
24996
11686
2077
26377
8302
11368
19150
25764
13305
608
15042
17409
25791
14583
5281
3418
2335
3639
23573
7943
8329
7750
21895
15766
8311
12812
10283
14788
13248
16474
948
8950
6976
11388
4817
16384
22851
26362
7973
2626
11080
16931
1006
24919
11367
24524
15956
4487
2523
987
10696
19754
12722
4507
14876
839
2194
21128
10757
349
14695
5486
13600
4753
12182
18855
3615
1894
458
6721
19342
20593
23464
15503
1340
3878
2223
15412
18196
21571
24429
6566
2971
15937
19114
3904
3848
12250
23410
6195
12465
12248
15517
19941
4154
11162
8782
14074
7026
21257
14172
22757
8490
5997
18199
24751
11177
10778
14499
14592
3138
7425
8855
17787
17779
10079
12371
24589
11986
14605
9041
302
21357
23694
4798
15817
19352
16547
18354
24780
16583
23702
24531
24776
6822
645
16297
16637
12054
223
11787
9542
5566
24025
4893
10708
16544
16663
11532
16320
7042
2087
4027
4155
17593
10388
7207
1654
18287
4625
5216
21221
23446
19441
9606
15814
513
15797
23970
18200
6153
23300
10676
16615
7657
23686
13443
438
14189
11289
7576
12397
821
2940
135
5054
1098
9431
25494
9016
13085
24659
14893
12362
13972
5437
24532
18836
25380
26389
11631
20632
13301
11125
4725
10803
19478
25175
1575
4043
13467
14623
20503
9162
10808
11994
11694
1370
22592
779
2664
11905
19628
20880
14947
23689
6126
8077
10892
17958
21648
9056
4022
2405
5374
9363
7805
3912
5865
9368
6108
2164
11857
11719
10199
9713
11154
531
13565
21853
234
20634
25788
16550
7588
20507
17919
20999
17877
12113
9622
22926
16029
11923
18540
20355
2662
7038
12943
17379
16481
5050
23950
14300
24048
11614
23783
16328
6598
3657
19518
15670
2232
19459
22031
4351
16466
20818
10083
20692
2842
21051
11813
20738
557
22637
13030
25661
2343
24669
25796
10539
4782
12537
17761
13322
21492
17918
9012
12152
5531
4852
18919
9555
10919
26251
18829
11224
17506
13348
16777
25801
1039
22034
23152
20537
15786
17319
13790
17615
4476
24513
13250
8556
13376
9021
4787
23918
21223
2627
19866
21153
19559
16441
26355
20462
16944
18515
11319
2050
16255
532
16935
18655
2951
25212
4861
11231
510
3829
22090
5258
17589
7896
7716
17785
17648
1310
26227
5118
18561
16884
9688
10865
18104
4867
22875
25952
24153
16690
10651
17757
10089
6601
2250
24174
16885
17892
25766
10512
18924
21411
25370
16579
19418
10690
3014
2516
19050
16257
7832
24320
10084
18185
23546
4702
14383
16104
2340
12471
25174
3792
13354
2193
1802
2394
16683
6576
19347
13311
13259
16525
12086
14665
2732
6715
13947
8557
1178
14871
9678
17479
16409
1245
2213
1409
14214
22302
4343
19606
20469
23650
15753
24681
7889
8384
2641
16875
8870
11677
17052
7571
21070
3438
1096
11958
3510
25189
3849
25119
10095
4117
19032
10691
3127
9133
2740
13032
19307
21106
8600
19387
4876
12461
9093
15993
20000
198
22219
5311
1689
3083
22203
14553
10534
12522
4887
20289
19077
15640
4446
14408
799
21844
15655
26598
8744
10313
413
19899
10855
25470
10659
8930
24016
23404
7553
7087
2607
25387
21038
10132
7144
7043
11105
21771
1298
19613
14035
15607
8101
1521
11448
7484
2839
252
21252
17920
15037
21397
19331
10770
24084
12106
25790
12114
1527
16991
6978
1165
18563
4789
10492
15660
20630
17825
12888
16453
26291
10091
3778
22636
22532
19657
5830
11126
9410
670
24091
10927
2870
2814
22024
17837
14418
16224
11335
4902
20452
22531
1913
13858
554
23666
25090
16438
24216
6122
25978
1529
8164
12903
15420
316
7650
22734
15988
18508
2875
17620
13164
21417
7794
8955
11657
26585
19054
7971
7810
4696
19456
10717
11771
6203
15899
1018
12065
22498
4358
23652
1461
21413
2174
26644
3934
17101
13318
14210
1462
24413
22725
12892
83
25784
24235
8196
20891
21018
19671
14775
22174
9815
2257
7937
11395
263
19837
15777
24192
17160
4508
21576
4805
19354
19516
8698
14529
21597
11170
21069
1177
26596
2255
10592
17415
6527
4741
9627
11601
1359
15923
1526
24477
19961
9677
6033
15764
2962
8190
26269
15027
9415
1926
18853
17225
1457
7110
9790
19133
4723
13621
9450
13823
12665
12673
16586
19978
4658
7923
26335
6026
571
366
7530
9795
7819
2315
22098
21356
16000
11290
12795
22992
20429
24168
17798
17121
7930
17473
23195
24868
26110
8145
3413
2912
20508
15584
25961
8969
1824
18216
19637
15631
22475
19427
1925
23708
16426
23376
1966
1780
10611
16491
16531
26381
10571
3024
13020
9811
4450
2955
17764
14443
16376
21790
2118
648
7914
20364
11321
9397
19039
4399
18156
8595
22885
23800
7785
9602
17822
13053
2273
15510
14161
14817
17318
24481
16977
22199
21008
2309
20988
2352
14632
13151
2162
16475
19608
6813
3675
7949
12896
22148
13321
9583
14513
1857
17590
22960
8414
8742
12446
18892
25964
21458
20703
10085
17554
23962
20394
11063
20051
11220
12995
23799
24386
13924
23304
22224
5889
10612
15648
1808
22622
18516
26342
4574
9619
20026
12930
16486
18195
23208
11084
582
8084
18665
13988
14985
13633
7640
11901
14440
1026
1294
16246
21562
23778
13504
14500
236
4132
3718
8509
3937
7539
850
4159
17833
12907
8356
5386
11626
14633
20662
2225
15362
5353
22139
633
10146
9002
18235
1834
22984
25680
23218
5127
24064
883
18215
9112
1068
21438
1871
6745
18119
23739
23449
992
23906
12442
16943
23295
25691
7406
26242
620
21653
1514
14282
21376
25446
23109
12354
14646
22849
11932
3570
2338
7117
26599
12328
15898
15729
12284
2773
25461
18189
20802
26137
12180
6121
26324
7223
11615
23588
7944
7169
13093
16069
25134
8290
142
7618
23913
7134
10220
21777
12278
4589
24458
19496
17233
16439
1663
10872
18805
16234
26271
13583
8162
10916
9487
13572
25488
9761
9733
9510
19838
12972
8294
23512
12839
3600
25700
14973
18283
253
5457
23624
6455
11102
21623
6567
16113
22515
6701
12196
17627
23679
17865
2370
14404
4733
25401
13852
23665
24327
8405
24756
2953
26474
11219
20842
12706
14661
4868
13657
8328
19299
24046
23308
19849
22548
10782
9552
6513
24635
3071
12946
672
16705
138
3619
19128
13955
11789
24978
17581
18578
9584
18167
23221
4421
20439
2604
4629
12349
21211
12774
17907
10162
2848
21661
25787
10686
7531
9059
7135
25316
5465
11809
12450
25126
25034
8142
11945
6489
24598
18147
13145
14814
13591
20451
1360
13181
16880
7332
5025
7151
23736
4347
22605
19694
13538
16640
8558
22969
3748
9090
14730
22861
2191
12677
8166
9782
14049
9124
21188
5422
22088
14285
23217
1690
15026
7326
2911
25650
21241
23390
12372
20440
6594
18523
25973
19670
18034
21801
6498
17339
19121
15482
4924
23972
8277
25769
13359
146
17612
11328
1538
15752
17677
20392
19429
14492
5909
25124
13793
6098
8805
11750
26639
24417
4772
12669
11815
26325
9639
22503
10728
17388
24338
24474
10197
11418
7373
27
218
4083
4620
24052
3022
16016
20223
21230
26048
23910
25778
810
25081
24891
22205
18647
25462
5026
7951
5146
26130
18098
23497
11488
23721
8921
1493
22769
24715
3858
19322
13482
4729
14705
4479
26026
7142
1618
8905
7941
4025
5145
22046
4569
6093
2060
4949
6086
14470
2621
12141
7709
2032
15831
10552
16268
18677
15399
2376
23925
930
22279
17607
13266
2106
15799
5005
144
14743
20921
8367
3015
20066
14202
22310
2318
5520
8444
17975
2540
17029
7493
5495
14457
11235
8873
9383
5272
8423
23262
17687
7569
10621
24341
16460
25073
11515
1905
3855
26016
20323
9152
20710
1702
9437
21848
22573
20907
10907
9336
13470
16448
1397
15978
6244
14816
1660
9734
23136
2434
101
23611
1687
26390
3614
14778
18161
5409
7401
16970
9655
17227
16814
14859
11232
14104
24423
26131
9115
21500
4996
17285
9577
19541
7048
11260
4545
12277
6495
159
25514
5578
22720
21071
13263
1600
8428
11362
2380
1416
5087
17700
25304
13797
1783
26068
21162
98
9050
13593
22256
5451
24560
5884
17647
20629
8116
11553
17119
7984
148
25305
19645
23242
18938
7771
20544
8425
26000
13384
16119
16467
9019
22245
13337
12287
20447
19473
12784
13398
24630
13286
16948
5603
11562
14651
14699
8910
12288
23478
7958
14291
20771
1556
2045
17676
15947
24326
10044
22249
17483
24867
17179
235
3958
11398
20238
2444
5075
22149
23420
23439
25986
1661
14102
10630
833
5574
23455
7442
1398
14473
5291
25541
21864
1637
4434
13002
16868
23412
24160
25798
21120
8265
12202
16697
25734
22178
6193
20652
14274
14190
17668
21843
22743
19382
18843
17302
19735
7549
25309
3850
14928
16709
4443
8653
7516
17934
25823
14728
17272
8570
10804
2554
5571
18651
24126
2930
1606
10131
1291
25920
23590
16057
22975
12944
3528
5511
4927
14843
16425
2651
23322
7215
23936
20997
22511
20416
8928
15549
3705
19008
22974
5094
877
16050
23442
15602
11481
4822
26262
18349
17765
12467
12002
6212
10797
16400
4447
4756
13480
4600
17817
4062
15325
2737
5036
17558
3733
16498
14924
4512
14704
17437
16317
17425
15060
16942
8266
12310
13845
10436
24232
9690
8856
3116
17351
1716
20063
22660
3890
2451
13196
4559
14001
2541
10053
4595
24446
13271
11959
19909
9171
17290
5427
3746
10689
17871
13837
612
1390
12503
10096
18126
22699
11811
2969
7639
22773
22810
24516
9355
24917
26231
10155
14860
106
4937
26478
20979
331
25760
3702
17876
4853
17731
20928
4825
22509
7690
25425
545
3601
4623
2359
213
19391
14508
3669
2038
26472
3647
14763
22855
7322
25178
15328
15997
1085
8476
25776
23773
2827
17678
26217
12709
2331
372
20672
1796
24422
23922
1633
3556
17349
7379
2226
20310
22208
26136
13073
3575
14176
7315
19380
24671
19593
14092
25988
3592
14460
12148
16953
25785
3006
111
22207
2466
14356
1671
16654
330
7317
4769
21654
7205
13801
17957
17091
1065
17747
11654
24597
26483
19886
9822
17278
20526
13622
1630
23234
25025
11409
22746
5908
6958
12168
23329
3110
12385
17713
10481
16675
21610
14213
13378
1621
24577
5130
22086
11491
16354
376
9743
11493
10125
7694
3502
6170
5356
25484
4942
22008
26631
18326
21664
6588
19717
15359
15369
10556
22291
9672
14989
22881
19767
16202
25939
14884
11651
10784
88
13636
5263
10257
6035
10339
12787
19929
22536
1609
2975
25327
808
4435
25407
25933
16300
7986
9741
4795
13147
23360
6065
21902
23230
11853
7476
9040
9738
463
12407
8441
23354
11430
26143
7426
17334
7647
18862
26565
20029
16731
20430
12335
21586
19368
18896
24233
4908
9783
14639
24468
19453
13519
20865
11393
17609
11565
21657
11350
5085
14171
20438
2166
17389
18868
9411
13619
3902
22107
20915
17292
4827
17610
9768
3660
7780
13889
14882
15032
5874
11433
14747
16273
3857
1735
21840
19491
19687
19917
16122
21793
18914
21786
21591
4331
10841
24750
16238
7808
2231
12055
16527
3624
12449
5314
12817
14660
16538
1463
7163
194
14088
19366
5089
20812
2181
25038
21116
3689
7095
7789
7121
14002
13000
19440
14182
24684
10533
5485
22190
12175
9534
13395
24132
19510
24638
13536
17944
12550
17995
10295
3530
5859
11513
15936
21522
24134
2544
25030
3845
20334
12172
3142
14052
14679
6089
7482
7145
7071
8764
9512
9066
19610
2333
3146
4806
22685
603
21049
24041
22753
22655
541
8511
24509
22747
17016
13884
5319
15370
5855
17722
15561
16383
5458
20457
11814
12711
19407
14089
23966
14358
1035
20283
22714
20920
8748
4639
25052
21344
4997
22081
880
16302
4799
13061
11520
21658
20148
22700
25665
4465
17753
23597
4493
3654
15680
24791
4528
18513
14635
17662
5215
118
2571
13077
21175
10312
423
5009
7076
6542
11925
13013
25999
13922
25721
20739
8762
15619
15542
19693
18748
13618
4972
7765
15601
12738
16428
21450
23548
24124
2437
16926
24906
23283
17125
20269
9611
1480
310
23808
9699
12698
24001
23643
20860
17468
19762
22932
6030
12714
11859
2157
304
10225
2236
958
22300
19981
8749
11723
25012
16691
2646
12100
784
26486
8494
14670
12843
4682
23348
25438
18866
7821
1539
14946
20371
12363
12692
11065
3691
23997
15530
3033
15821
11637
25516
1338
20659
16281
4612
2432
7577
13524
4683
23660
3030
17010
25393
4802
18799
8093
21032
16674
16671
10657
22482
1855
13040
22929
21898
17263
16563
20379
4124
22514
11746
20023
13991
1678
3772
9777
11794
17128
19408
16068
13066
16041
26071
663
117
19539
19897
5376
16043
3436
22221
26237
6005
22702
2511
9496
16378
16554
22970
11492
18252
9494
13975
14268
9358
25421
15044
9340
4524
23461
7018
5239
5061
5461
19105
3094
11236
11598
12719
19475
20399
12851
24743
19894
4468
10112
20354
584
25922
24798
7017
22687
3027
15078
10857
23114
17487
26150
15598
16178
7075
9007
19072
7218
16678
4039
25497
17166
344
8398
13969
8410
16536
3074
15416
18897
13182
20501
8308
8443
10780
17293
24006
21645
19949
10816
23313
19375
8291
14667
7557
23990
10245
13945
99
15803
6082
2424
435
5484
20432
9601
13556
24352
682
16373
19080
8205
1570
14805
19891
12953
14700
10067
2428
11306
1686
6762
8949
25820
25116
553
23145
7355
11212
8420
21575
10064
16696
25705
15829
9662
22110
16018
3885
23301
17182
1652
9356
12039
20830
23267
4690
6539
8575
8466
9461
11889
5335
1784
18188
23525
1020
12667
7955
5240
16612
22554
22674
14853
23789
2317
26540
8665
22684
878
3833
593
26558
18332
25738
6167
10237
13437
19699
21865
2272
12809
26293
23387
24925
13775
8442
7676
17987
23443
20695
24522
13980
8829
18118
6062
19683
19035
7518
24609
10847
19991
10172
20975
5469
2185
13202
5415
20504
21046
20609
16593
2797
5800
22938
15341
2088
7489
20056
19877
23215
8841
11793
11971
4565
15501
10607
17301
3950
16190
17103
7100
18834
10829
2888
2365
6241
6585
1528
8352
9434
7720
2768
10415
1933
13466
18800
7437
12476
9442
22156
25763
18205
2686
17526
25210
10147
19036
10846
649
4080
20325
18670
9132
12190
10562
2390
25693
26253
10428
2459
8843
8594
5208
16616
25770
2543
2332
9668
10861
24056
14446
16687
21646
3997
13910
25063
8784
5895
192
7611
14958
103
9018
6068
2706
4149
8381
12671
12267
23927
5336
22754
23126
11113
655
2731
8147
8533
25985
2590
15329
14084
17481
8477
20748
613
15446
13934
7161
16295
2408
17653
20412
22543
8614
2913
5018
24335
23638
11784
564
22882
12154
7034
6565
12528
20642
13126
11871
12337
7006
23388
15436
15639
19887
1046
10236
12454
5852
9017
20635
4323
20611
10137
15802
7202
5794
13089
15746
10848
13965
14451
11940
22693
22264
2209
15543
2413
2744
16693
4995
24712
1456
17858
24588
24654
191
22603
8118
1629
2018
16031
9159
15976
5219
7198
22125
23976
11992
25396
17260
25515
11956
23282
22918
23556
4094
5297
8165
17127
19355
21907
23488
7359
14613
24410
3872
12093
17313
7338
13269
23654
12679
21260
3852
9817
20631
12069
9298
25027
12775
26043
22480
11966
13369
22935
7077
24143
18842
26102
2650
24066
17076
18282
1816
19564
10417
22842
21436
23375
2115
5012
3607
12306
5114
11554
11172
21444
6750
11
4983
7200
12249
26292
5507
20717
4482
6066
20043
12297
1823
25499
23100
4604
6723
13364
4420
8885
23106
9682
15475
1279
15441
13033
13214
2701
22257
11435
16604
13204
11187
26263
16386
17836
8538
16251
23231
9598
25303
26282
809
4492
4140
25479
360
23813
18152
2163
13987
10269
21167
11243
14629
2183
6819
4713
9579
20520
22752
26630
12996
17996
813
20266
11571
16928
1384
23475
11982
2249
21217
6099
22085
19106
15913
14578
4337
5266
19547
9100
22907
18889
11671
18298
17378
7150
17300
11721
17507
2536
22922
19056
13780
6961
5023
26613
26100
8939
25496
4517
392
21780
2433
3813
7554
22797
25673
19892
8757
7620
3745
15810
592
3444
20311
8337
12662
2873
11136
19607
11927
20256
6250
10260
17235
6963
13906
7461
13309
23112
17238
14735
7790
4860
2040
17110
16506
21838
20906
24615
16595
6572
13469
11729
16719
2512
20976
25657
12151
13062
7515
5076
856
14776
8409
16321
1058
9665
12348
5841
14994
3996
8935
18070
14619
24467
20553
20409
7742
785
21005
18114
7352
18657
20288
7764
20606
25113
1605
11937
2396
12853
4514
13207
4767
5283
3420
14965
9382
11858
15945
15771
19992
5081
15778
14637
26606
11327
16252
8874
18089
9617
15451
24908
10851
2281
327
15894
1378
12463
11049
17496
19753
13499
7008
7563
16307
24606
3809
406
1749
16568
3093
17231
21130
14014
10791
1552
23849
16772
6747
24675
4437
2422
10196
5546
12994
25767
7627
22899
24424
20343
7371
3896
2017
26547
15438
6028
17289
8670
13444
9350
14218
904
3774
4387
26527
10856
7585
25062
15471
16818
7836
8613
5940
13235
6048
7590
19534
13951
18158
4394
5241
8192
18891
6986
12125
25123
19430
1837
7152
12710
7710
22915
6981
9062
25162
9546
24347
8459
17395
11185
22477
23602
7492
8270
18090
19097
17524
17961
535
3047
19075
12835
7642
8280
25534
6180
18099
2918
2992
1617
25493
21125
19896
6031
5293
8023
231
21196
30
1502
21164
10075
18806
11632
13047
15507
8923
16767
18918
11783
470
6982
20384
18351
16703
7688
11834
17902
15075
19718
12954
8339
12253
14201
16124
3417
24720
22318
18774
14389
5820
24907
10098
22853
20506
1363
21512
19779
6472
10748
23551
18201
14283
8752
203
1078
13143
9740
13100
22815
2350
13970
5140
15448
12968
16560
2564
4898
21479
25698
6137
22519
10259
13517
18764
22860
12023
18191
1361
8970
9569
450
5879
9570
14767
20036
10833
13554
8902
13208
25077
2556
9092
17943
10654
8360
19999
13187
8759
21139
8377
13113
13461
6102
7589
11634
21800
24990
7513
21253
6824
10317
4776
15358
12212
26022
15435
3449
17094
14501
24633
12156
676
25970
4649
15833
2935
20482
5068
14865
16011
17093
15999
13452
100
11588
28
15389
21493
24114
13899
8541
11708
548
19906
1695
12837
18046
2583
5876
13625
1479
5252
7759
10499
21789
7424
22670
23784
8281
16361
23848
12405
11555
26045
20964
15350
19027
14571
11238
6725
14307
17372
8798
10171
17419
3499
4463
4000
8106
3516
20966
1095
10623
19923
24958
17028
14955
13180
17116
7717
1586
7757
10264
22488
16417
7962
10587
6508
15979
17768
8194
22250
18129
8781
11081
26351
23982
25781
5996
22698
10139
23820
17520
5030
7925
21401
11142
7656
17021
11167
24212
19758
1301
20961
5383
17286
25160
9375
4113
19565
12741
11977
126
16345
15662
13626
23368
8056
4093
22044
9326
3963
23951
4844
11640
26636
12975
4751
1333
17624
17377
13776
16610
22057
13186
18841
10750
22313
21002
21501
17794
12732
17617
7339
23719
6453
17941
26152
6755
6710
17646
24953
10864
8961
11294
9614
5502
2532
23326
26393
2923
15922
7877
14950
3544
7564
21612
200
11257
4977
1369
8911
2833
5577
3789
17805
22586
12234
17161
6109
23148
20776
17657
24788
12292
13890
15402
21593
11146
19975
17636
9675
9807
3955
8524
17450
14570
17606
8800
26105
9580
10335
19409
25101
14857
24909
20787
23527
23151
5288
14789
13152
25202
7160
10416
21611
1887
11655
11469
8380
26538
26003
3824
10702
26546
17059
20425
24600
2926
10118
14010
3760
8347
3562
14664
21076
18069
320
537
155
14459
91
16033
15798
647
16826
23147
18511
158
13184
6521
11817
9169
7448
109
13057
12210
24163
10229
20351
8095
19055
25550
12204
26331
8771
18940
16946
12705
15560
19098
11667
13003
2368
13456
17635
17247
4843
977
6218
2665
3769
8774
24813
12739
15634
13944
10497
21074
26595
1864
5916
11056
11082
10432
5259
9095
1878
11092
8518
8751
9587
21210
19748
2178
11570
17
23537
20086
9640
23605
8622
20126
8361
10736
13459
24570
921
237
23299
5086
20945
18183
7796
17420
24702
23400
24309
17893
2187
23622
13447
411
18939
6228
26079
6107
22019
14071
16179
2657
107
6190
7803
17701
20405
15320
23411
25991
13133
24870
6754
3539
17643
14027
3703
8429
19648
20514
1863
9348
16287
23269
12074
322
12381
17728
16344
1520
25071
8880
17618
22888
2978
9091
12185
1970
12959
12239
4333
12786
10904
7366
26009
8346
17654
5115
16294
25546
23157
24586
10843
22933
2172
5377
21480
18302
17823
12360
12291
25455
11576
23819
2941
22029
13103
23445
1248
26580
12044
14411
15724
21398
4085
17431
22073
23958
4523
14774
2639
1351
4828
8778
25495
1545
10723
5149
19972
11559
12307
7652
7428
16463
11603
12406
2421
24741
18113
2206
1012
7353
24393
16381
418
26032
15447
1025
18218
21805
16021
14579
11997
10305
15606
6450
16279
20513
10920
10195
12414
17404
23609
22127
221
374
25115
18912
8567
3962
16187
7888
24119
14799
6524
22163
22253
12322
21115
25072
9101
14472
6610
3897
7632
6993
2400
12140
17576
22162
4738
206
26223
22666
15516
10210
23347
8182
16574
2825
12357
25492
1504
15928
9452
6753
16076
11268
4511
26616
4438
2550
23786
7104
14169
14382
9478
7427
25106
24411
17963
17454
17584
17645
25659
2121
5906
794
10794
3652
21457
25120
12480
24520
7509
17044
14820
17938
9412
7578
160
16642
14543
23204
3135
25717
8370
4987
16181
5819
15669
7381
17385
21355
20551
19084
11876
11870
22529
12129
18160
9004
22820
24351
23530
17538
10721
13814
11868
18233
6047
16695
18567
17821
224
4717
18814
1820
8680
19666
17417
24443
1496
2874
20620
25408
9709
12358
5406
12838
6204
811
10424
11213
21476
5056
22096
11410
17666
22995
15925
22611
14842
25507
17281
15558
9509
15677
3088
25977
4714
9370
26258
17426
17398
16816
13320
8004
20856
8530
14056
19663
15636
6832
18060
14085
12186
19311
18742
12150
12213
12073
17586
20421
24765
3043
6746
1551
21066
220
7454
23629
7711
16289
26648
2898
11902
14594
8825
15563
5404
16773
7170
23293
8515
23826
6547
1515
22726
14855
15838
2625
18315
22817
8301
22736
5269
5586
18850
7514
6222
25332
13765
5028
19986
4618
1240
6057
24190
11816
20222
12684
15610
8401
7015
23
14755
24592
17245
21495
15486
926
12162
4461
6974
16510
25208
9000
13323
14659
20764
8402
562
13448
24141
10568
17335
7357
12220
22523
13930
19316
20682
5037
16717
25825
15948
365
21178
14827
17406
6258
12466
3759
4074
20290
19691
14917
115
7850
18917
4412
7508
18532
984
15456
5532
4017
11455
19003
13127
13998
19302
20150
25096
9594
8543
11772
17344
7319
4991
6100
1624
4851
3714
8683
13649
7968
8505
3673
16415
1909
14802
26087
16534
15002
8003
11201
16707
2751
13150
22772
18301
24643
16201
17169
11983
17048
11526
12263
7221
26019
5529
1911
9748
2130
23127
26267
6105
9071
13904
687
25201
9632
7479
15520
13436
23259
362
10282
23947
1449
24769
23809
5473
1841
11887
2203
18933
10500
13176
18267
21452
20057
26047
8925
3724
13170
844
23457
841
11786
11540
15034
11604
2354
7453
10863
10187
16097
9793
4607
13262
6134
25107
15909
3898
13471
6702
6997
1917
13018
10546
5073
21455
21349
13587
6172
16959
13880
5384
8979
15508
6769
2809
23776
20465
17490
24109
20426
7862
6496
7828
18879
8864
11450
8306
22708
26549
11736
12923
26108
5301
1336
16833
8314
11648
26284
24677
18148
20941
3656
12855
25744
1645
4064
21765
9158
11523
8344
10193
25923
9792
19092
20489
7927
22906
7731
10136
23346
340
19103
14458
12951
3016
20047
10160
9653
4906
8898
10906
10266
9756
20304
17163
4458
24007
11807
6464
5210
15914
16370
12800
12132
16012
23498
23733
24527
2847
7685
22550
152
20278
13279
7126
1473
19729
25501
8516
13876
428
12973
24656
24476
23219
876
13067
10605
4549
1944
1023
5590
13513
16822
23228
10698
6013
21256
3886
7186
18822
14164
17457
19950
18181
6760
1727
11403
2903
828
24799
16333
20388
5106
8839
17077
19125
25434
16436
22829
11519
7675
17575
15071
23471
5491
14556
14078
6589
23929
11573
3944
26170
16837
4335
14677
13483
20730
13346
16431
18203
20255
3959
11370
6187
2101
24437
21395
7661
16577
9378
17310
12664
6465
10320
14685
21589
15906
7340
7375
18343
1334
24717
2448
4878
22884
6804
10908
14047
23726
10272
26581
4066
967
9774
17680
3039
20246
6001
20030
16711
9088
13658
19848
6136
15671
16235
20679
19868
25089
10292
9621
7363
6494
8061
8780
13458
2283
16009
24877
26569
25746
26566
15593
4745
13249
634
25199
18585
17358
22211
13919
10496
1533
14777
9156
7691
16305
21140
24556
17384
9631
10679
12188
21660
10194
18227
20268
11261
21430
7367
15388
525
21912
563
5060
8157
18072
9144
20398
23600
3808
15836
2114
23249
12958
19681
16879
7975
14724
4592
5099
15428
2672
16891
10057
9805
16077
13118
16570
1067
1029
11061
17314
12281
10569
10504
1956
19086
6480
2224
17043
21454
11067
21447
9430
5138
7800
17254
18064
25696
19446
9481
8747
24328
2056
10439
8136
21421
16484
23382
3716
11842
17502
6817
11189
17280
12950
11644
15406
5255
4109
23173
8544
26011
8560
4630
156
26090
4959
23930
22201
24218
85
13841
15661
6714
7033
24580
2703
16298
21556
11714
23483
4325
4661
3742
14897
16981
1364
4509
22997
863
13241
3796
14427
11969
23765
1700
21775
3933
23557
19945
4042
18269
14170
12512
11730
201
1799
16725
13257
13117
9657
13135
8693
14784
3708
255
5144
6154
24937
1244
1173
658
23644
5371
17092
9023
826
24572
16541
14463
19493
9127
26279
13870
25727
6729
26218
10776
10396
14428
18547
12734
24565
20115
5021
6242
24148
861
20839
16580
11620
20944
10692
16219
20650
5279
26030
13043
4681
19686
8897
11258
9148
9377
12448
19450
23432
22020
23188
23462
2211
1019
3119
23584
20336
11731
6447
7826
8702
7568
8914
86
11976
432
21921
244
21083
23850
16191
8076
20087
16872
22030
4568
15557
16499
3816
20841
23288
24449
24809
14783
17852
4044
9778
10828
17796
15987
12978
20225
17465
12661
17752
3762
15565
5250
4744
2151
16065
18074
6807
2031
795
10840
8417
13224
25021
1968
15916
20838
7001
5419
4796
7668
19153
13168
26017
20301
2113
7840
4954
1883
7902
19985
3437
14086
14931
15351
3048
11886
16667
18138
16038
22159
7358
15556
9001
19412
20496
13609
21846
26050
21246
21199
13943
22527
15825
591
20913
5345
5308
14631
1174
26104
11116
25074
21716
24567
16458
16459
933
16066
11517
16592
8596
16362
17719
16945
20293
19536
24373
16331
15958
20946
22643
20226
5992
7094
154
6828
3412
17357
24037
21481
21514
8189
7956
7434
3862
10589
23095
2016
19130
8105
23754
24042
17346
13148
1644
20011
4583
11091
21868
3932
7707
2342
14696
11670
23991
23846
7600
7092
4962
15592
14058
26243
7165
2346
16403
8884
1862
12387
3964
25651
20105
26007
4452
20923
19503
18198
18011
13803
16380
1694
12157
1846
16010
15920
9047
4352
14429
6528
22075
3434
10178
24428
6957
24706
22716
11423
2630
20090
15647
10548
9426
2515
7421
9581
16485
11353
3876
15835
26261
9109
13960
17605
12879
17510
5905
23645
22957
23681
805
5341
25467
1366
17472
21041
19756
13578
14921
14352
10288
9151
8616
20512
21022
22712
24106
3423
2925
6150
4136
14152
1395
17495
16089
1733
26634
12919
11459
13485
17811
18110
18905
19560
23837
11639
3000
1625
1063
23503
9022
3810
16369
7787
26387
22663
605
23787
4591
20900
15504
3894
26369
16997
7551
3709
19397
18009
239
22575
22275
25666
18893
18068
23559
1053
21386
25742
9566
19294
18941
4999
6773
11722
7870
1936
24975
8974
15910
21087
6838
10185
14478
3568
917
25935
12325
25440
16280
5284
6188
17553
26103
8712
24140
23223
6225
12458
