11301
2938
3638
13891
2778
13267
22157
5828
20990
4811
17382
570
1353
12117
4837
9439
12211
8471
17269
13816
19878
19962
4484
17755
22288
21578
8336
7529
23859
12268
14185
17738
24538
6189
16985
7119
14815
14386
24000
24544
17392
12683
9524
24051
16182
5538
12382
8436
14479
12323
7712
21350
8069
22236
4896
21913
22883
22047
4418
2356
13290
5381
9705
21498
18266
20722
11366
26611
8746
8107
8906
5321
24534
8794
5313
18920
23381
2669
2792
24946
14528
1712
8517
13200
19600
22830
23564
12497
14305
196
12441
10168
16878
3671
6463
20721
1061
17596
1693
25392
5338
15727
7752
17484
4098
13503
5897
19859
8085
3599
23263
3831
17563
13095
25409
11262
18101
24479
25818
16225
22223
4532
21117
18124
132
11100
20397
7382
13475
19976
4079
17986
22795
16442
12160
3854
23522
17613
3736
14301
6758
5947
387
19916
7749
1842
14688
26494
6045
10188
11337
20415
14666
20326
21198
11354
5477
23575
16388
5285
2247
20237
24098
8703
24036
18915
22624
11676
19750
15390
5364
20054
14414
11586
5475
18869
9550
24033
13635
26277
11760
7834
19692
17598
2834
455
26107
9582
17740
4663
16410
16643
15750
12700
23413
8439
6830
25376
4413
16471
5463
13440
11097
14540
23312
14803
1566
16394
13163
1668
20709
7187
4319
3828
2914
21156
20250
20021
3076
9818
25391
21770
5246
19900
2397
13659
23636
19073
20419
5498
19439
7
6767
11821
12237
13989
21006
14591
16418
17170
7188
24230
13865
13981
23562
4697
8812
5032
9723
15628
17990
20020
17651
11833
14093
17250
18851
8813
19763
10895
4119
13881
22084
17710
25308
10648
12556
20295
6550
6114
19770
23453
19857
18674
22261
9704
8886
12368
23801
4454
22520
7583
14293
7878
314
222
13122
9402
19514
3843
11593
11742
11118
25915
19537
8284
10883
5020
7853
6027
5312
17072
16552
8877
434
1042
14566
25191
11111
19325
22775
2049
14474
13648
789
14400
11678
19136
15645
5433
10494
2058
5225
8276
16053
1499
15059
14836
1375
4321
8321
35
10090
8083
3100
21854
24734
4706
26083
23948
23122
2736
8160
2598
1236
26587
3905
2425
17462
16924
4643
5817
24026
20879
16832
11147
23627
2046
23422
23214
3050
1616
4857
983
14750
1417
13655
7380
13350
782
3819
20509
25128
4520
7812
238
8292
11169
8148
21225
10697
25158
14732
20446
2548
20890
335
18284
10602
21577
10870
24188
6596
24893
427
12821
11851
4531
2828
23547
21636
25037
20327
20637
14155
24203
19545
17855
13372
24055
22181
21796
3750
24526
12675
20065
20938
22710
14969
20843
23834
20263
13131
1931
18542
20965
14808
16401
25181
16988
650
4553
10572
16821
11228
11140
3481
5837
23511
3953
26113
20803
21339
15031
20785
691
6741
471
26344
1490
4688
9453
414
13767
16755
6211
25551
16455
4051
8750
2569
19931
4794
13853
17776
4956
7894
8795
25317
24747
16672
9676
24735
13812
11470
6836
267
14518
20694
13873
21860
842
21255
6756
20454
26002
17940
11933
2688
887
1675
26226
24359
25198
1373
21798
23451
9716
22161
1303
19339
12947
23212
18577
439
2821
4754
15524
18928
13551
18293
16681
5305
18171
10285
26350
23980
5935
16950
5040
14381
24029
2409
14211
1477
812
14067
16680
778
13156
11073
4439
15513
20417
4010
24049
7820
10114
19624
3
25015
12014
17380
7372
15770
25093
12823
2619
23096
1500
25678
2990
835
23229
6700
12547
8484
2960
16270
4943
1487
12184
21669
23569
24716
8810
18792
24682
12063
9486
8537
22644
9762
3588
21885
17488
26629
19494
15739
7835
5072
25454
24902
20395
23146
4775
25992
20361
10119
8871
15025
14521
17559
25702
4910
6233
26601
24358
7101
17788
9337
16881
1935
23795
23770
3925
9625
3837
12004
10714
7842
16081
13211
13045
19855
23843
21082
17873
24941
5126
18776
22852
23785
16208
25142
4823
2416
7792
20690
12024
1866
13640
16601
3534
5550
26158
25981
21628
11921
9806
23954
17592
13192
24170
18333
18664
2307
4519
9659
15449
17350
12801
6503
3853
21674
11174
3124
7073
8100
18652
15321
13916
12017
9803
19860
21874
23836
8965
13082
22145
14707
17650
7003
80
18564
7575
11391
24807
1674
5901
6091
20731
2411
4847
12062
547
24574
7528
2907
12005
15768
4123
18783
7535
6110
8667
20474
21671
22843
12899
6965
4870
2558
18280
23128
11758
25543
20298
20145
13817
11359
25774
12207
13509
7638
11285
20127
11048
16036
7957
5933
14194
22012
22277
16052
1865
18261
4653
16653
979
10314
3139
24345
19297
12285
16324
18043
4664
6002
8858
24873
24708
19448
2685
15384
16349
1027
10318
21497
25310
6593
3133
4516
26545
4329
20431
12279
23470
18937
2580
10787
8996
5303
9660
16937
13541
4749
9342
13627
8769
641
4948
8819
25950
23725
8946
26332
14509
4981
9561
23931
233
6248
677
21468
6008
26075
8956
17656
978
26140
9826
25192
20950
7131
9060
7960
26154
17777
13169
7904
3777
16983
22931
16769
17854
11068
16819
12112
13576
4730
22988
8015
12548
2593
4053
10477
6032
19301
25815
2051
9341
4440
15613
15
21624
607
14075
13567
24767
14410
2574
24314
8753
2119
12874
5227
16112
13319
4888
1483
6104
2562
17812
11547
17336
7599
26492
5799
7953
17604
18852
9462
13049
16517
14828
7615
25756
21222
17693
3130
22656
11460
5481
1585
337
15951
1410
2278
13112
664
4872
10743
15632
14426
18134
10227
6578
1720
15061
12145
2329
19638
20
23399
5797
4814
7550
19993
24800
17440
3674
14480
25824
12789
12974
1599
20925
14212
24528
19652
587
2858
20300
26543
26010
3037
13438
11143
18081
11144
9009
7648
12012
2129
3734
11778
25127
14455
14936
25384
10554
22526
2366
7964
17185
8995
23617
10647
20962
17562
5501
25972
3578
21201
10774
10043
22282
15024
20307
20560
23620
3492
16871
11202
24380
1345
6135
18270
17979
17373
17423
3879
508
13111
21381
21058
3661
23340
13161
17183
7875
26070
13632
19982
17954
13004
18845
11253
16123
14057
995
6127
9153
8539
25172
2328
639
23669
21505
10123
5875
11687
1017
5418
20784
7388
11840
3550
16325
11487
18230
16478
2030
1430
21871
2752
4426
2565
2075
4390
21017
26155
4540
6207
16042
19642
19542
17791
26586
11844
11058
24462
23717
23610
22251
10747
24610
17503
5059
6492
24683
12444
18019
7662
18045
13352
17933
2116
8473
6482
7422
26577
17999
7852
16662
12035
17265
9532
10328
21475
25655
341
8138
10280
24381
18288
24384
18534
14968
8534
19850
22113
4793
23139
149
10255
558
4402
6602
12218
14568
24976
1631
4728
943
14272
26165
11360
15586
13005
8929
4342
4560
16877
17839
26385
5505
11311
25136
10117
24436
21251
13508
20228
9400
4065
11345
25386
12713
462
23244
13338
2426
11399
2357
20598
2789
23967
7572
1626
8962
21677
7538
1662
16030
26366
468
11062
9503
7383
20571
23952
21471
1284
10731
23737
23129
20511
20939
8763
11040
7983
4417
21377
20661
9381
25735
13353
8660
4869
11564
4111
18001
23505
24774
24208
18844
24392
4687
25792
10102
4334
4091
17330
2441
10315
24013
19443
5292
319
22322
18232
25554
22959
26053
999
12295
15478
2743
20866
10529
9544
681
18804
22284
19701
13938
26290
11107
21168
21149
21090
1066
22682
9386
7078
25761
23225
9042
18296
1597
10796
16978
8151
2263
22846
19715
2765
2188
2683
566
8349
20538
8714
21135
14355
2979
3143
11752
24549
20799
1904
7213
11271
6771
3060
4525
16247
23583
13603
19665
19605
24419
8087
6538
2618
11961
8804
7887
23332
22043
14625
8872
19844
19042
10518
16955
14868
2069
9528
2377
25044
17355
20814
2681
14614
15512
15323
15014
3930
17032
4425
12517
2529
20943
17988
19644
25411
19334
5927
8690
13303
2086
26091
3915
1747
17637
3593
16356
26178
9680
18847
9692
2134
7025
3968
15334
12408
20810
17068
522
5112
5583
18277
12276
13974
13522
22916
18187
14066
5816
24794
11376
22858
19378
10391
14762
9038
14313
18108
9346
11127
791
24964
11836
20401
19483
11198
466
14350
10287
15963
10706
7216
25536
13167
14166
17444
14745
11906
2418
23124
23914
16183
23677
2347
25703
9533
24563
23238
1892
24024
6506
12087
10798
14987
10677
10771
6955
3136
10818
8508
13608
23685
25487
15365
10801
4058
12041
19096
2636
6791
1056
4803
1088
10566
23698
20089
16465
17120
11695
16212
26268
16893
6016
19843
1038
21424
4944
25662
13964
11616
20881
16940
10555
5552
16446
9712
19129
6012
15991
21650
24523
5560
20678
19011
9031
25731
16423
2670
11647
12376
11429
25960
26162
12199
20557
1792
18880
19135
9479
13366
19918
21247
5051
22130
22506
19922
6023
2942
20848
20247
17288
23920
10491
1592
2144
3806
6178
11402
23821
11112
24427
8289
25388
13628
12451
2655
5408
1343
17869
4558
8088
8931
26086
22319
11346
18556
6138
15052
23705
25695
16745
20484
14674
1341
23377
2095
19880
520
19480
13260
14062
14406
8951
17564
22587
12865
2632
15659
23401
7500
12488
24885
627
10158
2123
2968
4657
11544
10066
13896
16304
11885
23616
10230
21216
9027
24079
19154
16024
21470
16963
24965
18141
17579
228
24895
11535
2457
21205
3513
1635
23516
8009
22895
8098
14672
19398
18286
22305
7501
609
22965
14523
18211
25547
14690
10773
11696
20500
2566
16576
18341
16213
11464
8999
8303
10235
22540
825
7734
10258
7060
25826
17283
18340
1393
2044
8883
3480
13875
16099
10608
13953
4930
1083
20369
25498
22615
5265
6245
3590
20633
24673
1354
1328
1746
8427
6515
353
11117
24158
18833
19595
18207
16564
4126
2015
8811
17400
4474
3053
229
20422
3799
2141
90
26245
1615
1620
3018
16775
2855
4489
3044
9575
19714
21062
8821
13025
4801
7612
21478
18786
18258
19403
8365
4349
20515
13879
21705
20273
2454
9406
23535
22200
19895
8960
4016
8279
945
16115
23663
8447
19379
12037
22568
6548
17030
1320
10523
17434
12272
4929
23156
23830
4152
24096
10377
7663
16500
4899
1335
15827
12920
3008
7860
2966
23169
20352
4110
13582
15806
10918
16730
20982
14281
14175
12493
8188
4406
10914
4090
24667
18566
18576
869
867
420
18549
11245
5276
312
24889
9064
16180
1932
13831
23720
3012
23222
19641
24331
8591
1319
24898
14971
22940
20287
23235
1045
18840
595
5811
631
18883
1822
9460
18659
26145
5565
6504
22787
25943
22128
24030
20816
26649
20262
4871
6017
6251
13623
3727
7139
22646
16254
577
23162
7628
125
16890
17276
21590
21507
4820
24369
6257
20041
26388
4627
13282
17311
4060
20025
22262
19389
13946
15007
14203
3070
3582
8675
2735
3901
2614
19411
20715
23353
3090
11314
18032
18221
14697
13370
11506
22825
153
989
7831
7825
13390
11308
6584
17762
7397
1707
9599
6703
7739
494
12558
10485
7672
363
13923
6784
378
2090
13758
21431
22862
8674
13770
12523
207
14484
19705
4477
7136
4605
4037
7974
24324
26062
20103
7108
15533
9128
9548
14734
22535
20464
11594
18587
16330
9332
