18932
8158
7086
24850
24295
20794
25801
2299
23430
5786
5643
22846
23200
24143
26320
11335
11689
8994
9000
10457
25926
9214
20132
9557
21251
20203
2610
3386
23424
13078
17516
5892
26062
15911
17594
7745
15282
19905
19753
21447
17115
10
17590
5180
22924
5438
19283
15154
24921
4069
24816
7977
4421
2728
25007
9605
26303
11642
8088
9985
5933
23949
9998
6598
18687
7841
26626
21295
26187
5982
10659
3130
6147
9978
8724
2584
17673
499
21905
19037
4333
15265
16183
8221
10241
25509
18394
22997
12151
15536
25511
5505
7810
22960
6573
25448
9195
22687
17761
13088
12862
18179
9207
15947
12654
14381
14838
