202
177
11
34
77
27
112
89
147
6
109
63
228
157
194
148
65
159
76
227
84
16
94
23
30
226
90
101
188
192
80
213
179
35
186
78
178
132
105
74
85
163
12
104
79
32
41
134
2
169
160
130
225
72
234
71
173
142
127
3
146
70
108
133
47
184
69
235
102
212
25
232
208
187
118
57
86
45
56
201
28
153
95
92
54
174
128
207
215
231
96
167
97
29
125
93
223
60
114
216
46
182
149
168
103
166
218
1
88
136
229
73
113
189
50
171
7
137
61
162
199
131
31
75
8
123
181
140
106
120
59
193
68
183
126
185
204
36
211
205
119
209
129
230
122
144
26
176
219
233
0
9
210
190
18
206
203
138
91
111
64
150
98
121
135
156
151
39
161
24
180
222
58
164
107
42
83
224
152
170
116
143
43
66
67
155
99
220
62
195
