36315
13791
30849
34381
25715
4682
33187
16299
32084
27289
883
5601
38319
34517
5416
10054
25807
1849
30292
4767
16379
25609
4099
35016
2303
25899
32129
28814
34907
18685
35418
30139
35328
23721
15209
12738
9774
38542
16064
3530
4892
11446
6930
5947
27731
40593
15067
12382
19148
2200
15011
3704
23240
13871
16136
16982
9954
31381
16572
29698
34082
28615
12595
36053
39421
21260
15555
32395
26125
22016
35220
21860
3433
27619
34709
34628
21119
2162
30636
10143
10842
20189
8927
39311
12876
10025
32581
25402
2180
20854
37467
23883
38680
1242
17815
34005
1622
10509
12224
28611
24789
31469
14554
33570
9697
1238
3410
31969
8991
8305
15836
15057
21813
25257
548
21791
9691
2080
5316
27891
10221
20293
31161
11695
38358
17695
34910
9662
8673
6814
6046
38407
2997
14420
7749
33348
20977
23864
30717
35137
36612
28936
2705
24778
2585
34532
35106
6648
2275
18416
19442
25490
37250
33330
12300
15992
27058
40590
37245
7949
4779
5511
17093
20579
23779
