8090
2617
54006
18109
1838
952
17657
4626
51056
24416
34382
38123
28657
39732
46413
696
8270
47559
24291
10929
8443
40860
2757
5187
49211
50354
41882
1366
33909
33256
38182
10313
49721
21171
41044
29649
52744
4785
46723
23399
40026
44957
50068
49257
18805
11326
388
18765
37
2806
9447
53060
14069
13614
1951
19640
16163
24016
13969
53265
11945
25568
42705
28899
16077
40253
33497
25694
9386
11835
50079
21294
34265
35844
808
51760
39503
12536
45882
4270
43790
35157
27597
7279
24085
31823
19935
49349
42437
50941
5297
43382
16682
1561
47370
49304
39139
9347
39676
21546
45297
52477
41567
12383
15317
33428
14962
38984
29055
47365
38892
52524
1862
30330
52967
49960
11072
44334
25763
2252
38484
48329
48885
11888
32609
11205
19390
23735
5628
816
41981
26808
8341
45246
5962
724
30705
10257
23552
8365
53633
23224
9409
38117
24825
30115
49591
33121
8304
7563
14532
326
11462
19139
16899
11260
3845
49255
19699
45981
24812
48612
39492
1429
52914
10438
53643
47799
23344
44748
17211
52407
27816
2907
50078
2796
31520
20032
49961
17688
37696
18770
1020
34475
40903
26777
33714
4251
40854
4427
51199
6596
10712
3657
5399
47607
23988
30157
179
51251
42275
46737
24399
22076
27165
40370
52087
444
28557
10275
17948
2183
47957
42638
33299
13161
9108
4689
