19105
82457
29522
6254
50597
50480
68087
1258
33422
69792
14988
67832
92015
41788
37954
29404
77028
68759
74427
11047
50263
62424
26688
546
14635
50553
9137
64070
65050
81402
83148
96689
2652
56000
68476
73640
13204
57395
28784
90196
3309
46157
19183
91760
26874
66415
81910
79763
84638
7960
15684
67254
42486
65186
67433
92884
54636
2107
8892
22957
18098
59226
72336
25942
13639
49838
18934
90238
66664
57005
73535
24449
22502
86708
81836
22563
91395
88423
59050
43993
28974
59185
41661
11588
17979
93634
11853
26228
67386
48481
66908
73464
58053
74295
3532
52700
31210
81213
64678
9672
26364
70732
97717
23725
90391
8313
14202
10057
60731
81962
30307
24469
96767
21822
21066
81184
63456
12799
18428
78481
29706
93530
82502
97420
59030
59604
33994
49548
93119
34396
95231
82322
33015
83968
49065
57092
45485
75094
82631
40945
35310
69578
50089
97584
23052
78159
80349
95730
58662
55053
43935
36387
27739
84499
83717
45770
14170
88681
43600
51641
74416
33625
34365
49365
74263
82734
86404
66843
69234
90298
50033
94817
79328
11650
3140
3293
62773
67823
27405
39086
33141
15641
10246
247
76022
16110
52537
37064
17797
75153
22749
56943
62204
80940
80584
61539
53018
55756
4663
68855
43841
56284
10690
69016
41281
26348
70635
1717
95780
75311
3004
22296
5448
83395
1065
44927
87428
6653
80665
41825
12719
20254
59267
85991
65733
7472
74943
96144
89812
26468
5287
75925
85054
93536
70098
66248
67584
70194
70238
42199
80767
81020
1878
82967
48294
62377
3348
1361
35531
56280
31844
8033
63295
45934
7912
34054
19277
96868
85717
49856
63511
48226
19839
46829
31036
20389
15544
47583
73525
21124
75321
23215
74494
93587
31779
81429
53184
96784
81375
37844
66523
42615
57527
91268
71716
42818
82254
59872
54392
87712
39095
10177
79015
14014
74918
8986
1994
57886
29275
93333
66337
39400
74620
46681
76597
55942
60275
86887
427
4002
67332
82230
16544
46109
9744
46428
41230
12326
83751
34707
36253
14632
94663
33970
79304
49498
69185
81379
68729
80589
668
97627
83319
75995
94984
60548
23494
83283
81385
68984
80525
94772
69023
45904
55655
27554
52177
95665
33694
4552
5937
64641
92911
69543
67718
35586
92942
28044
71618
45514
30665
1200
28137
4819
11987
16426
85349
19329
34908
32089
4038
90382
24728
37389
84127
18397
88805
65606
6274
25879
92052
486
49923
24032
21268
5654
45026
51654
95906
80105
3060
8410
17343
33606
46654
78883
91543
40563
10282
13956
91101
28637
28006
76409
31407
55121
32248
47592
2912
41787
39576
20622
95097
68756
31264
96666
70814
36993
26463
16696
21603
68048
18969
59722
41817
76789
88617
35014
94499
41870
95221
13570
9618
67274
2877
45175
2080
49399
67799
82008
1827
16998
30746
77472
45610
83129
33981
76630
11760
85391
80853
76801
89048
64461
46707
15521
68133
30442
64871
84353
84171
91504
1447
60820
41420
17131
39582
87019
33108
83490
47892
47077
8566
39985
51770
46657
61077
55918
34941
7214
38046
80416
22605
12042
37974
23733
17856
40249
60825
95338
42304
78161
83328
25303
70125
48057
41261
77056
79785
12332
10662
20524
89882
85697
15666
32640
5369
95550
31801
8319
57322
84639
89082
21400
62807
45469
66835
6547
49058
6513
1
38130
32658
24715
40416
26060
58636
61661
27698
50876
56589
87842
69310
34775
32995
11969
23810
48255
24731
41497
82534
92275
2338
63034
56684
87560
16291
37852
20461
57134
41725
64059
48306
85192
77120
88316
97217
80259
9258
19800
81443
45239
13740
88964
6753
60499
79251
77316
19782
31182
62356
22075
98085
47431
61612
55102
21672
4189
25991
63531
28278
2273
54739
24753
84341
91207
88594
16971
84020
94182
48583
7496
30077
52330
45577
19338
76897
44747
48591
42798
48472
48900
58671
783
13943
95945
71080
91154
86832
89035
62638
1687
32182
77753
17794
92085
23027
37925
54731
38051
26305
33674
10667
3777
10306
57463
42804
71260
81793
32597
35562
66396
58884
1099
49778
26312
37815
28530
20170
49305
19218
70390
85712
12978
46903
11364
96031
96455
70261
78853
17426
47039
63993
62419
31639
14431
61741
48497
5355
3029
59586
43948
2488
77863
54496
18919
651
46721
28213
50669
2276
62353
1485
46595
30172
29101
46606
34415
86232
26589
68387
88050
12960
10738
4026
80971
23805
78414
12577
79313
38419
80578
1981
25799
70651
36403
16878
41908
2677
87760
27290
60056
35020
75241
94223
2659
72083
61404
42151
21344
20789
82197
68835
90048
75730
22336
14505
15725
57064
32698
50912
12985
67113
27185
96080
28601
42428
85280
78127
59597
32374
56329
8034
75305
37857
32791
41851
74458
28
72831
32664
55811
14434
43468
72932
79539
55601
74399
79290
64141
5071
14584
80724
39891
46960
30388
82591
3321
30457
86504
6268
52323
3874
83921
21166
6899
10551
91440
12910
3806
58887
52213
32299
76170
85630
39955
80844
37621
13979
87691
92870
7790
65276
15866
94479
42469
6668
70974
20360
30599
88295
26998
74920
87903
18647
11498
40912
55351
70658
89544
10018
92153
74572
34599
12741
81553
87193
74887
57248
154
24283
64835
12070
72221
77824
81031
95560
22047
21896
16186
46174
81949
1027
68880
50995
61654
84362
3367
43138
723
74660
27829
65673
32332
9412
50299
57401
55336
67441
14830
35448
84432
2394
45896
31485
17512
28570
7126
72921
81682
8080
12463
32208
17815
52955
4426
16118
37436
86355
56130
18917
62683
35917
28771
27215
55850
44211
79018
70197
10106
59478
45550
37292
65400
87601
67048
15366
66105
93904
26882
84896
526
58102
83829
16047
28296
82566
26464
23746
85385
8553
27556
30046
43937
24294
18017
4758
72842
64864
18401
39731
24332
4401
77579
96097
52784
11746
6830
79478
19249
86177
39760
51251
87678
51602
90014
62942
50002
51952
55088
63902
26671
93455
61639
19982
88870
35540
9065
75533
38731
41077
72479
51336
84350
20496
77411
70981
24707
51518
60968
49444
38426
38551
53926
261
19922
4835
57456
77465
57429
97847
37630
25300
51989
90277
87331
87779
7640
7113
64540
32594
2990
71179
96825
639
57765
53791
77427
45085
3509
71905
34297
64868
18998
64137
18079
19481
1231
44059
22678
7942
18992
10201
26896
28004
70041
28202
50824
97307
94877
57056
53282
94056
16435
30162
85382
14500
51512
15626
65578
4762
85845
22588
28321
14052
90067
32117
14280
25696
52181
29517
37683
36366
89156
35944
51428
64044
55676
29487
45530
44898
43675
9871
50773
86344
31195
16996
22257
7163
65987
21827
47906
50918
89219
58723
96121
92046
80137
14393
17462
15248
73963
33637
8653
6056
2500
52916
86347
81801
65719
43063
46080
33189
39180
22052
55855
24760
49797
53797
90107
37346
6652
39703
37050
35716
1685
63500
43247
93325
81349
30255
54498
54714
16463
70363
57520
85002
49739
50957
76781
26266
44814
79447
62677
27580
72488
72746
610
61089
19676
4743
60029
37295
72275
49750
85907
23648
28077
53939
64762
32223
82324
54765
89573
26022
67606
9617
53800
49763
90880
27850
51785
66747
28399
68145
11567
79500
91319
53799
52565
7534
89742
39273
58770
61004
7719
54740
6368
45115
86728
21858
76989
27411
62662
90859
55907
97152
29628
90395
91937
22930
19596
16781
42222
35284
16558
67406
34896
38506
75139
61443
66639
94806
75762
34399
80712
21009
32032
17835
89906
44295
25659
62284
8350
67648
17082
63671
12041
20613
83604
36244
79414
12054
56899
11571
44682
15424
48764
47986
52814
80660
5484
93576
92337
31333
55283
2249
48907
31442
8097
67457
57676
134
3474
67560
42300
33629
70072
33153
79036
19139
72578
82775
4140
94725
17872
68005
59588
97021
4791
79124
8962
90905
43852
47564
50353
7300
40620
25004
3748
78596
84839
36173
2295
23086
1016
56306
23864
64809
33730
33366
61625
2155
15300
74309
4617
92240
44782
93830
11317
89968
89695
31765
34227
26571
27667
28645
35001
91416
84194
93810
11351
10547
31041
71467
45464
76533
83281
96009
16949
50490
79417
4092
54574
67352
67573
66244
44298
8575
97349
84253
58034
18277
32177
86605
2018
3303
11582
45576
46437
3908
65976
81821
67937
35028
27840
97947
75960
11552
946
9303
29787
2850
88347
14285
74569
57543
66250
5800
31536
41042
9171
77884
96074
11480
50240
3127
54143
37323
38897
17645
11597
68148
48288
33460
61414
80085
51817
33676
9683
63006
64389
94853
21799
4691
602
56941
1886
36444
56556
70610
28996
9561
14165
91834
46815
78233
70157
40037
5832
21225
40679
47563
21581
21503
44449
33327
16607
21201
89140
120
84792
19405
18802
49290
94756
75606
28459
10750
52333
58338
24188
404
72003
95343
45142
61475
59061
10378
61727
88260
79910
74944
151
76955
57103
6292
88236
21181
69125
76691
30336
65716
49946
92458
28317
10507
72904
74555
70148
35305
5342
7482
14466
97559
78602
58328
463
64590
74058
78627
83421
88094
42168
27794
54708
5839
72344
70575
74919
54888
16194
95212
33529
85758
51377
49704
66035
54803
84396
20905
6281
4660
87130
58100
76149
59626
50799
55988
82355
43655
4893
22920
79622
89611
22089
29635
58335
93644
69544
10972
98005
5558
74737
95655
7598
98042
37896
40162
83038
46584
85221
65563
55471
28976
66049
20454
79200
29133
56569
11507
193
32978
70928
47254
50382
6472
85685
35953
94234
78985
9734
78668
46807
17165
3397
49128
50647
1937
55605
73387
22303
808
60684
70879
79530
45315
38841
56598
11978
98037
58363
46556
18613
40691
94922
51349
78062
84272
9406
64689
21854
67536
25000
21227
49857
97210
86284
15216
55093
87515
5410
24907
48596
41107
8396
34075
24351
30029
96112
83238
1066
79509
34074
3341
87992
94188
79388
77588
3143
19478
81139
19856
29205
1980
867
49255
90341
74103
76369
10171
33485
53085
84501
9534
51348
92472
77463
10825
37810
25511
50450
23353
32167
65298
75948
64742
71174
29405
47584
70044
82512
72214
15856
5094
15812
22005
46692
47426
21892
36649
62115
41406
87485
41828
41025
14815
59109
78010
31766
4480
92816
40877
94887
66698
11176
27797
47538
36794
62010
83186
49331
13403
66209
43032
71158
65876
31957
8622
231
32484
74873
75680
11642
74261
87366
35142
75945
204
36165
93612
40448
84692
97656
18290
52291
15948
90268
97213
41970
5491
24677
9866
32453
49204
89526
79379
17792
57938
6871
83964
48616
18016
56783
16605
79320
49456
92885
68975
20019
40152
72843
55076
71252
32724
28544
926
56707
11162
53156
12807
82246
9107
28605
55365
29477
6969
45675
42997
93377
72696
46169
19298
18304
22191
56046
19404
83156
77864
3948
33934
45476
17783
50405
85463
3326
28134
70831
50575
4361
60955
84244
48815
68444
50640
33721
59446
56200
20062
58008
34251
8348
73906
14974
9270
46218
51157
80355
80013
89356
50494
11608
38168
5604
87986
71256
9975
52030
41797
18870
73518
39187
43645
8540
10104
84864
88633
59459
65948
44167
69332
29963
39668
97136
12121
35517
21887
17867
75594
96333
18147
13776
86013
7696
20177
29245
86937
48973
32
29975
16074
84551
82285
50370
62397
49847
41116
56630
85724
98063
3825
94811
62181
87221
67188
90374
63670
66653
51731
36331
69952
57521
65918
65691
30835
30174
64517
54027
2493
42329
81228
39706
29497
96504
79700
25668
83820
75496
78766
13971
95914
1988
14224
70722
24832
74188
46079
35647
93747
70011
3697
39821
24293
88833
22280
24141
39643
26356
30065
10188
95630
19613
88854
36392
79652
62856
18631
21154
79274
2423
96503
43709
53713
68260
77866
34124
42963
94449
87320
31167
40255
73490
13167
63044
82121
96683
81206
48045
35012
73485
64437
43584
29295
47511
6980
10441
94106
35172
5043
45639
25844
86161
36341
84687
85569
59887
108
83732
82785
97685
71867
85201
3755
63680
2472
52002
57128
30674
2275
18678
87328
339
14358
96200
14741
94325
38654
51094
88855
53491
15677
52105
91090
8063
11164
90821
71170
32245
21748
30382
35883
1718
15852
446
39245
32419
5960
596
37372
64152
59932
63422
94654
38409
96737
52523
41730
48308
41369
20125
51300
84380
70434
93155
18930
14010
17518
7770
92367
85860
91328
40409
76717
1283
65894
66081
57238
57881
37647
83997
15992
52383
87029
41360
57113
97039
61713
45067
63112
52597
94903
41392
48445
66661
30834
56946
96851
66678
42071
13510
23090
88606
91726
39479
5691
49284
43638
5516
8266
81800
5360
53335
51309
36360
19988
32968
32921
97723
94450
6522
92447
36610
17242
84016
87649
11907
1123
50590
93415
4352
24131
66787
82550
15784
65024
60722
31197
14739
10421
16701
76402
26413
87427
88336
82990
74641
76016
67124
18106
14361
37775
59370
45626
60349
95754
46648
91432
67596
57673
49677
44543
12663
18751
84070
56770
23379
63548
70389
91220
41020
48800
9040
61799
44919
27280
94821
61444
41892
11032
62916
50713
27435
13485
92468
1116
48455
79808
11977
67970
68825
78337
65845
46221
26548
61816
92385
15446
50853
51614
82382
73725
81374
94864
97969
53030
95375
1932
85852
16609
903
91502
52328
21889
38416
90542
92491
86684
49004
44690
78181
36789
31502
39216
45031
37492
16569
26633
60824
57540
20852
66187
60314
41349
75924
74222
12932
3593
53063
44528
42036
3778
8559
30826
10237
21508
33946
35400
59236
39469
38306
85847
62524
87355
91819
28499
42017
97013
40199
80021
33414
96818
13828
28003
92680
93039
51867
49988
67903
50606
63231
73218
97282
70108
94275
5390
70345
21350
66292
27317
71101
60431
94353
10649
83945
54145
6884
76549
12625
55549
42093
73765
95215
52609
53700
15658
89191
84694
76298
61669
63153
23975
9320
50622
90301
71861
72328
37644
38745
62651
7661
7741
91810
68511
24362
51057
44621
58029
20516
6651
14752
16447
89440
61500
7887
90879
79120
21164
36945
11801
23246
45240
83173
90882
83092
80028
30576
30682
26684
38646
32588
74687
51339
83279
82290
33353
21556
89255
70896
21977
86636
78356
49200
15619
79131
41700
14979
5833
20068
97987
10119
34564
44722
49576
49397
77034
24837
58690
27914
80742
59471
47614
27791
12687
51038
40875
64792
20555
24333
39634
81987
83075
55737
44392
25096
69059
18341
71000
52049
20210
17917
97581
50312
58042
51430
32205
25216
2008
29764
75221
10532
56100
74184
48230
58875
90753
77638
42969
73457
25727
8491
55723
47696
18806
57355
12073
30479
32057
57764
38752
64200
70934
56533
35224
93954
8315
54890
432
31498
69766
33613
45970
8140
22123
78912
60494
31915
52313
8893
32162
79224
22986
97476
91684
93041
76546
86049
39747
36613
83893
77151
98149
81683
64686
25996
64537
88640
94174
89828
33065
51239
2942
54990
88645
55905
35034
36376
5829
3715
96732
78942
55529
12272
15885
47867
24518
43812
1250
25499
35080
27237
97248
52403
6795
7706
95656
40657
95520
21058
60167
37255
13308
6870
91245
31532
55874
93268
11944
47629
38721
49150
50982
70117
56934
9623
72877
91859
30568
41126
35908
16846
92783
20731
54441
3528
62059
43713
20677
94529
63303
29561
70950
7927
4746
76916
27219
74020
66068
91552
11078
65895
77503
70582
79494
24288
35232
52432
94963
18549
79182
54889
84334
20150
46503
29575
41781
65896
12608
37597
92603
80141
78393
63416
81586
71808
80552
5053
38238
14072
53289
20012
6578
33986
50855
65393
89982
43804
75032
47027
22565
68739
18914
71386
96375
60770
65834
51707
50581
4072
57229
22558
27665
51408
56870
24981
68074
48762
20334
78297
70243
13435
70308
41613
33821
80672
40427
25807
36980
18390
56259
1849
51895
70850
63093
87444
89275
94597
3870
30852
24269
11185
14273
17570
23386
27060
59672
64455
57310
75610
42513
72207
64219
37307
85170
25655
46573
5590
65442
96187
18608
4077
44523
55825
93094
48801
65773
35606
79856
30121
15881
5852
67563
5265
10691
41427
59294
845
44724
42445
94657
69606
86567
33975
81942
42645
5476
84731
16437
7735
7852
86638
58814
78438
54665
54879
30717
97035
59662
55729
62031
39036
38574
46902
32221
78264
58646
8997
61554
90434
54424
75014
43725
97184
2675
13244
10035
43866
34905
32727
64930
83600
4516
46210
94431
35486
20600
71182
62510
74798
71326
86007
75837
67238
40855
55346
4555
18816
40890
70964
51515
49221
29337
77287
69549
14464
25353
89202
62752
67271
41565
47851
73060
27740
20025
62747
7309
79821
71409
50465
15623
37811
7059
29962
82581
43414
4487
10350
15859
45542
44290
10204
55951
12969
35989
89776
74674
21859
87796
33590
6930
67913
72646
49632
65483
97115
10753
72089
94909
71580
74196
24080
20774
65156
72568
76909
66584
26888
93007
65865
88161
86201
20363
77089
31037
418
4846
68056
17008
68415
85286
32707
17394
35877
14007
94869
14531
30603
26903
96610
55374
31175
34918
77238
34001
4246
35291
62027
36710
85728
55641
72411
45443
48696
1766
26303
12696
96079
56983
21014
81097
28247
59600
50832
36247
78318
98018
72303
64478
95599
39046
29222
40272
32414
33608
79520
65937
26751
74016
18711
50959
43326
68001
37208
38424
51736
42972
62708
88549
65486
85738
20402
31117
70055
52393
52711
76594
4883
9355
98007
45149
27399
18547
84778
10603
32572
51306
45499
37715
83189
47491
60040
98083
94186
4842
83726
61774
9745
61622
97347
13726
35792
86815
64501
73487
34490
37712
11744
53270
85272
98161
6250
35501
29672
27455
63707
61471
7871
8220
51023
34837
8691
31267
35483
69758
49725
54225
69885
5603
37294
30170
70461
44393
86458
89709
37771
9723
13365
69377
89413
87638
2640
89215
94286
53417
1590
57041
53561
53853
54649
29040
13324
13110
59930
87184
26505
5930
69473
13604
29622
83555
85602
9127
34914
46575
732
16348
18999
18435
67249
12853
53315
72380
5432
62456
88415
46708
77499
76479
26000
93185
47063
97069
64916
58506
89377
93376
40297
1558
69729
10639
90484
20320
90074
11472
84324
80577
8344
44331
85672
47721
90389
62801
38393
46212
84184
52148
55897
77683
80473
49737
74890
19883
43977
15387
97748
50700
26911
61043
63237
77262
62212
97801
85565
91614
88626
66353
96535
9966
84874
20075
23587
16418
170
88327
59082
86300
20077
43569
30194
13459
37721
68127
4597
96876
80590
55386
45725
68468
64284
38068
84027
6337
26583
94824
19382
3394
9715
80923
25401
25417
95091
11479
89056
33341
58835
51868
7907
81224
53730
39801
7626
56087
76565
32336
13097
1628
79783
59120
54881
75789
97825
87880
88075
17201
50117
18688
77324
63666
76790
4900
56115
65219
94626
26243
9643
62776
65036
32569
11620
65575
58416
96873
43514
74376
18541
65929
5980
31160
80115
1468
38669
95734
66043
24758
29558
1392
87963
90893
86951
64388
38930
32690
44364
68360
86698
7572
78781
72039
62355
756
33729
88689
30128
68913
29373
32984
59133
40373
13904
69884
28926
74369
85053
52347
37318
97972
94264
53308
54388
40287
5296
58067
55348
20690
4703
19749
84279
64702
41379
64003
26080
73892
183
90193
58223
90204
74683
30821
77072
25829
58881
27248
19798
53908
88610
17397
44255
34921
75024
26918
34200
47350
46522
2225
13462
12247
16403
97787
21910
22144
80511
57734
75516
1247
43331
30193
22946
58733
96930
48517
9621
79248
88239
68203
15394
78775
69704
78015
84002
92786
28043
6945
89158
17361
77808
90875
89537
3888
26406
75580
52736
40052
7988
7793
46286
26602
71887
91475
7692
75079
10142
66985
53111
57050
44454
4310
56546
5164
85796
78163
60283
4093
31593
33702
77237
5381
67178
23111
77510
50055
76649
85744
45216
28838
91555
82804
24609
54865
32065
80719
29201
94033
706
63212
7002
3497
32387
20678
11149
90176
17896
90195
14191
46610
27911
11973
63409
25699
68927
68820
63912
413
80238
17031
83809
57433
42443
25669
24653
66309
72315
78600
32171
87909
12141
96845
29907
5688
89233
63209
6238
12856
94785
53698
54141
50246
3361
81809
10073
27832
65985
5569
78447
5812
67507
2418
65881
4963
32217
73029
32347
2191
45619
34512
94527
43790
7593
42858
95894
69926
57639
43415
60023
37737
35037
67737
14041
52811
77063
22216
4710
74041
38052
12524
81167
86175
29053
77153
12878
57787
67044
90480
50235
29597
12216
51382
57853
6395
7889
37371
88842
78676
5780
17754
41534
51637
79033
5793
71439
53499
84617
81644
26527
12831
37659
52153
3882
9293
69903
8989
30182
11432
78605
57386
25001
62109
44425
97963
31784
85655
62511
45981
46196
21020
40917
46471
71434
58663
64494
73126
2011
40634
43066
80466
52764
40474
38945
38644
25394
34497
48025
4702
41809
24600
83243
40786
53944
8216
29447
44352
67540
60455
8433
17270
15026
33795
42325
23245
55450
55452
93819
30392
72745
57151
19543
13598
93728
23329
87326
20442
38870
36550
25330
75286
93066
5611
7120
7749
56679
31390
94330
81055
45180
88637
6972
8290
16001
94254
20190
84968
33789
67699
89310
67464
39903
78930
35464
46422
44944
49387
959
62413
56096
72165
3633
24373
43019
30922
9601
47075
43718
71870
85409
71297
538
38152
90864
88572
82770
64029
45538
10841
75411
78752
17781
97126
45171
55125
9095
79630
34998
90042
26793
39937
24529
82736
54905
47056
62982
39438
11220
52612
78556
93999
36998
5700
116
38105
72329
76122
83267
28656
32854
88265
54643
80060
38650
31495
80627
25559
50755
57863
12759
70010
69602
66160
94577
52352
63220
68994
62609
44289
44330
87788
26039
14303
35910
83264
7553
1068
48640
20136
53515
49398
36435
92768
65345
54133
36903
31861
91092
96209
4921
73960
9971
71248
59334
88630
69404
20640
588
25490
72786
28721
76027
38665
51437
22637
50829
90804
91809
49561
44875
59204
72181
94926
19214
52359
16292
83994
83208
63661
63764
28695
62822
66448
26062
90693
69800
42362
44292
13427
56151
42725
87933
50164
60020
79217
55809
91557
89046
89976
42278
81008
47083
79190
74089
11455
51774
54628
33344
24302
12885
25676
8627
17985
83950
43506
97600
39921
44438
84825
16864
79142
32097
44128
8872
35526
37518
54922
59409
39673
34855
25167
58510
90712
93499
56956
90403
94509
7261
84270
90384
48338
14004
42510
44296
41859
9425
40976
55960
29576
8493
18089
37437
56877
62504
55776
94103
73888
56979
87117
33334
23381
77283
78726
7535
40327
56666
79703
76483
31843
65159
64781
90092
70794
65055
89781
17167
29301
62507
63196
20583
48210
36350
52847
38881
17853
78410
2166
74446
50325
10463
96589
57499
32696
28222
17217
43227
78305
32410
33161
51960
63653
65607
60400
72350
1663
49497
34513
31548
18606
58833
71464
94311
53502
36535
92799
32365
70241
59531
43858
12078
60893
26263
93620
8222
18094
69110
3470
15123
86108
68525
68565
61860
50676
42233
69725
637
8760
45374
66024
86082
17648
22499
97814
55678
33681
55407
78238
12063
77082
57327
82
94061
79215
1371
44093
91829
61720
19788
75903
11888
54951
81939
85278
27855
42550
80937
70013
35622
77289
38440
27935
9361
29783
2799
80773
88648
74842
71462
16072
94992
56205
96120
63349
27245
27842
68582
8055
44508
41381
8850
33448
8581
13031
2171
41436
72119
65301
89045
5178
63772
5474
14461
38653
80057
54869
91600
22096
20616
74425
38104
38437
65744
22370
9501
53756
52022
26818
85915
34689
92743
73083
81512
60279
94720
82870
2482
67981
13340
74724
90554
29276
48923
4845
90777
81251
42309
19959
76050
69847
15114
72916
72461
76956
41691
92134
63246
4404
97928
29049
33935
49882
33698
18413
32997
23524
37862
46858
66069
48576
56191
36195
77872
30158
16267
51110
48359
74989
29665
46130
37480
54088
46415
51093
80280
67727
28349
9788
66393
400
9215
56273
30096
90327
29827
70479
75488
64366
41193
24439
94068
75101
57334
76205
70409
94734
76059
52374
32192
43470
72743
27212
59375
96282
33234
31826
92909
91021
4754
82607
91892
57522
78755
74845
21127
71112
88017
46407
17934
53139
92645
31431
62391
46837
75357
35319
14574
36454
3782
67873
45953
98204
68173
70674
51185
7788
5363
18034
8598
31554
43089
57474
21234
19847
59309
2920
29047
95847
39696
80658
45429
72757
56690
18666
83123
70949
9924
65252
50922
84447
83776
59735
97224
2901
91417
13460
45409
48181
85067
34850
86461
93550
77785
48166
90323
50897
22814
44202
66921
73331
41309
76233
24548
59949
78697
90378
67907
35949
1472
39098
25291
32907
48113
92242
26697
26448
18237
58969
68516
18994
89399
54166
70355
63347
11986
20489
47964
17644
8195
46431
60401
97005
77242
26112
85224
25794
56543
84932
12913
75701
42034
21419
47863
78698
86894
79332
19546
61080
43264
81426
67934
14701
79916
6267
10996
74666
83260
27261
45162
17627
80573
20457
94000
44563
19222
34622
58736
20750
52265
46455
9075
57530
70153
98032
73734
82481
61710
37084
2358
15634
93615
97815
50685
975
85959
37655
35902
54332
68480
94293
13859
13452
3799
70583
34752
85574
46703
95280
7506
20946
80986
82986
97045
28619
336
89268
14786
62745
49710
48103
49384
55368
24126
90311
48123
75835
79114
54440
79782
85422
45049
9186
15253
70310
64272
37769
17005
31180
49206
39057
95115
96725
16333
33626
71596
79150
43601
80040
89421
43354
17583
36053
70560
72608
18796
41439
72508
91953
36746
84587
33096
71786
15425
47020
6666
70322
65399
86644
786
57798
44485
22926
83769
92495
86816
37895
86789
66609
30056
54373
83814
29949
85693
43649
12137
81552
35002
3615
69582
2127
31719
14109
45019
2963
1692
27839
35168
73746
39386
48793
33362
23405
36665
17661
80996
28126
95729
88659
68009
714
57498
47678
57097
73700
62748
92109
39041
44572
73419
82748
42993
26810
4375
55180
60999
73924
82452
62920
63818
8135
57470
5022
38642
49654
51365
28652
80117
92593
22760
45828
82897
43167
28796
41860
49414
53930
26985
12506
341
60629
5176
65402
41080
58993
17681
94281
62032
70835
55572
19039
29381
8287
60863
7410
686
2290
90098
47879
49375
97795
10671
14227
57343
86486
28036
91693
54231
75114
24613
41655
9554
69532
80629
2033
3214
51061
16163
20958
28173
79303
51684
55064
26946
72930
81115
3821
23119
86529
42872
16860
12393
72244
54352
72658
54135
6071
62736
37625
91175
76505
74953
79255
65779
88444
64530
6620
45860
90155
3277
96293
13445
62895
9217
84456
44489
3686
23811
91102
88386
55288
83212
70344
93512
88852
87508
27044
87844
40914
70676
26246
28872
90746
85386
24285
31003
63307
1645
29825
6224
93832
4315
74030
13278
45342
85952
13817
61597
66173
18038
97078
92267
7958
83695
18717
2742
57320
24134
68310
70793
22301
48527
1733
53892
75132
14637
46592
50734
66742
49459
96301
95720
29435
63679
14323
48523
75308
57532
54598
23533
65723
58456
74828
39372
31630
26218
59337
61501
27434
49542
93247
56922
9551
45672
88359
58569
47670
66833
33792
37934
165
8578
11060
38329
45729
2516
47546
54997
43898
86273
25217
93514
38188
95293
83712
9151
6306
91541
53507
82584
25973
48718
60234
80084
73017
12191
3418
10251
50192
11583
28929
52187
67932
66581
14825
54517
45645
65749
58650
8805
21404
95784
3537
36880
97100
8580
42446
82208
58382
78167
33340
68227
3378
19380
54818
58689
13321
15085
22952
27999
6812
21869
77462
92570
95020
23967
70625
92549
15223
3900
67611
97278
87103
94831
10539
49130
17559
30116
41399
53629
77440
49023
16980
54438
49934
62428
83838
66657
51765
20934
11411
5228
52563
46376
43604
4892
67729
88086
93348
53812
44062
81120
86604
22611
4023
96723
89862
54328
9834
20533
31963
33531
77211
61635
5190
85157
65377
3547
59071
77366
57254
79817
67319
4247
35380
92893
78673
29999
29746
51390
28801
83500
26787
16316
2765
49291
45108
30474
97310
71884
6877
14768
60950
87571
58095
64024
70820
30867
88764
21597
78453
34078
65114
45470
14532
59637
10811
52685
56147
43501
38728
88516
69385
43680
73323
61653
69022
72851
97510
81346
94225
75193
50503
88076
94964
79804
80322
59289
41586
55586
3187
67919
4618
69963
28658
27408
81063
17747
87492
36224
64155
60570
55128
52677
90386
72931
2487
71093
74698
70643
76481
8158
9439
87458
8117
96242
84633
19120
47671
89454
53508
10423
71479
81332
2042
27618
95253
47371
23043
73929
65009
52723
95868
71548
41755
97912
86500
7795
35729
5303
1674
72587
37446
27052
26467
61368
24048
45176
97508
20646
65760
38442
66139
36410
6923
90743
72772
57009
38756
65699
37402
18627
70624
48366
28722
52447
37730
16274
22657
12949
7245
20272
52263
30807
47193
30846
62390
31800
47484
31935
14668
54861
92999
87426
82869
26642
87875
4515
42687
83551
20674
33993
9223
25074
20269
77168
91902
17340
41189
53150
67732
14277
21731
34993
50605
44455
55156
77293
79197
47593
62892
17558
87970
97156
93251
69591
3147
73658
25808
8757
3960
536
71039
6308
36172
66624
84665
84906
35077
14557
75840
8628
35043
71700
4293
74788
68143
19542
38827
16956
93040
87887
96507
93236
13540
57267
80366
14563
18372
52988
79657
76311
86052
21172
54541
90423
678
11966
34604
52307
80138
24297
92086
35362
78543
16103
62443
80068
96760
18830
71589
84535
21805
10058
71447
93737
51656
67938
62248
88395
10874
8808
55561
6724
55643
93713
23832
23852
35535
76585
49800
7012
34874
64170
60285
72087
55065
93064
71103
40111
94606
20041
53897
25506
54081
69981
13320
79806
15912
77470
8952
94638
71573
57193
40227
40840
61147
56398
2857
82697
46530
79059
6773
2556
23978
42716
47877
52905
54355
59273
1654
86855
39420
89723
8086
20486
96004
95886
81174
93467
278
81750
54021
13621
79776
54171
65651
88063
82350
12752
55302
15924
39887
83826
16521
3241
12228
49105
54799
37901
85445
22732
48887
30319
15715
51294
36744
40313
51990
33605
5358
17665
76860
23729
62033
48916
54090
41548
14353
7563
29857
53497
39320
57147
97615
50550
65386
31481
28400
18749
85940
90809
52761
52410
52709
21492
38319
69535
4638
85456
25599
48663
12452
35742
70151
1538
19780
45402
6744
1800
92105
35558
67421
52196
56364
20652
20914
80746
8972
73298
20780
10128
4327
53213
90825
17007
69188
36948
27971
45908
42849
55788
82244
41119
52991
59845
15789
40957
37635
23933
41771
82937
43109
27358
75363
89710
80251
92123
33079
21065
75847
66792
19590
20277
52193
76522
67
50460
41142
72173
11173
96019
34627
10908
87940
58323
65168
32144
95852
72648
1014
70720
72950
6746
52058
66116
67523
25276
22769
59355
60395
48988
18766
55160
17479
24431
50035
50969
92353
35523
7303
79441
16593
85824
96735
4231
33774
64612
23553
82403
33777
4817
91877
78457
45830
95324
52946
4977
92587
15298
81660
3868
55311
64435
79436
11773
95448
94689
80379
77133
48165
22402
88270
33361
54875
21097
36833
79312
88116
94426
90853
55174
91285
9786
14837
2056
22203
9667
3723
30652
73486
55892
96670
34119
69997
80206
87968
59850
71220
83005
49333
18280
36513
11143
50847
34013
64832
43533
56602
38588
18333
29434
9085
76137
89692
28146
78541
47383
26740
30452
16332
73055
84539
59039
96229
2701
32282
78789
9440
46865
10635
90026
84643
84089
31108
62122
45057
3068
59838
39345
51376
7709
87272
77773
69878
70165
51573
32349
38
73938
50787
54720
94396
35893
92258
54699
34285
8492
36148
40432
37562
10911
27388
53119
87852
88238
14892
46557
81102
42598
39693
81662
57094
1106
33447
52503
82472
59457
6296
76785
90343
33173
53383
9254
9253
36627
16931
36368
75147
53010
91072
71402
3995
31653
13768
10833
31029
75518
7141
56530
80241
32973
70640
13507
18177
93906
87461
48705
76706
25633
64445
35095
90052
50247
20368
22885
22856
66929
33618
34966
53870
64463
93642
44404
6212
10377
20767
93791
77751
43870
53305
25723
974
54342
66722
90003
590
76942
28418
88682
14628
5318
16821
78075
94967
13544
67715
15887
2431
34776
34902
81864
19968
94024
48223
77691
88548
71375
61525
10409
66473
9073
38396
57707
95496
34105
36038
70085
41324
77396
70226
47187
60202
49675
9241
59312
62165
57684
52290
19940
13467
4735
54667
48159
30895
56
65920
16868
12109
82678
40290
4662
80634
76812
4259
52507
60635
70463
12776
28014
92939
57576
77487
41692
17996
66641
40583
2728
29206
84955
54076
39969
13226
64995
58845
93353
13918
28283
4347
12094
35240
56233
63748
24521
34737
72665
5485
55702
58776
53723
90454
61448
55214
57073
54426
79814
93432
78901
48808
66864
21454
81433
66520
85432
78598
16857
257
95183
40594
33687
80352
1840
51853
56683
15419
47031
19125
5158
60878
14822
70521
28692
79115
80608
34477
5012
59646
89103
89721
9157
87170
2405
67654
19946
46111
39717
84285
983
19006
71662
43957
37717
70317
30646
88273
22083
66660
89164
37128
2175
25294
4844
54982
43872
20942
53603
62902
5289
48378
41176
20233
61028
77195
59765
4613
73578
91780
10166
17510
80039
34715
14044
16606
78415
4456
55607
2508
94842
63221
82428
85402
6030
65357
72288
21438
9069
66911
59570
30794
20847
1266
1972
57790
30648
46458
15921
12939
16314
73106
98022
96690
69117
13054
60542
49651
19415
71630
16363
39369
88330
66784
17799
31985
71678
66297
86671
31370
9321
69214
80428
68537
38839
16663
10966
49447
52641
86797
22931
769
75731
39904
94775
40564
12500
57080
66954
24771
58844
29478
11184
55987
33566
49960
46495
22516
59081
39839
31659
16140
27656
23847
72807
87919
63649
26035
27593
37785
79688
15043
24644
82896
32848
81140
49566
28217
5109
28430
62008
12639
68709
84769
39597
4918
88451
35398
41332
21689
56222
3266
8612
87387
58834
38934
70038
96051
19652
20679
54290
25934
58019
56957
65604
9644
53174
80770
41555
18786
37669
26230
41314
57212
58968
18414
90095
14858
17310
70536
8784
10136
62791
80410
31670
62988
30546
48671
52169
36007
20549
46288
41960
71262
20760
27634
86255
15308
26933
19691
78158
60187
53338
93451
77306
86694
68277
95482
94526
86294
68029
49637
94787
57685
77654
32264
51630
65864
7842
71736
88394
55271
26670
67908
2067
97894
73493
51357
96491
3312
55770
49242
27922
4565
20110
26634
90070
82420
20983
97346
91378
98093
44248
48332
64129
71809
55349
61715
76777
40624
77167
62378
74159
66865
93874
57738
62012
56468
22018
73555
50704
40621
87833
3073
57772
3906
55749
43282
377
16058
69364
56253
70066
66821
55754
61412
27811
95589
84241
67232
85133
22587
47167
86697
51560
73699
54831
85627
67137
42189
85743
64048
55297
3313
7990
20873
5581
85048
5705
28123
3554
95895
30448
26185
9447
77912
46624
27289
76392
61749
59416
83965
98036
60305
42213
91108
80395
13081
25362
9817
48838
46756
86327
79049
71391
52363
3430
43583
27251
62028
24039
79834
30616
31658
89945
92624
61282
59255
8427
63969
74457
16508
62849
1823
44928
69467
44151
57024
1788
49304
67391
9984
13434
85840
27393
9953
91371
86173
48910
60176
3381
30695
4505
43129
26186
27407
46766
60763
39854
84039
82862
37971
73617
2981
75080
96548
15608
21702
2151
20056
3561
97899
36486
57244
53232
97273
64096
59799
78858
62349
45843
11275
34420
96477
51839
18686
50518
51331
61426
65225
68819
39235
34606
40902
96217
37111
76461
4089
1807
63484
31743
85268
54183
7036
19560
24154
20336
78267
27878
47441
79246
83136
85984
47963
6043
61959
5706
15739
79092
10111
87092
28402
66296
34349
18945
16771
67079
91037
89837
9646
65052
66272
28030
93766
47552
73098
52648
51664
71523
32525
51760
87463
81280
27154
64600
13704
28547
71423
61326
27333
38294
70062
3403
23080
45077
3379
3115
45890
14539
68892
91373
57394
38727
8899
59432
65177
9824
56565
77247
48637
26907
79589
23229
41277
21029
97893
33894
96963
1234
22897
1360
94906
97992
7148
80805
79116
92162
95181
28391
8280
70947
27104
93817
8677
55509
16207
12962
66765
4455
13295
71784
68211
41001
84885
55674
35316
91725
31400
25796
97624
21920
89696
16725
5367
213
37554
54697
40434
33492
54954
77141
21804
50748
91218
94598
3245
2077
51173
56655
13516
4881
21279
72541
638
23876
62315
26109
70761
35598
5357
63601
4053
2334
23426
65172
1973
82374
20115
28620
76351
57079
26016
35280
42260
50451
84051
24762
81489
20762
22622
18111
55420
22414
72753
65374
6279
56544
79807
47081
47449
22571
74611
58791
39700
9645
25912
98050
88281
82426
15051
41503
27314
10080
64203
82726
36921
40027
26829
20286
60140
49664
97366
87467
95988
56590
87522
63866
59706
40169
3839
42345
38214
10065
32901
7823
81087
10758
95238
82587
29363
85181
8407
61952
21114
81825
91799
34317
53619
96146
29700
8969
41587
30689
7096
41872
54521
50204
17736
94652
38661
92239
2419
1002
3013
12857
725
50032
55846
37948
10298
71557
24921
9119
1443
53824
12586
56217
24261
85134
78736
8127
40428
82488
21038
90586
50973
26586
57261
693
37631
8101
46577
74219
84903
62668
21129
42536
90147
38037
24880
79398
26133
95746
88918
80119
31776
64336
51407
89391
40519
16882
49695
97699
89104
82527
10821
16751
27798
65891
14839
7355
11099
81180
31949
31674
2771
4899
38570
24401
56608
44813
61644
80734
1356
79351
31547
36637
29602
53042
8228
85592
12351
68656
20040
77086
17501
22780
18839
63589
36874
96411
24754
72282
84766
74983
61700
7699
45790
20876
66172
86091
6670
96140
41989
48575
61283
5786
87187
92204
88362
91340
57428
20264
91911
96549
42211
73036
29023
1770
95167
51661
84136
90903
9295
50899
69552
76181
87116
75901
11894
69746
20207
47255
89433
21033
95783
40161
35552
87934
2873
78219
88342
28023
85857
86312
82470
73006
93366
94267
68352
47019
89031
4393
49740
74783
84198
39623
38041
92007
21667
93799
74086
20742
64301
73964
44631
53334
74324
35961
23909
60416
60689
23012
12489
28849
75253
21283
77890
45926
96914
84667
80281
65324
73880
58745
92725
72471
2690
17057
92997
79410
14533
97933
22681
26950
31244
97822
10228
36632
60556
61684
57475
78208
72082
70465
46696
10529
25623
58979
8646
54124
30497
32862
85341
78002
56782
7431
91573
94521
64778
36718
35679
26231
25561
42668
13497
16534
43426
82103
90577
29696
63036
54493
15901
76139
71639
44554
32728
96000
71433
54224
81734
87565
45290
47493
21866
50861
8366
60984
55832
12700
95948
52530
4610
71811
84530
88208
59982
91194
49752
89109
61666
61836
97653
95631
7411
36156
53689
97591
43223
76278
15935
46661
86583
58924
44991
24671
21567
77666
9401
91863
12149
32758
11538
69422
34174
10015
76089
44146
1736
92111
5037
93017
10046
16320
7494
64679
51010
16793
51847
81541
12391
79482
82549
57683
11005
50584
32522
25434
66215
35685
69818
45036
7571
97513
65300
65376
14301
72894
79459
31952
32488
11818
58449
19117
74681
59121
61866
15073
56749
45186
21820
83269
40467
90986
26680
66295
81973
58287
87075
67867
35725
58196
68645
21872
87
48621
60081
29362
92462
27318
34547
34585
31234
1139
34755
36769
69739
48297
90437
69493
26345
46797
24169
79075
28419
28961
75423
94907
22500
97592
64341
88464
58676
67270
21480
39039
52766
56121
66159
6752
62302
40773
92787
56188
97178
78319
78549
80635
93528
65994
53369
32869
5409
56708
38475
82427
41339
67165
82248
54066
34783
63729
25621
70175
56748
35244
82416
6686
7161
88100
86027
55030
23602
32830
5560
61880
87599
67827
20681
79504
36199
38621
9615
74787
19157
33627
31177
73004
40803
396
453
33123
44407
17040
56595
84319
43763
47170
15520
2343
27075
3179
13713
52372
34991
72367
96554
54136
48217
64138
71645
22619
33752
74527
27460
39082
16052
56059
22934
56322
64032
53409
30412
19777
40997
77451
1017
50138
19178
19467
89182
11814
47783
10845
72062
28510
98066
82393
26748
44704
85501
80976
21637
42009
72637
35974
96695
66839
72801
72651
79093
14746
54577
33397
3395
98057
86716
48403
37985
78226
34478
16153
88224
9922
38462
35134
70881
2766
75902
20872
98015
62630
26677
7405
32923
33908
50241
41910
73823
57605
86026
75334
64812
58430
51904
37361
11856
50484
690
24679
54028
298
12435
38132
9941
59488
29299
26521
35452
10055
62599
16530
10578
47868
54449
52744
28052
40747
79365
23125
62705
29
64398
47836
59537
23375
1616
98136
20716
25896
34121
90871
18985
63202
78170
32542
39382
5674
61432
26703
85864
6659
90692
87885
93750
2770
9799
55343
11599
79285
41965
42537
30553
55627
86466
97324
64201
66852
44316
76746
41456
5884
11405
56508
44952
288
94261
19075
43218
27325
51186
87990
90953
59615
80378
34170
39609
61856
74042
93369
41321
4868
49883
87910
36414
85187
18826
5770
52075
57263
16657
39768
52465
86686
36177
70723
49469
58096
17586
79515
29931
68477
46418
70314
885
70116
43155
45282
45448
93806
29093
40490
3758
43352
325
95152
95778
5322
58983
45051
2598
93310
74397
9453
4047
57656
85089
27495
47665
47211
48654
38180
47603
42252
1861
97601
93481
25930
2541
7075
90610
23897
55362
87686
22232
84812
21816
2574
44417
30966
46944
88051
34176
55969
14868
10876
68554
61257
65784
15788
62796
16496
10771
73865
26431
52852
7659
19312
46789
13749
42061
48735
17603
49755
55027
54688
22491
8067
78679
18576
24312
32394
12735
62205
69874
646
72339
17272
32966
77170
79888
33818
41198
55371
12079
10253
10059
13843
62531
16242
93509
79959
81770
34371
20386
2550
6288
46850
74052
27021
93676
22425
92536
18471
93186
78508
3571
25609
68318
81234
96145
40265
65813
57845
47948
70023
51967
22644
35514
72130
85491
73760
41652
16553
42909
70852
44462
86040
65137
76926
38785
12209
75174
18043
96948
15440
34210
72402
65783
51601
12846
61878
75918
35074
30531
78622
75586
49038
55115
95584
28155
73480
85023
47664
65661
85472
35158
69043
43913
80357
7915
58276
77041
40550
14670
4400
46757
89690
79038
72432
38902
43914
267
45130
96178
15444
63777
70631
5394
19895
30384
45129
37408
15177
86507
59764
2525
78893
40535
30792
51442
58697
50165
81900
57717
91663
48531
92621
4677
50948
87965
93682
20048
74910
71468
52906
13802
65244
75282
93270
37491
28208
80794
1131
12274
70254
96821
52840
18949
22938
45257
57039
90659
25556
42834
81628
11028
70449
25938
17083
24392
72624
32173
30493
94991
95129
65155
18915
38232
12809
3294
76109
38221
43100
92009
11094
66801
9760
66654
29468
23522
11810
68225
48618
85200
91216
74760
91916
32363
55911
75240
59500
84335
71940
36363
59663
82823
39612
89258
66007
8751
52576
49606
5902
14231
2212
3914
9230
96487
27415
23136
37662
41542
97256
6988
15740
32482
13880
34891
85763
29310
33968
20420
30488
89363
89293
2787
90087
67194
7836
9747
8982
15163
5587
56313
697
6116
97587
79454
53641
57187
11677
37196
48314
13863
4991
77650
20446
19728
70269
28793
57070
46846
90075
56628
90852
3732
29950
14119
31204
78757
11314
52223
42721
42530
16817
51059
1655
21262
61862
58012
95249
86757
81592
67745
29952
29589
78890
97182
8748
24928
39664
55694
27562
2951
86149
25385
21894
45388
12513
63308
55691
72071
36004
13122
43357
86806
80859
94305
22703
85929
68309
31576
32390
89403
48804
40669
34280
74012
70669
96141
32464
81450
61123
72284
96713
45253
77231
40601
77301
39263
58107
22240
19099
78362
31387
96053
71543
63572
87417
38986
7184
15543
84556
28935
48521
38011
64926
11356
84282
87264
72569
70227
58381
55742
88117
58256
44648
38323
43478
68036
95254
11974
10094
74809
30234
43518
76520
38929
2751
73737
33991
74854
47312
59314
33933
96050
85492
57177
64908
42272
57389
77553
55893
61518
50602
36047
1647
10512
27063
87817
57719
63867
66508
24488
77054
4044
56910
33093
75103
41775
2804
56319
77131
65253
48967
37759
95561
80350
491
44901
34679
82284
61944
63132
61691
45684
4300
36603
72532
82661
87360
63527
11789
62131
33586
77917
9413
13667
34804
44240
96953
4869
65468
9951
97759
80455
47281
33772
94162
97367
16018
95423
29013
62070
30235
57665
79205
92093
93414
53970
70743
32908
5754
56336
24461
75166
13450
91089
21870
93153
54926
20658
45234
48333
51271
39512
43364
6742
38845
18446
34445
26166
61552
27438
72860
48339
22974
86346
36303
8217
32483
76568
78228
88974
78003
405
13060
31892
63235
10673
23433
40868
38953
5327
7366
35127
72695
43099
51444
84735
63898
24858
24587
37902
75672
81591
16086
91957
26689
54735
50227
37970
23914
90248
29030
59773
87843
595
46922
17291
10628
73761
32755
80754
94117
10645
81247
94868
65666
14342
33691
12607
53527
60962
43537
92061
89088
32325
76275
9853
72267
94511
71405
49392
46379
66182
95308
98145
80100
62634
2700
72571
55264
619
15350
75123
29001
25897
56930
27423
44526
69458
29644
27954
86983
31970
3126
97637
19716
55012
20036
97345
60678
63837
59349
11532
88655
45073
44708
32302
58577
19458
66542
57678
368
66762
26240
67694
10438
9452
7622
31668
42749
92778
36967
49700
63131
25028
1213
69594
92765
36860
81726
31260
57592
19627
24295
68668
92555
48715
31346
67242
66265
2623
3186
4037
70540
11572
15768
54270
32408
43588
60864
47804
90027
93061
62236
62739
96290
1567
50077
88881
24826
3192
85539
18120
3471
48207
97793
66545
13969
58867
65709
32485
70137
96037
18340
24001
54650
58089
20512
4285
83077
59207
52828
36037
28442
55040
67374
72995
58050
59408
10938
31316
96197
87388
19687
85696
30938
57040
18557
57945
86913
466
51346
52985
75646
71767
49257
45859
84236
72805
9278
64214
80189
63490
62935
40715
22905
79831
9883
53667
14006
8839
6678
29112
49418
44000
21353
5050
56635
95958
31106
57359
80402
60268
47541
61809
78388
64512
11515
24183
70701
60098
93947
61875
4326
73102
75935
66224
65333
76490
30370
53307
23273
37882
48878
93529
94138
88773
87002
19260
76136
74256
39404
26274
27623
92309
39674
17597
90672
79397
79000
22520
29339
38299
52573
81241
15903
57743
25421
92758
41302
40642
87488
1816
3836
86997
77791
61562
74846
59276
65564
43379
71009
49143
87149
63203
37868
8141
37169
25484
6837
19449
78183
7339
67765
81452
14083
27510
53122
38076
63851
64039
50088
1076
80956
25379
76403
56927
80978
69925
10692
61213
72989
21948
83482
39942
94413
36797
9390
51290
46499
41796
78750
80365
79567
42383
90633
27431
53854
90733
30609
28368
96270
78121
4898
38844
10048
95417
10665
33510
46423
13922
3573
88126
84354
84230
26606
20344
96571
19763
83453
5330
85972
19656
13382
61178
30968
57110
90023
19838
55122
23912
88825
64694
47274
77313
94342
87971
53061
20719
86157
9768
56973
21326
71537
53019
46057
85045
2098
76083
40616
28074
5005
334
69084
62367
77837
29670
67005
71245
32838
84207
32537
8506
28306
38364
38147
70943
3376
30440
29863
72557
87455
58540
39630
71324
24670
62370
34093
9774
67218
49472
60539
80661
9899
17598
77004
18630
36641
89313
25662
72295
53903
62062
88849
64376
29221
35237
59477
86211
40404
8724
24690
6110
48787
13383
94628
49528
22148
54471
14971
64649
22601
40944
25431
88228
43966
32720
25442
61343
87832
65456
83925
83054
65204
32288
34743
80726
99
81451
18925
49455
52118
33469
44051
29835
53710
46927
21812
18714
71911
886
88670
42103
31086
45009
66066
78137
44967
60144
78235
4601
21873
89924
20685
18270
67511
5699
55548
32478
62073
47126
25913
88998
31984
218
6973
21959
13249
21088
57144
95674
88034
83218
61081
97642
40040
69421
61461
72438
76314
89213
50264
86185
51683
38703
22876
13385
35695
13416
19022
87718
11556
42112
21434
56420
78652
67566
39806
38098
401
17455
13838
46144
58651
30278
25439
34493
38600
91016
76308
21219
65526
68745
83616
34350
65001
51417
10857
3496
93972
86649
31381
16220
51372
41986
15918
86398
28803
37243
19901
70813
89694
9696
31014
75021
74963
58080
58614
66365
77627
82714
72496
2558
332
1236
62005
28888
79904
5962
39874
10087
44069
72429
83686
35551
58763
54895
77446
8274
17599
39998
59286
41458
40645
59395
51496
26992
39035
2798
59808
87135
81917
7849
58526
80432
74285
52173
72009
41307
64502
18702
54394
36503
42147
27934
18453
26330
68481
80046
92164
73333
9016
30881
41461
37004
38366
95257
24436
85815
94196
17360
28727
76451
38628
54242
68583
50682
38673
18920
39971
3304
11088
54892
51164
38056
97896
56823
82042
89371
43743
74782
35837
33099
84616
50607
66311
1563
29838
67966
59140
49229
6221
51959
40222
76670
85310
35344
43428
44619
7222
5163
74068
26916
67661
61226
66130
15064
35488
15252
41672
84076
23878
89994
6093
14252
6205
34636
2840
32368
43329
44899
1668
5045
37975
19317
96820
24900
54087
8620
16990
64719
88893
90515
86646
67344
12708
14877
39394
98009
6655
40851
36478
64518
33497
64645
6427
77593
67841
78
5493
43095
45545
44369
65007
98284
97454
71490
26188
7765
42560
34889
8298
19527
34595
72996
69246
44861
62570
22006
90573
86073
83485
6252
18718
50569
2274
84818
46024
29446
19979
59820
28054
21559
68780
96645
76740
36162
97976
92048
40880
94475
12197
55429
25062
11690
41772
15449
10482
50202
93332
15605
39289
84756
58109
39081
86070
38115
46824
60790
86488
51667
34097
22850
8310
44937
81767
31714
73780
62239
94041
64036
36869
13736
35728
54909
31662
69021
44241
37487
64006
81783
86278
4724
26814
48126
85351
81364
95547
77966
47975
13933
88532
71819
78659
23284
95990
58866
65862
45195
76294
69857
9484
96058
39660
44659
4619
80078
8402
57885
41885
81585
81895
38312
74194
62783
86838
16551
5676
22716
56279
33926
7955
81996
75184
60631
9708
6555
90585
97384
93727
68556
43886
57451
82118
34421
47111
6853
97413
73849
77697
18774
73167
56744
33025
74273
4227
55146
42117
88657
75961
84916
59417
39211
14818
18942
16762
14503
32802
74257
60054
74997
71196
42962
47600
12562
42740
30407
70360
46426
77162
67078
67701
44529
26754
4978
81984
28437
38979
13955
93373
56271
33852
85368
6078
76556
76085
34032
7401
84257
7093
5807
65144
14040
92330
76068
95711
2371
66181
94875
29476
48540
30545
25983
32118
60071
67847
94847
82045
11997
45985
5816
14792
73347
92769
97440
83219
27930
63915
15591
66204
2478
93523
41839
73192
51343
72435
8954
66876
6784
67960
72431
97890
63448
47462
94560
37239
76644
48512
24020
65254
97687
20809
51389
64220
94256
85922
38545
84152
78695
54302
62023
85576
56091
82983
95571
97495
64998
48813
6762
64769
20628
94790
96656
81136
19269
60196
76990
25221
50104
74978
51243
72457
41403
57579
86136
60044
82468
95222
91972
53579
89809
1125
85729
76152
46427
79418
34206
24147
68223
72057
61795
59124
7660
97445
46277
655
77860
38694
25876
1743
36904
18744
80409
80459
30776
54549
51221
40591
52063
96543
91997
17209
11768
54797
66816
92444
58397
16906
42007
45557
35757
26769
3560
36985
41274
15554
31788
49870
31928
43848
9115
22763
46932
40247
60865
51908
60611
61066
65250
52078
75082
60902
23047
93047
70767
43250
46896
40743
58804
34852
53199
38888
37456
91527
96966
66656
67167
66529
25995
22122
52993
52487
25650
86072
62051
44829
50154
95368
90244
18117
65961
87790
24822
50781
21795
89195
43573
57943
12626
85909
66961
71733
33563
3873
27628
38432
91796
89518
46099
21269
98049
9868
62581
43623
50363
73828
81979
94530
66367
53534
12436
87306
61652
42592
50006
42182
79552
51590
7428
50844
22476
69480
73112
44639
10719
56189
55314
94919
51711
57966
16213
11120
79045
85375
46518
94290
12475
48348
57637
15169
84077
59770
76295
76213
51081
81579
8030
90817
26555
73833
52968
28174
24129
29122
81558
63797
94096
38886
74292
79209
86566
81550
21346
23727
11022
89467
52509
37884
48622
98104
67915
82895
50753
68462
40335
87633
45575
55632
73644
9754
97014
71544
87677
41185
29326
37933
21347
42171
33377
26037
97192
67413
48636
76261
90971
43794
23157
72338
97729
39140
94719
72158
10525
47489
54543
50015
81453
68188
70100
33089
31349
81905
79297
60838
27172
56003
44687
86266
9216
84255
57568
65624
2674
58284
72827
96382
11076
90121
14631
83625
96776
3030
18321
16237
42956
32598
41727
80870
58865
15119
92152
16256
43041
72237
55481
58422
88247
46882
69041
64898
95011
118
95823
70921
81741
84894
68779
68650
74121
2031
4484
86939
70777
44452
41863
21084
11709
70448
77653
76358
15752
80254
86126
27241
600
88256
45259
62344
54326
28813
36236
65954
26095
34602
5250
63167
64842
82744
79174
51612
91935
2320
89178
53792
71619
79764
73095
13449
63795
33863
4428
44994
55352
76800
34484
67286
4673
77867
1291
95889
18852
18707
50003
31797
75777
80135
78217
46732
62486
74213
37870
83583
80005
52839
52658
10870
62519
87371
92832
69298
2708
92523
5722
14879
92079
32760
21105
4794
75977
5264
14630
4180
74317
61894
42142
91344
98264
12638
16423
45608
3775
65868
67509
96692
4155
28598
24673
14347
2935
97546
97949
14866
60775
49516
73078
45030
22550
71033
48453
59152
76
76061
78981
23885
68730
25689
90525
65685
30269
4561
81703
38781
17577
52366
85985
61313
8658
94793
84826
2111
40
65026
51744
19155
94695
66107
32035
18542
10572
57916
88419
41638
13610
6692
47848
22302
57296
63528
24008
5585
33770
84082
20607
4477
773
63419
77038
96343
65234
15126
6009
73458
67667
61310
84634
88282
49712
60384
57869
11259
57181
86253
69380
26134
92992
12963
7097
7381
37879
37320
29292
33672
57934
79928
44534
87528
13596
74746
31513
54753
50294
82749
85562
20745
42590
19976
59194
65078
28361
95319
71079
83436
33035
96162
45709
88324
45184
1507
56001
50471
58673
76362
83072
13148
45268
89521
68508
89353
38894
50018
1406
16582
63618
15539
60561
93588
70809
493
5462
13170
2841
87332
8993
56037
4160
63515
74504
76051
58468
1286
44988
29406
21040
90308
15386
1193
12353
23490
67394
57750
88988
37660
37602
66999
38413
57191
41487
50082
44517
40825
26816
69474
44038
53041
2477
92208
23452
50487
31902
52571
8426
77457
1481
17640
43543
62206
35492
87539
56150
3525
7430
76195
78125
78055
18126
92247
25045
32043
29780
13658
48382
65646
8587
5608
48702
15168
21257
77679
64381
67567
90467
75146
51631
71665
16888
85552
19500
43350
51620
10067
11628
59716
17395
74226
82608
5956
42816
82476
80158
92848
55620
93860
31243
72016
28520
77921
92636
69668
45323
80831
15672
18770
12871
29929
61871
70427
48577
57504
11837
56817
63863
17678
24970
24805
42139
19771
8500
73655
88946
70776
22564
14984
93174
27054
56734
87484
53599
35160
63966
21470
19738
78939
28133
66924
14527
28594
92704
35013
80306
27132
30398
31945
59250
88522
94060
97535
76941
3823
81396
11936
82270
80816
82348
74328
5602
32780
56035
30080
33495
89090
82081
52848
21210
44120
60688
84887
87185
9512
10232
49179
27936
43975
57523
18072
19331
21548
66122
83494
18267
43203
98056
37374
88480
24701
52771
2937
22916
95812
128
51268
26319
74217
26410
70823
22912
26718
51903
78085
78530
73032
42908
88352
6719
54592
58592
62244
6887
15413
68798
87128
74506
65693
24783
414
29649
48391
78584
32770
14121
55492
60073
42833
79809
17889
56228
46073
66769
27858
73034
25305
1349
89227
37460
4036
70742
53702
73772
94156
17913
27822
75525
64584
27783
60118
80442
2610
4152
32858
52256
68593
82687
57190
16636
49408
12122
85122
64693
85891
27530
88128
46806
40116
87401
8337
82627
85461
41380
35195
72058
17326
6125
81108
45950
38679
93637
91112
67311
30055
72549
20909
88331
35019
60453
5818
97090
45475
28907
79793
27300
36216
96801
42324
93261
59424
65822
33983
1549
53399
95671
13441
15283
50167
35801
93400
53476
74351
25206
82019
47283
50090
81971
28252
72493
67987
40996
3077
54817
64303
55179
72636
53073
9892
41827
7460
77728
52857
65346
1421
14809
91095
29123
86159
58402
74398
67826
53754
15074
59346
47816
3040
62974
69757
21541
70588
66225
68702
17561
88172
784
66928
55054
61778
53501
67594
51888
90524
33311
73342
32469
75126
40962
24030
18558
75039
26873
41262
79348
26945
62576
16856
93091
44401
66065
71974
66108
71273
62150
72335
30691
16963
5199
62538
38336
14499
82727
53611
3738
51521
24740
30310
30640
82868
43254
6769
4228
53141
34632
79906
79211
73744
9940
50993
63214
27786
37867
72449
49187
41732
95433
42936
82901
44577
87227
21185
43322
29612
25982
61348
15389
23042
40389
77628
91947
40999
24642
37181
6760
80728
84824
27188
78309
69494
21212
64991
22208
62280
68763
89724
32185
68351
93684
38540
17225
45174
76821
76074
29830
34282
63639
11536
20796
83623
40497
79934
39532
1140
50273
54502
65644
45123
29290
83355
89736
76288
55559
81826
76780
63151
70424
30248
24175
61305
37005
70653
91742
87158
19714
79460
97983
20171
32061
55706
78278
72323
23753
69634
33452
28170
37186
37831
14624
63638
68492
59423
77169
29611
17515
21913
56561
72002
14151
82259
63085
27276
97881
78450
37688
608
7018
45161
18200
38640
94726
22451
77891
75507
18075
36614
431
57122
1560
96026
94430
130
59717
37650
38347
62837
23065
3805
72427
57089
23028
35173
9600
50956
72490
89091
2124
57
97798
86590
19355
28761
44917
13813
14043
48865
96457
29277
821
5529
44777
54682
137
49963
29840
43922
63835
92017
77489
41543
14509
67206
56384
72590
5669
80775
28262
31969
90290
22146
21253
23965
29046
54310
33176
53610
94874
56505
15802
25081
85733
86786
43029
55245
66971
92149
51983
7833
82928
46384
38707
27684
42175
78863
28884
3135
66592
30563
95463
57166
17328
3598
21398
50601
93090
36625
30225
78011
66933
83004
3798
93435
57176
90534
1859
44770
29697
38689
50023
91195
20898
93622
71724
75717
66772
92575
96972
18452
82917
29703
28928
52542
31113
50720
4940
7796
39705
49875
47163
71020
15540
74388
79761
61289
79367
42589
96299
4647
65490
2715
18398
37261
85510
19040
18905
28693
4681
29733
11354
79084
67925
8910
69893
56427
4314
88913
20265
64264
46977
90390
59891
58505
15697
45148
10503
70064
71111
62805
14819
6262
49861
6194
55253
32155
57728
39433
18512
69890
22109
4281
61219
20151
23472
45490
30113
56898
73138
78188
62214
3198
46465
62380
35686
53283
31821
47023
46083
31841
53760
11649
52132
6707
27379
42067
92233
84493
870
95519
83335
80001
16803
26990
33760
24734
96680
87850
54741
62169
22223
22286
48060
15577
36136
64210
93673
35297
69088
88090
97503
63315
69032
12855
10587
28686
95436
48334
63240
36644
89102
39590
39663
11817
23427
92858
72232
75584
77815
63176
90339
94493
92665
82091
11517
7459
51418
40508
43688
43181
29984
46748
31199
75158
37442
22795
36573
24782
40105
81568
72308
5656
53166
51786
74197
69081
65959
2023
8813
8715
82131
20073
25789
66298
64617
95759
2511
94310
48385
76113
25133
23053
19568
50828
30369
76958
50087
92004
21027
84022
76866
73081
49709
89457
37039
85742
31227
28218
52084
10371
4461
87667
43294
85953
27992
35333
77732
39506
68968
64444
82296
37871
66144
40972
22313
61112
56794
57404
16404
11324
43829
74102
68000
43162
78299
79790
81165
93210
47921
55761
19896
87835
72558
45636
55685
30258
1571
89172
76158
68810
52974
711
8611
80183
55919
4760
22255
21016
69325
20303
56676
41679
82255
65675
40913
50746
90800
6317
632
37387
60889
46585
44084
74394
55889
35358
27970
16929
41038
66063
47729
42328
62217
16073
8247
52085
90136
29850
96332
24360
94688
17663
93996
13731
29804
56161
22088
10220
61438
8441
77112
22118
63129
52958
5821
72153
70232
44711
35463
15256
39148
84599
58739
29640
88218
71188
75504
7000
78382
13868
11651
89820
84276
39349
73476
47684
17623
68912
2283
84578
77087
34407
73015
17264
66986
82178
25137
83590
17354
65609
64738
47810
32633
10640
67468
24268
50532
41577
19952
34101
27269
68400
32708
35017
26485
2663
90968
60581
19168
52337
93054
54296
86008
89735
21647
82950
85881
60236
45481
38383
5947
29198
53096
43775
35579
26117
89175
91610
9842
13683
76290
61924
9025
57420
55862
57720
10725
14966
34868
97749
51595
5396
59303
71875
46461
71342
77353
28503
66788
9096
8494
67967
8592
95690
78926
61575
50140
15359
61765
14766
18188
12088
51433
78078
61222
81260
65098
2463
3632
9347
72236
57500
34672
52617
41929
28937
68338
7801
36348
94047
41585
50142
19337
7328
32360
40843
86958
8758
83369
55326
44546
3433
14691
58846
32839
91919
51152
78692
35370
7716
59963
97622
39732
4705
64909
91928
39073
82150
90792
57059
62425
56270
17523
31078
50191
68450
62830
53203
79961
13357
41462
78818
74768
83661
80014
12893
63468
95081
46397
25560
16430
76386
40901
23999
56242
71673
25223
32183
93847
65289
38016
43111
62047
65034
71448
19278
70008
64334
16580
88667
56010
45181
968
33644
61262
11506
31392
93484
76658
25566
73061
10099
10575
98197
22722
34939
51557
90747
82533
58735
68920
11142
54729
88349
63025
22439
55082
15066
60971
7680
64287
59818
90371
40171
42883
9158
78019
12879
52234
85004
50806
58503
44235
21853
19288
42133
28347
21828
88963
6477
87998
1313
4320
78006
12808
1531
97015
12083
76442
30509
95611
21771
44409
83999
84699
72682
9124
2755
80134
7486
25813
95902
21261
20460
71081
36517
74227
45767
71773
32128
4234
67810
28084
21712
64018
24500
43171
76839
31561
7711
71764
29895
28175
3586
80384
83522
25140
88304
67704
61956
21756
53887
43591
86978
20008
5731
64957
33859
52297
32163
21836
20584
25693
75436
4689
28636
20149
39620
58573
7237
53279
82778
50225
78451
843
66502
95634
4330
41940
94458
58553
51414
52582
93157
71667
86585
23689
65500
31291
97226
10516
25063
94544
69902
88977
30160
56368
36884
97537
19381
76672
24167
16548
43503
31139
82020
89565
5901
63643
55151
28557
43090
30343
87524
88099
56044
87001
45663
88714
30090
90117
20832
7832
43107
92596
47112
45326
72878
64597
19775
30810
75477
46440
8503
30954
15844
72386
535
37473
82369
38606
64409
78520
38140
40551
5918
51549
71168
55232
60566
20367
25901
29366
21708
8957
70362
1631
52806
19248
2192
82978
1018
69389
50522
47050
40071
14244
21930
58679
12618
23358
32276
7384
24053
9528
47662
49789
96062
57068
74443
4129
26398
33695
35388
70399
18790
18334
62750
87951
35815
45638
83802
37432
81182
29241
74614
75950
37511
79978
2863
57847
58183
35941
51424
12087
1330
79568
28415
2015
593
40366
32934
83032
92269
16460
38503
69939
83803
89637
97575
37663
59374
53585
52416
53304
60374
13655
51371
86282
35167
45508
6163
75222
1430
27169
16160
28136
82342
81954
25956
81122
68663
76767
36727
60421
6045
77983
76517
79818
4358
17545
95536
78403
26959
72873
44428
49142
93317
8345
7112
13448
96316
40065
7886
83471
90443
65069
81336
33384
89167
56938
23300
32109
36785
71357
64159
93805
60703
59029
43880
21833
81294
44486
7192
96728
55299
53604
94614
34673
39755
31088
83596
50133
20989
60488
73041
96829
51479
93456
43528
10084
92041
7131
61909
41511
55372
13423
26265
39233
22172
41539
22338
46021
5442
38620
70469
55225
97512
71314
13042
5666
41225
49776
8444
45127
31196
81252
16600
2872
43673
27449
22282
4731
80133
45712
35497
51957
1767
57828
10016
4997
87143
22193
82847
42442
78715
37467
11300
85782
16651
74536
75400
92950
48693
94152
26968
51657
53806
22258
6912
542
1405
7811
80925
60427
22616
3413
70106
55920
62173
38036
70316
88541
80376
27465
59612
54298
87690
34336
82031
1998
33322
40627
78582
51921
76243
20198
59909
68248
23924
22869
53524
88379
24026
10054
93861
66804
14239
347
22227
76824
9550
44024
93838
84296
83193
85500
7249
41517
46904
42670
56539
5201
28894
81883
8688
42460
63678
63776
89306
24389
39906
42657
6385
59855
25857
79855
10098
43275
15836
85007
31812
49405
37923
61466
50540
30572
43027
26954
30270
63133
63552
36025
53755
1157
88553
65950
554
28246
16798
22688
26010
55680
61244
66600
79317
89888
65338
90415
73799
69892
66614
58747
50059
21391
19695
81861
29187
39662
6872
7544
13723
4916
50317
78429
20260
46306
9135
52826
59934
65506
70001
44124
57628
77310
69770
2837
80491
47723
98173
52843
72953
54524
10646
57583
86498
3106
68424
60267
28979
77232
5326
43052
17289
21239
40518
11027
50013
55519
18357
17606
7829
11101
47882
6569
74414
22189
68805
21676
42942
38788
23814
90690
23085
21506
71897
53448
61787
61548
42994
97112
79309
18468
59073
87445
89668
26701
47514
21927
40736
6860
11009
55881
96445
65658
83192
62861
84650
42070
1548
22229
87372
70373
13376
96240
14996
8602
89105
69179
6501
87073
64363
8703
71350
49641
40050
89959
58603
14678
40927
95850
24483
51225
27563
45135
73255
1724
16926
37333
88169
30626
44916
47650
1748
84573
80495
95629
29215
60062
59992
76561
2202
44590
6259
10858
87659
38859
23010
87036
47742
20694
21916
9410
75256
1347
33248
80725
91398
4232
64319
96745
56765
29721
22046
74804
60121
96674
84139
1793
16581
62843
67781
31077
46264
12627
43370
83163
31192
44164
29885
8169
39219
57883
41954
18898
88709
6854
50845
63703
50076
333
26690
47778
85169
23237
23866
94674
58933
83145
44010
12667
43739
85897
93105
82799
22082
85175
70441
29668
69815
70884
9389
72740
76551
1953
68301
75951
81300
94861
60501
87468
86038
50069
77532
45584
97516
93511
82579
66884
92953
81079
97254
90616
9319
46438
43952
40330
45217
7570
45975
28272
18719
76707
71527
21694
75194
69284
49369
82455
91401
9524
35943
36694
76238
73881
65638
61675
80187
41576
86526
31727
46776
15865
27367
14268
21974
50254
38082
97985
21545
54069
37136
35588
40375
16986
50830
22037
7319
65676
24686
72043
71760
21295
19538
73209
81306
49756
69045
62652
83757
89767
25364
51344
3629
65537
93824
75478
91980
1756
9213
37501
76688
57569
24553
9042
56009
79970
17229
79512
89569
75384
29831
81991
57968
71979
6447
37116
75929
80959
42896
50440
15306
95473
24540
75752
52273
77980
41205
79244
37217
73949
47266
86959
22826
26597
90698
16230
69343
6941
19145
83109
32062
68866
53492
39504
24168
18345
82620
91308
15095
11953
77959
32793
26438
41740
28842
54234
19165
97568
54055
35811
4114
88661
22443
68364
34205
82330
36078
18789
11433
72886
88251
52370
4378
18676
54043
79054
5013
13190
22572
91224
29709
91146
46945
37406
87543
81045
3231
46632
42415
20222
30782
73627
58918
58948
60526
9041
75823
24576
65843
89339
12225
69247
47253
98280
78524
68354
49465
73240
52422
8416
74874
39707
66558
80034
78995
46564
11321
67674
20414
71788
26233
3616
89839
2375
31443
50208
40364
16964
14302
39593
25632
94904
36463
40089
88821
40910
80209
68501
3102
84934
94975
64311
83842
54947
66877
27918
47451
70170
28567
26800
47133
64407
17107
76803
25309
70109
32985
92490
15292
73202
92026
50962
95256
74379
10826
12189
55956
3421
50763
64646
28731
61482
29914
39137
32786
62949
23981
71305
46338
13437
15024
42097
24736
74570
53674
4508
12531
9634
62102
49422
27064
22098
77113
6712
68073
36701
46417
24065
15102
60761
34249
87408
40462
63600
995
71135
37049
35878
35876
47979
79894
31578
72760
53587
17070
69191
65064
77350
46045
55820
11606
67385
95772
21505
87334
3069
60735
50578
28845
87222
52815
79140
88528
97576
64254
10079
50470
85117
50199
37735
21363
78204
97127
10510
53796
88945
52195
24322
84629
76898
79480
70233
16901
25151
1753
51965
81116
45705
62903
5928
26988
28383
30669
8902
18230
79866
16377
10846
434
23307
87412
63543
16526
4582
34771
90927
10521
4017
78456
55968
21932
45213
9790
87809
32900
23736
84718
79902
64019
82018
13799
94155
19679
68165
91851
17163
59901
80982
78054
12217
3711
11471
14941
57336
29328
34803
63106
24727
70380
17104
65248
36267
73835
26538
64368
11137
1989
49533
54894
79230
48659
94307
48200
85792
36367
54163
91493
4070
88514
31875
94571
95336
45018
58716
22130
46622
36220
76366
81006
73550
797
8552
59017
46958
89576
74275
32186
78113
76547
62058
96189
98150
26244
63568
56822
60751
91249
25455
19953
94219
46637
82123
19612
78253
90088
25403
24236
93060
16146
63956
90461
35882
61688
61846
76175
28237
5954
15485
82752
79695
17607
16458
32335
10097
5019
89954
14887
21361
15792
77712
35496
76952
61821
52115
94558
74258
74418
33430
69245
57826
56928
91993
85381
42958
20305
5353
14023
2923
91263
76853
79812
43137
53575
78352
15519
8025
56688
34548
43821
87208
26227
32721
88493
21768
55066
87870
53313
12517
58251
33810
95766
21108
85835
22937
54630
26020
36867
81894
76430
75085
46387
64632
9955
51103
78804
87040
46629
88976
64917
41969
95563
25430
27019
74649
76073
8179
20766
64294
28480
1399
75652
89769
17240
83588
69769
28197
5734
45678
87640
74979
93016
83934
3998
78503
4851
25030
80373
51282
73312
10890
18036
73064
56286
69584
69353
67425
77333
47797
4063
32944
43160
15742
66226
18795
20682
84889
91995
19445
53894
5459
69015
58767
50947
50929
88011
44541
88206
35726
25405
56699
77398
14927
90656
12756
2041
72093
13857
36505
62184
29336
24027
54647
28463
22333
92614
46115
96106
14118
55307
6951
2048
67658
49927
16126
97923
35998
80157
44172
90081
68098
65944
68419
4782
34275
71457
9231
45998
90815
66588
5351
28553
89410
92860
76390
83736
66941
47916
45606
31471
92266
10262
27632
46782
30262
11089
85483
4429
71237
84519
43549
58
13750
14559
42212
75070
56965
62826
88449
30444
95944
19363
47486
32587
87534
12047
72348
1657
52882
16790
87892
34328
23586
7338
74049
23785
74435
30131
95736
6459
50112
71982
6829
4944
75632
61236
22354
25375
7862
22328
8259
92583
12988
84940
1020
5641
43333
22871
14882
76473
51652
55545
44974
11703
5251
60478
55950
73841
78613
74128
90276
16226
51421
81663
53194
26486
79363
81774
58661
25159
50547
87202
16847
37523
35324
84816
86087
53728
43877
66333
97255
58185
52056
11239
35083
55059
25722
25819
55617
25773
74371
69071
49703
76209
77583
43750
32037
61068
4926
66060
23113
87588
6391
2775
50882
36589
53664
85522
73329
65048
77147
86693
24523
95816
53211
38826
1764
69692
82372
58327
83289
30902
70600
65713
46284
30030
74296
17341
74562
56397
18807
10852
66457
60510
73673
62256
85095
26483
92450
55849
38809
45231
33315
37705
83691
60201
16665
95645
42130
12011
67748
67877
55131
65832
95234
35602
96773
35532
5892
49947
42181
53623
49324
93045
25367
43153
66284
82632
18661
13288
83307
50557
41988
3885
65247
13926
50027
50048
61027
66077
65373
72975
40738
57319
38718
72124
10910
96532
50738
87051
54420
10264
12285
88802
44729
24497
21432
89752
51924
73728
104
76807
57210
2764
90925
6258
89354
89818
42087
20089
78376
11639
65689
16371
68723
60679
60883
49395
72778
64168
63179
9206
79559
19026
47760
54802
23095
80160
79062
65083
34457
87877
56572
66163
95588
11460
34061
93364
76225
68121
67624
82467
80411
37351
52630
98184
33446
33775
39867
53300
18208
41978
14685
59910
70178
17126
47264
66171
39371
72260
51792
34345
4860
45243
76025
69529
45941
90447
53661
89329
89477
6193
61678
80476
33181
34819
35200
97804
91534
67544
19755
59134
45086
58700
10675
91531
14528
4510
38848
41556
37428
26864
9630
41353
55774
33911
55257
26215
58683
43832
1514
62252
30588
20275
64545
2941
21007
79778
67071
45322
89531
9675
91024
66079
30217
32877
23294
79653
84398
84596
67373
39427
86834
95096
13931
77658
49174
89144
30094
28071
46093
15265
32343
55781
25718
8759
31897
22161
85464
86771
26038
54662
64403
75377
540
41816
74384
70939
80946
60575
59157
61686
14216
21881
41489
13397
65743
57371
46369
12397
27959
86860
3141
14869
81382
31193
55771
95982
53336
7356
87024
38835
42344
13504
85608
63011
4861
61614
74761
27250
25325
19783
66959
69484
64425
71924
11655
93779
16114
6387
9322
95151
58808
69560
20423
21657
79194
36180
19945
8511
4121
54464
45045
16276
1922
43011
45534
68804
87592
5987
28983
84938
74483
43316
60705
96386
95306
3918
31657
96992
47505
9748
71339
64009
29739
19400
64028
95272
48959
28738
19016
21325
22755
93787
1298
61641
28451
94939
59699
8707
31422
71562
32967
43883
58778
53480
65175
62004
8843
25637
80305
60134
85934
39075
24367
34828
69083
13855
83202
14291
34590
21462
59860
30117
44536
24153
92289
50172
35906
11335
52311
40658
49961
53159
25834
89095
320
35987
60490
93207
93200
18148
75336
58389
16251
69917
29455
4476
49381
49759
85093
83658
47601
90208
5872
85582
87920
42541
28720
58779
96755
741
8536
9017
17030
8710
76305
58186
37225
31206
90034
69190
82902
61697
87981
77814
91176
50591
53705
10270
46257
76929
78516
84165
29488
24659
60352
2445
12814
54261
55332
52668
19720
20548
52439
63076
59989
45360
66198
92540
47286
86178
27994
63280
65700
17344
53051
4600
31135
80337
33904
72472
70365
58799
68924
34735
2649
97702
33379
42219
20362
21539
91130
37599
43187
20094
20899
16772
90017
57560
37332
66553
24785
84642
5349
90977
53936
19470
98164
84570
30260
51440
58713
23962
29750
92682
46118
15107
18166
75081
96744
76977
36144
44368
998
4365
9326
41927
80737
72024
6797
46463
69287
25307
69554
6964
94656
82680
83915
17429
73544
82022
6704
13472
40546
97750
77137
83694
64827
94711
25573
58250
96540
52768
57623
68460
27870
88573
84971
17471
89315
60262
84712
20693
86197
58313
56156
48913
74053
86313
97087
55303
16155
18944
90135
13269
16192
77755
67927
7057
70977
15375
55523
44965
69293
94205
78306
14026
10620
54
6393
29766
43479
50420
82861
28477
20706
55880
38603
72311
51681
61251
62670
82294
74956
47233
69835
73931
23423
6971
42145
51678
40900
73692
67216
52642
38508
56784
11554
84170
35182
62376
42375
9394
89129
47275
95542
72600
85706
80272
13584
25729
91517
30371
72482
51606
37044
94379
2454
76401
61230
48097
83344
86957
70155
63676
36883
60577
50393
55284
96921
91042
43544
53720
19286
68544
68180
39392
63173
61334
55922
7081
61735
91192
33964
70334
68952
37926
16875
39602
55738
53659
3640
83305
43376
8953
48229
1398
55269
95075
67025
25945
44405
88904
79262
13149
5339
36323
94938
40832
22166
51571
52548
64147
75247
2566
89419
43624
53342
51926
72129
41411
2609
87526
3672
38946
27877
39983
91925
40934
78115
84321
76111
9678
30948
27862
63509
685
94455
11849
97582
14506
85955
60368
6260
52653
47694
49224
22035
93746
49517
95303
90670
47681
66480
57294
59870
85497
33853
57452
88605
3648
35332
75066
952
50565
38040
15012
1978
50308
65949
63746
74704
38159
57888
46848
57101
90806
55342
79490
47594
31371
78418
58652
61837
66862
89120
83946
44833
10784
73825
46056
68123
61683
3329
65198
21474
35909
65747
53858
17584
63201
22471
92527
32106
9436
36575
92573
48606
45224
59683
94693
37149
57366
7296
28145
76950
91975
21076
84856
30793
66194
5549
48543
95346
26881
46060
28519
18350
30484
2811
53496
40025
24656
65371
26610
96812
16687
58840
84917
83474
49506
9289
11090
60756
45444
90265
79980
19528
60533
79852
26499
9521
38096
42655
17303
72844
54768
39511
4763
25605
3494
52531
17766
2383
91678
94466
2129
78621
43654
23477
3909
25952
67275
36319
54008
45229
90571
87368
81042
53309
54774
23660
13116
69941
11021
94283
49274
62076
15473
47377
36738
74838
26326
67143
92803
51628
19201
73173
97123
75601
85042
39084
33275
31240
88037
98125
74673
43173
16037
11512
68130
37069
24579
57269
35873
57132
88731
84007
78395
79595
39723
52752
18220
76657
95267
40643
52460
18667
84961
27780
28572
6397
64241
12713
15105
46920
71541
13923
75605
37068
23451
44121
17166
66901
97180
64188
97294
32556
81549
69514
14129
66433
31636
8859
64960
35153
455
79347
76817
44099
82959
61769
44445
42748
71510
19745
71555
12946
59812
73251
1341
15735
24773
6481
80049
5791
87396
94819
85784
2146
85365
79927
97391
12032
15868
32152
68602
80229
86196
73657
14079
36800
50702
50053
27504
70454
87947
40859
58976
31329
64057
56730
3412
13905
22034
3666
14264
10580
63605
15676
63895
85787
44187
87389
28015
9260
96983
96685
85424
38753
34959
1863
20611
60330
39680
12437
67580
59107
17010
91718
65953
7982
3804
52269
42614
44287
78614
6531
79451
59156
34144
8863
986
49427
49403
64929
27645
12440
43538
13833
76761
12322
81791
89605
8024
86515
91157
31144
43822
56340
43629
17782
46887
8399
70785
66923
5368
91915
88294
29058
94945
67236
1195
7919
411
24627
3809
36555
94566
86413
63886
24582
31865
86841
90621
83526
11963
7526
41168
64789
25313
90104
21552
32075
77323
23911
98031
30854
95897
94348
14587
33114
62339
96307
37598
12333
69720
86856
71702
59523
3945
83656
86064
59045
49522
29972
75750
44505
62350
52029
90866
68945
86301
81060
87794
20251
72914
45436
32479
58385
75486
14750
24772
47567
53740
10316
25310
65227
11826
102
56667
2147
7462
38591
49191
15582
64258
23479
98276
46213
7373
55916
83309
19694
25040
38889
24685
35750
38563
3170
31487
11623
13009
42218
78846
865
29121
52725
51467
92303
34048
27979
64569
21715
33424
78145
94855
22026
70504
62986
3342
34629
26547
56847
11435
61638
16616
93477
29469
20130
75284
25479
28042
68247
10404
33152
4570
7362
54240
61971
79074
39740
57198
84103
24417
47121
4676
17758
68490
76559
17382
65943
86968
4241
21914
70730
74512
49529
87183
23827
4834
36313
42028
1950
7420
30577
30324
78938
85247
39779
4820
21523
90039
5890
54540
65322
98202
86774
60491
50795
63750
45722
60894
38195
89790
67786
93240
82419
61330
71545
64179
76283
83562
23535
36068
1979
83315
93569
18939
83140
82772
53258
29349
90120
48537
57641
50184
19818
42127
7589
85523
31898
40469
29167
84842
36421
69429
96390
65054
36285
18767
16382
19719
82966
44035
67402
75832
15891
48635
2333
78510
69240
63695
3168
22708
32939
61556
71244
49546
26501
23737
61386
1940
74693
86279
66662
64217
30943
19813
2450
21600
67942
362
33203
78732
71963
22467
47944
28558
25251
86536
15686
98243
70139
63970
41270
78984
15617
87811
83853
36227
48270
50543
79213
96250
85415
77734
43076
67245
40560
30550
14140
43317
96385
95983
22759
80233
71577
2143
41550
71424
87702
34179
91943
83353
35369
34425
28063
40202
10677
36283
23435
45882
16494
146
45194
47752
85255
95622
71519
19304
46460
51404
28947
50756
26560
36057
20415
7019
18940
83423
61729
92380
47640
82381
92348
71902
83023
92707
26351
92580
31660
81005
51067
8096
79656
34680
45242
13606
13027
20307
64377
47878
94461
96511
61643
2136
36258
26363
86804
22363
93772
47957
87985
73860
95842
83497
5925
47596
8699
6282
26220
15627
79381
57670
32324
19873
27809
46410
47466
80838
47127
79884
39691
83438
64567
74225
15243
19107
55003
62060
26430
55255
2186
37736
24240
10352
32129
494
65610
91604
5979
34071
12866
85166
45829
13725
76459
55722
55046
56974
54403
95330
33976
20465
27652
37893
55021
43572
18445
78220
85774
64654
22362
49587
97306
61940
42669
60740
68626
33051
67635
18282
78921
20103
29758
70248
20676
62957
66709
81590
97496
12945
15533
64
85203
14599
58181
75943
1851
96438
36378
55198
38309
36950
73981
20797
75113
44971
72086
47693
181
27500
10882
26116
49913
11672
57789
98025
73588
87309
8144
51801
44578
45640
31288
47388
42436
3590
75952
31950
49491
93979
60100
84063
4952
475
67868
69261
51929
8950
81195
74250
26419
7122
49588
77390
24645
14703
57226
69243
32011
11952
49869
7872
4776
52384
96157
73723
19975
67135
79295
90503
4949
60972
93563
1239
74625
36329
66268
85243
63765
72897
59505
96336
37080
4134
20924
43055
22594
40363
5227
1613
42035
95820
54211
14924
40590
92730
67362
66351
29256
10596
68570
75016
70002
65025
94599
36407
30837
63847
68146
41627
18234
87205
78690
15564
90984
70166
41105
49047
12424
17396
2595
95788
82884
77507
59689
64658
37776
27844
69285
7557
90031
7361
89480
78689
19069
87595
56390
91282
41378
79457
82127
9404
71199
73245
84518
48140
84763
84011
81486
60670
12593
35549
12616
45415
752
45746
13602
8560
94227
56761
67798
72677
19677
59341
50355
7853
86107
37709
97650
28356
87394
76612
19182
68867
51025
57081
73094
66665
53839
41836
47302
57751
21877
5553
14999
46380
14077
62466
78758
1954
70919
56977
93027
20093
10511
20754
60633
17238
17363
4947
75470
46139
924
57008
23844
23550
82266
53242
76911
8768
1813
16683
81058
5680
45301
75165
22101
55715
81832
12331
66889
43399
20100
82213
62250
79240
9368
56239
14572
78881
8730
47805
65403
57432
89881
9432
21995
11463
3380
92122
62995
22891
46102
46479
1891
48076
33450
17339
57053
16968
45088
84724
21674
75513
91987
1242
79402
56753
55258
3452
84534
69283
43188
79918
84424
64734
32821
86016
43323
16026
93356
54961
82475
93821
57919
66949
22126
46302
97927
75544
25519
31514
39604
64315
73023
32646
8480
85071
83062
78967
49924
94633
88439
29150
94442
31684
13165
38472
93209
29272
95552
48346
71613
60258
9655
95591
78020
42162
67865
3244
23448
6716
53677
64066
54435
67954
28574
81352
88109
10925
93997
88453
69889
75105
9880
58283
31497
59650
43988
52221
73757
67099
72414
15952
25212
2119
59995
42871
67239
20118
10914
90836
34162
89466
84004
46183
62869
24920
3183
59611
58824
9591
6086
65353
65038
21779
8226
27653
50822
85936
33913
22192
9244
25042
97719
8341
60375
18777
87984
61441
8685
52369
77771
72763
49802
65274
11863
30042
33779
81632
43199
42895
20270
19174
53077
59501
75858
23312
56358
15557
77991
41145
57631
1964
20975
19468
68524
15854
42380
5964
30874
85241
16303
25523
96777
59495
55877
85194
87886
60782
19549
4212
38463
34736
81775
47434
4382
65154
93733
26734
49031
55387
5950
65681
12167
72683
53306
97464
54085
22818
11999
40168
19463
43064
96346
62398
93474
30207
48914
18143
9770
58861
39301
61617
42381
23566
1149
26383
57279
14620
53967
71591
72965
72580
74779
74359
90932
63301
14027
81141
62094
38124
77527
74812
77969
96048
50071
40860
37542
77005
27270
64728
2989
1219
70550
4031
3501
59011
61425
42459
28753
29342
31313
10951
2833
60658
43037
75115
68198
56863
77993
32994
91399
62292
19243
75043
69631
97657
78197
36451
3676
73514
41659
64312
41009
89854
60212
40690
61073
19831
64756
17748
29011
36842
61365
40429
10982
45412
91584
87937
54752
37
53995
65991
91533
14521
34315
27937
50852
54828
50673
22492
30406
64139
10964
7129
33639
71300
29043
21824
87636
69711
53716
60793
17892
14383
47315
64962
86558
26919
88984
56202
70808
46279
71848
48756
72412
54415
3943
59671
57458
81366
45354
97895
8966
14093
94242
64701
6810
65799
38047
38363
86908
8772
42256
93068
25296
84395
51298
68611
23003
53105
32265
876
41445
96762
97866
92546
34649
55574
8304
30538
79711
7826
6248
71285
90651
34956
79690
52462
61284
19742
90520
55875
96882
20364
98231
64804
68942
27881
23014
93309
11286
70195
77305
6396
62396
64966
47701
16942
91171
27880
84789
86576
22767
65375
73285
87603
91498
39125
30314
38035
5059
21641
65309
72987
11217
46304
7071
30789
10200
74267
72518
92817
85270
49450
92801
32799
52495
22944
9194
82469
26541
46888
98128
30827
1165
79815
75287
52117
76675
9209
25883
67341
69995
96331
51151
68776
3120
8088
32950
76673
50556
34309
33504
48399
313
15804
29374
86071
76301
37463
4279
19812
86629
53250
40982
3267
20967
18303
28236
48011
48150
42441
95769
65480
69317
71474
55775
86137
86092
56587
32362
22696
8400
71977
80646
72192
83971
91578
51395
85358
78653
73286
96156
13129
44021
56623
10345
20354
31455
27349
3061
26713
38186
12942
23670
85895
51932
33982
89999
58298
91128
52032
48930
79068
70853
10642
18908
66651
74519
96334
64783
49648
87866
60692
85580
86250
83125
71995
40114
63275
41900
73291
52040
56824
42944
58613
17420
53959
88365
74101
82277
87516
97230
82273
3635
75685
68522
36662
94173
37358
84685
20024
42463
88987
88298
61607
17604
60904
92299
93908
66878
36870
46811
72585
75817
76868
58473
97406
36179
34340
20588
55263
32068
38030
53163
49070
95316
24631
49484
66920
65946
81853
4648
90680
75615
4032
6661
8823
21631
95339
43353
2509
11844
65319
43563
47047
54629
96981
54507
86659
5286
59837
98090
16024
56610
21692
89684
57872
76889
30594
82140
71720
83680
14054
17121
13718
75756
89758
88030
97040
13871
61088
4439
12898
20988
21046
82376
30606
316
91755
12992
467
2712
85671
88795
14633
66407
18698
45560
12379
74876
35366
27015
6696
67634
74274
50433
11412
64412
13285
7061
42398
40144
35469
41850
85025
62759
79158
38149
73955
68175
8849
68342
85532
27343
36621
40351
9607
7010
66273
26691
33876
27073
14032
9015
94625
2391
38773
42881
87473
28562
41361
50455
74001
64101
60750
47291
65756
78763
53323
84284
42913
53726
95029
71309
59994
29250
5231
11178
51733
9935
30107
21900
2747
64438
29109
21521
14861
18093
89187
58277
46496
88351
53998
47792
94955
68961
74331
39452
87768
25835
8474
39193
80619
7278
89629
82144
39596
48917
52334
93438
74333
78387
3088
56605
23176
49670
42821
28893
75371
36002
43640
18359
7463
18312
17873
89733
71620
55731
87583
74294
14780
56883
81471
91514
69194
27743
50230
97774
3419
84730
35018
55137
30769
57473
84689
84414
79969
6515
78425
74447
42979
44326
54282
40274
21861
64433
81325
87441
22540
3876
77956
35533
7792
18845
63502
13529
50469
1092
64888
72630
54447
90431
57506
61132
43983
1853
58057
54794
62224
33825
53375
28450
94065
48093
45482
83379
63536
66823
69378
92861
98168
31748
69855
88781
88658
57142
80885
33461
10813
20035
24551
25687
7781
1471
56206
26357
36375
62998
53568
88758
61659
94940
22791
5989
71899
13946
32827
40075
19664
36356
56030
65842
77894
74429
21113
4995
6147
41312
5120
73977
10394
97393
8770
10236
58498
65096
56232
39446
40325
15481
82361
15920
94814
28680
13456
29423
18554
29860
67812
42467
77060
42930
85342
43286
68792
30989
85651
36966
25440
97402
17727
97252
65068
70163
23816
26987
60854
22029
93983
31000
56139
37874
53072
29651
86321
92892
54551
46416
88483
61629
65763
74931
72824
77403
29355
22349
57877
46494
7026
38890
4888
89455
8262
21336
79086
24649
444
84592
12227
90299
93469
82495
26807
7946
61955
42297
82156
7924
32274
70956
50916
92092
6583
95497
29801
88209
34498
2316
29810
60130
78859
24200
8126
6002
26460
74573
87258
82864
57908
5263
23020
86078
81081
51350
92487
38331
54061
11975
94902
50056
59959
19511
64292
90185
3002
58640
89351
47529
87393
3756
54454
59389
21719
59357
64748
539
27310
82487
52227
8987
45969
31581
86494
97162
93726
91059
49991
95796
22764
15809
38840
5336
15303
8928
93312
39052
15628
34367
82003
73224
75643
47460
44985
37106
93063
44823
27477
80803
16127
12550
39657
8173
11006
43202
22548
23537
81015
26287
36929
8534
40425
96213
37037
17391
39799
29615
40145
8597
43307
9476
25684
1619
48538
93600
47745
91728
33097
23596
89194
10122
41971
28329
38486
52743
69046
77903
69079
57155
18405
93062
56570
27223
10912
86125
41840
68581
4529
52288
86124
95475
54252
44054
16546
9577
57766
87787
89007
82370
80990
71194
20821
51122
44254
2014
61559
7930
35904
22132
64351
49420
88069
44224
25839
54130
864
21300
40607
33001
59315
57529
41134
77540
57971
31039
2169
36409
35510
62457
34785
48875
42378
70131
32051
51749
51203
22484
1625
91260
86588
13590
27727
53432
84922
42960
55324
69193
1945
71153
23612
57850
67565
2286
58786
46250
84
57002
51768
95089
2486
28716
76420
1704
25324
1051
97159
46644
58274
7518
20183
24230
93079
14895
26323
33320
70417
39063
96566
3985
12328
83228
72317
22346
52306
85469
52706
5438
11187
60360
46874
8582
30137
65821
71195
94074
10879
15007
25908
68284
75979
83068
3468
69227
57987
58272
3018
36241
88085
31416
19621
79833
42299
72224
44236
66151
64798
2238
70876
48109
4025
47990
63874
22007
95133
5203
75388
75272
43106
30740
51205
67159
47842
65931
79241
52871
18449
62533
5771
35629
41728
26752
93912
26252
73669
57854
82065
41612
97797
88721
96049
2719
18240
55650
94077
80198
90059
80743
85889
95108
89388
43502
82599
31717
4302
47119
10608
80623
37061
98192
83095
10538
114
58130
1449
559
43511
9091
12810
56354
20352
19655
61979
74529
70657
83521
46375
27558
79946
17651
36777
59113
78841
46961
13761
30697
69478
78179
8200
8981
22543
6851
91594
66918
75829
68909
60817
54120
42185
63457
59807
97681
83646
81232
76932
32913
90844
54771
88625
69131
48969
4670
40307
74036
70216
42784
19701
18329
8327
76682
76712
95270
63055
63446
46640
12095
22711
35592
48554
5113
89053
17984
81740
37760
24877
1843
36712
34936
83205
57771
54060
70029
12055
71881
32717
72761
42982
81272
5397
73335
20791
23145
4323
89406
8440
18009
88923
26820
69253
68003
37629
35771
87180
15600
24122
42292
97168
60681
37943
98108
67014
30285
64385
314
74543
42484
45092
17189
62764
62735
23695
13754
18056
96787
92129
11189
11266
30424
17828
90064
5284
10622
22793
92714
35913
9821
59473
5973
96108
86699
33208
35055
36759
89083
52911
3166
78826
40120
8017
78612
92350
38162
62026
52344
85094
64534
70637
33841
63582
32191
79600
16649
74312
65162
67575
10624
64570
17277
45270
11319
85932
5020
86005
75885
72517
19507
55290
72545
29360
93286
49451
37097
8741
27161
94331
75480
41098
85701
66389
70597
53703
28144
70372
3123
97621
57993
30706
29937
81983
55890
57887
21962
69094
37574
43480
97056
37863
34587
67928
3157
16315
3027
31429
79448
40537
92856
64476
60127
62932
45556
88995
84246
92166
16778
84435
10373
79661
76058
28607
45462
84807
54588
66095
39994
10946
93420
65653
53558
78324
569
62590
69958
30541
69439
23582
61506
83891
93025
39476
66790
25870
74209
27482
83040
60095
82084
80920
70883
12673
90262
49119
30426
1850
55885
49541
50975
63931
6139
80846
21069
2187
3515
21059
80833
27101
42169
39546
90259
30086
68110
81412
49462
48726
55863
75157
76185
20479
60701
53430
77526
39923
41637
24151
72919
67794
45898
30702
45749
87605
43582
53127
94367
28782
43279
92802
13107
27788
21291
85261
13312
26717
9471
8185
40148
58467
96890
92879
39515
54504
86101
40128
66710
28931
82175
32705
52708
30796
27532
63488
60293
61204
88135
53526
64361
76713
92629
17427
43602
23997
44617
91270
92673
27853
94064
75328
70630
30312
62657
52959
86779
20060
80521
40883
27768
49374
20992
17616
59164
52671
30930
33136
5667
76359
86528
59458
68546
60604
78993
17418
61794
13239
46405
11082
92347
23891
88089
82949
56051
76962
11431
86438
35849
37139
38548
34140
14945
87896
44141
91676
12695
31374
78471
26098
91743
31458
79528
93900
69824
27859
94263
93065
32747
54319
69601
79875
38512
37758
89483
46229
1173
46008
89394
17378
76539
72958
32564
51812
93307
79560
69419
28579
71038
57277
56698
60827
73042
82819
12542
4987
7528
50817
66551
76596
95189
73703
54788
35314
13844
94230
17080
2341
76079
23577
67752
97665
72102
57352
24233
17373
5
20147
86427
68873
30735
45452
70430
37700
82464
36395
81347
43665
36014
89364
43849
20426
13309
56995
33937
41926
51840
48416
53008
68404
46297
52312
13968
25842
59336
53927
3602
63858
13117
97551
91290
47866
96770
71552
66110
54018
96587
71026
97315
84174
42971
77230
402
75175
30330
38456
72114
90744
31252
4368
41686
22567
53359
70447
34974
14681
45997
8523
98281
31019
59564
36061
39975
6624
60691
59908
96198
14727
32694
19567
54421
39347
77442
51020
1338
71162
54764
11701
37496
8870
83973
62686
34787
25411
78792
19292
77276
14983
88495
19129
40526
79563
2898
34670
84664
3889
71935
65966
18366
96223
16845
50345
16740
55625
6623
58081
8888
52441
17724
48779
73613
85248
44193
57416
45528
83649
89209
66734
84589
9958
40237
1632
17814
86230
39056
22279
40547
71362
96402
70053
59486
36834
43462
76890
18027
39208
93462
2079
77795
94463
152
30726
33440
86979
90765
56241
13093
12190
43391
88828
47480
48355
25810
5613
46664
66934
85126
20544
43793
81614
24687
28821
58074
38445
90426
41635
84522
80104
65515
88491
98111
6470
44106
73516
95986
2356
37930
9465
46889
21125
23841
90004
31213
94460
75104
93869
77107
70239
75585
24054
8377
13196
15060
6658
68876
34733
42771
2081
32081
19902
2034
82438
129
33665
33244
67368
93193
74077
53567
66406
85643
57615
58119
88060
46969
52589
91853
95098
52493
34583
61590
59608
16997
77585
85299
51576
51883
92297
53544
50425
50447
55556
61921
83297
74464
89500
31046
9193
37283
190
53352
31818
49949
80501
39722
81547
9540
31690
52100
63549
58668
65549
86035
84356
13845
834
4141
46367
14933
45924
31740
19865
24177
12833
76626
55795
3576
25670
19354
85863
34909
21537
85206
5383
86870
52833
3766
93076
49972
69488
9417
36742
59022
7313
59089
53463
44013
45895
38093
20833
91645
78133
96711
55945
49925
69169
79966
23074
4283
56093
63142
13414
10276
44475
53345
20720
23236
82573
52429
74026
68466
27837
89423
98069
86213
51249
48758
68417
75331
21237
58796
54457
34699
44924
71681
54034
11087
9311
40596
22562
89563
7721
84104
66374
79828
75151
43720
43157
38479
42903
39951
61340
68282
79750
44641
78780
40887
95689
68680
51083
415
72239
70872
94716
65082
18521
98286
19067
18434
84593
39862
33363
91970
79921
58595
82806
7971
40870
60541
50888
94871
1350
16128
34726
33333
11972
41370
60982
33889
58006
1122
4481
22100
52535
9510
12416
37404
80056
49863
2884
87005
37297
85216
51697
3549
61266
87108
42890
74847
41525
91391
1170
57271
17767
67359
71717
85692
43012
3048
9335
59151
61896
56472
5259
77584
71756
93927
31080
83332
2205
86257
55190
15048
11872
93370
57983
51130
45477
33199
4656
69257
29077
30469
57379
61531
36219
56099
39909
37394
95068
21264
48711
96260
89585
20917
7429
41152
74191
74928
32993
97181
68839
20242
32915
76324
19725
88234
57072
71368
65260
70696
26825
31753
84046
52387
33740
47980
91586
21558
73898
72582
20006
69096
23614
8227
41768
78851
6808
3736
96025
89179
34003
15682
83884
42547
13764
71623
72640
7717
10754
30478
74552
36044
9677
59653
27932
82737
48411
25299
35703
47813
20289
26091
97982
9889
75738
37275
24668
14259
31185
70821
82407
52533
79399
22887
37087
35807
31793
49448
38959
56971
45138
8769
80967
40284
81073
71216
86448
24446
7939
72206
50115
86489
50458
34754
50506
32454
7697
35109
8921
75904
44439
76690
11343
64897
23557
87422
13241
27655
84973
37368
8448
58645
3423
85055
90310
39548
84175
22251
43662
20758
24180
86310
81009
82159
67155
48214
16214
78079
67991
60798
5142
56348
94343
96657
10661
36093
21945
64824
92969
71371
97738
80908
40565
33284
27315
67262
52702
70893
33816
83244
57807
50177
18195
89415
92655
66345
63876
40501
10816
74300
34685
83187
73791
31027
69241
38763
38427
73264
20928
60623
95818
20050
87077
60672
83464
69074
45697
86802
45526
5221
57422
23193
67486
84005
76987
46081
90605
44518
24942
5595
13599
27364
30173
56961
10861
76616
15524
2099
37065
42464
13455
76034
85872
28433
14000
42925
26640
18272
38133
81691
25436
70932
14669
74375
93539
86188
66585
26317
47628
57784
85161
51361
62304
38252
39275
73843
712
61791
68190
20436
64839
6475
28286
3999
84146
16374
94612
42965
83556
68718
82133
97696
40029
77439
22261
78135
94375
38376
59968
32520
81923
23835
95440
68323
51403
76575
54105
92845
50291
17020
7272
19399
74980
81135
25155
90274
68256
89588
18404
30749
21469
6533
67497
81697
71445
1439
34138
91442
86148
4905
12108
51458
27785
87201
84426
14236
77460
52491
10224
1651
83746
51860
7332
6290
68644
54804
19927
77143
90141
3280
91528
9651
90269
31622
1441
95415
58512
14159
57870
25498
24954
29828
21572
9358
57825
47307
73836
63790
23530
42166
63243
2548
88207
86732
5658
52610
94957
58939
32547
60901
39968
173
91825
32250
89443
95210
17125
28205
87440
41495
61606
54010
31176
8504
4052
71939
9276
83358
85367
38131
8526
53981
39581
14686
6803
63329
13401
31920
68886
4649
26443
2248
81132
24650
14135
30353
54843
97437
50887
86891
97075
67485
8125
66121
71317
75144
35958
52120
91303
70578
77747
54810
25732
95522
13652
41718
46311
22648
38308
86715
64596
30634
93694
73870
67665
83100
47589
53320
90479
59317
48142
10724
34504
81757
5737
71882
46552
4147
3647
47159
97074
46328
83461
45125
75397
8976
5061
70451
23576
82281
47743
44208
46955
2722
62427
76923
59659
63788
65033
97172
35755
79930
40769
28925
58829
15361
46738
83942
27871
79917
29921
31130
60441
28139
31594
84128
3637
42220
98219
29593
8300
58853
46876
19693
35800
63654
96405
29969
21875
94513
61311
23682
20309
3337
12512
7705
79439
26328
25935
83410
39378
69908
36538
86037
93225
10985
4187
23674
83280
43489
72225
22892
96594
76014
18593
77304
87575
10443
47535
60951
92288
30294
85319
36532
38102
44511
1115
34495
49237
19428
94928
93350
17744
73473
57638
20383
94456
33204
94031
54555
5361
49159
79767
18245
60792
95425
90686
89615
3151
24051
67259
66348
16159
89654
34209
62014
85347
62910
87174
10969
88136
24697
19598
51975
4614
77016
83467
28268
55219
54488
93598
15259
76292
46137
45495
33082
75185
54346
78683
20829
4009
1706
2208
11438
27817
14122
54306
89706
97051
47738
55618
56389
40481
53216
43701
87818
35957
327
68773
29382
14854
89065
33892
67956
57313
22209
95872
75724
31395
28226
13373
17062
96816
44599
22511
19638
79747
63314
37695
65321
4410
2738
31517
21897
46015
49406
95941
61850
97066
942
12619
89681
6926
73438
63379
55167
58262
48248
61405
40817
96585
87969
1039
12029
5111
48252
17434
85136
41047
27011
75997
25711
27582
6272
20248
93192
36171
34002
51048
4503
27679
39916
6403
85856
51409
98253
27774
80689
33289
37078
66694
61656
59965
80693
74721
3600
18242
90286
23142
73781
71909
36114
83607
7351
70832
32002
96259
42601
27031
14591
63180
74299
65554
84750
81458
75418
74735
38237
76620
29032
32790
77535
70725
25192
19475
44568
49553
14833
87345
6735
41683
73076
73425
9781
70161
73056
67860
58623
33855
75982
89106
5030
71647
74462
7473
76072
86575
37453
55466
7625
7675
10981
26808
47931
26780
4403
77916
28095
82612
93008
91597
5270
97777
10285
38481
22254
95118
90783
71227
69530
30009
35600
57973
40770
96174
19877
53452
54798
48507
91032
58911
68527
79172
45587
71092
40835
65664
13332
56256
8544
36973
76237
37579
4526
40885
49807
34012
51485
72484
18323
21703
38217
9827
78593
44358
53298
21922
76223
5605
42341
33148
83901
26763
49634
97186
31181
26601
9450
62847
69625
20144
77368
75381
48044
55183
66687
40308
26445
62767
40687
20875
73129
65359
18779
5139
48256
44612
5630
88959
70942
28471
64676
86947
46636
45016
89805
73194
2091
92795
17280
19149
19915
91501
28416
16520
72088
86571
12114
34072
42524
67895
25462
89453
56258
69904
77760
48936
73868
69791
16077
94114
55721
2227
22416
60564
9455
29532
30554
82299
74488
8291
53494
36389
24063
17876
91275
12573
65509
60791
684
42967
84397
35304
20915
80756
13887
57512
93503
41146
74591
80279
234
12529
53455
32234
65356
97785
9204
23658
42004
5748
92960
97246
28661
63591
290
15180
94699
83141
30873
24503
94828
41490
84677
77007
48981
68418
55921
89739
55949
57415
15287
56799
74592
3510
93336
92749
10197
95126
18307
41091
83024
22431
82196
26424
25237
29763
77616
85674
13553
49262
72680
71499
39362
34996
63944
88
3200
95409
46085
42523
94481
16323
72700
44118
52739
29886
72868
4682
29413
75690
4929
86369
88404
32795
83469
31883
6646
31508
69734
26307
96708
9989
14266
28758
42811
78372
88398
5260
45835
82973
71504
6291
92720
31123
61780
95235
61242
30156
22300
76036
28206
72243
33076
47178
83932
46842
29605
57946
33683
82499
9280
80283
58406
58628
39022
12697
35774
50774
50407
15834
31364
75440
10412
12888
7554
92066
45281
8392
17630
33709
31125
36756
43483
36529
88819
87270
25545
81732
11950
33940
57823
13439
40761
76828
24203
17161
47768
19114
51215
30755
20550
23511
86932
82712
81221
29165
60693
11152
95650
83432
53626
81828
5697
38135
28061
73210
22951
875
15037
60515
83830
18962
4367
39113
43906
31236
91244
13341
97683
71637
86235
13637
78880
43712
72697
23128
64698
18488
57980
84271
76786
92630
9762
18379
75172
21992
35423
84581
6949
23270
30130
37440
87918
40961
94858
83447
25383
96170
97849
82096
84115
77040
56113
63398
12144
98156
97455
63067
44545
75370
64012
87226
93941
5789
41305
73984
91838
48176
66355
8709
43059
5951
24902
93820
67290
73002
51328
55679
96313
52779
12246
39533
7996
45204
96547
22928
81802
21131
39070
94826
93802
63802
25567
57835
33712
1296
11594
17101
69464
66186
6540
77918
