24892
7847
25470
8943
6599
1578
8021
16962
24200
14130
6079
16272
15751
25606
20682
20911
23497
18608
17826
7866
10838
9383
8907
4192
805
3180
12832
20698
8079
18581
13077
22955
5267
9847
1849
6017
23447
9600
16480
10939
1155
21726
7125
2764
2972
4469
25508
13331
20390
8874
23246
1127
13128
14003
9197
15995
25356
3587
11014
8495
12823
16917
10625
5981
16943
6941
20397
21140
12232
24670
4544
3512
13289
11053
13486
13253
8788
19298
6206
1042
21897
25400
13556
1009
22445
16400
12334
1823
18551
24497
22707
18912
12631
2030
11285
7398
22858
25229
1284
10421
22224
9669
3960
11670
12660
3187
5861
10844
20240
6207
14023
11405
23198
23269
16815
8726
12259
21150
2836
2059
1697
19933
12309
19761
10442
11499
26127
9273
4628
16339
21989
26091
8781
3841
992
18311
13229
11583
23917
14357
17205
13088
18936
8771
9845
12606
1741
14317
7453
1882
8900
85
1108
4493
21469
11040
6564
21591
3182
22016
3652
11147
22410
2918
344
11341
8083
25712
931
25974
21642
4395
24055
8057
1599
25574
25803
6629
25591
25555
20354
17774
21458
14538
14090
9770
1864
18800
18069
26089
15740
10747
25494
15934
25405
723
18448
4194
23920
2553
25128
16031
14325
11084
2056
8445
13561
19332
25299
13368
5341
22996
13167
20228
7583
10712
4462
17545
21999
5915
20146
9199
14890
8135
18752
1213
3432
23464
1699
14873
1977
795
26084
10613
1295
20965
15991
20282
2017
23147
12680
13837
24027
2308
2203
8201
25732
8484
15930
22745
24512
16578
22932
16168
13615
3967
13809
8393
4716
12146
292
24866
6536
22907
19613
23405
8010
15062
23589
7135
21481
22909
22416
9580
11126
711
16423
12907
18277
17522
26028
2943
7833
21188
24487
13388
8660
2232
7795
6426
14182
23324
11874
17552
1436
18546
7969
22709
12335
3440
8230
9889
2847
26413
3580
24385
13147
25918
4418
19204
5264
21422
7440
4696
19322
16546
13771
4792
10433
19910
8322
24819
11336
18715
13806
14730
21767
14606
26414
1122
10801
10677
13523
11399
14256
18815
25545
24645
13953
1572
25169
8234
10046
24166
6504
6507
7539
16017
23988
23523
19237
12045
26629
20177
18865
18855
14970
7972
14558
10834
19259
13144
16524
26624
12979
17983
21913
21970
20914
16966
1004
3526
9858
7861
20383
25689
8191
1043
2639
24838
5169
6674
23211
8325
10440
7963
18369
17417
8187
442
21926
9554
21327
16401
265
13883
4771
23978
15815
11186
25554
14622
21178
15912
7228
13943
20800
8997
11903
18828
23109
15821
18670
5403
14769
2808
6531
2573
12198
10219
13022
99
3043
13385
20215
742
20692
26266
22469
21
20426
19387
8362
20815
6216
785
20673
26505
22995
1576
7486
19073
20844
5032
12556
22313
18375
8202
12257
20422
23968
1064
5975
1766
26228
20435
145
21516
6693
23307
15614
16287
26399
13959
9275
8803
24638
562
7624
19142
8204
15933
1830
14567
11835
14686
10389
20262
2237
7494
12724
3864
22468
20740
10765
23038
2356
24177
12059
24818
9592
845
5837
5858
9350
4490
9228
8475
18512
16194
19351
19484
20730
4865
23185
16587
23014
17946
19903
25389
26619
15490
25699
21308
12023
9337
3174
3880
22696
20441
22941
17875
20245
4465
26630
4580
16186
7359
14083
22712
13222
16693
15656
20280
18897
1948
17585
14167
4189
10728
23174
16877
7489
12936
21269
16100
17590
7458
22030
18884
16058
991
7071
25641
5419
5825
6659
22746
19306
22062
20706
886
2337
9286
8116
12546
17990
1188
21966
16786
2003
707
14321
9917
24725
3439
16650
21250
567
18357
2125
14708
14566
5408
4509
19117
22004
19280
25436
17089
21620
5805
990
2759
19946
12044
208
13621
18973
14628
22106
1661
14589
12001
20900
20867
19194
10643
25986
2912
6492
2834
24837
2331
16396
12689
12594
21240
16795
8175
12892
21616
11139
14145
1241
21049
2956
13961
5856
9213
13569
9
23159
13864
4162
19241
25447
14168
20652
14723
23021
15493
24254
5999
15632
17966
4806
23209
6182
21834
18937
13191
23191
6210
25715
2368
10475
26504
15623
14068
5154
18612
1303
19490
19153
17546
10701
17691
16568
17784
18660
16677
26407
14369
20131
25126
8264
26183
1538
3046
19774
19829
14293
25502
22020
21514
13786
2805
26026
22256
20424
22334
10500
25919
788
9852
13882
19918
2299
21750
17822
21206
10827
588
16281
15908
3543
3959
20324
23475
10697
24243
18016
5173
2120
25121
11453
2219
26024
18589
11277
2638
10343
6189
22001
18793
1285
17403
43
17527
9568
21324
9589
16010
18101
4850
16780
25214
7318
18356
21037
4594
6442
16075
67
15007
23232
8312
19336
6161
8988
22682
19190
8438
7433
2171
14238
22350
14539
25197
12204
25438
23975
13247
2871
25489
6605
12557
8663
11973
10411
22432
4297
25936
1243
9181
18124
17491
6994
10218
21353
18113
3863
20934
3589
24952
17655
17141
14128
16039
1184
1261
13477
11556
9123
11349
1885
1265
7691
22744
26048
24145
5021
25603
22640
25584
20134
21445
13843
17220
20715
9332
1583
4830
3871
21455
16110
16625
250
5908
8436
14871
8221
15919
22848
23086
8222
10401
21154
17009
18919
20689
2868
8701
5213
549
13548
18783
14692
732
25345
847
12563
10808
21092
23584
20369
21592
20642
16864
8879
6559
5860
11412
437
9453
26010
13101
12145
8806
14121
13186
18526
21058
14337
23945
22555
10510
21490
13392
2336
4238
21884
26236
13001
18851
18522
18422
18424
9711
20006
23104
17772
15911
11868
17536
14851
16922
6579
6521
26018
26343
12236
25004
5069
26626
13052
14765
22088
23934
22104
26208
4423
17681
18795
8692
6462
20784
900
16977
10194
1134
21413
10741
23167
13593
22046
19570
4567
11131
18553
9552
15961
305
25596
16678
12981
26279
7010
373
11473
17436
3045
3684
18935
13846
18007
26016
7997
14380
17661
21470
941
15550
15071
20585
16941
11856
18836
11415
25161
323
21166
4489
5278
19408
11091
21127
1965
11244
404
12087
25988
25195
8608
10106
24880
18907
22483
14255
15764
7535
15041
5318
4286
499
8724
6539
2971
1244
24488
7760
25659
22264
19267
9209
16353
24935
11242
9886
14326
15883
23193
22208
1904
8876
11846
14115
26521
13020
26424
2118
8505
6677
5394
16675
18993
22866
12457
21045
21688
13830
18472
7793
6970
20943
12499
12163
26221
23050
713
2986
5978
14577
15767
18910
12851
18021
17562
22571
2602
17652
26282
24685
25303
1724
10077
11709
1059
17850
4245
8776
16979
16138
7762
26157
18453
2680
18860
12729
10391
19191
8713
10214
17707
3137
11902
4471
17829
11850
25455
21197
372
4258
4287
443
11821
16836
8125
9227
17906
2599
19733
20202
20209
9386
22460
21153
1756
8809
10502
5004
24031
24188
24260
12408
8610
7054
19215
1807
22345
22738
20759
15951
11698
10037
17495
23383
20898
883
24247
23682
13319
3560
18524
13357
19304
18223
18976
19410
20365
19111
9050
16411
9694
14323
14768
17564
18236
26289
16109
19643
15028
13488
22281
22032
9809
7392
16177
1957
5262
11508
8402
4851
17183
17470
7780
1963
16666
3886
25397
21758
3723
21657
13822
17049
10929
701
380
11845
24518
25402
14835
21320
25790
12384
8506
6614
7639
3852
22959
26106
120
16926
23029
26496
20191
9804
5450
1125
23087
16763
25166
316
24494
24626
25676
20941
6003
10696
11291
5385
13772
10417
21053
3019
9178
4428
21387
6022
12125
20427
23190
271
22594
16267
24140
13318
18039
2309
25600
1352
15624
16596
13516
19202
20849
24101
19233
20375
24273
17153
23378
17437
7582
20405
5461
13896
10693
23030
20899
23469
19399
21888
6512
16875
17673
2364
16745
5259
7500
1632
14597
18630
23010
7285
5418
4695
1735
191
13875
24580
17956
10098
14872
21342
2278
5878
7831
1831
24353
4538
10099
21296
2611
24968
21960
10317
1649
1539
2976
7145
856
9623
270
26131
16341
20173
8652
13195
15882
23110
10798
6183
11842
12099
10090
15981
22285
21156
9627
15890
23939
3669
1721
25933
17879
22639
24020
10790
16308
24256
7078
1654
6081
3167
23481
2015
26059
1226
533
19422
10103
23032
8219
5191
15473
8824
21062
18365
16016
264
1114
13287
19908
12211
12379
11527
9336
23477
8480
1773
25943
11344
21048
6069
11762
16534
6596
6940
25688
15049
14004
21256
8196
9357
20691
4613
16120
16657
22753
1688
6087
19777
24522
26482
22963
7645
17800
8710
23958
3873
11252
20804
2676
1196
6518
10756
15541
22967
18027
11225
6573
21231
8695
17883
1468
26281
7674
12944
15899
9156
9664
16627
17179
8661
6443
18694
21630
18725
22135
17684
22051
7361
25257
4407
21220
2033
5841
16394
25991
2541
8132
1292
4620
10629
25649
25740
17185
14274
25134
8991
13519
12193
16563
1633
14268
6939
2518
18954
26607
9597
22859
12423
26043
15477
7182
5834
2287
7188
18218
14247
17612
26403
13514
7572
13832
11233
25999
17600
9757
12479
23361
15797
26214
17957
1124
23398
10110
8216
1656
16866
17960
8417
17172
3625
14548
17146
16082
1282
19518
5398
21583
23204
9118
14258
24677
226
8800
233
12547
12245
8732
20150
8051
11240
12927
1072
18407
12369
13845
22546
8063
5440
23906
19207
10188
24874
2950
9617
19797
2644
23076
15947
24943
24696
7147
3473
7375
13244
6562
6615
18399
10143
6170
20674
3698
920
4724
16473
12012
10595
18613
4385
17790
19393
15586
3470
26211
18469
2707
16390
5876
454
16057
555
4693
7068
7312
14408
25006
7279
21210
23479
8016
8215
24797
993
8014
16304
26218
24947
1791
17112
12828
12031
8007
6199
23073
26237
8750
24274
1829
22387
19919
19779
18538
11435
8497
24297
24063
6136
17050
12078
12235
21333
12515
1060
23349
11521
11359
4483
6555
860
259
20805
5067
19785
24287
4473
10323
5835
17789
21644
8000
1815
26492
11110
18742
13566
10689
13643
8270
9615
6600
18980
8609
12742
20136
8240
4868
3148
1603
1201
9131
16294
24159
22970
19921
10329
12925
6080
2927
18067
2953
16951
22809
5838
26602
8416
23389
19824
19438
14286
8136
11881
21221
16407
9825
12986
14980
24834
7684
18451
13859
45
16248
22898
12645
18319
25589
17887
1639
21639
182
11116
2920
17760
23915
10752
25007
5196
4623
6530
2595
750
24069
20085
20604
11173
9382
13214
23296
16408
20322
15521
22781
940
22141
83
6465
2804
21377
15964
8310
17490
10039
164
17626
13926
17430
16221
12642
13008
10960
17856
911
18671
7785
3437
13581
16191
11470
1211
22136
12203
17113
13892
10423
22375
8709
5913
21762
12283
14736
12643
24235
13117
11781
14564
21691
16945
8420
18437
24010
4185
11016
4516
24786
19443
20263
23926
26097
14587
19346
15791
14002
17674
3497
13968
16895
7548
7113
16589
24065
14245
8942
7499
18308
15012
13143
17613
6500
6537
2933
20005
26030
7348
9440
21622
2255
464
24343
12701
14410
9587
12985
17402
25684
23142
22884
19239
25969
4411
23292
8834
24831
13365
16482
23913
21192
14883
11068
13224
6
14803
18243
7559
5041
19088
19328
16521
26241
21793
1486
16933
14665
10041
2717
26104
22717
3528
10678
8829
6235
15880
16449
22011
24998
8940
13992
15610
16630
11112
11683
22833
15647
12339
19598
21978
16324
11746
7166
22508
16140
22618
13955
2716
16169
14354
22530
8658
26045
7105
10319
11301
23239
7480
20592
10485
15823
4593
7156
23933
843
21254
9372
15642
12917
4291
16074
1297
7292
7985
1952
21328
3604
4782
23180
21710
20932
15876
16964
251
10848
573
14290
13510
15025
7680
2681
7203
12331
24275
19532
4348
2565
19935
11067
19653
24526
19746
9931
4773
8155
1634
14353
15560
24623
22352
5951
21482
13625
8165
1607
13338
18019
21397
9743
21520
17892
7044
24029
16099
7018
6179
26
7257
109
7134
4744
25930
19296
4187
8592
20388
7681
16754
3832
9200
1252
16052
25469
24635
165
20745
8401
19543
26335
26622
13441
6673
23058
21105
18470
3834
7418
12683
6451
819
7804
432
4814
22514
4534
7130
9262
14009
11214
25937
16960
24183
4729
8699
1074
12658
7000
21674
23680
17855
5214
17131
10687
1235
24691
5428
20169
21125
2041
1473
14859
10700
8065
25372
7478
26136
2394
15653
20344
21270
13984
9107
12208
1197
1439
25009
26182
6166
20892
5245
4474
10459
6439
26347
14989
11923
125
21465
16572
16831
3420
26603
6654
13438
6999
3511
2812
491
10308
13799
15654
23515
15032
10968
6071
17115
25621
6065
17898
13511
17888
6228
14330
4282
23598
21638
10388
5205
6064
19771
13513
10735
18466
12322
22200
25132
20963
24292
8459
17565
14341
21346
18760
20967
13767
19499
4506
2818
20920
9870
1684
22952
1847
15661
11109
9035
24718
13452
8891
8211
19455
11563
6528
7598
15042
14537
5609
10944
18794
13762
8387
2217
3584
10957
17785
18610
5317
13567
4764
2216
19337
14846
2819
8027
3908
5184
6135
12152
10414
1321
9920
11280
17119
15027
14252
22755
14082
21213
18330
17996
493
7383
4184
24338
14812
16261
8586
23074
15507
16981
11668
17044
12196
9654
25348
22842
7370
8235
5258
5289
11753
13265
10528
25599
5272
9667
14120
12483
10851
15896
197
6051
17566
17738
16597
25182
1566
13270
19468
20220
21208
26070
18930
22115
24530
24796
1311
17606
15606
321
13570
2239
5241
13550
17742
21817
24363
16167
14269
21090
10973
11996
6683
7625
16618
1449
3659
21415
13462
13447
8388
23924
10948
7844
16826
5804
9304
3956
14113
17124
17890
21806
11755
6119
5608
21137
19623
6610
22511
18968
1089
25458
3605
18864
23217
20116
26616
987
9712
8114
9128
16205
335
20313
18126
11064
24054
7604
9449
24736
16103
4731
3033
15972
7675
16446
19439
24813
10770
7338
17481
12506
24789
5625
11951
12603
12406
11555
21823
10733
16462
13391
5229
14116
25480
5392
2165
23399
7267
10961
6405
26593
11286
1206
18889
60
21477
12134
9407
13239
3581
20694
24216
19435
17148
6532
9928
6975
21414
21893
10977
20894
5033
19728
153
23002
5422
7560
3675
23061
126
9848
7504
7407
21449
4311
2603
16461
15808
148
2513
1455
3494
4697
10163
3152
22915
7201
7431
25523
10185
23114
22050
17137
13134
8819
6188
22617
3044
24362
20001
24536
2979
21647
16317
6653
20801
6695
17667
10744
4307
10835
8385
12326
7746
10505
17073
23279
22938
21399
1990
25620
20304
3569
22500
19748
19355
12020
5462
4579
22243
22583
26285
10636
12218
22316
19064
15055
23166
8128
24084
2123
4590
19359
9108
5319
839
5316
17060
14161
10708
1465
13183
26269
11209
19395
53
20301
16865
21360
4327
25966
6032
1090
3710
4038
2785
19370
8921
8875
1987
12617
10990
7687
19321
7242
12670
19931
5963
17014
550
17054
20185
1095
25427
9823
4609
19527
3531
8400
1120
16880
3462
12353
532
23175
10627
13263
1452
24686
25506
18286
5304
10124
19405
4712
24855
24215
14804
7950
8197
1835
17484
14623
3539
2746
319
25810
18776
19655
21715
23422
22686
2928
12725
18768
1629
6598
15469
2965
5627
24335
2621
8979
7832
1550
18676
5421
7283
6152
19440
16011
25485
21659
7734
8796
20791
6223
6440
11128
23927
9298
23452
12270
13877
834
4271
10494
8176
13393
23940
445
9946
3664
19158
9569
19243
2942
26632
11901
9888
21507
13266
26274
185
8348
8431
16059
20229
22528
22612
20623
14307
23403
2843
13460
16757
9828
10853
22055
12939
18252
9750
11787
4224
15641
22397
17401
21182
10170
19507
1886
11688
25617
20864
20907
24322
2588
2113
2815
23513
14415
7814
17603
17217
19741
13177
7441
7206
14766
17833
17182
4391
18376
1141
11387
14376
12726
15689
9368
10784
24186
20749
10736
16053
38
3896
6433
12313
20073
18385
13350
19740
3166
1900
17371
2037
20783
2880
25230
17450
11295
19193
24673
9897
21521
26021
18714
25675
14295
1036
11115
18647
9040
2633
6558
15559
5235
13612
7275
11219
23115
19738
17638
18340
17428
21072
19504
12015
24544
13310
26421
21908
807
12223
8496
16051
8721
12488
6460
20156
18341
2896
24038
7442
1002
9896
9935
22688
15818
3175
16207
24327
12568
16469
22425
10380
14099
2713
8768
4820
4995
24386
24
18427
13227
10836
10974
832
11986
11135
1680
18879
8366
26420
3646
12639
17018
16994
6109
15819
2598
8318
19178
4780
15776
17052
8137
473
22864
17678
22510
935
5372
11136
57
15555
17851
18970
16932
20208
14884
15812
21093
26406
2389
21943
8949
5934
9819
5855
16629
24569
14810
2754
22710
14110
24883
5363
12017
18091
20902
1902
12206
6986
10049
10216
15597
11948
23482
16213
23707
24147
18813
8981
21619
2620
4768
15684
8987
22829
11768
1260
4812
1712
4222
20870
24253
19356
25565
22722
776
7503
18988
3146
18291
25771
1058
15869
17058
10434
12018
16239
7993
7599
290
6221
13532
20372
26204
1019
15492
12276
13000
11001
997
2319
17366
6689
25553
9153
19520
20757
12962
5642
3427
24120
13127
8930
4296
3571
6130
14718
9650
8761
22647
16903
22082
21996
5992
11486
16242
4191
10425
22867
17604
8466
26346
25754
8450
2930
7332
13179
8828
7148
3963
10399
10483
25095
21950
7196
5869
16312
16192
21759
15996
15706
14774
24171
11008
10489
21784
17689
25532
17090
19265
13442
2049
2631
22747
8374
8077
14886
14684
19423
6412
1061
25625
23373
24225
13268
19997
17910
19118
19198
20608
4272
20732
4994
14335
8696
9318
22287
23985
15520
21349
7550
20288
14175
13469
912
1648
17959
20219
12531
19172
22726
13787
6563
2536
17013
4298
25568
5390
10330
1358
10138
9643
4343
12623
13345
19206
22854
8067
14838
3004
5438
25011
8183
234
16974
17649
19487
17059
336
16359
23113
6538
7474
13649
19201
2840
8784
12624
1275
12417
14862
8
7982
4290
2959
15753
8612
1133
22701
7008
11893
8159
2730
13019
5994
6200
235
15034
2969
10802
4433
346
2218
10450
26209
19492
6662
18085
22361
22393
21201
13023
15000
1620
22424
8778
13125
10648
8984
23529
9414
5806
2866
5985
14887
3837
10824
21764
19557
11992
14593
10515
9208
20446
21981
3134
10064
22878
10593
5231
16954
20904
11818
24850
7087
23595
25364
20736
715
2236
15907
25635
24848
22497
21446
7699
15970
2375
20787
21972
22670
15987
1563
3641
21760
19795
7743
19056
19736
25326
929
2058
12548
14033
7225
8064
11912
4702
8375
14682
15917
12969
16282
17438
20269
2555
11836
19334
2739
26634
2253
2222
9673
24842
5240
25526
8738
23283
11289
15679
2298
831
13500
22874
21881
23318
8206
4430
13461
16174
467
10681
16948
14366
24014
16457
16533
19406
9080
22412
9021
24174
24061
3600
11296
6019
24521
1788
14626
12143
8394
8276
15725
11
4472
25376
8780
15781
21388
6093
22814
716
20853
1482
3632
18265
3717
13073
16056
9578
6581
23256
4303
26472
25462
1622
11663
8485
24143
269
9141
5842
6584
1464
15571
9806
25159
2267
3950
19773
3527
25952
12903
13927
16064
24570
20316
1626
25175
3183
12275
9047
19223
13272
24542
17203
10446
26058
2837
8274
12053
4568
4173
22025
19815
3038
18928
20444
14069
457
12973
25154
13096
18413
2748
22056
26069
11467
11854
20620
11071
4510
1450
15522
18325
244
21235
1170
7024
17455
25916
9679
12994
6107
3022
17968
24387
4845
17695
4625
26278
3711
22861
15834
18415
6455
19649
13601
828
15731
12281
22474
23592
14303
26124
7276
12336
12445
9883
12265
2206
7989
12467
13903
25367
8509
5409
10334
9007
13453
22978
17862
1879
14764
9698
7108
812
10976
3913
18840
8020
869
9210
21173
133
6553
5959
16841
8922
18806
910
12844
11805
15966
21602
1775
21275
8353
2905
17452
1324
5921
15977
19754
16193
19100
15067
3529
4877
4486
11553
11294
2358
500
1905
13560
17634
23468
13645
13962
12096
4878
9291
4519
15578
21495
9099
19374
6687
12697
3668
16566
9073
24641
18905
21252
2377
17151
24688
10963
15713
14013
7454
11452
5803
2248
15593
6077
16090
11725
11328
2742
2653
2044
6035
18648
7062
15625
7073
14842
18462
5420
16291
12247
25171
18668
23069
23078
26075
13232
19592
19547
7841
19742
24212
22417
20850
9048
10189
9005
16318
9612
25422
68
3124
24227
5900
14158
2635
20888
13881
21304
9765
22291
3907
11516
7526
17003
12267
18788
22006
24489
4559
16592
546
22
21964
4284
17083
22386
1824
1315
320
15563
8170
15831
24168
11156
20153
1690
10302
4811
18418
22810
280
16814
370
25160
12246
21665
7744
13209
22933
21873
16532
10451
6157
7333
1085
1356
17192
12526
7255
11098
17451
14996
2523
10669
24175
12393
26142
1951
7956
17924
26167
3425
14787
10200
851
593
8832
19809
6060
16475
8271
5895
14612
17187
20449
16800
477
7669
17163
25915
119
26178
1018
1820
7394
21088
10986
19154
9358
15488
25964
14761
6417
8123
10461
20453
17035
15939
20876
11414
13765
17930
7530
371
18456
21696
25569
19463
10044
12241
12895
14547
22918
9808
3949
400
73
16102
25328
6159
15472
2561
7553
19124
734
17948
1614
24824
21662
3842
23946
16673
10688
7601
9876
13485
534
24073
23
2288
12047
10422
16173
17186
20635
22301
2789
17939
15577
20829
12588
11800
12388
14792
16319
17787
25311
24261
19063
14693
15909
7568
10306
4482
6141
2671
697
18975
561
19822
20851
16843
24940
16197
7711
10495
15043
23699
2580
18515
25598
24334
18411
4999
18343
10171
17752
26491
10998
9861
9344
23221
11421
25727
16374
16530
20780
15715
21475
13123
24348
26349
24562
9229
17812
10047
2202
364
13583
21887
5629
25604
8667
19210
6921
3007
11744
26224
7291
2747
4572
20587
8894
25544
22910
25423
24009
334
8620
3024
1895
22057
16325
8585
9272
16550
21077
3492
18679
23303
12940
7210
11543
5306
24546
25696
15057
16199
23919
19249
6976
3463
25639
13135
2347
18391
24854
23995
18274
9315
8691
20716
20906
4779
18240
19551
22324
17973
13858
8895
9116
21903
20345
825
4560
10460
2564
18370
20825
10085
11974
1764
24276
25097
2721
5919
4268
7694
26197
24030
16264
15711
12490
1782
25315
5201
16813
16127
12333
16479
24988
19421
14347
5638
16760
13040
714
5376
2220
15075
8244
21810
22245
1091
1958
11471
17002
12698
25368
12004
26087
20662
11395
18717
6236
11073
4408
18662
16807
5635
1852
703
14800
24304
273
25612
12294
21471
794
12399
9425
21513
19340
9905
8013
17734
10339
3554
24355
19348
17053
1298
18372
13904
4608
4688
25410
2316
24954
15549
19441
7860
10826
20315
25183
4772
8817
10150
18269
12522
14649
23274
7408
16968
5322
24105
24210
13271
15015
4524
5023
9114
19301
18867
21935
15036
39
14012
14081
20912
1961
5256
14972
18431
8384
17373
11720
23493
14105
4778
9768
22481
22567
11177
24657
17001
11420
10393
17010
18673
11997
16289
20744
22220
1100
17393
8718
22649
22611
23593
4611
20905
18775
21716
26047
7485
20653
13609
25411
7859
19058
22687
12592
2881
18392
11935
9330
8617
14984
9113
2055
3942
6490
24301
721
9715
2619
5208
11849
13303
18678
1263
22504
9175
12296
14051
5275
11574
6089
293
8237
13537
24096
5248
10212
23588
15676
22976
16061
24181
78
13322
14262
7842
19630
6950
15989
19550
25247
9638
13290
25924
24841
7352
18764
23955
22280
11952
9933
11247
19899
16012
8482
21212
13098
6104
11133
17202
887
11442
24515
7162
20284
4518
8820
4761
18318
18221
21264
18955
20421
1740
22985
23272
10663
25940
124
2235
23709
16452
17816
12630
14108
12011
6567
710
18932
24832
18789
2605
16066
2070
14588
6678
23420
9942
13072
26292
21737
2107
3015
10719
11236
7851
25801
20009
8257
26175
5002
16835
11676
14828
25306
4581
3127
6656
20909
204
13466
12491
7336
14329
22605
1787
9039
15010
3021
21517
14660
17219
8186
9219
13924
7534
15848
330
2826
14169
13184
2386
24631
2617
9101
13938
12325
20936
23067
17408
24207
13087
19319
18723
14058
23019
11862
14235
23045
14065
18020
9276
25578
3444
18420
13298
19806
8152
20124
25960
160
9603
24495
18947
24793
2897
21645
752
13282
22518
22532
14672
14371
15535
11933
12110
12688
13996
24605
9719
8815
23413
24648
2904
11761
15849
6143
19597
1228
7293
21637
1093
17849
13963
23075
25465
15494
12070
20222
19429
23012
26353
1
1143
20356
23390
16049
25371
11075
9620
17561
7668
7773
22533
9155
3655
16033
23249
7619
9243
4163
5369
5018
395
15003
19912
21632
15018
4243
5373
818
10201
9840
11890
10993
18108
9800
22566
11127
17918
3607
9801
11354
18111
13010
268
18939
18562
3449
16035
21319
11684
9282
22551
23063
20621
18463
7217
12240
4571
10159
19991
21286
5298
11959
25962
12937
9878
25431
12738
19473
20883
14971
17601
1854
6560
12332
7612
7951
18263
12654
10975
20106
8112
905
26231
22936
18271
23970
10972
14328
6458
14060
1818
1717
17407
18686
193
22107
830
12340
23313
9274
2024
7169
26135
22563
14582
2013
3486
25615
14733
7
507
5432
11392
11033
4707
5929
24684
1631
17410
17868
10632
22879
1659
10971
10668
7605
22851
7100
17965
17128
19104
26588
22648
21912
12593
1158
7784
1082
11097
6422
19084
2983
2294
854
19585
14236
22834
2913
1024
16770
21876
4039
3627
118
2657
26038
824
10141
7520
4342
256
26331
16540
17097
10382
8650
4241
10105
3540
4550
24629
11518
25180
11322
15742
24002
19932
930
19489
20230
18882
3147
25481
14107
8464
19069
18854
7218
23219
15556
25613
5066
21245
17799
15594
13168
24381
8702
1797
1006
21771
9448
22597
10144
16769
22128
18467
3840
10148
15616
20418
3682
6118
4722
9395
19186
22820
21987
108
17157
17031
17622
1049
26004
192
22492
18756
1814
25561
23949
19403
18289
15956
10134
7498
1600
13856
167
14827
18950
12416
6681
24709
17878
13142
6086
18791
15929
19636
5996
23200
22757
21678
18279
19775
18331
23334
8830
16328
1039
16300
897
15609
18890
20611
8590
23532
18563
16651
17175
1838
25256
22797
24632
14249
13533
4198
16251
14332
1431
10792
8038
9289
17056
19217
9264
18079
13031
9017
22080
17693
9354
21480
23436
13582
23956
15884
22070
15471
11841
18294
11548
24151
14125
21276
17728
14244
740
1973
8267
1152
11026
22039
7261
25403
13091
7802
21919
7053
739
7667
19188
6933
12255
16598
22792
10715
385
1619
7118
15891
13354
20877
19339
390
1609
18499
7049
12605
17798
5186
6225
16636
26489
9159
13810
12977
578
20382
10526
16696
14320
13064
21174
7350
9192
3583
16034
9691
21055
15511
13494
8885
22749
20882
741
4699
6503
11167
6997
9454
12916
16679
10424
2736
12359
4869
16204
15960
10458
22871
19625
25668
4262
1026
10523
1238
4513
2728
6585
16777
17125
3156
16231
15678
769
16083
7865
10656
12174
7640
18605
13312
13914
17024
17907
17915
20826
9029
21331
6478
22994
11032
4211
18332
3673
451
21040
5910
764
18969
15878
16136
16245
5320
19327
23124
20145
7373
5194
18548
326
5911
11070
24366
10983
21895
14779
1792
13974
22214
12268
17618
17834
23914
2751
24703
22506
21658
705
10934
15778
12444
9085
11321
8023
4276
22962
9203
7581
13878
5606
10396
6094
7149
1765
3009
18580
25335
8700
4394
2590
25163
20346
2355
5269
13113
5089
17709
24984
7396
8456
11088
22655
14832
13464
3930
20895
11823
5874
18755
7713
10820
13262
12418
14671
177
5426
10978
13525
25758
11537
4324
21410
15652
21923
13212
8195
13641
6477
21813
11685
20380
5909
14823
21668
10795
17065
3643
7245
22658
14403
9117
24607
779
13766
6688
18511
139
21224
10497
7120
20628
2065
12980
13102
985
24358
16840
7335
12671
23173
6421
18810
23694
12486
6438
12909
5295
1257
3943
2719
17418
11015
15069
22383
26257
17713
21203
16940
7351
18819
19546
11308
13568
22634
24525
25302
14673
19143
9409
25223
14843
17598
11988
4533
7728
19909
20246
1276
11019
23423
25637
15889
20308
18006
7664
18732
17901
17917
25351
21216
5456
25127
26176
14052
9245
12941
13857
17445
26160
17703
20425
15975
26232
14275
18087
1167
8720
5232
7984
25333
10797
3866
7385
19594
12446
25
11363
23214
2891
19900
4421
1171
18984
21227
1025
12162
1543
2626
19263
10660
19400
22404
2775
1348
13293
8995
16178
18625
3951
15990
18834
19812
13911
7558
18917
3619
173
19836
23982
7181
18314
23093
2560
8336
1853
16224
16575
21172
24044
7978
25486
11238
20690
19584
6414
3715
20138
17926
13108
10753
3661
5887
4552
10384
1249
23339
26062
23602
6432
10933
8087
2869
2957
17048
11350
5222
307
19369
12207
23037
14349
1476
20068
3588
19053
19424
15836
9724
21980
18823
501
2962
9677
12081
21975
22139
23943
14642
18480
8392
13351
17540
13471
497
5043
12233
16946
24734
412
7286
2371
1858
20880
24727
3153
6428
7331
8792
23698
19271
16620
7020
23973
5352
17623
1299
16362
1582
3521
16789
23090
2240
7213
13928
22029
15009
24280
589
16385
17994
2592
19255
7752
11372
4514
9826
19055
13870
22338
9837
9299
21238
18881
7781
26226
14302
6055
10162
3720
24289
9842
22905
434
14050
9791
23008
14030
24704
92
21287
13140
763
1715
20162
4840
391
3000
26324
10638
2634
27
12455
18461
25570
15974
7636
2543
9095
7726
7170
7528
7091
2718
25556
14118
12425
22085
21126
22283
1813
14796
5827
18803
2244
16126
13823
25540
13863
11138
16611
13622
1065
2832
4181
2351
767
3041
18922
14318
6944
12155
8953
24602
2878
22333
13249
9129
15475
17664
7465
14154
16123
219
12030
18264
4846
12108
4325
19538
21605
737
2566
11085
5027
24738
22515
4240
13164
19747
13156
15948
17550
24590
10305
21131
9391
12127
379
22440
15984
5449
6095
10492
17468
10825
74
16924
14857
10676
13540
18554
4837
24851
4225
19791
8035
11423
16583
13033
9851
14666
3610
11891
9738
21257
18378
18371
22714
18916
14350
7692
4740
26132
23437
10768
16027
15485
1801
21234
14254
21339
8662
8157
18099
5093
20218
12256
20163
15712
20731
14553
1940
2992
16617
20703
20958
13250
16253
12508
7287
5176
1966
2669
3601
19994
22827
16333
4416
10675
12350
12007
17423
11391
15664
2833
7064
23969
19988
7506
14190
7698
6544
26340
4783
8989
12242
3879
12460
211
23470
9370
20699
11963
2001
22100
18049
24592
23507
5610
22077
25181
20232
13182
13865
10406
7043
10115
26100
6967
1732
4320
3413
15741
22819
11808
1749
21084
20171
16143
26510
16421
23148
22478
1283
7413
25196
7799
24076
939
20640
13781
11774
21056
19574
4755
22462
21915
18731
18296
14407
20925
736
11811
7540
12500
17920
9678
7516
9427
5968
19830
23448
12959
16871
4167
19656
12960
12086
19599
10670
6613
10400
25168
6519
13659
12721
25361
17521
18412
21386
475
11509
2221
25794
82
24556
9152
7067
22897
20713
730
7069
20296
12482
24843
16002
26130
1353
7315
21222
17465
7461
18001
7233
9202
19628
25685
1727
786
18292
11661
17542
25093
13157
14007
12365
21606
12263
25524
16862
4529
3906
12254
24541
16226
22835
1015
17118
4698
7344
2343
11181
1580
25765
21990
19293
4495
4734
16376
10307
23478
7281
16850
15548
5902
24865
3941
6139
20357
20155
15589
12113
22787
16274
18871
7211
9137
23711
17835
8349
7186
23223
10722
16652
7239
18903
21761
12552
17548
24989
9432
19522
20115
15502
13366
11937
5391
24046
14762
22450
12434
25366
598
12244
8919
22890
1441
26280
5294
22219
25213
7284
19999
19214
8734
16888
21202
12114
2849
196
22477
7372
8378
16842
10718
12120
16206
9813
19778
13546
10503
22319
3925
16516
20654
20413
340
17808
907
7028
18852
18237
2167
21082
20010
811
16574
1207
12964
11268
1487
14991
25528
25443
302
1477
14636
18457
25409
19503
6101
4808
12513
24836
9362
16900
7965
22473
8975
21373
22900
17142
10122
7512
6197
22619
21940
5243
7764
1930
17399
6196
8156
11102
16901
18704
3496
596
10776
18857
9004
13048
24601
9586
16919
17759
10154
2985
15501
7374
19652
16851
14333
20869
9247
13835
4858
16278
498
11680
15857
7554
5049
7549
19299
13188
19510
3713
19316
17589
21052
9032
2295
13034
100
4501
22198
20647
16728
13367
14184
11679
15013
10931
1816
9295
16913
16453
12850
23519
19833
12115
25401
8426
6058
16089
24812
20599
4739
2380
23944
22033
21288
23170
20616
19195
15729
21511
2628
13192
12672
79
24857
19553
7414
7688
34
5219
10052
96
17159
26002
9413
1150
26325
15942
18377
21266
14551
20657
22207
16634
24257
5852
5917
8342
12843
12987
7758
9302
11190
10992
9566
23182
17823
23011
25797
14998
24976
14600
11304
8493
11381
7663
23502
22853
15046
14186
2916
5943
14813
10408
20200
21087
6517
5254
22042
12458
11192
7077
11807
13922
11678
20447
17639
16257
7023
17442
17492
1647
17694
1442
17682
25511
2374
13639
21489
24314
7430
5988
21963
4046
23683
2408
22697
749
16351
26196
13650
20879
10045
12381
440
15674
8037
1274
19096
24110
18769
12946
12449
885
4832
17984
10484
7685
21223
19135
3150
25996
7981
10207
18025
24554
927
835
2060
5865
3868
23092
12307
13874
23404
24889
14314
1172
6415
13893
10416
19579
23957
13868
24035
22559
22748
9022
1174
19651
17993
21074
13600
13104
5437
5399
10852
6499
15968
10199
1345
1101
11422
21719
5903
6125
20624
22406
21769
2870
10213
12565
21372
22958
12258
19407
21689
25193
20915
25537
25324
2570
7364
6664
12926
22954
7083
15994
12106
24951
13155
591
8345
1768
4841
15481
25950
10839
16203
6472
16413
5265
9147
8625
15782
12947
22991
26252
11681
20633
22522
13047
7222
6402
8651
16018
25252
15825
21695
22442
3518
16036
9303
5355
22603
9342
18763
19283
17699
2951
14676
7224
12040
6217
9223
13065
15532
11493
17433
7547
8058
20217
11447
16868
9722
6466
1559
7765
11873
17086
11027
14131
762
9822
13181
2529
19415
1467
7273
22953
11048
502
7856
20881
15733
12509
11434
4602
1676
10160
378
14616
9422
5971
7339
24514
8117
16970
13185
24239
13589
10655
21685
16349
4616
3928
22622
3010
20412
23041
21580
4417
6502
19175
6597
23299
16785
17685
15001
3905
13449
20172
10683
5901
11545
14075
3176
9177
10155
20896
5233
2538
773
26501
17375
4419
25725
23494
12215
19412
11036
24169
23158
12647
10707
18513
2062
4414
24942
21493
8356
23055
2169
4244
14579
18586
21151
21400
24853
9184
11329
9729
8019
19834
24987
18083
25735
6699
16741
2814
15824
9353
12930
24202
14151
9230
3161
2947
25172
1964
5080
6163
25092
924
16837
21306
22521
20802
25698
15744
5631
8756
9595
24972
11879
17727
14021
24041
26594
8906
563
11365
20664
23301
22675
11882
5381
4497
22832
5273
21251
15701
21902
26597
26256
22784
13254
12138
11449
3484
26119
24552
13225
22756
15673
9701
7347
24846
20672
13973
10650
932
17981
21610
13336
18964
20436
21429
4681
10130
23072
23309
11401
13459
26327
15720
15810
2526
16303
13777
14179
9174
10454
9636
16672
8277
23031
3125
8512
26631
16547
17138
7621
5242
3170
11479
12896
9731
10474
10726
9143
22650
3037
9741
7606
1875
16038
6137
2311
16179
18990
2798
24815
13276
4213
8245
2652
7493
14721
21967
22447
16878
10779
1616
19070
3031
11480
22793
20863
11360
9364
19472
4597
10704
7229
17570
22018
22377
14852
18439
12360
19075
574
23305
11870
8488
16918
16202
22273
4610
8923
12958
15579
5307
23977
25131
10471
9094
4714
18285
19213
25582
5617
18822
20669
1828
22529
2258
12147
23514
23976
3171
8668
22349
19757
12395
1630
2618
10167
11234
857
7626
8227
20705
24934
23036
9582
7484
19751
4703
16821
8706
21163
16930
2689
11916
10432
22356
23380
19575
4479
5872
4834
16015
9656
10043
8471
17796
1080
12824
4326
12602
2039
9864
11737
12516
20606
19760
22388
15607
56
9796
22259
23060
3836
16006
16175
5899
15059
17619
22743
17578
26057
9269
22951
10967
5334
1149
309
20868
26477
3552
5833
14746
4598
17067
24367
2875
8321
22105
24692
6606
20417
22881
17637
25750
14651
24625
18063
9279
22381
26096
10785
7435
1267
22226
22727
20957
11377
6946
1314
9585
25769
7306
21123
3143
1675
19770
21128
1726
17415
21805
21731
22341
5866
15877
18064
24516
21106
21081
8370
17076
402
8689
18023
20142
11771
9901
6147
2260
7725
24693
895
22950
11114
13916
22402
25805
22875
12470
11369
10387
14976
16571
18352
4504
22199
1350
3626
22569
18347
26520
4754
7124
18490
16106
303
5886
7262
1567
25235
26490
7012
22535
15817
18974
7133
19373
4488
13833
25342
7584
2952
1076
20289
17943
2811
24820
14824
1612
465
6480
1889
19093
25114
16942
17114
14599
19526
3637
3599
24176
20108
10615
10511
735
24119
24504
10608
7214
17394
16729
14018
19743
16258
4692
20770
9281
9098
4526
6437
4897
1817
4554
17573
10521
11466
19471
25148
4310
18880
4221
14830
14362
26339
494
17902
9312
9198
23610
18914
24867
22268
6452
25608
26478
10135
7070
18114
11938
12002
6947
9761
18924
12243
13248
11199
3445
21979
4517
0
18055
10208
399
16759
995
10692
19081
2204
14294
18278
19501
13240
9890
15573
15806
2741
12661
3870
24364
18106
23961
12327
7136
16370
14264
9284
24060
9103
5877
2284
12151
12060
13083
3458
22271
5349
6076
20125
21499
11809
16085
24339
3480
9242
9006
14879
16003
1677
6667
16340
9606
11953
2293
24995
15881
19268
11083
10419
14875
13200
587
16157
14133
9164
7672
24116
24957
2656
16584
15976
16753
8320
16576
21905
19354
261
12447
13448
7569
17174
10397
18307
11275
21289
8916
25387
24023
16132
10068
7527
11057
24346
1860
24299
24091
22585
1896
12454
768
17909
15829
21676
14752
6657
26352
1876
2740
32
16528
24649
6230
22014
21330
722
17583
1540
22374
8657
20400
15482
14670
20423
11060
4874
5060
25430
21831
8040
9596
24973
21379
10403
25586
7161
18071
3190
7198
16580
21788
25783
23410
6091
5305
5200
26117
25250
20632
18758
13640
8992
2382
2954
11185
21505
11210
15905
9577
1092
25170
20794
3716
12025
22570
2762
1354
2405
4207
21652
25610
5820
11911
19113
15747
25255
24208
24611
2704
24938
7223
888
3933
16751
12010
21584
4758
10312
450
17441
22919
14715
9708
9926
12533
8355
24306
18381
20852
17549
21828
23026
4816
17091
18944
22457
23438
14690
15662
11859
19813
23079
25477
14173
21994
4202
16026
2715
14352
25658
10197
25925
15963
15719
12079
3912
26342
20261
13577
23391
13545
8926
17885
19446
18421
2106
12248
17814
26102
25407
21655
24814
22799
19534
4859
21628
3968
24737
24656
12955
13994
6066
8050
14409
22512
14882
20930
26617
9405
7354
12260
15636
7111
14741
3034
22588
19734
8597
4463
5308
26052
2230
21927
17554
25709
11397
21122
11732
12052
19224
2678
2940
1575
2567
18485
10211
8131
13353
9909
8600
22000
4403
9607
9561
9581
13620
25322
994
13161
564
7570
10060
21956
14324
12323
11117
15029
4807
22427
5282
23608
8740
11913
18235
24272
19235
12186
20080
2014
19282
17132
2705
14390
18746
22021
1713
16419
9351
5301
16254
1602
728
16892
12549
16612
2915
17825
21952
16947
7102
14726
353
21687
19453
21949
7079
23604
16040
11319
24185
16067
24074
9266
18305
11928
4880
21699
16297
5224
24359
9188
11971
21922
14389
15053
7080
21294
7788
13
19197
23358
18908
36
18098
19420
26216
12048
7160
1001
6457
3677
1115
12633
21157
2610
4339
8443
7121
22624
17719
14152
8704
8207
1597
366
25757
16142
16458
6937
5849
17617
6084
7840
14661
12168
24508
23044
19141
21768
24630
1722
12056
2201
13575
1305
16044
21263
417
3638
23385
9756
14829
18116
7738
25000
10937
17744
5930
8754
1709
1781
14171
10376
9341
23081
2944
8717
16983
15058
12629
11968
17406
8455
16225
23064
287
1870
6666
26000
26276
904
5050
1758
23414
13562
20210
16181
9408
25661
7477
15596
18543
10938
7979
411
18929
16150
21113
13337
17529
14716
12560
24589
22041
7455
8018
25624
3032
19498
8467
7671
836
11198
22715
20291
8265
20392
5181
3483
19147
7693
24374
12496
21745
1907
24092
20631
5314
23277
18537
14135
15584
18609
25432
13956
22860
23431
21485
24199
12494
25776
24959
20194
22651
3509
11065
2948
25426
4459
11677
17459
16639
17737
16694
20314
26137
6192
10313
19524
7597
22822
2778
24963
23679
342
18012
9841
17196
9793
8082
17110
14583
14139
419
17716
7428
14093
23320
23456
223
2349
16790
15617
9661
17641
382
17720
9280
25115
24077
13352
2616
14020
1462
13456
21988
8889
6226
16808
16859
21900
21389
11103
5025
8217
8951
21228
11066
5412
24107
20256
18297
19434
22303
80
15885
25150
9621
23169
18509
23987
22595
22037
15675
13066
13226
7544
17201
15524
14738
4234
18656
14563
26111
22138
15853
8142
22218
16665
23360
17726
3555
10674
2989
5327
7143
11276
1577
14140
6679
10950
16855
3429
21621
20429
17513
11742
22144
7200
9268
821
19275
10982
3185
2662
11777
8357
25222
18960
17679
18070
7192
22629
9829
24072
18008
22604
4470
24222
20151
22626
8084
1746
10182
15671
20833
15967
10612
5042
3133
17444
20747
3893
10303
17094
14261
6431
14232
19125
9345
13598
2821
22467
7088
8372
13844
12609
2559
14751
12375
1279
1334
5839
19907
54
7704
6180
26227
14863
23189
4431
16915
15648
20871
6660
16032
11307
25484
25319
21426
5614
18663
5818
1020
24368
9087
16816
23492
11224
1258
5879
9157
13798
18042
5875
21434
17697
13307
6191
20908
2663
22572
21152
19139
12978
1980
22911
25707
22637
8793
10522
275
10332
21512
23225
25497
11159
24125
20416
25104
6641
25133
11346
5906
22486
24193
11719
14776
13112
24992
10535
2112
3542
22598
10995
18724
10394
8990
14311
3672
10514
8193
16301
15854
22211
10513
15639
10952
16474
26515
22638
19122
1040
26402
5922
13069
19112
6936
21051
25662
16386
26207
21104
10193
22894
3592
13479
25954
17725
22719
14417
3532
24722
25627
2552
24869
18239
12398
396
19452
8801
11237
13308
16366
1934
5942
12845
548
5809
11212
24486
16976
7476
23178
23504
1625
12456
5223
16355
16382
7017
16935
24154
22320
18041
1660
11941
18833
16663
1041
24565
15491
11146
11848
17520
24043
11926
24561
20398
24496
3131
8239
16557
17740
13579
7821
9936
11438
19383
24506
14026
3189
13491
22632
19539
22906
20286
11962
7122
6569
9740
20187
24203
26139
17514
23384
17117
5953
16883
308
22643
20166
580
8149
17631
12176
12364
12579
26235
20445
3957
22775
19398
128
16781
17165
21318
7029
5203
21670
15613
5338
18022
22307
16570
449
7427
10761
22895
11086
25167
12131
22886
11317
16958
25107
6570
5297
8278
12492
23474
16604
13220
12315
18623
15768
26017
6968
16768
1635
8147
7076
2667
15004
16681
1104
21375
6113
19182
829
25571
2168
13633
13189
7425
24731
12550
18885
5944
7737
1804
14157
22774
25471
7031
24191
9308
833
18826
6447
24510
25932
838
13129
13879
25201
7753
16664
1151
23983
25198
1435
9031
18534
17735
13972
21439
21267
22601
8733
20838
1692
18734
8188
18009
10443
3874
161
793
12739
15931
21909
18517
13957
10062
21702
19632
12489
7330
8947
7391
20945
12357
1164
11145
25317
14356
8068
11546
1057
934
24978
3002
24553
4261
13301
11367
8769
16478
14680
23509
24716
18982
13349
19380
20714
306
16316
11931
506
2551
15700
1233
9910
9008
20627
377
12741
8777
19465
4322
3961
6073
22692
17899
6007
1936
23506
1610
14312
16151
22489
22380
7630
23046
9431
6096
12942
3900
16069
18254
7321
23491
9196
14707
8492
14868
8654
16605
23524
23206
15068
25176
18054
16030
25451
21071
18335
6211
24833
24862
17158
1148
6021
9594
4540
16451
21722
23139
16149
8358
25525
9456
21792
2882
1719
1589
16160
5010
2568
12717
3872
18565
1099
425
2271
9655
9106
25143
232
7490
12378
4794
26509
12005
17911
12954
2269
26162
16978
6577
7168
23909
12182
18487
5400
10614
3691
20619
3612
11585
23164
1763
13932
23332
13626
14710
21977
9233
17788
745
1342
12970
2803
19156
11872
10766
18406
14731
4870
15950
15544
13165
21965
21973
21169
3464
3504
5941
5850
5342
1944
18442
6227
18616
24870
12039
20127
12632
13014
11419
18674
406
13627
9092
468
5870
15923
14742
8938
22204
9034
23247
18792
22653
3014
9389
1075
11904
1881
1725
13507
9874
18579
15638
4582
10812
2226
2679
22111
11722
20806
10441
14885
19926
13788
11144
20729
17659
20381
17757
24868
20082
25339
12274
14061
16050
20644
10807
15784
19149
7401
9906
17651
21468
12066
22195
13382
21138
22355
21361
3506
22458
22831
2372
20287
5353
22914
25777
7265
17556
18641
11087
5084
16395
13158
9225
9378
7724
3582
14732
21457
8373
16824
18096
23293
21807
19216
9919
16078
4793
5633
15585
3692
7377
5209
21746
14327
2852
8150
13623
20722
15474
5453
8599
11756
11443
23310
4239
10609
14568
16626
1480
8231
3645
20320
24606
13778
22330
8403
6467
13176
6013
15531
10407
25717
19164
2767
25628
23350
12613
21282
14142
18396
7631
4344
8735
10649
19764
16649
11182
23354
12854
25332
22304
933
12063
10112
22385
26291
18943
4605
14382
8731
13159
26246
13759
11402
15763
7659
11282
837
20117
17207
23102
585
15683
22596
4361
23331
21934
22791
22217
14119
5077
7389
8899
1564
25444
17011
2354
13260
7973
2581
6123
5822
5285
1585
22608
12432
14717
1017
9241
4528
2027
10463
16000
13860
1636
4302
22926
16749
4561
20938
7825
7334
7557
24826
7314
17447
2119
1808
5210
14248
21141
10206
14260
13193
23443
2512
14865
10444
24013
8614
16828
17043
7117
1899
3548
24071
8956
23127
23116
13045
11782
16101
26122
1308
4329
6651
1277
10491
11851
18268
9267
2596
13898
18934
11802
864
26217
7505
18921
1236
14848
2257
21718
1865
5359
151
22610
16121
21358
7300
17895
8054
24809
21258
2829
3695
7343
13381
22443
5454
7475
1678
11175
24130
22253
6153
23397
10118
26344
4190
3424
8208
8391
13277
26234
1803
11775
1549
2034
11886
17149
12269
1444
1278
6580
5990
6548
2591
22449
6004
20119
20901
16029
22036
12480
20211
19309
26506
5220
22448
2038
8072
21253
5938
23328
3838
14818
23344
25636
12553
8275
3479
22553
21348
23966
14278
18317
6112
9624
15971
2924
24886
8026
24036
4314
495
1884
4886
21600
6237
21694
7600
9374
11675
13050
556
7051
13211
6219
17493
21089
20687
3570
14659
9222
22079
6497
1183
9176
20831
23208
1317
26354
17033
21310
22034
3510
13588
1943
9794
18327
6008
22790
9780
14695
11544
4316
20258
22592
25211
12289
22465
14866
19826
20070
17746
3887
13773
7733
22689
23603
16357
5970
21623
24389
10964
26525
18017
5008
18658
4531
19737
9846
8782
26008
21707
8934
332
23003
17218
4784
10988
21356
13093
405
9439
12666
11069
6926
21985
13058
24527
7246
5293
1433
6956
13530
26027
21461
16365
6957
21786
19554
23043
17609
5325
2322
11368
17791
24595
2666
18848
10705
3929
4398
15703
6522
18577
17933
12105
2069
21700
2887
9857
1778
363
23994
22893
10966
19544
1643
20891
20148
7846
23149
9831
24197
3707
12356
11170
16804
12392
4701
2795
18329
25673
2919
23250
8605
18559
12591
6930
17169
9381
13451
9390
8804
15569
16689
17020
24240
8980
14241
11918
19059
20114
1547
8765
4170
19246
21681
12301
7756
24371
13905
8670
11390
14637
7209
24651
4042
24566
2623
20362
11451
19227
13940
8209
14737
7615
13917
19523
8386
2367
12363
20890
12928
6067
9713
8929
19618
7240
18002
2982
9646
1453
2525
22547
16545
13538
13009
11366
25369
314
25498
367
15724
15630
16463
13480
4168
5303
1463
341
7250
12261
984
23325
9220
1906
18082
13018
14632
17905
9745
25350
26497
5619
20368
9850
7468
8143
18941
15523
14565
22257
20940
21351
17768
21599
5189
3142
22620
25382
12377
22310
4555
22794
3030
1163
8973
16876
17672
9428
14580
22660
25475
19827
17599
22044
5441
12324
22830
12027
20952
12310
10462
26275
13636
9700
8965
11894
4862
20723
365
20143
24008
13251
15870
12442
4280
16529
19071
25010
13584
9385
22805
23097
496
11799
9183
23111
9744
7324
4838
25434
24246
22060
24152
15993
18410
7422
19535
7575
14709
12376
3553
19103
218
10843
15988
12424
16276
24582
20433
1010
15690
24726
20377
21437
6990
22821
14072
24719
11934
5246
19120
18832
3851
16037
11884
4248
5270
2769
13377
25099
4045
16164
26247
10168
8487
21161
7511
22279
26192
18326
3648
7346
14997
18845
14070
7537
8247
7501
25997
14993
13138
25630
18306
2393
21587
20834
12542
3670
15650
19460
10149
21302
23458
14986
22302
2925
5068
7153
14573
16848
9195
18107
16553
9329
1839
11166
11927
14543
22855
17596
17809
6982
14770
24218
15510
17080
7838
26166
20076
5039
17620
6977
24344
9709
14675
21412
18839
23261
16223
19286
17404
18945
5983
13175
14336
15959
17523
7467
5397
2936
2792
10999
7251
26245
25200
8115
21046
21766
8755
11940
2872
7101
10072
20384
3938
18956
8139
13653
3966
22076
8414
15513
16119
23672
11505
7195
5640
25463
13564
2731
15771
558
702
7867
3722
25970
8080
12440
7042
22008
8584
24555
2019
11440
3909
14755
10116
14615
16734
2750
1755
22960
15852
24636
7004
11714
2359
20718
1734
4574
4500
9014
25503
7459
9556
16690
1789
2909
16185
5160
2042
22766
24699
16277
1250
5831
23187
12337
22683
24263
5365
25934
15478
11932
20878
14092
16307
24545
22977
24098
25375
9250
5798
8944
18226
5387
2701
5974
748
20795
12612
15871
17700
16931
11331
1784
23285
25330
22343
14361
25804
19342
22625
6971
25194
11044
170
19432
1087
22300
24879
7529
16292
10215
18390
7629
15828
22074
9246
25691
20389
25711
25665
12175
7768
17597
3883
1200
10832
6453
14896
17797
1733
18718
16660
25473
16987
26148
14319
22974
25108
7252
23463
7449
2066
19294
9130
15019
7202
10435
1224
21272
13997
19402
4774
15816
23677
10814
14106
3177
25720
21095
16752
2330
22769
14078
22590
16236
26273
15807
6023
21431
22078
22401
10507
26144
5168
418
21329
5310
23091
2403
11164
25226
21931
8121
5003
16184
21930
17891
15035
25130
23530
7387
13299
24104
20601
14594
21065
19264
24965
26125
3937
21409
16306
8873
10685
11037
7627
3003
25468
21369
16779
21374
21910
14280
17508
16621
2227
21992
1757
7180
20637
18450
12367
4765
19753
20827
1592
10156
2000
25386
16211
17107
19068
13205
23215
22552
14101
14572
26099
7776
24128
23583
20946
23108
5632
25942
18709
9142
14559
22216
17575
12827
21735
15672
14297
708
3894
16956
18796
14614
24971
21214
24823
14545
15986
2900
10140
24097
20212
24840
19180
5889
19794
2223
12919
22251
22847
22737
8269
3049
11370
15468
22354
25353
2335
26284
19906
4759
24810
19600
9602
14677
14270
25813
21427
1956
12469
13146
8655
7050
10066
59
1339
8794
2753
15846
26625
22768
9415
889
11261
16298
19588
16656
10664
21149
11772
24513
6624
20711
23375
2890
21067
20371
10315
26511
5414
9877
25349
8948
12229
923
23260
6178
20750
12716
18031
13886
22348
2641
17055
1723
2008
26323
11843
8232
11149
7052
9313
15985
21892
23230
18807
7371
747
6540
11052
12463
2572
16244
25005
11047
1214
22089
22485
7521
13126
14981
23004
13281
9028
7819
505
14155
25184
16609
14165
4511
25111
11724
9010
9900
14071
2937
4727
17567
7219
19262
7747
15519
24165
1652
16296
16938
4562
12577
12
17775
20223
12677
13306
3461
13150
2714
25224
19533
2632
14265
121
2376
7607
26072
19805
18818
19587
25759
22370
2238
17805
21473
1810
4686
18642
7452
16885
1329
9429
7845
5061
18097
6090
9133
5961
4863
24568
1994
18523
20684
2009
24599
20154
19521
2696
4873
14772
1960
11267
2054
25971
4769
6450
7221
18700
20123
26483
11979
9692
22125
23487
6557
12282
12615
13095
4723
20353
1033
18527
26220
13242
12949
25770
25982
7026
15841
16330
9417
24195
6088
22240
23516
17828
18293
16081
315
6397
7740
16091
18312
5257
25928
12098
21363
16953
11099
16655
2247
11153
13151
13137
24001
19368
12195
1562
23280
18644
431
25567
25587
16405
24584
19648
11991
1456
6696
8212
25590
7137
7417
11578
7039
13795
801
4308
11538
23685
24637
11193
8812
14005
1340
25816
22662
19914
915
10166
9434
8228
25692
24603
9666
19804
11266
2328
6690
7258
692
4831
8178
5212
24062
15517
16115
25989
2224
14641
13076
15667
18473
25721
8448
23931
14982
2067
14652
16042
24123
20807
19810
6407
22130
10987
24349
700
9855
14698
4435
13506
9169
17951
183
9401
11042
25189
1333
5807
17042
21444
14814
13361
18121
10165
24376
17474
12069
19802
24006
13775
10063
3594
13288
11374
25687
9260
2528
6616
17676
7555
17422
937
5905
16124
25003
9591
17842
16195
25755
5198
22493
16114
1113
5190
4592
5924
2252
13551
24067
5180
22940
11950
1271
7376
22891
5873
17568
7654
5933
25742
22589
6036
1805
9253
9875
13180
18583
25646
22108
5844
22823
12407
14861
5912
22463
24103
10644
7638
21066
19174
150
24517
26154
20796
11400
19763
22278
11764
6626
2128
17551
6002
10816
21355
2694
8474
22562
2210
16212
16543
7712
20195
5821
23342
7015
22502
15670
16146
24571
6697
13517
18622
9629
12992
13954
25984
17714
6399
10161
16305
17516
16379
6106
10709
7470
22430
16070
14663
16801
12184
5040
772
24245
24021
17391
11925
25414
16095
23533
13099
1533
572
1728
13552
10061
9154
16246
26031
18856
20837
12225
18481
10849
2601
11531
5429
11474
21883
8004
4204
11227
13443
13463
23059
23007
8315
21877
21617
10089
4690
21901
8458
4413
7679
4281
9869
2166
4584
16240
18892
12164
14259
5356
18680
12180
15983
18738
2233
13063
3426
5823
1581
4393
24839
11998
13855
18267
22741
9458
9189
17555
25347
13880
17795
10426
24587
15958
2710
23688
22086
2934
14098
21776
10093
21100
600
4618
20290
25539
11345
3457
22925
13616
3436
11498
13900
8703
10210
3523
2960
4270
12156
19170
17843
21453
21593
16902
7677
9762
22205
17071
4217
5799
1560
25496
21874
18597
1593
25773
15900
12297
20823
11784
18224
10337
10104
19189
23959
12338
22804
21789
7238
17488
24609
21181
9742
18590
24707
12064
18026
4619
16599
8328
25798
8354
25096
18858
23270
1304
11172
7642
2163
16372
9611
11502
5057
6935
13476
17741
18946
14611
14662
19819
21796
12366
25814
4996
13624
3575
7205
20196
1242
19541
6108
26019
8893
48
23085
18313
18011
25124
16579
1729
3855
4264
17931
14143
11907
20260
14054
2312
3923
24858
17103
2533
16980
25566
7174
13979
3915
1989
23362
23099
9150
17841
16519
17497
16646
7609
22700
1795
13508
7510
14340
13804
26079
15704
13603
6680
14790
23231
8676
55
6005
21955
19437
21969
16565
15862
16750
2917
12998
2550
13580
16293
23386
20451
2286
21117
24871
18767
11691
17880
19749
9134
16585
25607
16137
10729
12311
20813
5361
23054
12100
7215
6459
13592
24944
21706
13356
7994
25125
988
1996
20107
11293
20727
24878
14404
15686
21317
11413
4505
13495
9363
1693
21424
18994
12976
11944
23345
2401
21713
12608
7710
1204
17712
26054
12177
25714
8694
23446
10113
18342
13203
16820
8259
23925
19375
17190
22969
16230
12566
7447
20954
18036
13376
9111
20396
2251
13970
13246
14181
16737
20665
2974
875
22127
24075
24369
13215
10959
387
18953
24039
7103
10040
20677
18351
13120
6498
5358
7613
2048
18948
7046
11917
7496
9944
2613
17730
6938
8396
11690
26605
7098
9205
11383
16923
6644
13105
25338
1658
2770
17446
9292
13321
149
3476
5607
23162
24600
7495
19808
25505
16889
9854
23315
14674
12170
12166
11837
24822
14870
1707
8118
16680
1325
24373
22505
3833
5854
10053
23341
21112
23388
2788
22739
18893
6628
15637
2046
21443
18550
10083
10810
13524
11004
18592
9836
7491
7705
17526
10646
15804
7388
9110
4275
19496
936
5891
1888
12292
24739
7533
17574
7384
18891
5616
24598
5444
25682
14607
7509
227
25233
19476
25547
18965
11964
16767
23442
17932
12431
15044
10778
24619
16637
17794
8715
5459
10667
2968
6198
1681
13554
4876
22540
2250
5882
25558
22949
23133
4196
23033
19566
22679
6924
17811
10404
3606
9232
25119
90
9294
168
9924
6029
23244
386
16788
10410
25752
12397
21433
24198
18471
9011
8878
16468
7958
8716
26494
19506
15601
25694
18876
11824
20149
18380
25998
11584
18062
20836
18100
16048
441
19333
14367
24117
21311
9256
24785
18299
18979
13496
18829
2117
13204
17607
18607
19418
15487
25800
15076
26261
22325
2733
5281
2310
579
11163
840
4679
26476
26077
8246
999
19261
1251
6682
20252
16007
14990
23948
16222
25204
12214
9215
4733
16635
11483
24267
15938
18749
3558
4468
10091
1983
11179
3568
24966
15707
14149
8760
23424
23935
5094
17986
11010
3495
19789
11025
18978
3609
7061
13291
10342
6190
22414
4604
1861
12997
7818
25642
12904
8066
24668
24575
12172
6050
10328
16554
2817
2061
20293
21472
18754
6955
11122
21629
18244
19208
896
22366
25357
23000
17062
18542
9895
11330
21036
19284
9403
21189
15070
20265
10320
2199
26408
15663
20887
294
9001
24108
25631
1584
8972
816
23440
870
22803
12477
19389
1189
22736
19425
236
2857
22309
10178
14625
8242
24068
26149
12559
12537
12216
25388
22656
20334
24647
22776
20739
3674
24997
22706
21808
8725
20610
16460
18355
20761
2004
6165
10751
25208
13015
21618
13465
4172
4527
18883
16259
913
11867
9423
25137
22231
4600
16426
237
24702
5005
14394
9410
17066
24958
23971
10073
20305
25191
3530
13930
15901
15944
8982
9387
11258
22327
15659
19593
12908
14569
13235
5458
7220
2984
12713
15730
24975
13607
14878
11061
12362
21586
23365
162
22026
16756
20337
21478
11148
94
26071
21464
7800
22202
20688
11547
23227
1569
16116
195
20828
6185
18507
3596
14802
15792
14189
7862
8130
247
19560
5064
23068
11259
24093
23335
1459
17987
19451
22134
1800
11432
17722
2692
8036
22876
1270
414
17867
4535
20919
826
18920
3155
14306
10590
17792
13531
17571
21772
23352
1272
181
4790
2379
8902
288
25726
4719
8904
25953
21649
21740
874
5014
13284
8171
15608
5817
6406
14773
2036
1123
4387
8775
13070
10840
18212
2214
23340
25563
9334
17209
12035
13528
21954
1185
12841
7967
23952
7063
15599
20347
23271
17900
1180
23675
16692
3660
18842
23702
1970
15903
13825
3916
17034
9764
17646
20317
17413
18655
11081
81
20111
24682
8254
7716
14240
7320
21636
3890
10501
5845
2317
12068
2200
11371
8753
8697
9932
1686
8326
14234
6046
20903
13614
6942
11485
13929
5402
1187
25300
7378
11342
2994
8200
5404
18639
4762
11689
16299
12943
16764
880
19479
724
7106
1832
6105
14867
5920
15561
22844
12972
9562
16117
5411
12314
1481
21496
15026
24388
2583
3859
2333
3433
8822
17830
26128
8908
23347
8596
19769
19089
9619
22137
16096
12394
24634
14825
5290
10431
13796
25747
13789
25618
5923
2327
26173
2654
10164
7641
10390
4252
2850
4601
7152
22454
23357
24960
13493
24969
13478
1744
10174
15483
2524
15998
24864
21753
9296
21085
21822
8805
4732
5158
24782
3472
12545
23023
18525
10734
19417
23950
9945
7761
12427
20685
7172
21986
14127
9077
1770
4810
11857
15844
20951
11046
4583
6229
10383
24885
14552
20950
17912
1743
7340
11539
2763
17379
15612
13178
5386
18338
9331
17723
24232
14
255
21747
17414
26596
19310
9590
22785
12277
17586
26523
3467
13587
11403
9392
19624
18233
26598
15922
15924
7660
23242
11883
2571
23355
21995
14601
26286
11936
26620
9856
2547
10125
20922
11404
9892
3013
1219
3001
23691
1947
15920
2787
7274
15484
19242
698
1531
24303
4596
18722
6658
16920
14795
12607
25549
20630
24945
9929
7564
5446
25792
9096
10048
8976
22358
17116
284
16727
13325
24011
2023
5357
16818
2794
8476
11943
18502
1234
10928
21133
11213
11576
21741
14994
13811
24520
1570
2600
25580
15926
22554
12428
26032
11444
12016
20874
23601
21378
5346
6698
7305
7298
9301
15536
21371
5932
11250
1475
22476
9810
26083
19225
14806
14138
26271
15873
10732
21365
6511
10996
16909
1232
15682
5192
16628
2290
17748
7991
12988
21709
14697
8399
7585
23941
6675
13296
22661
5395
25464
9576
4543
2535
10749
18435
14536
17988
6985
21948
10096
13267
3835
11517
8413
23152
11253
18078
10799
2534
1231
16822
10508
10069
1532
26243
16443
19291
5380
14014
6102
3858
21783
12715
7998
9703
15892
24049
26330
13619
19414
21799
26014
14016
24698
11111
15902
10402
12840
16908
3945
1344
5401
9567
13909
16894
9681
2047
15695
18692
20638
5605
21633
19318
9084
17624
20259
25644
25683
4753
1247
4895
1071
16802
5162
23224
7536
1565
4700
26086
7573
17084
20294
21603
4893
26240
16869
11458
1336
13269
23430
12975
17818
18495
11589
1470
10385
6527
7095
22961
20629
21167
10488
7294
17817
16271
9668
24233
6958
18061
7308
9394
10136
7138
20250
11292
14310
21936
6145
18898
5897
26473
2162
20841
22298
7545
901
23257
17040
6009
5345
13867
14095
17462
8429
7618
11012
14760
14109
13632
16108
26001
22114
10192
13206
9921
12109
1867
24790
10190
7032
12704
12459
4627
17804
9045
19930
5263
552
416
22047
9645
17177
8955
1698
12421
21107
17139
17559
23304
9212
24102
4259
7460
14562
14277
9696
9328
4171
2285
23692
23252
3678
2606
19482
22628
2246
7448
6931
21395
13492
13906
4349
16695
13080
17039
6154
3611
26169
17365
1548
2338
6222
2646
5022
12675
3547
17644
2877
1976
16472
12555
16984
16182
22684
22778
906
22917
5047
16567
7027
22695
456
230
26129
1007
4178
23392
20403
17082
16849
3654
21945
1890
3924
8025
22329
4050
5881
19641
20746
11062
16227
8368
15052
10131
22490
19732
11735
25142
14540
20733
19650
19062
7060
9371
20335
22968
8433
4717
25968
21648
2991
7342
24080
19212
20420
23096
22241
23253
15565
13467
18683
19269
12848
10930
9367
2032
14084
12448
18886
21933
2929
9688
16870
2851
24875
10651
12273
24298
3636
20666
2863
16967
9443
9614
21366
15496
11191
26170
22403
738
14785
10845
7983
11855
16084
21321
1760
14304
26262
15660
16399
18817
24970
11672
26516
10429
22584
17147
21265
8241
2209
26514
19548
26405
15935
9697
12945
10597
1177
9168
13234
4040
8144
3964
13390
1641
2783
26259
17045
3144
7155
15627
25352
16662
2043
5360
2339
8774
10762
17751
24884
5946
11949
22731
9787
17813
2674
22798
17178
21064
12317
20768
1028
14172
20756
18599
8758
18887
16766
9927
24593
22061
5384
6110
17499
311
18771
24347
24250
15655
18506
8911
13866
24259
5161
12352
14250
14850
18276
300
22491
2114
16591
3441
1752
9166
24004
24661
6097
26050
22223
25656
3953
5087
25355
8664
12620
2823
207
25614
7576
5630
19099
22482
18034
15921
4233
5
3921
23496
18621
9934
24740
5034
17764
8999
13939
23266
17989
8964
5019
24282
16817
3500
5255
18926
19162
17852
25799
9807
9211
20832
4827
25249
25207
12137
2941
23425
5637
1077
22988
8266
17081
11446
15820
5370
16687
6652
1209
8415
22396
7055
22384
13982
12222
14148
25605
20947
14379
7416
13912
983
23684
14025
26115
13309
10321
22277
11168
1596
8162
5853
25433
8762
11101
19121
25756
21404
7289
8421
16653
5343
2820
21686
26599
15530
21359
22395
8483
69
568
24533
25152
14285
19108
16873
2625
4839
6668
25307
6635
26419
8928
17706
571
19486
21063
20300
17032
16237
355
12656
9376
8669
8451
5811
18302
9086
10994
26475
21233
19491
12519
18393
26037
5813
21773
6468
19458
4742
17783
20861
25713
1003
24042
12544
2242
1537
25476
13118
10127
13975
24733
107
13981
4532
10723
22813
20414
25931
26126
17677
18814
24114
792
2385
24887
10599
10641
12179
22484
21484
14679
19998
18364
22652
11520
4206
22607
11497
24150
23377
8172
10133
6430
16993
9788
23284
5284
8722
7697
12441
11530
17171
22339
22094
13078
14598
13655
12062
19449
3914
17530
9812
102
13436
9734
11124
5296
15017
25314
13324
10070
18952
20712
8613
10473
10764
8915
4566
25420
22633
25221
17068
5000
1651
3415
23444
22201
11205
6948
25341
19725
24100
24190
3561
1714
26153
4345
26085
10666
24047
26623
16541
14000
4607
1227
21650
6400
13384
5425
25929
13068
24999
8752
22099
20660
17129
19626
19397
16243
13007
7033
24133
25012
14705
18697
4436
11995
20670
24574
14979
3181
20323
3831
11196
2659
15467
2348
4049
6476
22549
20762
11708
19467
20865
24249
6441
3025
2268
20607
6603
26283
20818
20078
14826
19758
6984
7189
19614
7709
17670
13071
20814
7689
19148
19928
15955
21918
16852
9730
16023
24324
18530
12351
15480
18799
11206
9424
6483
17176
15570
20277
11299
13273
22841
20792
26009
5382
12974
3857
1843
7552
7260
21118
26181
141
5236
5413
17687
23538
17369
5867
15649
24654
22657
21755
3456
14836
24581
24936
11769
11785
26041
4432
22444
444
15512
2651
15811
10202
17197
24859
25559
15847
6582
10829
8598
21982
8931
23459
26334
23991
16153
23359
19478
8075
19362
21059
1451
22379
13445
26092
26063
26615
17860
5871
1739
25336
18119
17690
8052
5058
25478
20671
4048
16234
9660
5309
4340
3585
1606
9316
10781
3709
16847
21042
5383
7456
2545
14378
4750
26268
2975
22930
10480
1432
21273
21295
21961
17653
9049
12084
16887
20897
12558
20298
392
8763
14124
9684
7116
12329
25138
12730
22357
4
15568
24876
22716
14282
15759
9373
14678
582
8912
16189
3869
492
20717
14087
23543
16538
16216
13084
17675
6100
14032
5949
13484
25629
9421
15056
3683
23541
14129
22250
5918
7649
13854
1447
22420
22721
18568
1246
10686
25509
8504
1351
25926
11034
8174
10145
14745
13085
13219
13124
19583
13998
9416
21635
6224
4573
3719
814
7616
11049
586
11433
10637
7139
2768
20355
5410
14351
25515
22024
12159
25731
21751
15651
26090
18120
24370
21872
22557
12676
23171
25594
3422
2813
3172
20734
22621
24986
13217
8826
21732
12403
18645
14102
17150
4498
2615
19285
15680
12054
7303
3911
20120
20419
1962
16255
14647
8618
24689
20639
15874
2404
25718
1474
22101
8905
2388
3478
11990
7426
21432
10742
18632
13899
24025
21357
296
19128
25734
12252
9716
19347
11860
12948
21417
13450
17758
18373
15867
19171
18414
16517
1850
4043
21510
26587
24157
18519
17976
18057
4553
13952
13785
13915
2040
18995
23084
7650
20658
24573
20238
13024
21430
23265
11947
24325
16999
8503
16927
9726
17680
17189
2648
184
10121
18862
22782
16688
17762
23527
12213
16165
1670
11436
8418
4460
8424
16548
20415
15590
22868
25206
13218
3676
22711
11586
12514
21303
20205
3651
9563
9583
22233
7729
18298
4434
10724
21337
13446
11793
16523
17824
21733
25815
13094
9297
11174
17121
15699
21824
14348
8164
4715
6691
1066
23051
26067
8124
22087
22750
8877
10606
16068
9675
22058
729
26064
7249
14791
22531
21136
761
3701
2636
17419
7648
17591
4165
22119
17853
11715
8507
11218
22267
3848
19448
9795
8423
13334
1030
8624
22666
22027
6099
16269
22556
20886
1969
12625
15855
25325
11226
13458
26118
11197
16092
11281
20675
16063
23708
10176
19371
295
11058
17702
11389
5074
3184
4546
15602
24863
11245
14291
18846
21281
3902
17763
23314
22475
20763
5615
16054
11813
10772
25417
7466
23417
10318
11462
24052
17806
3936
21316
1031
16731
12505
11844
17078
12306
1573
10661
25529
12584
22537
25638
4215
12219
13172
9398
23499
1229
8006
8759
6929
22635
20767
17194
11967
23484
23938
17593
4253
169
16442
20292
9571
22441
12571
2318
9167
18018
8224
22924
9355
2806
14144
12830
23921
20774
11866
12128
7702
304
25298
11496
9089
240
800
22541
2647
22479
1083
19816
9140
106
17145
6547
24258
766
231
13808
10720
16990
222
18256
23703
11348
12475
18533
1098
14281
22487
6014
11954
20811
23326
22017
19552
11162
11283
15588
25951
25435
8073
10965
9326
3862
25921
7587
4683
21423
19080
21239
8260
1553
8954
16787
9575
24676
22360
7327
8122
21129
17810
21096
9206
2213
9375
13333
21476
882
17480
4481
9891
14086
2864
4312
1107
15595
26484
18843
8693
21508
858
11960
19488
12991
4182
18125
5091
22480
4427
3559
7001
18733
9258
12414
22249
19391
18257
25640
11220
16454
20944
24624
24576
11347
2640
26140
14743
16113
18429
25442
14122
23953
8825
24991
301
25219
8311
6524
5995
2279
7150
2782
26191
17070
9161
17782
16537
23179
21663
1848
14815
23947
6568
16624
4315
11143
844
25412
22110
8453
13355
8490
10616
7815
12536
18711
25674
14634
17057
1438
10373
10619
12933
17166
16135
24022
24509
13547
10108
22022
22523
17211
6594
14176
24126
24798
13119
24781
6030
22232
6554
3679
11924
19442
22049
21677
16238
15845
18416
11396
18778
6449
21651
4295
2685
8871
17765
21425
18784
5935
3566
19639
13115
2531
17093
12478
19647
14089
12076
22922
13595
2254
3947
18259
14969
6535
22120
15011
26061
6486
25202
8437
9234
8711
21255
21578
16812
9379
7007
2207
25551
21942
10338
9940
5164
14853
5234
2549
21279
7843
24893
23535
16758
8884
4624
20247
13907
11892
23024
22272
16273
13995
14749
16631
20126
18349
13768
5972
20848
581
9079
1769
24711
8161
23967
7241
1081
9710
19450
5396
13230
3128
8589
25751
12512
759
7822
5299
21345
19563
10147
24804
18222
14968
8814
15761
19245
8034
12517
18449
8932
2384
15814
14292
7487
17061
16991
3549
16465
23597
20198
1998
17942
23905
8773
597
18220
9916
26078
2346
16600
11978
26212
695
7556
1355
9827
8727
6448
2304
15031
24844
18115
18866
24356
18353
16867
14299
9127
5624
17467
9908
16838
23998
21957
26015
24277
15572
24229
21241
25534
16467
12597
13187
8009
13152
10531
24118
10962
14112
20147
15736
26410
2275
13252
7173
1349
3416
26161
12476
2993
9572
24990
11393
11303
20960
18528
7369
10997
14368
3875
21381
17658
20387
155
20189
9746
7409
1485
2856
6033
10947
23712
19353
10796
3499
11132
17104
21993
8405
20272
11716
12521
9904
1005
16912
3012
18436
22599
21916
8835
9436
13389
19419
21147
174
17733
5244
19196
6413
7772
22887
15904
18536
16881
18417
14592
23687
1878
20681
3551
25723
2691
12498
23343
25380
8933
12341
11667
7443
16154
24155
7748
5028
18986
16441
18033
13320
7571
6038
3451
11152
20358
16156
393
10624
9451
6070
22904
10680
10398
9442
1457
21268
25985
12049
1777
4603
21307
9119
9091
19516
25408
3653
10980
17576
17015
24540
12320
8352
19752
17749
4278
1894
17560
23534
18619
26066
14758
11878
8198
2554
14289
15635
601
7353
12497
13850
12616
1776
12112
2760
25308
18911
463
22059
19464
19300
24604
23600
26065
17195
9307
17647
7794
4591
4054
22213
6083
21442
2842
1642
20401
21756
15910
23199
24230
2261
25522
20168
17592
4256
2323
21612
13170
20370
18549
10958
13505
6619
8398
19140
12299
19744
51
12385
4856
13103
12183
16747
3671
8967
21199
2892
1264
13489
11038
19136
1608
22703
7256
24211
22337
64
3690
7059
1696
25129
9132
10589
14781
5179
10504
9860
903
25404
13279
24288
16321
9774
17525
9902
20821
3955
1694
5457
25158
14544
1672
2053
12413
7992
5644
2245
19589
11969
17721
19576
2326
20843
3658
25793
21929
5618
557
25980
5175
22678
21594
9170
14788
12295
1846
5914
9078
16998
19573
21416
17897
13942
4791
16332
22129
1296
26336
15777
13005
19244
16961
12990
14629
19580
24000
14811
19821
6028
22464
16252
1687
10100
21398
7191
11030
10453
8218
11200
16671
12583
9670
10596
17995
4617
25784
376
8985
817
18281
422
11664
12036
12415
22691
22028
7313
21142
24795
21124
12097
18005
25585
1959
5172
26499
10071
9588
2381
2402
132
25572
25920
9930
13396
17046
25941
23070
10788
24241
8422
24365
7141
17087
7774
14080
13813
871
8248
17840
560
25820
22071
1230
6919
19945
8463
2607
20962
1668
1767
6593
10949
4055
18664
10953
23131
26337
4888
14973
25102
7751
8192
16398
16219
16163
23498
1245
16590
20434
147
25113
17632
20605
10379
7429
18303
6214
13295
11697
25700
3847
17940
4333
13891
8960
16879
21102
10787
9112
11035
2981
23542
7065
7732
8469
19367
4051
4485
21460
4041
19087
14864
14740
25961
4301
1710
23594
15727
1995
13887
11994
18703
20318
4199
11919
18074
17605
7368
22888
20225
21781
4464
22191
10665
6670
19457
24560
8412
16937
1068
13348
13921
11733
4052
20824
5885
9255
12735
9173
18963
15780
5857
18090
21770
10702
25947
22140
7226
17047
23319
17381
22126
18440
5955
18547
7586
6494
17610
19098
10610
12019
14272
16331
7481
2735
8319
8226
5155
21043
26186
7653
6212
9772
20683
16155
5088
18552
863
3522
13861
5846
16170
18304
1016
4818
4231
15785
2225
19077
16283
5639
22646
7411
22328
13895
21187
9705
15064
17077
9093
13259
11975
12298
21451
24861
11119
2776
6556
25147
10985
3899
15500
10659
11255
25457
18465
16105
21079
24345
21139
8656
16279
11211
16911
24674
18966
19065
21038
3642
9914
8182
13642
4400
14174
2026
1703
855
22314
26093
12160
8898
20921
2578
16610
25768
25577
10051
13043
2274
15078
22613
24523
8714
7479
18491
20385
18861
7976
26110
1552
12085
21350
7360
18508
536
4047
9104
24591
22702
2898
14820
5029
7561
17657
1745
25796
21110
10780
22935
13171
16361
24251
5197
25149
13110
13978
4277
15837
15551
20374
12604
24729
2303
1448
253
12839
13541
11176
11141
52
11561
22501
8338
15826
12230
26416
2517
13055
4503
15856
15553
22939
16309
13359
10067
922
9732
18962
4606
2966
2673
4751
11885
13758
9872
23419
25002
7507
17997
17696
12663
9015
21820
5826
22979
20753
6420
22292
13003
19615
14699
1328
20161
19228
1809
129
12400
16654
19177
7975
8890
22146
7661
21215
19430
15021
6475
15838
10101
16440
6550
6979
21607
23276
7227
15932
3686
22972
9665
1136
5274
20927
16555
21336
10055
24158
5892
14657
41
22084
14713
16560
6694
6213
4346
17793
13274
12158
23503
26025
22145
7034
26329
11080
25533
9430
20135
14817
7595
21734
24791
4896
13286
12996
5862
11386
18346
6692
8977
15925
1131
24701
5228
87
1586
17135
18743
22194
19274
22923
16755
22852
9899
25318
9593
15580
2391
9728
18555
1472
22373
11833
1618
23974
22225
10427
576
14360
3567
21179
23429
25482
3563
24122
7755
2283
16792
3718
8470
10075
18695
23432
19252
5816
17671
21073
7237
25136
21780
26417
11914
8364
23137
2860
20264
1240
18379
12209
23918
2127
18260
19358
16406
8602
17108
7016
25705
4548
12410
23106
22903
1013
8821
22389
1827
22007
16161
1655
14869
7678
6396
5328
14126
1471
7410
15957
2212
8249
26223
18878
848
3186
18028
4795
19459
15540
24658
22189
26049
20432
11468
17008
17877
8017
7302
10065
22558
12192
16551
18344
13030
3517
18614
18915
3903
19445
20084
10405
3459
266
17198
19240
16944
14370
8925
9343
8365
19943
9002
1102
4356
13261
19365
11154
24316
23368
1440
10198
17708
9411
25416
6643
15008
4404
18983
18052
23157
15732
42
22826
25358
17004
21116
46
15748
10464
9182
24482
15822
19782
3948
19155
3613
7154
10935
16957
9455
23156
22928
13652
22142
13512
6034
10203
7367
22426
10767
25741
26613
11003
21299
11783
6128
9018
10092
2699
10336
22038
3614
18688
17382
8619
1837
18295
1949
12139
11089
4484
19723
15888
26172
11718
91
21111
18667
24666
5348
11251
5448
8983
23236
18037
6928
24856
4305
8772
3853
13515
14059
802
22811
10703
9388
16996
21504
6220
23121
16107
6164
11108
2521
7473
8454
20213
14150
13611
17074
16829
25516
16884
25623
24184
1857
20394
21917
11235
4247
13509
18790
12344
25225
17633
16065
3525
18272
2683
1604
25340
5993
11487
5439
22290
13264
23528
21474
16740
18573
569
21522
18812
25365
9102
8410
18045
5336
25236
14604
11476
26351
18938
2693
5195
7094
13241
12171
11469
26123
5090
18050
1750
4330
8739
12901
26253
4515
23049
15066
26151
26248
17164
20803
8408
23197
16985
1779
10706
23082
9377
2660
23932
24964
23040
9659
14610
22630
12202
4523
1032
23183
16846
17075
22322
2774
11106
11264
22641
23286
22862
10309
11005
9249
11364
19781
16778
2697
6187
26012
15705
4545
7652
11717
22496
19536
9918
23930
11542
24088
21054
17409
17483
7962
7299
20812
12502
23964
19474
13374
21401
17007
11567
22525
9682
3965
25390
11506
4183
10195
25764
13328
20613
535
10217
2658
18728
16004
12682
7817
14706
11256
21991
23273
25795
25581
9194
12430
20257
11699
14739
6195
20835
18774
599
9781
21271
9739
12906
26222
2511
3917
21491
15489
22206
3027
11798
5237
11817
9125
20364
22850
24643
7157
12116
17380
2799
10946
20201
2270
37
20352
1706
2593
11000
23047
423
725
23262
26198
9090
21186
6669
25634
11752
10630
19126
11063
16247
20328
15605
7683
25304
17386
15718
22372
23291
11776
13280
18428
21518
11987
2064
22568
12503
1708
18918
23517
19067
25472
23255
24315
23370
9797
9751
22096
13025
19335
10979
8177
13482
18093
14137
17761
10830
19731
5436
11082
8166
19292
21640
21376
21782
5020
19427
23415
17498
22990
8002
22538
22422
7826
13791
24255
18433
9300
3910
12732
25650
23300
21958
16614
5898
5339
7093
25995
11472
5958
21666
15525
19060
134
12205
15709
21738
19644
7754
11500
15533
16823
5238
15859
3466
18094
16125
21515
22437
26474
14160
20391
709
12610
13300
17095
15497
9672
23544
9733
18696
21509
12190
25487
16819
21896
23999
7075
10533
4053
11475
10137
15072
10991
14640
14777
12897
21749
8028
7522
20244
7656
19724
12578
15943
7970
23243
12303
4694
22685
18844
21787
4390
21314
18535
25579
15949
17123
4677
13315
16180
3474
12664
25510
16774
18847
16765
18496
7959
7538
26270
25122
20760
22667
3624
4879
10748
10418
374
577
6150
19835
9737
6127
18489
8498
14856
20008
22340
9259
9766
10456
15691
13983
3048
2281
2910
2745
23066
11105
8728
3865
21486
19477
22964
11825
1836
26007
18849
1937
12238
21382
415
4214
7637
2990
20077
22109
8958
16477
24372
25398
1097
26610
13999
6501
22043
17101
1434
24558
16200
6493
25708
5622
23348
10789
17821
23080
13002
10713
22677
16111
17904
24270
8059
15466
11113
4494
115
18666
26589
4332
16854
23129
13827
1157
4227
19646
22297
26495
19260
8786
23461
22560
15527
18075
11100
12968
24378
13148
9653
10854
11380
16773
1111
15796
452
5916
26621
10204
6927
4819
16593
19780
26267
13563
23501
5926
1037
23025
23201
25763
18215
20597
827
13136
23520
7523
25091
7115
7282
15872
25819
24529
13060
10750
5808
5859
1834
3944
5962
13944
14571
24535
20000
12576
8481
4425
13648
12140
2005
21947
25507
2841
2999
7471
19381
9216
7739
2063
18991
14891
8238
6969
5351
11074
9317
23308
17064
22767
324
24596
23686
18611
4542
1669
10377
19185
24678
14807
18213
4885
171
21428
26412
14114
2306
17370
8465
20866
1159
6404
14331
14375
22865
5045
2010
19146
13278
11018
13977
18388
24828
24712
9397
2587
6992
17980
4230
12493
8346
25552
16190
1866
1798
16726
8439
21297
24217
6543
7588
10989
24622
22052
24379
389
18434
16613
9288
14839
2022
18443
24534
17206
17156
20728
19530
5354
4480
986
18727
14147
13036
23056
17896
8936
9736
12686
5956
21765
1067
23690
22873
14849
12037
6488
25354
11024
6031
25651
6529
14243
23695
25938
6617
6487
21394
24131
17541
21226
7673
263
18486
13901
25543
18464
23416
6998
22308
329
8369
22286
20393
5283
13141
14561
6445
9830
16642
9278
9380
11243
12411
8511
6625
8807
12272
9359
17732
25329
16201
5802
2301
2642
5896
13228
21497
8478
22943
16936
26612
8168
23192
570
15628
3008
18906
17528
26107
9671
808
1704
3421
15982
20797
4285
19131
19469
22519
17127
3849
15835
17903
16748
23521
9651
17698
21608
7696
13332
17120
10412
11315
24291
22209
7366
8263
23376
19379
20281
18539
1887
22053
13038
14667
15486
19923
4680
24981
4563
6148
25243
18514
11955
9683
21763
14028
13089
9882
23426
2784
6133
21794
15677
10740
8229
1316
26493
16569
1256
20234
9570
20758
14263
13162
19226
20327
1309
10375
19596
21144
13131
21162
18438
23710
8225
20708
1484
14397
22005
5311
22093
12993
4223
2645
11180
3901
20363
2395
24551
5814
12963
11409
10378
14889
18741
20267
19416
11045
17602
14230
25622
17461
6092
24690
8901
5890
21069
26138
9327
22517
20935
17963
25312
12468
5628
22124
1202
22770
11588
19531
19167
13013
26423
8069
6054
8220
22705
16810
21108
13966
15603
16144
24012
22869
8333
21068
15592
13576
17660
12484
25254
8163
26293
1730
13617
704
11169
7823
9402
21367
20404
11492
24321
8146
8615
23306
14396
6684
1135
16262
503
19480
12285
8113
7178
13869
23132
20448
1460
15669
16647
20885
11426
14074
23288
23317
23120
21070
12420
11794
22728
8770
2594
17815
22877
18652
10114
24085
6983
5079
18567
4785
15760
9769
22260
13800
24714
2110
3573
9162
11031
8376
19493
11398
14590
24170
2228
2938
18933
24070
21312
1551
6951
24532
1255
22365
20786
22780
15710
20661
25546
2726
18492
13173
12540
11869
2575
5078
1682
6429
4197
14609
11041
16518
19184
15582
7658
25744
9244
9779
11819
6444
9136
2725
23418
16367
21590
19176
18900
19119
1181
18080
17683
15918
4570
17964
10132
21209
12706
16809
24219
10842
24679
22575
1140
3628
12831
19559
1062
917
26179
17914
21205
2687
11693
3140
19586
2362
7830
7610
18765
20348
1711
5288
21653
21232
21911
1156
24667
20079
23937
11754
19475
4741
16595
4682
5048
7646
18333
15528
24742
6627
9630
5620
12711
24993
7412
12567
2073
15600
23916
24189
1281
17929
13056
21660
21196
21717
17469
10038
11051
3860
4439
6176
20595
21393
16743
22614
12396
12541
7269
16080
12520
6085
8158
14076
7119
22351
9319
3693
18032
2980
16890
11195
12153
1217
20785
20190
19205
22758
14841
20350
14719
24500
9885
19074
21974
12551
16005
16229
20643
24652
21325
24134
13555
10699
21615
25360
12669
12387
7297
19106
13059
9361
2383
11501
2025
15542
12234
18853
19803
7801
11429
4279
249
17041
9088
5442
25917
19766
15839
23022
2702
6995
18564
2357
25948
7622
26082
23088
10180
1289
18726
4475
17886
15928
22984
9037
17088
1000
17152
1638
21246
12067
24377
3469
283
14560
21293
4180
6918
12564
20697
25626
2888
20709
10448
17711
21815
3939
1132
4787
16097
22423
26487
5204
25483
7002
409
16725
15554
5800
8831
23323
7497
58
1173
19786
14300
1322
7608
12107
5312
20306
2612
16730
17221
5350
3191
10717
11745
6612
8061
18816
12525
24888
356
2865
15698
2825
12361
3169
17440
11490
7651
17378
20910
12130
16606
25812
8181
6117
17400
21727
14703
9437
24721
20279
22989
8514
13163
20641
18863
9689
13539
10374
9419
2018
21889
22754
3501
14596
21134
19466
13872
5424
16558
5815
20612
2332
5344
15860
12524
26158
23160
12539
25452
17515
17756
23586
13608
2729
24109
22472
13520
313
6114
23267
20199
17608
8268
19561
12210
3708
5864
21075
20266
19361
20336
2558
18560
21380
20588
24985
6000
7620
20343
198
18805
10129
14880
14574
22003
1121
3657
25297
18479
16268
22409
14242
2406
13360
19938
6491
9171
7961
20830
22248
23141
6552
22600
22934
17372
276
10117
1536
13369
24615
25959
19729
8707
8055
19390
15518
7290
24744
18544
13634
3414
16536
19163
17662
19582
20071
9384
25220
16046
13967
22263
8223
22580
4352
2108
7322
8340
13518
14364
25548
3163
13439
16290
16416
15538
18594
11734
22446
12026
18046
19638
2121
23053
18253
24357
18273
24994
12637
8687
24680
22773
10682
11165
163
2839
22002
11353
22246
12495
4166
16622
22116
2577
24505
13629
12472
8671
11107
5964
2802
2939
93
11465
11318
10478
17168
199
24019
24037
16995
20659
10437
25177
19072
22461
21249
11523
12523
7492
12826
13847
6549
7647
20593
15060
14334
14778
18056
17978
18869
820
5443
11270
21500
1192
345
24639
22242
12989
24655
10311
8881
4203
10945
22190
7686
4894
19564
20956
14685
19168
23263
2373
24224
13305
8883
22274
5156
16020
2771
778
4708
2569
6155
23294
17543
21091
23101
18361
11337
23316
6018
20893
17688
4725
25749
7690
19590
6991
2899
16659
8986
2407
13245
8799
18762
24650
13044
1786
14789
14339
2978
2809
6156
10731
17102
1700
17616
7038
7995
8076
5452
22215
15743
1443
1341
16093
18452
16762
13599
26036
12929
26143
11072
14063
4389
20765
12707
24178
7562
13196
23996
24967
10447
7596
14266
4274
18315
13297
4622
9172
20186
22436
9120
554
22048
24961
328
1203
16861
2931
19144
9752
23177
19079
4833
14638
26272
14797
17928
8383
5904
24089
18498
22542
746
7791
333
21800
3036
22299
1318
878
7820
25316
6516
9109
9767
14748
20755
9097
19097
8129
14570
25151
23119
7268
9782
16013
10758
6471
17972
7167
281
478
21370
1273
19258
14892
21714
15558
13032
26250
17416
872
12894
13658
18227
19811
20110
5167
446
20937
24937
8811
19110
25521
4235
16215
17864
6131
19939
2527
22258
14550
26022
10333
26098
21667
23351
7723
21225
6479
25419
25823
18770
10605
16607
20197
13820
4477
20072
25228
16470
13925
16643
17569
23222
8363
15495
4745
13807
15604
10430
1869
9135
2540
15897
15746
18532
12650
22816
13976
13327
5333
10493
13923
17923
17876
4309
21115
17686
22499
3546
8672
14153
13596
25802
20741
2758
26074
918
12032
24617
2170
2955
23333
7406
15499
9072
2700
4186
16397
11582
20226
4855
24160
8827
15734
11999
21890
11721
5819
2963
8190
19357
21711
7508
22582
11507
24242
13499
2664
7011
6996
1035
21880
13504
4415
11972
8390
7307
10409
2562
24646
1556
14419
3702
3520
10942
565
23229
22342
16218
20373
4861
14049
9622
9866
10739
13375
4406
15802
8808
22734
114
22513
318
12093
24730
13035
4292
26103
9867
4678
24694
996
19317
809
7379
8062
239
24124
7488
2519
11763
23907
24687
16794
15543
14271
12911
7655
3656
21315
4438
24547
2597
19800
40
25697
12501
24237
26486
17154
21898
18419
1590
2537
130
4512
7736
17558
14279
1845
23077
21704
16906
24187
6474
4747
10721
14365
21184
2921
21938
21080
22623
14159
13502
13498
18712
18672
25370
24498
26508
15887
6041
26277
7735
21679
2016
16973
16552
19517
10791
16542
25601
2305
4229
8434
13387
24941
5973
22606
16732
22616
2341
5171
66
12554
7395
8367
8959
23526
4255
751
24537
7045
18782
13275
26290
25383
1986
16176
12349
9811
16640
17955
5291
22587
25155
6974
12462
23457
8236
8444
20955
3889
21284
1892
21798
9030
26168
2734
5423
3931
21441
7382
17170
7708
15721
4317
14298
1674
13536
10672
9115
16329
22466
9680
3502
12075
7966
18971
18942
4478
16796
2576
15999
5986
16094
10086
7041
3503
21057
5046
9026
12024
10691
16739
24492
25645
4817
537
13490
19277
21170
26411
20710
2045
24094
24375
18931
19401
6959
21219
13558
22095
9859
1346
7513
127
18750
18109
19360
22931
18701
13210
11535
13941
24264
24800
12532
9186
19137
5407
5300
15048
7827
25212
25445
1637
1978
10775
23168
17780
22846
20285
8060
733
19767
15054
22394
9635
25775
8818
24226
3884
18710
21061
4216
15006
7635
13969
9360
11786
24285
19558
19057
25806
3932
22777
22539
25162
13335
23202
10
5315
21362
22751
19161
12562
2973
16522
9862
6484
137
25188
18904
23485
7797
11009
2861
6158
3139
1819
1165
25098
9193
25981
1293
9024
21262
22772
22408
20442
5092
19828
25619
7212
19253
9637
18077
11797
13945
9818
6571
8924
12900
24872
13373
14602
10126
23381
26201
7144
23287
11327
21298
9943
22503
1331
11810
22840
23103
17476
2796
23936
13483
11858
1291
15914
12389
22359
18
1897
22312
21396
2586
3639
12644
18110
2164
1191
9226
26480
13572
6526
2997
19755
1972
18629
19545
1326
20822
21613
16561
23282
22663
6925
1300
22452
5226
15965
796
22845
7952
11552
6138
3507
15827
5266
12419
16907
16389
210
7126
14808
144
2307
22470
23107
9814
20221
15576
6411
23237
22818
14103
21185
9190
21450
22534
914
12719
22849
23700
11736
7296
24048
14735
17753
9285
19150
26294
14985
5991
8279
11274
17028
17893
22435
9674
18985
338
4691
14578
6042
6454
214
21821
24507
10331
1587
2695
18640
13529
14178
25992
18334
24675
9158
7190
2007
25441
26194
21403
10530
24024
16959
7197
20109
15772
15045
18777
16008
6160
9191
5006
21211
24528
17865
23015
10452
9433
8897
544
13223
17949
15714
20872
2807
16280
4201
25538
20408
1479
4476
26164
7805
8719
24882
25460
24662
5271
16315
7397
3168
24078
26595
26618
11816
25439
16260
19266
1073
15534
20781
10534
7974
24279
6574
24307
5340
16388
2711
4396
22574
16988
21899
5225
25186
16544
14066
6232
25527
798
7097
16971
23972
2977
9036
11007
3023
24269
20299
13931
11408
7037
18569
1856
8180
16322
6523
7127
14188
15529
8941
12535
4789
16791
2522
24050
9702
20103
25958
10837
23908
22718
754
12922
22113
865
7112
18234
5626
11271
24644
5056
8665
12201
3897
5927
6194
4587
1178
20862
6611
2172
23329
435
23207
6481
1988
14557
22149
13026
7457
12412
11977
15611
14296
25616
20769
8708
6586
1210
15893
14166
1785
8381
23490
8813
10828
9009
24579
18339
14664
23172
20326
25660
13597
3935
7515
24524
1254
3455
16334
16899
16608
16228
20964
7990
22957
22752
23298
8968
5261
21364
25334
3647
11550
16481
26264
6655
13559
7151
18684
6608
1253
13109
5987
21906
17625
16952
5193
10467
15039
9356
7551
8253
16556
6116
14418
11388
8371
1615
7158
8939
6045
1266
16295
4599
22965
8070
3538
22013
15962
24665
12191
24003
19107
2020
24594
22946
13079
5187
12271
19109
13470
1262
9457
24209
1142
19629
4288
17866
24490
22704
12391
3454
9013
18518
10955
15545
3545
25428
6403
16041
21983
14031
7439
9915
6043
23705
3544
24499
21937
15023
18211
4565
17482
7531
13434
23489
13006
25140
21291
25495
6676
5843
9348
21641
9149
11248
470
2964
18316
9832
13433
26591
7546
7208
6144
806
7796
20918
28
11140
15498
7451
23374
12473
12169
25415
22382
1702
4169
18051
4254
16929
14355
18748
19132
4220
5030
3689
11284
20859
538
18245
12253
10714
15813
4775
6169
18981
11142
17532
8486
4621
551
12220
14542
10815
7325
1932
7030
188
14618
24974
12372
21914
4728
8258
1873
9201
10139
22527
2761
21097
11208
21044
13920
1222
410
16539
22671
5824
25117
25116
16393
2779
17747
13323
1332
16198
18072
3453
1812
22896
10642
22488
6234
26073
6162
242
3714
24852
6590
14556
5364
10940
1078
13086
13628
3876
12080
21614
23234
1579
11002
26088
24034
22065
21684
12094
9776
19376
2958
13991
9676
926
16118
10119
21259
540
2816
17881
16963
2229
15946
22779
18992
938
3615
1605
11428
22812
18809
16014
8751
15658
18972
21248
20367
13440
26404
17635
8120
23411
2035
18835
899
6011
3138
21818
2668
14288
19798
24585
17925
21242
24156
24618
22471
19832
24563
3629
1695
22713
8314
12021
19238
8918
7013
25377
15697
14010
3867
16424
1029
3018
21962
25178
1139
17731
4589
22133
1138
20069
16928
16141
9187
16733
18382
13208
25597
24236
14668
5337
21604
25359
19382
10654
7700
10128
16088
20600
18103
21035
21494
9105
10324
13618
1859
8044
8457
18073
25321
10472
13358
25145
18677
17434
11757
4539
21690
6980
6427
4588
22690
23379
15978
17884
14874
436
1942
15757
20203
10340
12095
7405
24956
12700
17021
8623
19341
26023
873
23264
20668
10079
14006
49
16898
8917
11766
3035
12126
20924
22081
2961
23311
12561
18301
25780
22344
8256
15575
20105
14613
22997
1663
16371
21830
2266
15997
4549
20003
18432
8795
10153
12829
7058
10142
349
22075
24577
19199
2684
4718
13873
5218
5335
22783
10645
24111
25399
21347
20594
22317
15634
9179
3685
17023
10936
3438
18940
20939
2765
25733
20325
9863
5936
24064
18053
5645
6987
9320
2911
19485
8952
16288
2249
9777
26229
14860
24946
23248
10658
15622
22544
7957
13238
13657
7176
6592
11055
18468
228
3898
15973
12161
24860
22270
16263
19338
7254
21305
14595
35
278
18444
20332
2703
11581
24953
2256
6469
20139
5206
17640
10102
7778
10341
220
71
6496
20966
11915
23034
1671
20431
21812
22676
3164
2387
21819
2297
4306
14305
8935
19537
2241
22882
24323
22839
24588
8419
26068
7670
143
13130
17587
928
17134
8313
1112
8621
18716
1310
20775
3135
22092
18505
8810
15937
1483
12157
22296
4461
7777
25313
15886
12231
19331
16043
21207
13876
2051
466
23062
15750
20651
22725
11590
583
3006
11023
9042
15868
846
26350
19384
8011
24182
17173
23281
15723
13834
10438
1594
16735
25595
8766
1650
20695
11573
7806
6461
18389
15954
26479
12028
23203
23382
25939
2124
9699
21703
20648
19320
9248
14342
13993
18735
23693
2342
1086
6533
24621
1901
18484
5013
7072
14621
9938
8389
7868
12221
2609
8042
10684
3039
20179
17213
3844
5937
11723
1891
17517
3904
18255
3129
17109
24293
22971
12278
17701
21405
10771
3958
6140
8688
9625
224
17000
15952
11801
1248
8173
14412
5075
14757
9805
1239
23451
13651
7977
14233
4193
4586
13383
11260
14643
19145
19115
11852
6633
1337
18262
5302
12485
19436
7400
15851
16087
22659
1997
2516
1176
25456
19413
4323
18837
3630
19377
11692
731
20819
20782
12401
22289
1840
13326
2752
1826
3597
22419
4300
11554
22390
8428
11340
19152
1558
9339
24204
25609
17836
20075
7617
8145
18044
1982
1780
3697
26512
12279
17130
9023
22418
20122
22362
24305
10620
3017
21827
25550
24881
12961
3940
7304
26109
10209
257
11945
10690
11437
9839
20174
9555
7450
18591
2291
19788
5829
24610
23337
9366
17193
2749
22392
17425
15779
16270
16549
5797
180
1731
1617
10662
19621
4289
2855
16019
2604
6209
7472
19173
1454
20816
12302
1160
8914
22586
19505
4177
8316
9126
1833
12931
22627
22035
16241
13763
18650
7759
11863
18736
17496
11134
2627
9873
25767
9881
13028
22593
20596
25807
21448
8729
23495
5221
19095
13801
26255
23122
10498
9642
12465
19230
20276
13122
20766
23020
12443
16217
4347
5329
3721
2935
3141
22112
20942
8133
1466
24007
6551
23278
7779
17615
11302
2556
10673
3843
16527
5447
21086
23511
3533
16839
19086
9287
6233
2532
13549
7809
13154
19386
13132
24342
16601
24723
123
22459
12251
1793
24271
3640
14313
14630
26195
26120
26522
72
1821
10184
26422
13613
11522
75
11877
14338
11157
2665
14728
23233
24146
17027
9265
10671
21601
9076
21236
17557
720
20602
22942
18238
18089
20275
13149
24266
16214
24206
6545
13041
3919
10769
19181
18902
24640
16965
6578
1588
18572
24153
17642
24053
7295
12354
25927
24286
1623
20693
4564
22913
25719
16079
20074
24262
13313
4228
23439
2262
14141
25760
24977
13114
18232
14132
13285
10517
861
20214
10602
877
26147
12133
23123
23035
575
18360
25703
17180
3892
9657
19363
6922
4412
9941
20808
19645
8179
26498
14177
16358
21835
25704
853
15936
9257
16415
15065
20231
13803
7662
3126
14301
24792
26400
2706
14771
2838
3877
6129
5794
5277
17718
76
24350
10486
22916
24830
26055
22222
24710
16806
2756
5840
20929
10711
1079
12649
9333
7243
841
8603
9923
8317
3029
2698
23701
8447
6423
18566
21466
20233
4319
24877
17477
21160
16122
23100
8993
5324
26242
25686
7834
22591
24162
17136
19925
24340
9644
24550
12308
1806
424
14284
19394
14581
12383
21998
23117
22284
1613
201
8379
24672
25695
9305
7337
22143
18737
12304
19512
3593
3891
19481
14239
10626
18374
16632
13027
1208
21198
8213
24290
21344
18587
20686
14123
5323
1644
260
17921
5253
8024
6954
2793
8331
20254
18761
3918
10743
14854
11017
4585
10760
22788
18598
10386
9148
10755
24360
21352
18540
1048
17019
16414
3047
8119
25446
15793
13097
11013
14393
6665
15766
2353
13221
14251
16077
12426
1751
13501
12507
1975
13946
19990
16450
13635
20645
6010
799
10600
22720
1555
25560
8435
23488
2539
19595
898
22347
15547
11989
18584
23922
26159
279
24330
9144
2630
24695
4551
21447
7099
9214
26254
21664
13283
7381
23942
22545
23048
24113
15756
13989
4705
19392
22578
16162
23676
13051
25467
9044
16891
7436
19061
13503
11759
22789
20428
23290
12705
9748
9277
21730
18781
9082
16412
1286
23997
9865
17945
5957
11020
14162
17967
11806
1335
12646
15894
15618
21825
19426
22880
5427
4743
8407
19456
23268
7666
1280
10428
8887
16128
14987
11739
20752
7380
2727
18214
23984
2732
14373
17754
13988
4507
24948
26295
16602
