3412
6184
11385
14253
5948
7566
17745
19924
14591
11696
19094
21669
1237
791
10395
2585
7142
16775
25242
3845
11671
12288
22407
26187
146
19231
5950
9803
18604
5928
3954
1542
1182
14094
5952
5331
15002
10314
21083
757
6122
24231
23140
2548
22828
16910
22645
14805
23990
12596
16674
22929
24317
21680
2582
17133
18804
12148
6510
2028
8003
3160
15770
18951
89
18065
9404
17140
9016
21809
2350
18859
13958
3922
6047
24129
13231
8205
15633
26326
20931
989
24135
25979
3839
13053
553
24583
16208
7244
1126
18585
205
13610
26114
4997
24295
26141
1574
24244
2378
8185
24980
20007
5321
8043
23433
20790
9412
24196
8203
24066
17869
19793
10631
9838
22318
22999
17534
22376
9340
9306
13910
5907
8360
12853
25141
8210
17036
23599
5863
22817
24808
11355
7574
17038
11686
10984
7580
17827
23673
5065
6418
5646
1319
22212
18620
20450
1825
17739
16098
19209
16588
2021
21290
2122
10420
15801
20175
21944
8833
26051
22288
10436
4520
6238
19495
13836
16615
24026
20402
24720
10439
16531
4578
21334
1054
16360
1802
2574
13535
25576
7589
10607
781
11092
19127
21060
5969
26258
13654
11362
10186
19066
18808
706
18693
24331
542
6149
8673
12611
11751
3952
16863
7469
2686
17577
4179
22509
1118
916
13344
343
20235
5954
11460
10151
22431
22378
11519
10082
6514
12518
221
16893
10205
16811
19254
24890
20251
19305
18588
14111
21797
25778
7086
19792
11871
18497
7317
19444
17069
8971
23989
7399
16872
12382
19540
15696
14273
6485
11056
13042
3602
9399
22837
14786
699
15619
23480
7955
20719
4355
24539
15657
18398
23512
14079
18681
9221
22262
453
11123
12003
9139
23697
14816
9560
25488
13534
2263
3598
11050
12200
6604
11312
24616
18925
16147
9628
18830
7611
4788
18757
23369
13012
19428
8674
19511
1544
9041
14185
7104
15737
6602
229
19409
7109
5433
8998
24825
4386
368
2608
7365
2109
17665
14316
14995
2738
13468
20636
16856
20961
17487
14978
12046
19114
743
16667
26076
2029
10716
16799
23138
1799
24326
4246
1841
23518
4242
19433
4266
4399
2514
24099
19078
21939
13947
25203
3475
5979
18798
10794
4357
7323
16905
13812
23289
16320
22266
18275
15509
2901
17916
24664
23681
19234
16076
23254
18831
4763
6401
14798
11961
4263
23536
2643
3649
16112
20224
13371
6173
14276
11814
19633
12197
21322
19307
19525
6515
4283
8823
6057
8335
4595
5451
5893
15913
8837
6171
15803
9151
13888
7432
14645
6618
17588
8442
5393
20067
12530
20176
20164
13481
849
5830
9224
6473
23240
14029
21595
4487
3151
21790
22455
16028
11946
23083
6508
24697
19256
26165
26177
1673
17861
11272
9639
24724
11311
18400
14750
8406
10191
21693
19200
7423
8783
11512
21283
2903
10074
21392
17650
24735
3011
11287
13990
921
20268
24979
16860
9893
6175
24491
26171
7363
3621
25564
13644
9100
1621
3145
397
18266
2720
2579
20004
9735
23163
13256
25118
14650
15692
18261
696
24620
21498
24873
21402
3631
20748
19082
16410
22987
21575
7434
7518
7517
22642
20376
16086
14977
21094
26094
774
13011
1822
24115
25677
13067
2781
18927
13258
23929
17579
172
17961
25588
24308
12712
22550
23472
10469
10833
20
16825
9323
12915
17582
15564
18578
17531
17079
17999
11161
22451
22631
15505
2068
22526
11970
19325
7114
25112
22615
919
25385
1119
14546
14658
7603
14146
17717
194
7021
7532
8409
20239
24681
13304
21968
18545
1446
1883
14617
2637
9802
6126
24671
12287
9309
20237
8961
2345
23462
16577
19385
10954
20083
23402
6489
22305
11059
2115
19276
13311
1931
11666
25821
10316
17533
20933
15476
25746
6168
2050
11445
20916
24996
10763
1212
10841
14605
504
18454
14763
5217
8332
7424
16520
24559
15562
22405
694
12321
12667
7855
84
4350
2932
6932
726
7848
16134
16603
1069
14231
4426
4752
16857
22561
14308
19542
10415
7066
23445
24543
20309
8468
12528
12355
6204
9601
16798
23016
3493
25120
21340
25192
10516
12057
18358
1646
18868
3434
13797
17922
12368
4889
18290
17724
23364
13571
20349
16380
19992
20297
7280
10932
22948
2670
12051
17692
12570
24743
2520
1330
8449
3650
11515
8452
10657
18010
23505
3662
8252
3443
25728
2672
4226
15728
24705
17621
11228
23960
12041
3878
19187
15574
2234
10969
21757
10449
26163
1269
25976
6945
6631
7706
3572
21627
850
22937
22998
23042
17913
21774
13139
11239
3564
18634
4612
24148
5810
15864
12132
18888
23001
11827
2296
2828
4237
20331
24234
7592
19192
24112
9749
22973
24336
24955
9393
20112
22986
7792
16354
24708
12077
19329
25421
20751
13565
25234
12720
17950
5313
23181
6630
13960
1939
14391
18896
4424
6419
17111
20274
14377
22121
6177
18118
2914
23226
430
3519
755
24161
23954
4499
22203
10111
10392
1571
1218
10413
5894
1008
21247
19562
12029
14385
13386
8611
26193
12117
22724
20361
9452
14759
8380
14783
26338
2208
2690
14187
24531
2557
18987
16183
17773
20406
7703
7207
5007
1851
8910
19762
1862
11876
15506
10084
11822
9180
1811
18669
17563
19515
4730
25459
19454
9887
16581
20646
10823
8730
5931
24799
16384
8160
2724
2906
15016
18635
20386
26333
4397
17030
11316
2862
22765
17580
14894
16989
9435
17654
22548
7084
9283
23992
20598
23126
10811
19236
21754
8913
9817
5455
2589
25739
11076
6509
18967
21894
22391
16001
4685
22912
26185
1469
9027
4854
3888
15833
10506
7085
2321
3447
4757
7563
2743
21204
24827
6546
16459
590
22576
20310
1478
23130
20312
19722
12957
24205
21971
16793
547
8616
3487
16648
15906
21323
4749
8896
5185
3856
20889
420
22581
1794
13190
18460
23013
26112
7996
12237
4337
11682
22889
9263
8169
5965
22759
3136
25418
24040
2302
6146
9792
24717
11305
26503
20342
22564
25963
22665
6059
11765
1186
1967
10107
23112
21519
9163
16476
14134
21720
22824
14648
21829
20928
12226
7502
8430
15762
19750
8255
12178
16691
13329
6181
17096
25466
26113
10076
14414
20137
4164
18773
19920
9218
18850
13521
20704
8090
7632
17210
12659
5621
18841
1193
5796
24194
16982
11324
13037
1034
11743
8343
15061
12316
11461
13216
6134
1546
15526
12409
4767
11560
13372
13769
5832
23205
19308
1535
7183
4260
24713
22764
12305
12042
19578
8382
19494
13233
24557
10123
5801
13497
23338
7745
10759
12402
20875
8779
25217
19726
16771
3446
16188
595
17645
3165
9033
15552
2649
24633
12284
18038
10146
18958
23696
12061
8273
17781
5252
5611
13116
21791
2344
22230
21078
19617
23981
16525
7464
19569
12073
753
13527
14855
3595
14722
12239
26633
20667
797
9844
25593
16387
1343
23537
4338
22221
11942
23005
13029
13821
2822
17374
10611
18747
5980
23585
23009
13213
12699
3505
11695
14170
10777
25766
8005
18455
5888
10059
9406
6174
25978
19
8030
2277
12451
10183
7022
8261
12429
803
16311
131
11773
22353
2363
23473
12662
8272
16573
23125
15875
18659
21300
6607
5375
9019
13831
3050
21385
24612
13792
25500
13770
9081
14017
10850
18217
13435
12453
7782
16897
8001
21168
2622
13457
19250
16638
14704
22927
1541
13153
6115
21924
6132
13194
21795
8622
25808
2879
18901
1946
8324
2215
2629
18488
15795
20680
1327
12655
21462
543
16845
4405
4200
4188
8798
3020
20341
10054
17977
24223
1534
17435
348
14411
20170
16021
13399
13257
22346
19311
2688
25450
14180
7140
21109
3881
5880
17643
9690
15615
8508
8978
11121
24567
8404
24268
33
784
775
6040
22863
18348
10754
4437
18405
8329
11803
6205
21953
5230
21984
19404
6416
2243
4508
6082
14535
7216
19281
17535
16025
7623
10335
14584
61
6044
8339
1221
21421
11246
17368
24493
10381
16827
1601
18637
2722
22654
18081
4530
13062
17167
24663
21492
19799
9231
17998
21343
9849
25413
24228
1935
6923
7402
23965
21483
1357
19218
17636
21959
2289
22371
2057
22796
3920
9925
16363
19431
16009
2737
3040
21132
23235
12390
17505
13594
7790
18961
13761
7159
26608
18557
18638
22323
22040
8705
21135
22326
18516
19179
26517
11760
16586
19654
19519
24538
6015
13487
11738
9685
17944
24294
3431
6103
22252
21237
20809
22244
3666
18483
19257
25730
15840
7129
4249
20443
10951
4175
152
25146
17648
22870
5276
19350
20330
19085
9584
16582
11448
17627
22885
4269
2996
17668
24180
16564
4704
6953
21175
19054
13578
19378
15945
998
18894
202
13472
1050
3508
6978
20207
7177
7310
9853
26035
24051
331
13133
16350
16275
15895
212
4392
17831
1689
19221
26524
771
6172
10970
783
26592
21243
1557
9438
24309
16235
7839
782
23238
25826
15539
2786
9723
16886
10175
19622
9786
7345
21646
3663
4218
25343
19502
16686
18633
13207
13826
4360
25772
5925
3162
23151
6981
18225
16166
21454
12050
8053
20188
18354
3428
17669
25499
22795
6231
22579
21814
26213
22573
17012
9771
25139
17092
5211
19279
14895
2361
13380
13776
10512
10800
5374
15745
14283
25479
23706
8937
7577
19157
8397
2544
25305
24548
23606
26081
6622
21779
24300
22261
23212
25987
10518
16914
16925
13046
9553
810
13379
21811
24700
12573
15629
6632
245
11357
20395
22456
10695
6949
26105
24806
18877
8344
8425
9338
4875
8015
476
17216
22975
11575
22763
19270
19922
8250
13145
7567
23678
11976
3468
18500
26108
16284
21292
15033
23196
1288
17453
13166
3460
23928
327
1056
16060
3895
20913
11297
21921
12262
3885
17188
9270
14057
17466
22019
16024
23607
4299
8111
20860
1747
16256
26519
19577
15591
21736
24653
26056
22908
14837
26080
21384
17766
15583
6016
13802
15587
24608
209
25241
24090
8996
8950
12529
22761
23027
1893
842
13586
24220
16327
26156
21729
20700
24248
19942
18350
12422
7803
1198
1162
2970
1993
14067
1445
25791
1880
19807
4748
26230
18383
7628
26095
24614
10179
9293
7816
12634
11749
25706
1877
401
3524
20634
26332
10819
8920
26513
10310
14644
25562
16882
18216
20366
13092
11265
18047
22883
8764
3882
5157
17736
9727
19364
2276
15631
22669
22315
7025
5417
11054
6075
26287
22012
25669
23449
14085
22815
1691
17155
1169
23184
21047
25327
9012
9352
1753
2231
21479
2854
14062
18949
21076
25652
19745
26053
25331
9000
2584
23590
17755
17863
17975
17377
19091
16972
15794
21503
12898
25320
9763
11338
15722
2998
11939
23302
16797
14608
17779
7355
24354
9043
22148
24669
823
12312
23993
7514
21146
5976
5170
10187
21925
225
7750
16685
6609
13779
14363
1874
14096
16853
5851
15787
13169
11269
23071
25520
14747
18977
9775
11313
2777
12702
16896
16148
5967
10152
3696
15992
566
20817
21411
3489
25592
15866
17126
19323
20178
22680
17837
18617
24659
2542
21728
