48114
33715
71687
283
31023
53008
93003
42477
47666
70801
46357
49053
37007
69305
47403
85634
83078
18204
72198
89325
64909
445
47791
36984
57770
59421
9444
16673
89551
4298
79993
66600
3643
56011
35768
4540
56405
31909
73867
17029
60978
28945
17498
75169
21859
58065
43435
83112
63525
36195
51666
93496
11031
86743
68592
62139
9335
73689
77436
34597
28994
27329
77494
32734
10252
75857
92621
15457
21245
64620
16250
82968
44328
81194
20852
52724
75676
66127
12636
31114
81312
67350
49288
25282
21450
95749
48776
36418
83755
90588
46637
90417
7690
82960
13465
54448
26219
30111
7126
38100
6346
32921
39601
42726
17326
43188
19598
16689
40813
54418
7887
16492
34616
79693
16715
6415
34340
17087
50726
39961
10826
83177
8002
83545
43658
42536
18512
34211
82642
44468
28873
81794
54427
34459
82279
71188
41046
38509
94096
47246
24575
96401
29001
34939
84469
51660
86871
85965
33258
92768
45314
8974
71572
90273
46677
31063
75094
59090
21651
25287
23608
31104
20640
17536
76702
63317
57890
52597
35592
50608
46801
52293
81019
90758
46186
67768
37152
89586
24179
83928
34212
46028
91831
9711
13848
62598
48747
28792
72995
74842
53868
43450
88816
74
80509
87777
10949
65638
59762
63703
82268
74438
60786
6332
16237
35155
1894
5576
51346
40829
2732
57722
62579
12876
27806
55586
87340
3162
9535
48329
60246
80997
61440
27967
12412
87587
58752
70204
20636
79817
52053
38510
79764
98019
38710
37110
26784
43487
64076
10579
87526
55273
93649
16919
77294
12334
3613
45229
86266
86751
70213
3055
96742
79724
52371
26714
86313
57122
8300
33801
10546
22889
10498
3734
82613
784
23003
38616
70110
53348
78519
41608
97770
18029
76335
51803
406
96693
52380
73500
15459
72096
29833
47766
95729
36860
59354
73132
69294
60263
49794
7064
51887
88584
23082
7986
83414
86627
45170
393
45465
24765
65887
92572
7864
11243
8832
5261
46358
43637
39360
42161
88429
76236
83783
89618
39221
13975
54795
24117
70830
64990
21846
95809
31356
10993
68795
44956
93125
74903
3134
67093
30786
24584
90084
66469
24142
33605
81827
26660
15429
87065
13218
18993
36966
7501
14356
66385
36963
90185
9458
44932
57052
96042
796
13927
87381
9770
52767
34744
41444
43481
1391
21341
83335
44879
18065
57517
56534
44733
19813
48638
59887
15105
60830
13351
60199
68451
45879
62825
56317
38162
82974
38649
60965
57308
15531
25668
32016
97594
27168
25968
69076
53473
16085
21261
46139
14945
25150
31347
81228
4374
93082
11687
5694
24484
87953
72048
25938
55882
23346
76728
39153
93111
74128
65724
8766
78353
64980
14871
8972
7451
27368
63410
62097
1551
26438
93718
77735
73072
76358
4161
52058
66183
54986
27409
7189
42125
7622
80695
7279
90374
61588
73942
14631
3153
95237
29790
67391
97440
97151
82081
11418
14044
80819
90798
37112
72741
38125
76930
71462
71547
90607
37402
69029
54230
77123
73901
46462
2972
30847
75451
16256
60685
73127
19190
72965
24948
5599
27505
81751
18119
72744
87617
52487
2493
55196
70752
7588
48543
55021
64716
24358
24203
9986
84688
71546
18235
13804
52227
93800
21297
97342
63638
16903
66027
4740
46182
23512
72196
29918
55832
45610
17560
33427
31402
85008
85254
18224
55914
73258
41309
86437
68789
48521
68630
91499
51484
87068
73223
29933
57445
77222
25223
79714
126
55336
48973
55257
6909
61492
17215
54911
40567
85778
78702
4480
53080
59288
56629
44953
32688
8550
269
29045
83808
90772
43531
6930
36149
21933
72690
112
83870
43562
48493
6122
60012
82987
79820
37654
30716
7023
79112
51490
30143
36986
5870
58831
30985
90678
72144
75815
77066
11063
80292
14393
6975
10887
14866
6206
5900
26885
50577
79840
49884
98053
4330
25249
11923
10595
62315
71031
6169
81464
44584
18950
70762
52901
83570
76034
6773
18870
9287
51503
687
19515
36004
41474
39740
36882
89803
11818
15425
14489
39998
97830
83975
25147
86115
57623
65927
82345
49286
79390
34185
42099
38769
45110
63347
17769
5844
41522
2272
40704
25083
52160
64906
75560
31352
68770
18845
96288
19535
213
64247
11769
44223
30320
78751
84497
70413
75483
79628
47091
78484
5877
74352
19231
86407
66764
57640
2084
46662
66186
12894
82682
61771
90767
18832
98248
10435
84148
49630
75604
9721
7446
41310
37339
73580
25404
6026
70908
59132
96370
14587
85043
27070
24140
83827
74241
1900
3115
52347
10679
81365
35666
1799
74783
41012
71885
75939
61087
33826
39049
96331
2228
72712
6259
26501
4820
20308
48000
81753
53139
49007
9215
40742
70130
83422
21771
22745
84275
31453
40264
49223
64738
3229
84531
91094
27838
73276
77150
48369
24350
32115
27343
7070
893
46595
55710
91150
48486
29185
21000
6932
57217
41376
25075
39491
86947
90583
71291
25620
46692
7542
87594
53253
52460
89920
21923
24755
87483
70668
28338
37600
12570
40776
55438
90546
37012
44189
28199
93033
56783
65450
48791
76607
68089
20406
62011
9931
50622
93165
87808
48701
90170
58003
71604
9168
62200
49617
87385
8961
57448
5424
44797
63764
10503
55758
75979
52018
4031
28628
41509
43635
91193
49731
4801
82787
65729
72276
95991
59859
25549
58348
49069
9336
28711
95480
19952
50009
2612
31416
50019
31170
8601
28053
79958
1794
76114
5278
83375
66094
29286
51405
32379
33278
20942
56872
43225
33442
88583
3886
13259
92933
79396
5107
2527
46232
61555
90898
94912
19410
21427
33708
35847
86414
29740
91670
72496
70912
91627
91247
62511
94774
38859
71273
24752
77537
77103
59975
71808
13442
71406
87493
98173
57629
12943
75871
19392
73394
89234
60622
10981
67459
43389
22923
41946
210
86124
94363
19876
96299
48855
38717
16406
85041
53211
38852
72056
49164
69740
36920
63800
3299
20079
51056
18314
47787
36722
62881
68532
47107
4679
85070
1603
17905
30213
5761
90584
81320
96225
96333
47608
38350
31037
71532
38441
89894
15630
55602
37091
80809
2588
42030
68820
65160
38735
64369
7935
34948
40432
90169
45426
71465
45941
65867
52403
55541
78103
85364
13524
78398
31904
17077
23017
38885
61276
19334
93027
61670
34661
69299
31490
37142
61614
77060
23822
20300
77508
1614
91314
21382
56428
11386
50791
80318
94372
90036
47090
58653
55768
3870
1586
53739
84970
29216
17585
64594
5717
32979
58863
76690
58098
86766
94350
74727
42667
94480
80127
77585
30075
24782
47037
62516
68484
48717
86236
31321
86178
79184
53107
38520
47515
82758
14271
18342
18623
42802
54130
54466
78891
55309
841
27069
9947
67643
90796
33104
78868
54153
49592
15281
39942
75277
20710
34761
28487
54005
17279
84586
46248
92952
89685
16644
91982
68999
37377
32772
50190
44201
82812
77601
83863
44782
67169
58550
56818
60044
51748
20096
2789
21570
39229
5046
93964
4516
15561
98014
72046
84355
36789
11653
33704
19455
87912
93927
29582
95849
70424
95368
61851
62190
20956
59281
30294
20763
8302
44599
97726
10389
55246
69914
8325
82594
88952
81990
24799
74776
2765
91141
90712
80723
74858
10840
94675
25286
20709
88076
52973
28063
88593
58767
74743
87363
61637
12173
53541
16742
19886
82851
2950
72118
43862
31514
54747
38417
93687
7677
51358
94148
87605
83923
44569
12438
93683
64515
28135
62338
58568
29665
51736
32057
20492
84567
16373
43323
84989
61186
52699
62528
33749
177
95098
97450
1207
68285
52986
12949
57514
54663
89973
92966
67773
92323
25913
69042
54267
79302
19369
46513
33520
70860
87388
79382
74676
70384
56189
82116
93231
92170
9459
82983
88692
78254
28925
97778
6961
38825
11578
14023
53187
86567
17639
38264
36913
25660
41755
76503
36558
34447
84511
95294
26725
18932
7409
80355
24292
86559
8753
70795
89900
16350
64182
86703
66572
25093
11268
93312
661
57090
68385
95953
90279
48623
24223
11029
32509
24003
41293
66824
80353
67896
4340
37237
28340
157
69556
55875
88676
77152
9604
64576
41939
76614
61672
64212
23207
78601
78982
72952
96404
6939
34232
63005
85276
96760
80187
92291
81880
6873
47963
46896
62587
60138
40082
59875
82095
49585
48117
59899
63098
60177
1202
73399
17267
17257
78534
8652
12720
6803
89039
66417
81201
36959
32034
4556
72168
5412
41076
56756
69726
61188
39350
13518
16215
25270
37088
49576
68081
3422
86050
15902
3336
67056
36565
6135
53834
81164
38101
53109
72935
69011
51520
37412
25211
27518
8229
87989
43280
46743
21594
42690
74522
14905
47185
57633
40275
45253
47300
78619
72043
50115
14554
71115
1139
22803
86141
16804
96717
58812
20968
86102
43442
23132
10607
79439
43397
75086
39492
85696
17879
51890
86669
74938
59344
36822
20998
79101
50230
58287
36916
92008
60837
65477
87509
9742
7094
48631
63596
61941
17832
93737
45008
26188
33532
48081
93094
72091
97429
31940
49786
39572
85995
62457
62247
52792
95149
52794
86581
96310
38449
87236
17516
45286
12476
91315
50117
28243
82725
24390
3618
89378
60888
38035
91718
55232
73898
91448
41677
67106
14680
91612
56321
81535
52775
74904
13573
43444
33132
92440
15167
31452
75569
82066
361
58343
48999
88819
85281
34364
8326
52341
81805
95705
60947
23760
42475
23640
74345
10989
27150
35998
58694
20860
3535
28214
76931
26722
53230
83850
13361
72350
57643
55371
41993
10704
68368
25194
27832
97230
82711
33547
19933
22929
96402
63775
72890
3494
10669
38919
30590
46297
4766
4226
94652
64662
54364
41538
33423
96867
76069
67624
18164
87919
11764
30350
81490
14156
37575
24398
9050
43912
23115
71795
31225
52904
31574
15971
9249
51812
31367
78971
8558
37825
19210
23321
8133
75625
25784
22442
46347
73947
76605
54927
53446
36924
11011
53213
26293
48728
31775
37735
85953
65154
6474
94548
56349
80739
36434
80519
31009
91566
40580
92507
73824
40117
56377
36406
60129
23583
95475
49424
59947
65843
15711
65495
68554
82296
93078
59305
27565
14349
65296
54539
79489
84812
68669
26863
85499
88869
78889
83633
83836
3351
62406
38012
2238
62717
93999
67446
46021
6751
93511
82768
39324
81567
66441
96874
1358
61077
21178
50297
51481
165
73972
91946
30080
8924
88831
25271
19769
73745
37543
51323
80039
67090
83999
79697
53193
81298
56530
38027
63069
57833
7972
49691
88042
41192
55729
11804
6139
34589
64109
18220
50845
18425
95094
19423
56257
39840
17936
6928
69802
47948
75882
17164
33919
75175
70311
78081
53593
96327
60445
22260
84522
92510
3900
34721
78247
36009
55772
55416
18157
54922
44116
30880
27098
64027
78984
49111
58828
6625
77433
7608
12410
36399
73076
67739
80054
18723
61616
84411
65860
19114
87627
6364
71135
184
9312
62834
64883
65893
65784
91673
180
81357
39212
44183
61489
91164
67091
71125
39416
36019
41931
40568
62355
65953
37876
9536
97200
30860
32566
89504
30588
56579
23768
7537
52743
93187
77609
97688
30987
95750
15779
80160
88524
341
27185
40637
96930
91516
73744
41307
60701
25737
95246
56057
44996
22911
7882
28745
95666
744
55753
51281
31762
22214
66721
12027
31502
54994
49959
1115
4744
29381
66343
20246
92551
50144
14184
21292
87784
92534
5053
63864
84821
58918
41839
94833
63912
44458
88346
27703
44650
85098
46253
50231
4884
35102
63457
82015
83051
10249
53545
54404
82597
36835
12480
62175
9169
16608
18867
95080
21089
44878
93204
42232
71985
54653
18781
6196
14082
52944
91504
49374
90554
39856
67673
93481
8898
79826
8846
46545
19293
70889
22720
42538
3377
54469
57511
30594
97597
66821
55547
77829
89304
63551
76409
81043
98238
87640
16944
42249
25555
56026
13967
58989
93309
56601
59658
7585
49423
50119
75858
35799
50084
76609
95154
41760
84404
88319
53364
26751
1435
1465
87841
76749
10331
98048
42927
45375
22655
2492
3200
62485
858
94145
45853
48727
19840
35633
48632
140
68495
46100
4186
37692
42240
69597
67720
96046
68602
46235
95637
42603
37424
55892
75953
82824
477
83124
1751
38904
62667
46964
52841
33126
59474
29242
55418
94577
20834
76998
92002
37461
12336
3853
88231
90027
58716
68189
11353
71411
50344
6925
42595
69363
59465
92274
95566
68168
1310
28178
54440
54220
69562
11273
85266
10979
24168
45825
69266
33707
48225
14472
85249
13191
28521
71534
72747
25544
19841
15903
91834
30518
14139
95725
18740
76339
12380
77203
9069
13111
75842
76112
95440
97123
27578
59866
26831
17829
9921
86271
65839
36877
39438
19454
19868
72288
73980
10329
64133
50100
56634
87762
59208
27011
56043
83393
23538
2937
37893
67373
29303
83593
13197
69750
91570
23219
30523
2727
33218
90843
77505
29440
65411
10976
38183
45230
80791
15221
30947
78547
10162
920
68722
72942
28766
79550
41193
95075
8013
78806
45508
70736
17428
34724
68202
37393
69426
64217
9497
2460
11575
6855
82075
68471
22489
61372
56148
11230
93577
55080
86524
53649
16811
95955
92535
47888
25498
81259
55848
11395
60232
35285
25638
48676
22666
80823
61055
59015
62943
72538
51472
80524
22600
8840
84810
29116
48951
8718
28328
41304
66049
31613
70318
59957
68610
3836
36589
9843
3738
29411
14541
49298
65849
40629
62652
76612
4737
28005
20971
32301
7403
47484
78132
43859
2896
15740
1412
82887
45368
30476
63843
460
71193
43476
7429
53922
49575
47118
36825
575
55866
35439
97503
96531
35075
73563
20609
5586
89195
52449
15353
73041
75668
1769
8758
12356
32740
22183
47690
56574
11914
61527
15386
34581
57940
18643
13295
45196
67437
76254
71131
36557
66777
76723
75691
1392
49803
31368
51955
18636
32611
71088
77914
61628
56303
8398
84687
68748
19991
59645
37370
8011
79955
31072
72392
7620
69954
71442
8691
92478
61450
46822
45480
26633
38995
30125
24933
88335
71921
70751
16568
29184
75159
20854
68231
17407
29783
39915
78318
40992
91438
55674
71902
79363
9397
51555
97646
9545
54453
68799
77161
75340
1936
11193
41427
34216
65970
57960
43579
72679
33891
13797
72132
26724
38257
27739
74064
44227
54560
47405
22897
52033
44127
75753
43305
7381
26381
91647
80320
52173
95776
93037
72872
96309
58781
40468
79904
18591
73270
45396
8971
5791
40407
15975
52297
55526
19938
89473
84815
19892
43913
14754
21099
41582
89050
81020
26266
49658
85260
34000
81684
47543
62606
55202
62620
56563
30708
87422
5413
28740
78129
31297
52520
13599
1336
44173
53923
35844
81915
9502
60202
67319
71
51815
24339
82425
37146
20729
38777
2279
94294
9948
79151
42400
88825
65917
50222
68846
62243
84729
42968
41196
36144
79081
85352
20691
25167
18018
34730
84182
83007
63522
11765
38147
64048
41988
38625
93292
73617
65791
90577
53370
92032
22990
20720
36423
83848
49190
51083
25807
65197
32777
40236
54467
74437
73690
33261
55225
91245
33039
67691
44530
89621
37542
12199
72509
48058
35019
19832
51989
65181
21872
84647
85205
23539
36475
66320
58727
28510
10540
23450
47902
73775
52968
74250
3195
59504
33510
33008
81223
55490
1096
90394
69074
35389
19076
90609
89197
54657
84985
42652
12306
91031
87622
78527
90504
12144
23353
54346
17730
92092
58273
35371
41923
61924
14225
70029
32754
31748
97812
3541
75605
2855
75161
3198
23921
59051
51200
75589
1116
56135
23477
72987
17663
83308
9031
36084
1421
84499
84185
34354
13915
7012
29806
69073
87547
64472
46332
54995
39396
56582
7794
28532
55057
3877
97886
24788
95687
75749
59733
78447
5209
40500
75814
41607
18664
64606
72571
68147
16678
95201
28952
91424
58565
51229
7479
97516
51489
82265
61411
3540
62856
26711
86549
35553
62854
41924
84137
69260
89291
26419
77444
31088
41283
18571
77718
88425
97243
96526
2666
48560
47724
35734
80173
3604
94302
9276
19472
64298
44086
6034
92556
74099
81179
92095
44202
55307
19895
8655
56894
61515
5199
94560
11186
18828
12877
18846
93171
19017
15385
77608
77939
3510
5929
5521
93817
34548
33369
86231
27182
37983
96382
24505
72687
36635
43118
97216
46518
9593
23701
27200
92011
52267
43062
24599
16747
96411
17546
48742
40417
1193
17484
25940
27541
61135
38466
81933
67015
70032
75795
50717
17149
24644
34854
30103
13527
57049
89753
35181
96788
1092
88679
4755
13171
69797
88321
5909
75429
49169
62400
94593
35988
61690
31508
66708
63878
68142
35377
67973
9838
81722
61700
2202
86778
26513
84133
13930
56518
38139
49927
38920
95478
83129
64586
38877
232
12988
181
36342
53640
48994
73036
9980
45387
8610
54854
2573
79474
75028
22047
3974
1559
26884
94902
58939
40930
41597
22800
67299
88560
34630
17184
69810
12522
47007
3270
81533
6800
39745
58342
55222
64344
17186
82205
66393
30403
86774
80068
56343
28879
6735
88812
62248
32866
52399
1909
28361
64169
89967
51769
43646
29919
81383
5653
26903
76035
31300
26093
12361
57315
79408
56085
89478
67365
65083
28490
96008
83394
48143
80431
55823
54656
30484
561
76172
51848
57120
47797
51953
51088
95636
3201
42893
32547
37019
2606
80319
37049
57370
56126
81282
36363
51861
89147
12370
40274
71016
67745
10635
4909
59144
6740
15074
19716
70605
85996
48696
59648
70573
13537
71506
47465
53947
62275
599
67542
78363
74187
88194
94741
64073
60066
29878
7527
68797
79749
70360
43599
58289
79525
84975
80757
58316
24837
6260
46548
1990
75017
30478
51561
44213
46751
6447
8233
4809
10056
62029
10548
93711
35358
54471
38530
73712
6081
48376
49066
5980
43673
61678
12315
49075
7891
95351
37712
80705
31380
18440
45699
96958
71160
29805
81798
61693
15045
63694
15614
76691
45494
71130
88728
44384
49841
1613
98127
85425
76051
183
88529
8250
2716
44226
28530
33476
53355
75876
53326
32039
57734
81586
37421
84554
65126
95650
24162
2335
48647
34979
22088
36045
12984
58206
18979
83757
5397
46302
84114
23322
67943
11701
74306
8243
18790
94499
8615
59330
63467
51934
50651
50131
44517
7932
61137
31006
69550
28991
58060
9896
74754
468
76697
54513
28783
26748
73295
76278
81476
55830
75093
75710
32059
97343
26034
35784
88722
47356
23982
71207
10911
97156
10251
31910
64984
62970
56614
18871
58103
44949
22078
69282
81331
33259
34109
65449
71891
88570
26317
8309
21339
21673
65020
58887
87491
31181
88721
73908
39858
82802
23160
3712
66442
13370
26411
36060
4893
32956
94108
71378
39881
26821
51185
76644
45533
60961
22957
3795
9179
3237
813
21223
456
34482
79962
50085
26826
55595
17410
16641
91920
21590
40766
61626
97069
10430
36002
83305
57025
75825
31169
72393
48627
10046
85936
23419
25903
73444
93279
94127
6048
19436
92109
3913
39417
52021
76944
10448
1446
22536
10008
66569
90046
11887
66508
7784
90982
52346
89326
65317
42342
92834
9808
30946
76818
46314
95155
47433
23004
8145
97978
36355
55078
38604
71336
225
47324
4151
36758
49321
1625
14366
80305
28025
35749
81951
53630
41417
44976
85534
5606
22274
89643
55600
37196
96536
91269
1161
1600
29054
23657
8274
4371
49820
59032
69623
30926
19930
47997
13002
82950
9255
84201
18336
69404
52185
36802
68183
33758
12293
44520
55382
53232
26509
28523
21605
85172
2124
35246
68351
43585
82246
94921
48224
75726
39394
45570
28472
90630
32543
86895
96584
65292
10891
33766
26183
66831
22724
18373
91325
23519
525
3894
35319
34435
19307
3080
84477
48725
37059
69026
77929
96319
47200
72173
71614
73323
34120
8174
6761
33079
2593
80844
79818
24925
82073
21952
44014
78906
61688
28815
46674
21298
48904
48311
12991
37831
64165
637
56157
82627
28605
44749
18936
81410
68784
44877
76137
20010
79025
18206
79192
15331
10568
2451
89782
23180
16805
79704
21323
27638
56368
35993
83466
90880
19753
5328
70420
82018
87793
52400
71474
52793
60756
28366
97172
23830
15327
83607
49912
89891
95222
48240
52574
29992
5787
6145
63200
95332
19626
62957
4068
95130
16693
36011
97645
3634
73469
47212
82910
39246
82526
63962
61225
65122
89866
2689
21704
75158
41018
96735
84768
33965
35948
23741
26576
51248
43426
16817
56156
68852
21674
94850
76104
89045
90402
82940
50980
22676
9971
75258
21967
50881
67710
43642
83418
10041
5941
75800
27615
72064
83444
56417
64916
39291
9877
52243
72060
77951
11326
486
29532
69186
67837
78980
65653
16183
4389
27373
33974
59612
90775
73277
64345
70105
71726
36216
81712
76269
35350
30400
15992
24309
46326
84074
21195
3323
82586
92504
48887
79972
85255
55677
95270
18653
5251
13325
72653
44119
446
49618
87264
3193
37354
15102
64129
74759
8108
52586
44475
26291
6993
4995
50382
871
52425
80256
60395
82626
70487
72565
11309
85162
43566
88303
13689
32188
77652
40733
21472
2087
19374
55159
51994
38312
89331
71199
52937
19185
86817
42785
803
65174
6387
51508
95335
6379
70856
86853
9070
4960
33812
37576
40566
60697
60956
94317
13987
46073
35197
9138
22439
70417
32843
35617
20962
23054
77669
3901
46064
57160
42021
12758
38307
12643
46111
43495
41585
45226
40503
93896
22604
50229
92992
53322
9689
82652
59891
37703
7035
42286
75379
60787
1757
93217
53916
49949
12005
810
42001
11716
18585
48740
43523
36037
35915
88772
91027
61850
92901
40412
66399
90543
58053
22091
29050
24384
77451
58434
83950
92056
6188
56286
18782
48604
52337
28009
16612
83919
24960
84657
62385
47409
73426
20757
44702
34387
75055
37099
43020
13277
81280
2284
71022
62407
92516
1321
35353
8642
27359
89312
13636
56737
2490
70913
69846
24115
71267
63797
44268
62795
86987
21727
86476
88065
33876
64438
82754
10686
49896
70018
65415
8321
40747
51998
93719
48614
23949
48872
47987
42417
17521
53851
4282
91263
66151
61170
65690
57153
48433
4010
5349
8424
6374
97283
26028
31634
72453
10292
83171
33815
21919
6593
89328
18518
53874
15279
2287
19361
12294
18744
15224
92494
39600
68047
64521
69917
44827
11834
69194
3605
60609
62978
18596
51841
7753
7112
82341
136
89562
13835
75284
26992
2751
59831
67724
85939
50340
74244
26540
30698
56133
9762
7946
74820
84690
17747
81354
93796
55064
74107
96719
58761
15528
37873
24430
141
39312
24487
25450
24196
96589
67144
80094
74704
43283
1287
76912
12152
28052
48041
799
47078
20473
66493
30661
24852
88987
45156
89063
24972
16939
85607
13220
90806
82235
30962
75447
70939
64814
63599
64569
774
21395
3023
67715
75674
76599
14000
52745
65249
13516
22710
59052
71964
52529
46305
34117
44152
97622
81401
11899
81782
73523
33859
96824
34032
5095
49506
57380
42132
34108
45157
10125
55271
91623
59299
57088
186
80134
479
46325
79318
70396
53713
53115
43616
35538
86664
22702
7708
94396
3808
57969
77653
67529
77044
31632
98107
23155
46961
65908
48105
26893
35242
23747
90209
74826
75635
58050
76380
28227
35680
47746
8597
41109
16656
51680
424
61279
11582
22188
44536
8968
87514
94914
48374
65599
13760
7159
18333
6692
54320
97984
69402
40240
22080
18136
63441
74790
62703
16554
26025
95737
51115
8344
51778
50694
11490
55081
92438
13069
30243
32934
64024
84509
39616
44988
70275
72184
38054
17398
156
57702
26123
55481
16375
2437
14400
93862
51599
1441
95555
74011
40389
85209
11103
82678
78864
74827
69045
32254
54632
57237
15823
56788
66012
88591
76929
52154
1646
24634
2564
9985
93413
96427
14757
33307
33841
92724
91573
71363
20530
47208
51694
67658
38269
10502
45398
86943
68001
22899
38298
16335
28794
72860
23936
28247
41599
29371
82989
72757
86971
51196
2576
89470
43124
86071
94101
50908
1472
30849
58074
48847
19422
53646
39226
26820
45327
86545
65801
37411
18051
749
83469
15710
47213
75660
77486
51488
97496
40091
87248
91198
31580
91934
19229
48473
69136
850
20563
57466
45631
97085
42100
48942
95192
47727
74742
10398
53718
79584
92331
70385
62689
36813
4025
44935
61986
66762
92487
57328
77703
10578
58113
79324
94641
12409
32043
31635
24536
25120
9573
78275
19575
91231
7523
93220
23761
29210
63287
86020
39423
33729
10370
60130
97381
54016
28908
17298
68278
8131
30682
38099
49847
72936
16351
37125
29516
15297
72334
81713
32879
78376
68523
94743
51626
9740
32269
50081
72804
15026
20244
22857
46682
48693
1344
6827
69422
95842
11466
69827
53695
33349
7340
17282
36347
78262
91376
6302
10799
82463
40000
61393
40313
5706
6802
3697
75657
50251
8863
36097
26819
49969
56363
1286
66048
90044
68866
54932
75194
86793
95889
94681
76451
85461
76754
38620
23001
47191
27400
84282
16095
5438
4048
27127
78219
34048
86869
71628
3220
36349
92848
94103
25320
72507
95501
3736
93034
37154
10561
95948
75923
84216
68815
21381
4241
91689
42885
78939
14653
53892
65203
24996
97918
1323
51104
41527
95684
47106
40141
1055
74234
21524
84848
12184
88111
5562
88349
90618
84642
55766
47406
3526
8187
69861
98044
47730
63386
34343
54962
43308
96243
68697
52556
77950
70579
10791
85014
90210
96235
61005
95329
64536
52424
10591
67545
47373
53441
33003
60148
76362
26733
71455
48704
26252
3801
48975
33956
60244
32019
4941
8883
96168
53056
8156
27771
59766
69021
85049
75363
71622
18543
89116
34178
81169
26993
13602
18305
8752
36125
31214
42174
94481
80740
60018
51587
60559
87949
56045
76132
86945
9828
55592
38004
11808
10514
43807
19661
45944
56458
91685
69569
66448
8368
79238
89563
28306
56525
84476
67874
73480
6960
54726
11213
57886
66951
63712
49870
77864
16667
15301
75893
46395
26189
41356
57441
8360
32268
62512
89271
69410
2091
81412
53823
2529
36703
13564
94676
13135
81571
19971
45081
45369
56041
68504
58991
88067
25893
75180
47905
97909
34006
7432
9902
41213
85684
81629
65696
23318
63996
84978
73952
52796
20412
82505
14636
23602
59540
21676
81008
29259
29618
65620
53256
6149
4293
55223
97425
74183
44340
44034
82909
39199
59462
20862
60683
30381
67718
12581
36914
25060
17620
31205
20676
32603
68440
402
67919
91600
46598
31668
75446
46556
29467
61023
40610
13612
46784
63466
54295
63196
52929
24519
41175
5057
9067
923
43398
54526
88328
64359
82548
30819
43561
95938
64522
65390
65707
40400
69295
23798
22719
56512
37663
3243
55248
12823
14187
16420
6064
54051
97441
75490
85323
63739
37240
10177
13717
15976
59832
2439
41565
35899
3898
61777
63080
459
42662
44605
63085
62
71205
60248
3069
66157
20610
3024
16315
20270
56743
26107
18090
56154
1240
60126
11904
97554
38887
33248
3597
21328
74926
32667
52042
19257
87416
77998
30982
91643
93626
26905
80077
77172
84888
1415
26888
74171
48243
94606
11524
19067
89565
12429
22213
12708
51751
48869
43902
88084
39950
26625
54605
93450
79573
46941
57159
51108
46056
40373
30732
33498
77870
86509
51893
31351
59637
93244
72139
87669
27297
74941
87656
4094
79940
82252
88993
46648
97779
34767
7165
78001
90579
12415
10765
39014
34627
61441
34468
53475
8785
7437
38630
41294
9178
6806
7485
15646
7826
1137
22464
42426
46220
66474
37717
7845
69816
72240
88053
72444
84558
14148
89975
30570
26775
7413
57148
14878
91110
89657
39144
1917
15127
27251
30177
82165
91791
87572
75392
1951
49508
55002
10260
72165
86736
50938
65097
51846
55889
43318
45266
88921
83144
94215
53320
83953
37661
30557
49477
29542
66876
31482
79400
62409
11064
21976
68329
28947
33753
8530
61486
65107
36120
93163
93172
39842
13690
26339
67388
56385
10197
76638
9787
43780
42752
93505
29048
86165
12680
35393
4312
94911
18201
20210
17842
36361
53105
66029
84089
20966
60433
19666
79611
45996
27393
82842
50870
5480
50285
19962
61349
5639
96228
95205
60868
31570
55708
21897
15148
12462
30853
43749
75620
72603
27239
93459
25413
45499
29600
93442
45257
22014
56211
8132
70767
39764
67596
63689
67870
73547
2953
78060
69285
63610
58613
97393
45936
4787
48330
10711
84645
27898
54227
37136
60962
44638
55562
57419
43987
24545
93182
41489
81676
2574
79133
84742
71834
9127
40815
66496
62584
6653
84775
48403
88597
16558
49721
23204
59311
36441
86167
30636
61177
72135
87389
46657
82036
90219
69634
96929
15897
5212
35977
25978
85515
64567
55692
40116
56467
86512
19718
9498
35424
95277
86587
77566
85440
30942
56276
54590
80194
96408
45520
17434
94051
3405
76433
88997
91746
60416
68130
24696
15138
35788
13535
15668
75053
32731
45832
40979
59861
791
62859
86256
73246
89911
21974
58411
98080
15610
90718
92228
10209
21772
96466
97593
87839
5346
63857
93651
85308
1189
41955
88770
78531
94693
59801
17553
34317
78528
54830
13977
92160
73264
41179
6469
38848
13925
57070
23479
20697
72665
45663
72547
34871
25007
28101
58005
5393
8261
24411
13076
90933
27385
85286
30609
96449
18915
57759
8539
4840
92870
8793
37488
61306
41515
36585
53848
32817
55422
24562
84220
86405
26475
28735
69220
1776
31671
72605
21987
19161
25023
26254
94285
51905
80435
89399
75826
9661
54137
34786
65915
53168
81488
94580
96591
67484
89632
87536
65820
35981
35725
50314
6760
79232
61544
12659
70375
70364
44381
83027
3366
95257
53571
15083
78294
8194
7671
41731
97277
18841
77877
95220
34551
17409
61972
6797
12369
46174
7892
91421
17757
85321
28073
76501
86629
95282
69387
77915
50740
49748
42542
44880
59739
97292
90695
63433
77495
53362
62438
58319
77522
92540
60722
28193
57674
79624
31243
77220
71714
48813
11033
69656
40616
43162
89928
30488
8502
40856
84322
91736
23792
21790
3681
96831
34456
24018
90274
29700
8150
11092
65139
602
25027
96883
32450
62679
22550
35831
8267
62601
38032
56409
96776
96497
25030
31251
77871
30129
30191
13507
43625
78694
70357
35041
49244
89977
3952
40045
72824
56751
1180
26157
50235
39885
8022
17514
83297
36578
52318
2298
32912
58718
49854
55699
76761
48337
73156
29192
13086
15205
10246
3397
45880
34670
15098
72554
84228
88587
63056
96738
20232
74883
15671
18391
40499
54092
41274
94399
60710
11652
85488
23084
84435
86393
72230
24997
92789
67422
22567
95454
55234
62867
42920
44785
58717
33659
92665
70297
16329
3766
47650
63730
51854
76449
78549
63956
28465
14372
8354
23508
34039
28987
31954
46377
49210
20997
35245
62003
72578
46247
58857
73458
95629
42078
24746
45850
80637
54640
47500
52438
21929
78488
56180
8719
42744
56514
50709
64703
44659
93097
80802
6108
87515
9160
71598
15698
87347
32069
27445
6811
90645
69535
14214
60950
86825
47033
84638
17044
28017
74112
23382
36001
19251
46020
16192
65108
60796
60915
35099
75015
9666
25160
52001
22235
80032
83712
66015
3480
11352
7345
52667
64201
5416
84569
47553
9883
65964
73740
5758
16337
61998
53584
19783
35522
37695
79415
48050
66418
92914
20975
90411
30865
39874
70613
16932
72783
92146
83274
77106
74190
1520
34771
24554
83840
7878
84730
86479
2994
34934
40712
31691
31172
15591
34111
52588
67948
85954
88063
70469
59395
90616
58247
6486
50439
88610
54573
61609
17263
3519
35113
77354
71565
72727
69165
1496
40118
5519
29974
84745
57125
27563
53010
39209
72966
32108
20247
41455
35089
53654
20302
68668
94070
77125
5152
22756
19772
59636
61286
17493
71933
9704
72932
17513
66541
37727
43685
14619
18819
47072
13017
80555
55522
64643
60540
752
34247
33154
84194
86654
83819
63199
65147
64007
20039
40270
73153
34749
96969
67313
17080
7426
90347
48874
29721
52784
23103
86505
51631
39863
43453
62214
52451
23547
59257
17097
42101
32007
41512
70187
47659
55007
23952
86684
43721
49063
63606
44550
8191
33546
96298
2555
92663
15328
16165
87697
4468
8647
50286
17772
28706
39564
44958
67210
63749
9280
36529
36190
17652
64186
91174
62685
93767
21447
84583
4275
2517
12416
21942
32874
16331
22421
91467
40649
69677
50178
68049
90244
29970
27152
3488
41570
23879
78888
32456
40462
3475
94553
14731
55262
84258
57446
43296
79566
19513
15095
21950
23408
73325
69732
49522
95401
15054
85767
34134
97329
85959
53825
45098
94973
13647
30335
61675
15214
19299
48064
43509
37563
70339
88606
46702
4887
31500
68446
96978
76207
17020
90011
88740
49689
2794
21851
56201
90899
79198
41782
71845
6261
74117
40832
38400
33932
74910
19520
11719
96903
37891
17408
46520
78535
63799
43352
77385
11039
76477
60758
79273
46878
20593
94158
89970
22778
96315
75496
38535
52474
16610
22997
88634
10132
50722
19559
54578
35675
8318
92642
20034
33792
59014
65933
29727
94113
7473
47184
43773
28500
12764
27718
7886
47045
42
46094
15824
93962
40031
15567
86244
19451
14247
96160
20742
75850
24002
8006
19674
63587
56174
49516
36698
77716
74712
52671
90468
69155
53511
72928
97529
36812
7097
60732
88734
9345
34067
27247
30702
96873
7133
90213
77970
65158
58431
1669
46899
54990
41377
7933
67113
27054
51091
82026
44108
64400
66124
4111
69256
30263
28881
72479
75476
16442
27939
68174
39701
39815
9346
71104
45090
28800
16318
38394
33598
90262
7271
5038
80344
33011
67188
76183
9650
31911
33839
929
33350
64252
30592
64949
50810
40836
37798
74039
56510
70632
32040
13680
748
50432
46586
95892
82840
84188
87066
89460
73974
69314
46473
97127
76989
12632
54946
39521
48715
36311
23892
53321
45129
96462
67011
34736
23748
19322
10814
31943
38709
45903
9686
14480
75750
12665
70713
43961
77761
20917
46915
29292
44836
25011
30780
17771
14116
29424
6287
43931
53462
64397
68673
26911
3578
45726
80630
87418
54609
72922
78079
1291
54217
51733
35274
79241
22119
75618
15063
81369
46185
56274
76922
86520
50856
71991
22618
64960
49837
48922
27517
89981
49214
47878
44792
47719
20616
24978
10922
10581
67264
12243
97274
60063
5885
50914
30881
82033
60659
88861
80061
32243
14465
22556
73623
74768
30273
57421
61990
27779
49183
83880
25883
86161
2316
28006
7703
55829
91557
16136
55108
58701
52781
53502
5796
66423
25808
48706
69922
65865
85920
16401
4733
69671
56318
28892
60419
80913
18344
71782
62442
11806
35694
14473
13546
49415
10053
433
41148
21028
60626
55065
53641
93556
45791
37272
13555
59532
45689
17588
1491
9517
21030
65366
49983
49168
29597
9575
33236
4180
74009
14827
71424
6710
64268
58905
35712
