27273
10490
21108
37535
8193
18800
17153
29124
30390
29796
22302
21442
28902
1356
31545
35623
22318
10645
16979
27886
36701
26145
33773
6921
3924
40768
2476
6975
12541
5664
1788
14148
5445
21937
18067
35486
8985
10127
5960
21696
39852
1591
19614
17741
27025
14866
38753
19354
16452
27208
24519
35875
23237
20975
28091
6199
8417
23470
18776
22119
37337
36704
24875
15120
7469
30813
31466
15907
17055
5182
23544
2623
24336
16783
6504
16206
39065
30772
23424
10924
17131
33252
17037
22571
4670
16543
4338
15148
6947
10278
25900
6411
33908
4039
18288
22039
28109
3320
23600
8489
587
14372
8735
38313
33455
40582
7683
38667
5137
27131
36563
22794
28009
35126
13272
14623
21262
27695
23825
40336
28888
19230
37971
23479
16303
13178
14434
12205
30275
4609
37492
19169
20367
29659
2976
28026
621
9202
22622
7216
375
2544
27654
4981
16057
28807
9668
11717
34542
3796
29702
9193
10678
30620
17391
38689
3807
8207
2495
10
21979
11537
31510
39179
24861
1285
21534
17475
28454
21675
23210
22289
34451
3249
32582
36050
640
19656
5849
37647
32729
33180
33537
7303
13641
40571
24746
39254
27419
14554
19497
11830
36504
17673
4525
40333
21147
16922
19685
34290
13495
17100
34579
29781
9737
30485
24775
15028
19637
15456
17939
2983
24135
27861
28286
27540
39954
32562
38843
6328
36211
22758
14174
14134
6061
31942
11291
10061
37663
37280
1835
3996
21434
9527
37644
14422
9983
19145
17940
30691
34556
22441
32017
11628
22101
22459
15584
23609
4227
26403
37423
6645
27768
24293
34046
23968
19702
13079
27168
10576
2079
7116
30361
10384
28123
33398
10266
5260
36773
39983
1825
5902
33789
18075
2040
27121
38555
1773
17163
6168
14336
15790
23409
27739
943
30790
1894
12392
9724
13093
1937
38027
37840
3013
14046
37861
27209
28524
30970
40796
11086
38372
6242
1783
9024
14365
38328
8590
24199
20342
25713
31364
15978
31297
33699
6601
31195
37938
13952
19325
145
1537
33102
33367
453
11215
10200
35906
24220
25662
27577
40357
27596
29948
2360
17001
37778
197
20192
36116
12463
8390
18346
7747
1025
24265
21016
15472
2607
7175
25249
2740
20753
16191
15887
846
24030
13560
16271
26417
5743
14713
32546
1216
15488
15358
30814
5362
8433
10624
7218
19392
19542
20835
8201
4946
24481
25275
5473
12483
7017
21762
15081
15895
28808
37377
10820
31225
17342
4976
15905
1513
7346
17699
21917
28758
8791
21235
33944
29167
19362
17247
9014
7483
22374
16360
27816
39558
1133
33575
38088
32095
13354
36508
36315
6991
34384
21993
22245
24627
37518
14904
10437
13408
21122
1331
18498
26926
28560
5297
36884
23171
17012
21746
1462
5814
23836
28584
454
32809
20200
20701
4801
16844
40136
11182
201
26672
21465
7606
4773
1239
4212
1635
8660
3603
4290
5267
29808
39829
37150
14860
38744
4760
39662
36199
18786
24372
38459
29130
37988
1810
10296
31847
16657
15428
31976
12766
38715
23580
36662
37319
25110
32280
15122
1829
26986
649
11724
27029
18080
32647
264
29896
19193
23092
24753
8275
25574
14021
21831
5722
35574
19183
5578
24799
3802
4090
11508
37036
7212
21931
12567
1716
19259
37099
33042
9248
33871
31411
27067
11061
13815
8486
40800
37977
6693
30022
21924
40836
22268
26062
16519
29761
39661
1654
37699
14880
26776
9017
7605
11205
31
34360
24183
39513
34742
12430
29012
39871
13787
24916
10283
11250
1160
12516
8058
26131
36769
12319
24880
38982
33682
19578
23497
28432
17870
12814
4938
25507
28919
39261
24902
3356
6098
20074
16552
11625
20431
13959
28611
18695
34373
20241
26979
23225
3588
1202
13828
23062
20767
723
9499
20734
12670
26084
3185
39277
2316
31448
25994
29856
20587
30716
33240
35874
4920
17864
21043
22745
23487
17127
22815
21033
16497
38568
5649
3583
4465
26787
36852
3882
24177
38362
8648
35816
15966
32547
2417
36156
21681
39908
1668
19860
40364
14751
18203
11040
31698
39899
10512
34370
15435
36927
25379
31622
30785
11517
40517
9487
447
32045
24053
32294
11451
26409
9935
31836
11372
196
16988
23083
40134
13502
15113
19503
2220
29930
17277
38160
15809
9850
2357
19936
27275
39419
442
33528
11497
22478
14815
16002
40399
8245
24550
24404
18051
2194
10601
21816
21568
14344
9958
36402
7807
26097
15757
39645
21633
39917
20474
28741
40046
30527
7294
31706
14225
39697
36373
11511
4109
18443
18862
32661
39551
14926
13514
19617
26998
22386
16882
22031
26362
25395
21899
22347
16653
33138
37904
23077
10313
32926
1229
30958
7313
36577
25985
5641
36282
21815
27222
23776
33391
26943
15407
2532
30295
11065
17436
38335
8468
12626
5762
12390
26897
38397
15541
24560
7544
21306
28602
15535
8957
15802
5327
35549
18194
14112
9912
24287
17832
11698
30005
117
26800
22598
15284
14201
35556
9566
884
26734
12655
33943
21156
23401
7292
32372
2401
2853
19724
7983
14889
16317
40082
3955
28008
14263
17669
30601
15945
19421
28676
37016
11247
40103
29253
3941
13050
12409
39316
12422
19411
39788
10129
36938
30749
5039
16716
24913
5197
35256
27173
5704
25360
32033
19692
35691
25236
23426
31456
15098
31290
5288
39989
4386
33295
11209
38998
14393
27895
15768
34846
38886
32477
10706
7187
36802
16642
9720
19528
5257
18054
29314
14205
1083
4644
35174
1155
18351
27788
21304
683
27341
3140
24443
8529
22669
34819
7382
10802
39105
26092
27181
30538
30711
38748
11447
14578
18942
12943
14517
7642
11899
6500
8276
34060
3034
34748
16577
1606
28097
18350
4564
29098
34116
34837
25735
34054
7751
8401
8055
37997
7719
33741
29993
6588
2618
18699
12740
6675
27371
2505
36514
26690
25343
38922
13423
28130
36786
30050
14690
19547
24767
38237
17873
27207
7201
6170
4733
3738
36581
38196
14273
2665
34260
33463
9216
22540
18719
14409
22310
33388
38975
31424
28609
29383
16713
7355
4992
20791
16564
4708
12894
25881
35267
8774
32742
16425
5183
34478
4751
3786
33662
23888
29678
21057
5477
37619
24268
14541
20109
32292
40358
35365
18927
32622
22198
33242
680
36546
6233
38557
17999
19706
8049
37242
7974
1168
25518
21820
28956
4169
4678
6344
2290
29925
26439
27239
8919
17250
12554
2246
24308
11051
34643
33430
10721
1526
20799
39473
34168
35471
15191
10072
39988
14511
13131
3614
30020
14471
17634
34872
6056
40363
16673
12932
6916
11993
8690
32259
34237
5132
19216
8101
32030
25145
17434
38486
33854
7242
27605
5224
15255
7482
28578
25823
37923
37490
3070
7574
32722
26997
12696
33248
38804
18866
20008
39329
25616
34483
28061
11414
12180
24486
31003
27434
40004
9194
6035
21404
8867
22010
6019
28066
31664
7023
36252
21343
10219
7335
18741
7517
39686
10705
24158
35351
26049
21260
23920
36596
14701
13749
11050
37506
11349
8604
11039
39250
32676
9491
10300
35082
32139
9923
35709
9415
29194
31092
14934
30271
14354
23393
6869
6184
40299
8820
19446
32081
23192
20011
39603
30759
30728
32665
13337
29893
24056
23445
23637
28818
10964
9516
20534
37667
19794
10640
24033
18026
25856
32979
6788
26096
25167
19150
24988
33444
24332
6245
24145
32431
1450
17107
34766
6879
17522
1438
5350
12479
31237
34706
5996
40665
23974
2506
34029
36333
32320
36321
24044
27934
2424
289
21444
35175
3082
4235
37684
9616
29834
27197
37131
4334
33778
16359
29147
30724
31293
24457
37627
25866
12487
17093
24941
25783
6407
4651
15176
20834
32569
13827
4416
36386
3229
8131
37028
333
23845
19572
36322
14750
13559
39077
4448
38476
9619
8682
10368
25413
34502
1390
20174
31368
28428
6734
25640
16285
4175
24564
32429
13561
7206
20224
36493
25573
1689
5909
32788
26225
20839
28119
32568
17024
23137
22783
40817
2951
26940
22716
19954
30255
30382
27112
27248
39313
21150
17976
4913
11727
8963
28376
19866
12662
835
37623
21607
18826
9380
4001
33973
34257
7460
37796
18870
28925
7549
20801
6179
28827
2752
39462
33077
40249
40727
9164
37031
21632
19107
8680
5269
109
22672
2804
24662
11106
30019
25905
22330
4115
30900
22547
12379
5243
8887
9489
32970
18635
22506
6506
15832
3661
16872
40270
21506
19455
8766
27405
9091
22248
22051
3961
14613
11543
18662
14910
35031
37054
23047
15160
31118
29085
9406
18528
14881
12039
36730
30388
7592
37201
34262
9132
1907
30339
2491
2619
40527
15138
14901
5113
11767
26214
8834
9257
33017
18249
14075
35145
31662
36009
38373
16214
18621
12778
20332
19332
40064
9303
14081
12954
9640
13487
3891
8620
28760
2599
6738
9182
35140
27278
740
40412
29655
3197
998
36509
25399
29117
25878
15943
33327
699
3405
9518
18623
39994
27363
25069
29716
6446
9842
18898
12540
21006
14096
15667
24658
4646
20447
17155
38520
21786
7875
26018
30381
11864
36553
10743
7880
170
2087
22819
15269
28689
30342
23778
18016
24925
11705
27156
5022
3539
28346
37709
9776
33536
33894
31415
5969
40425
31320
3925
23744
26560
2152
12301
33442
23367
27677
22825
20118
20710
2310
1235
15439
11421
26912
8722
23598
29095
2028
17853
6744
8736
7148
39273
5665
21613
23666
3749
37711
35957
3644
38826
40151
813
11020
10130
16942
21850
27696
32975
14943
37645
28255
36829
14468
2705
8939
19604
13685
6339
11382
29331
36482
34911
12358
7609
24549
15549
18655
938
13128
32540
168
35854
510
14948
16908
16192
38930
28151
29704
29372
13396
17607
8838
18333
9211
1449
24070
36614
20475
38853
13238
11137
10615
19700
38345
37018
35688
7515
32281
5966
35554
11058
39903
36855
27346
23181
6971
13866
5509
25264
15369
9891
4785
8116
39226
36103
26477
40751
28205
32937
15651
14863
8678
12813
36367
10553
8136
38344
26772
13243
32783
5274
11571
19688
25371
39446
33175
5772
21248
10963
30836
5055
36604
5416
4155
25010
12142
35696
26817
13126
7959
16831
28304
13625
33326
3980
40384
38121
9638
23151
6585
27820
25118
10123
10756
33193
39099
23362
4686
6551
13373
24978
11821
32178
39029
8539
1653
11660
16419
20572
18167
7304
27555
18292
19412
30580
6637
16841
14301
15647
15274
33219
18844
24493
16905
26324
38669
6593
29539
28155
29131
29223
29684
18470
19894
7397
32270
3593
31107
27872
19330
5286
28005
14564
34061
35074
18371
29334
27927
26563
34446
7270
29243
11606
21551
6599
17767
12661
30564
11860
33284
33238
25370
7344
1939
34179
14625
1632
3767
14746
31730
33432
25330
31036
28455
7072
33241
2335
17898
31058
5501
26358
7385
29815
40599
54
27323
29519
29853
8865
4567
3805
36991
25019
1643
29325
39701
23279
34645
29888
35463
18576
25702
25889
34626
23238
37656
17168
17240
13381
19062
31614
3754
27552
27036
39588
26203
6959
4745
27528
12074
34340
10824
6688
16847
30376
40810
464
29810
31879
31108
35800
5204
33653
14478
2083
3236
25349
32133
3005
22113
11962
31120
36410
9828
6402
7486
33301
4215
21980
18671
1043
19576
14178
31327
21522
1417
21373
33478
19383
22405
26978
14565
38588
6000
18906
9974
4038
31419
20086
35889
23720
8927
21040
38616
17666
673
7847
11025
5780
5573
14131
12224
33135
22136
16845
40228
14917
3267
19955
26238
16186
35006
36779
33734
19282
2371
34586
27009
35959
37628
20223
19225
7109
26066
20737
30525
9389
2950
29285
6639
35640
3
9178
33381
14160
9698
8411
20495
32087
7571
17180
17680
32955
11095
33036
16031
4274
18206
22708
8579
38896
5978
7723
26318
2133
8585
36049
29844
13604
34574
7636
10392
28844
19660
34916
19210
17921
1647
30845
14947
35340
27882
38471
20630
24556
27356
17629
5875
755
5078
15302
31426
33169
6367
15027
24418
20226
35297
37545
3927
22456
6691
24035
36499
18832
7947
7424
35647
6438
33569
12625
32145
29513
1189
13809
26681
35114
8241
7509
39655
28169
34831
428
26393
31768
27946
8558
3627
8743
12464
543
9714
13267
40799
9738
2042
17111
30226
2389
581
18152
32564
9051
17676
21938
12246
12658
26746
20380
34985
13402
6856
19882
33312
23369
25335
16463
10124
26811
16007
29489
9755
14159
20856
29259
30375
6014
4855
2550
24109
40524
22996
31559
31047
35321
12940
5914
3977
17959
10056
32655
9424
27037
16693
39768
3995
8719
21371
29477
4264
7870
1433
30074
35682
10298
16063
25173
29910
13846
15893
11503
31741
5617
195
25847
6210
20365
11941
24800
11565
870
492
28814
910
4521
7156
1954
2058
592
32490
31075
39579
37403
26149
35676
14368
17886
40806
25477
38605
17555
37579
39174
13899
9697
16324
10459
26012
25603
6510
14373
33791
27238
7136
26412
27183
25133
23769
4906
37314
36618
34345
14427
39913
38092
34086
25710
26863
3284
19377
37816
12618
24614
27759
38872
9410
1566
23191
6118
35196
16449
4788
39343
13575
9205
4511
2359
8905
26572
17612
10511
17423
21944
7582
20845
35
433
4792
21731
38169
38654
24678
12681
18211
21221
24960
14404
25541
19985
31030
40767
33435
11031
33971
169
40050
6468
13891
2966
31498
2725
16819
24328
2858
28533
35507
25675
25725
34947
13676
27226
441
32284
15885
4369
17091
10518
11513
4616
2539
20508
17647
1298
18340
38442
3291
124
27554
18316
6214
15849
6719
5569
9457
8465
27994
28509
34833
6375
11670
15356
2472
12266
23143
22231
34519
18919
28897
21955
22069
8280
17405
17862
23959
31431
31127
16644
20788
19977
33935
40515
39868
16400
23059
22327
993
22772
360
25323
13198
37306
8421
35736
11367
10377
33265
18233
40114
35964
30997
23139
24206
7339
29939
28952
7188
32794
25625
9016
25368
27237
8994
40275
35605
29192
33760
7987
30131
32288
8112
17966
31008
28974
12442
25474
17935
6608
931
14072
7062
11416
28817
28901
39801
40649
4349
3029
8283
26981
14927
36549
1992
34169
30928
12564
21700
4073
15362
22909
39942
17979
32222
2434
22569
19606
22995
4419
28241
24626
11470
23065
38231
26623
27064
17597
26658
33202
10333
4457
22470
15933
28978
14312
4569
14572
39344
27633
18624
32006
7922
5916
9758
12850
22329
4622
9496
33482
26927
7524
34606
11754
31209
39525
20457
3096
956
2384
26934
37686
28835
10745
20807
25025
25526
40812
18481
6079
3145
20067
14832
17557
38962
27217
36759
1494
26975
8362
14582
36107
30984
32012
4830
114
25401
26825
15203
3989
21012
29675
34342
35510
18185
23041
1757
8258
28570
6047
9552
40003
29779
29849
8415
6804
29287
36939
26707
8326
33028
19092
14594
21642
32980
2043
16010
29690
12694
24610
12264
15633
193
34734
6307
27329
24104
16672
10606
14265
1646
40620
16109
26382
24562
17082
16732
20833
12520
8780
39392
34594
38828
11901
8674
13103
30919
35737
26395
1530
22532
35888
4800
20842
9005
36556
30827
32673
26431
20865
25997
2913
34469
40210
26710
19260
18432
15710
3193
33509
29710
40574
14686
3157
5092
19034
22851
37182
25522
10248
2948
3202
37520
38596
29116
15416
11759
9247
38948
19264
38043
933
33715
34462
1473
2637
11927
5720
33325
35094
29671
31541
1428
34471
29491
10203
36424
20660
19326
14865
1580
36083
17661
27627
4245
21546
19387
40166
39803
23797
19943
25356
22466
30881
18330
17971
4380
20124
37670
26788
28768
11438
23063
28967
8572
20042
34866
22586
12602
20731
12440
21661
35253
27901
22164
27205
25920
32537
5723
29945
30599
24569
8356
33990
23090
15781
11186
25076
17559
11611
16208
6034
34728
16307
30071
23681
36853
19215
20107
35896
2141
25213
33273
20156
31708
1070
399
30774
3437
31197
34540
31695
10462
10115
5994
2977
39231
9501
13058
17236
37429
31355
21347
10026
34375
26914
8380
1131
12118
1708
33685
18704
39970
37219
26169
8008
9412
19343
3710
10616
21119
3430
6414
31444
11176
27902
10953
406
13298
37829
20544
17759
39055
33933
11915
19060
39874
3959
28340
16012
6742
29951
38318
11885
22473
39598
40456
12553
23308
13950
20615
25864
8219
22472
7850
35367
2315
3329
40229
35149
23006
3715
27389
36909
22420
28011
1284
4790
1106
9696
28150
22234
28306
38649
32881
35870
11049
27026
11145
4667
15892
26891
36664
25334
38070
15875
13623
34738
535
5096
297
39799
1789
15193
3852
2127
15929
16465
25966
38022
26508
12820
4413
28733
11691
39287
30678
29922
40442
5522
9236
19490
31990
8713
3266
18066
20391
25955
21366
39372
38892
809
16056
23180
39271
16017
4699
39124
19445
13703
10840
12498
36090
3456
15906
19709
38559
11789
11275
39738
35316
9925
15668
303
10965
40548
23349
2263
25849
3310
38412
15960
10948
19457
30931
18952
26419
5984
22320
38697
29306
28909
14156
18344
24064
3019
3677
34808
33101
18785
1867
36020
12285
25810
148
9339
30518
10891
29813
30059
13053
30243
21217
19316
39676
17913
34343
17596
34430
7565
22911
36744
22786
7251
370
11731
951
29719
8091
18365
2019
20035
33677
28479
39953
33
1581
12535
22647
11804
34200
40383
9089
37527
569
15168
23574
10822
17428
3160
38286
6763
34308
19334
27142
6127
2388
28511
39810
3834
36792
10160
7772
9106
20521
4026
9567
14836
7784
34097
2217
16235
8224
5823
12815
19546
26989
31588
21909
7002
29002
23110
443
26670
11071
23120
7577
33612
36887
38737
36892
8497
9407
38385
11950
32535
3239
11477
18690
25554
27499
25269
38082
7585
10972
18934
26232
2142
33954
38764
40183
5882
10192
22355
29932
13159
28385
709
19519
15056
6671
20458
16661
21505
8841
31551
31772
16111
22863
15963
32052
11784
22510
33337
21065
6436
18463
12288
24011
39210
15382
35748
7273
9384
31845
33132
15690
15401
38956
35599
40324
11408
2769
28476
31019
23293
8100
4076
10506
15607
37912
20790
32818
37473
36494
6309
13109
23008
35591
26283
5488
27211
3386
28563
379
727
4157
15234
8949
39961
23641
2917
29411
12399
26054
37159
19024
3685
21654
17022
14945
7598
2393
34424
9906
8370
25865
34352
32675
15936
26705
4119
1576
28556
27245
4823
37854
9453
2160
5813
4238
24318
34014
37534
13820
17003
40353
13659
5230
4794
14457
9324
15632
13250
20703
33058
30455
14093
1582
10726
35614
22001
12497
5395
28603
24314
11797
10667
11750
989
1819
22160
17324
10221
9360
16692
7693
39514
17658
18227
3983
23645
39682
20211
13883
2990
35780
5781
37398
5031
997
25462
4610
5309
31005
15952
16784
9895
14649
963
37413
21841
21084
25845
38111
6745
14654
28566
25091
37892
17098
29035
39631
16355
28497
16605
13991
32778
2501
9670
20852
31103
12630
13157
22709
36159
7264
25515
913
20891
12470
40240
1437
10180
6243
22222
24760
26064
39972
33516
14399
8993
31026
32257
39067
35744
3384
7186
24378
4861
21058
26520
34275
29833
30763
31895
30211
36460
19148
6969
4165
1238
12099
27272
6756
28630
7541
7838
24690
33640
2762
28865
2708
26736
29758
33767
19779
9854
15036
31579
21933
7503
1507
18489
33724
20051
5050
18963
36583
34699
38251
28679
35732
19562
20184
29237
13850
16708
2030
36625
2454
1904
32335
29088
13022
15514
27361
31915
28162
17452
17486
11599
31211
33310
25014
17624
6817
24017
21216
10013
25061
20628
6837
24642
30654
28819
22747
15957
29299
6906
17955
31321
4560
34495
23010
31256
5769
29260
6456
35857
27242
27472
13016
37251
13756
40178
7022
26688
36562
16832
24870
20333
22520
9961
19017
38039
24601
1454
26202
24131
18717
29278
33797
37180
12217
30461
18159
10922
34148
18577
5432
3368
18987
18505
35568
35634
40303
22305
18079
27478
32106
18127
3416
13193
35344
34794
14510
6425
31759
32595
32338
32309
18905
5090
38139
37033
3020
27685
31948
36850
26257
36102
8092
7085
37469
26017
16276
22736
3056
20889
13303
37212
32086
33359
1355
202
24977
2305
33784
32523
27383
36121
7919
22643
15843
35453
37652
20645
3211
29424
14992
31295
13931
4061
26303
17798
37678
22876
1419
23913
34609
36183
12004
13884
19435
26272
3691
21283
17381
7842
22191
34590
23719
25824
6459
2818
32315
40087
4806
3950
19917
33153
20926
33261
31396
15087
30221
15482
16005
11971
21558
11852
20909
9093
8353
27649
32949
2033
23773
21075
31591
11820
34463
14032
28330
10504
31090
20399
30192
25782
11958
31204
30206
8978
16667
31012
30340
12323
25042
32856
17672
12080
3773
12643
22927
24106
40216
24439
17652
32083
38165
7973
14987
10523
11994
14550
27056
1073
24049
4357
16240
28029
9454
15664
14944
9928
9535
23117
4466
24771
7220
20957
12369
37323
32436
27781
6587
32909
2463
10420
10608
8028
74
21382
28464
32962
13098
37913
31276
28954
37614
38249
25812
15648
8824
11042
5369
26828
13947
29333
1132
35768
2997
5695
12550
23932
13799
4124
34531
25208
28245
37832
19270
29173
15565
31044
19036
40572
7377
36099
5304
2557
26835
31802
40683
17694
38020
23469
25022
14609
28949
30707
20393
24840
8758
19049
30188
24346
28908
36869
6595
23618
37642
25733
20596
23036
12522
25693
63
5076
30144
34721
32104
37657
39380
14919
18218
15872
38059
39998
26961
15272
32129
24793
27584
31960
25932
16454
7219
21410
38212
14986
15289
11125
15095
18010
10432
31726
36994
4753
22730
31085
31098
20010
11162
34164
22162
28862
31181
34468
15180
6131
23335
30573
40583
5759
37272
1995
6652
33081
10781
15248
9725
11648
1497
4915
26410
19645
4185
36972
8027
1004
23256
10472
6794
38375
33829
12831
18043
38033
8033
21685
35382
588
12502
33579
18908
4882
40173
1068
18364
93
6873
33925
35229
26051
23262
23166
31027
13983
12370
33148
25649
7978
34243
27386
30952
1156
40035
10156
33560
23591
27914
774
16183
7128
1452
40406
14826
35246
5855
27863
34153
13656
28184
20527
2992
16095
37056
29793
27523
24075
25635
14897
35122
32203
22803
30880
20140
35087
15501
27732
10205
17063
19134
25158
266
39999
21176
10423
12604
33159
34620
23735
7946
19190
20899
13572
34299
18334
35171
19517
18183
6886
22984
29869
34535
27678
18773
2894
6899
6747
37607
1997
15378
12465
39582
1802
18399
13924
20387
13263
19274
14719
8148
6875
25144
33358
28451
548
36181
28600
21648
9745
31264
2445
14800
8071
2275
16296
32869
22388
36391
16103
28745
14346
12310
2364
7600
19155
40042
7380
24420
35161
1906
7559
25234
38938
26268
3447
32156
35979
6418
1539
3435
4394
11445
40081
36711
31727
5750
25192
16495
3763
3742
17790
16926
9580
39290
16637
18000
6167
18320
39323
8389
5691
29955
28731
25322
1549
30127
11931
20433
13961
37475
6178
236
39198
28517
32526
26243
27092
3033
1739
23596
18729
38436
11405
14795
14653
8427
8672
33105
1942
7860
36065
35980
12259
3809
10902
27924
3683
23105
31182
11456
24189
36039
9467
17297
22699
37199
924
29345
24246
22859
33609
18901
33078
17401
23542
36978
39863
13905
17644
4669
39040
15040
28018
13864
19755
33204
35882
19251
12976
19669
32061
13764
34932
31334
8397
26146
28271
18674
12587
10217
1569
10681
1269
3521
9426
8659
23976
545
36193
6302
10396
24088
2138
21412
21498
25604
19833
13565
4260
8320
13965
9947
23738
35795
9119
24173
23556
34405
26509
14143
9648
29594
40594
5940
35877
722
15557
17548
27081
26140
11488
18614
1374
24623
4256
39100
12168
1086
17106
36137
12600
15742
14482
1081
25385
26380
5934
14900
7350
40233
25654
35473
23576
8346
36219
6136
38277
12291
34284
21996
7975
21325
30471
15795
13086
36220
23277
30150
16225
7934
31713
343
1578
17895
4204
16127
18376
10210
28392
22742
20358
27015
33551
4536
37772
27394
6602
18036
33191
28218
22626
13948
37658
17337
27556
16420
34044
13282
15604
12860
3419
6773
39706
15084
20743
32093
1456
4126
27572
20692
5214
22868
40322
5894
25557
643
4573
38446
15184
1167
36733
12070
11555
29071
12504
13314
20854
2038
9013
9943
9473
4559
21672
21159
23662
11603
13004
33091
4627
16587
33947
17083
37227
19701
25919
26655
8914
10555
18290
30657
13323
4447
26333
14809
18429
5630
38552
8829
19032
23689
22942
25088
33805
34120
1109
28140
26500
31331
38670
8981
34572
27828
12799
24835
18423
22016
14149
5661
24889
24935
12402
9336
952
35070
27399
35404
27422
20960
3147
9910
35924
31166
27932
37011
32427
4637
566
28484
1885
35852
15060
23538
2943
22462
14718
24498
21741
15897
40020
7558
5008
14220
27931
5542
29289
27466
16280
32875
11534
13181
37021
2123
26606
7367
30441
24365
40715
12306
32963
32718
19684
45
22551
23399
9673
29069
12387
4758
31707
9833
718
21992
20235
4720
24218
33361
20449
6353
12967
29337
31139
28203
11381
25560
36006
13205
31717
19937
26191
18229
9822
22323
3708
17678
35900
28677
22000
22022
23935
1842
39347
9470
33779
18760
22735
15624
22933
18869
28907
4345
23731
35200
12161
28727
23452
1459
4017
34053
33262
34786
38179
22255
20100
22947
9541
19603
35520
3510
18818
29073
20836
32165
22091
1545
20423
2067
4905
14791
27532
23676
35443
19675
21469
29978
13960
28247
14855
30138
5270
23665
1124
3257
32400
16368
906
6848
25893
33658
25376
31370
4877
31476
7484
32459
32822
6218
16184
27993
18466
19752
20908
11984
19996
33846
30531
2790
10537
4620
2478
14464
39119
2344
10309
16370
26462
25909
36764
4917
39196
1301
15737
22960
27881
19415
10695
36024
31163
30422
21164
5828
2259
20
28837
10513
1481
8126
4697
10669
6835
28670
1557
12480
3180
28678
27733
12307
36205
9123
30923
27433
9154
563
21507
33321
18879
38894
18262
11457
39522
5021
5307
28004
18497
17774
40685
34052
34331
19734
8177
21567
28077
40301
36799
6928
14598
33258
33807
6405
28656
28882
30529
25846
5941
36217
6582
22009
35028
6300
12705
24731
20352
25055
28989
13478
31926
24431
18584
33589
29111
38704
3619
25428
36725
11673
23675
14132
18176
38334
4676
23243
37934
8583
8301
35592
22409
38550
6481
21861
10007
28314
38417
10751
35861
13286
27536
19525
29964
24699
5529
27105
4691
7938
40284
26983
914
8379
28800
21842
7572
34058
9986
8637
9058
34159
39808
3173
16490
25141
32529
35007
33752
34371
27206
24911
18352
20492
27017
21797
39890
7834
15996
20232
33370
37006
32149
2632
24244
28852
4461
3902
35141
11214
38493
14274
14129
26435
11930
38395
31241
13184
12776
6826
11193
39493
1006
37648
18686
9299
36601
28635
23249
15232
39995
17446
12029
5848
17189
15082
16978
12867
35598
7698
36001
38664
4486
13981
2714
15968
20632
28240
34813
33402
12512
39407
25290
3717
16775
38730
17696
11303
24509
13980
14383
23387
28905
35872
24792
29949
23805
16995
24786
29976
38910
12046
39366
12544
7095
8021
13273
34174
15195
3282
15573
21867
9749
16808
729
17314
2819
38314
34136
11267
6389
7331
33850
36364
25806
14503
26656
16758
33905
36118
33289
4296
34051
23021
9678
32147
23311
28755
37880
4641
3530
24405
24619
31436
758
7907
25112
31229
16038
1289
7147
17618
9265
35439
36283
36540
25644
9228
34888
4998
23174
40043
18732
36022
9084
24279
31870
36598
26773
12388
30860
2626
22383
23759
36789
22090
449
1224
97
16883
18897
27263
11101
20537
22211
27430
13594
16430
21799
1122
18770
21407
29416
36346
10060
6858
24873
29599
15807
10735
21198
1795
13185
9210
32643
806
15288
27775
29017
11964
6643
40531
2801
33657
21807
1948
40267
1710
11375
17263
37976
16295
31814
5071
7750
38839
32880
17188
40241
27051
4578
38778
25381
16159
18981
11587
32117
17346
19209
16676
1330
12824
4832
10850
33080
17005
37930
20874
2155
35108
12028
13377
25605
36222
18172
34992
3111
35630
36757
2590
40701
33181
3946
17659
27052
12068
39672
13882
25597
26748
27140
28762
26695
7868
6264
17698
13440
10644
28935
1764
29394
11908
36150
27726
30012
40712
5441
15825
4749
15126
27878
13708
34702
4110
26838
18286
10493
4977
34485
15878
491
19696
12703
10886
3158
30251
29067
40252
39519
369
7706
23375
38116
28292
20313
15046
26644
5626
6027
14543
1958
26519
17241
30995
13256
35431
29507
11005
8075
18658
13664
15941
22836
39456
27428
24452
20542
4099
19921
28891
24825
12228
26521
4756
6979
5689
8554
20240
33764
20007
7614
37662
4427
9045
22775
17810
3342
38913
31499
32353
2422
12262
23573
23345
20724
4986
16840
15342
6137
16146
33725
3486
40152
10211
33819
13083
3161
27821
39062
31144
9595
39030
15932
18758
7037
34062
29075
7050
19187
6740
15106
2006
3484
14337
38478
36788
7710
23321
8490
32524
36253
33678
32239
11090
33276
17973
35750
6561
18533
34669
11485
6658
38701
39331
25734
6257
1550
32760
27571
31815
4902
1916
5408
16876
3823
16766
8305
35794
32516
37359
15767
4183
3861
185
10064
23869
24796
7425
662
19492
36142
6832
10798
20268
40773
18755
21375
7787
2405
9818
17544
22623
14599
24005
18001
35583
21645
2172
25855
37549
5645
16248
7671
25707
12082
1767
8778
37981
33982
9018
20797
26790
950
23156
6823
27449
17725
16283
30550
22484
9190
22751
39165
12111
489
29691
5728
35099
2554
28463
28124
23856
6724
22902
766
40759
30905
33628
36587
25090
18762
17834
2416
6064
38055
21086
38396
4851
39262
14042
7457
38706
24839
25874
21554
2750
28537
37317
8502
37059
33754
22004
3062
1603
4422
22141
17150
17877
3642
9331
33449
32056
23502
35560
28358
19634
27236
18431
8714
24333
27453
37558
33857
11105
34966
39312
8506
30156
17718
12953
35236
37351
19750
32780
12051
7302
11564
19888
15245
21487
17045
17702
17513
25495
40745
21447
10519
7899
14534
15034
9174
36918
39984
17194
32196
22805
22575
38890
28730
25068
26561
17573
29819
36806
39577
21452
20714
10884
22951
39274
19202
30224
24530
8885
22562
12065
36828
14489
5283
12847
36712
249
38071
9368
25771
16319
17818
6087
31753
22808
40449
22542
7009
38518
31492
25320
19419
9358
5929
38477
17992
30014
35013
6902
29905
22653
20429
4209
12507
9379
39563
10477
24923
21954
22977
19563
36531
9726
38075
34674
18950
19988
11310
29293
22184
21399
30802
1607
17565
9483
19499
27194
4728
2293
146
18578
26496
10692
38874
12333
801
6624
38923
4294
10516
36124
4192
37329
30557
12169
69
24872
4374
3026
1895
6685
7321
12478
7718
33035
30535
7799
9520
34625
21377
16811
36454
2893
9949
1413
19839
13854
29908
25683
12782
3351
32495
18850
1137
12633
15682
35868
34714
4446
13643
2810
22180
11343
1398
3297
13943
30078
39471
15726
38656
9800
7599
40386
8859
8816
19317
23104
31558
14300
18765
772
9662
38110
39545
39901
27785
37443
20386
36079
40195
31585
14045
31017
1470
38452
36813
15773
32598
21556
39362
13554
21285
26957
26421
11605
10772
30702
23444
33555
20266
1568
31365
25850
7298
29058
6696
34536
35063
11792
13735
14797
25347
8441
12996
23058
2629
4940
40764
28105
22625
10753
35841
31131
18358
19592
17574
7365
13588
15190
7053
6379
6828
147
18940
39238
25340
5886
23518
21649
23864
33522
27401
17468
12287
22059
31572
21270
28001
29515
985
32626
24414
21390
14219
17638
39666
22964
40613
23787
37149
16769
11889
16932
38718
34134
17047
1781
14004
6187
552
33111
7520
1742
15789
16854
4285
25053
2707
36873
14192
30837
3703
2473
4831
33835
32058
25341
25694
6526
22307
4626
10246
25572
30625
16101
8567
23422
25304
7375
29233
29307
8696
29680
28343
4815
39817
11235
37629
25165
11763
25789
10085
22204
6060
26593
1484
6360
32714
14290
11728
37970
3112
29484
34658
1292
28477
10457
37109
2153
7728
38157
40014
19791
23075
18855
18582
28461
38188
36547
35934
38409
10308
29872
24377
28083
32235
40507
26103
1150
5411
8563
604
5899
6026
26567
9259
34862
36453
38229
5895
30554
20377
38696
37495
22376
18060
31503
23992
33856
4111
6016
12904
27427
7200
20757
642
17375
4402
29998
35838
14790
21414
14912
35342
16633
176
13569
30280
26924
24412
2821
3039
2093
20148
37068
15533
39813
27542
33356
771
29784
6797
2625
36641
13071
3469
10652
23525
7410
38353
35362
16956
2239
6897
22471
35437
20736
26678
37282
3061
2796
30514
38087
9987
19293
18015
38137
10452
32728
16603
30731
11898
37735
30442
16134
39821
6374
29179
18591
29906
39755
11822
24677
22495
18668
30975
24132
16539
34919
5754
6512
15754
9468
21712
2981
21437
12835
12690
16305
34017
27981
38083
32175
34904
35220
31404
4042
32143
38312
28224
35699
20310
2523
32376
19995
30540
18759
24651
2904
16213
35012
16802
39171
21148
19767
20350
24398
25761
4415
31958
1158
21093
21732
31168
31009
26136
14499
30800
2688
15889
19959
24744
30024
7288
8006
17528
8847
38675
13309
32392
37157
14338
3177
40688
28256
21300
24749
5527
13348
14798
38785
36390
34043
25982
1725
1427
21227
2050
10016
18030
5583
24048
22266
28775
34516
30974
31912
15008
28135
19164
29900
25466
29868
26952
11075
9213
12209
32900
253
22553
12777
38456
23201
30633
4066
1864
34581
262
11132
17467
17268
5654
6630
18907
17234
21428
20744
8685
20277
6479
30938
13118
1371
24435
30648
24730
15233
4219
5683
19824
18886
3751
317
31130
1812
432
15955
38529
32858
35003
3524
21317
37371
14745
39737
19443
11120
34082
21294
33837
24380
3788
8540
40470
13777
18299
9903
7892
32048
10917
40396
15619
20831
9815
18994
29298
30405
32442
20244
29658
32807
24100
36548
1029
18627
3066
2674
15575
33672
16792
33471
28075
23265
25653
5817
10375
5505
17113
35615
5526
24278
3308
24032
31286
11626
29573
13042
34296
5302
29980
38176
13513
37708
5885
39719
531
37563
10360
30519
32510
8876
20688
17114
9902
30092
29429
40204
15814
22712
5394
21240
6774
21703
10819
23009
4812
26618
28797
13237
32620
20488
37540
24927
13035
31817
6911
15612
23061
9531
13578
27750
40343
18219
34883
7125
11764
36478
13467
192
8179
40104
20082
11419
1691
14343
496
821
40444
33983
28875
278
8734
5554
15724
10947
22196
21184
24444
14975
37325
39072
16164
4250
31391
35203
5449
6255
14949
8140
21801
5778
25530
19554
12762
22106
25819
1018
13347
35573
33723
30113
10629
35000
15817
26931
664
25871
4059
2180
37765
19220
17589
18398
23999
36740
8197
27597
7629
37886
36845
28316
3059
19965
40221
7446
33847
12121
6661
13046
27094
39546
35805
465
26010
2008
18672
13279
13748
10752
35084
2748
7157
27814
4494
28716
27955
11667
9492
12203
32810
15402
9740
3898
26854
25220
11174
34965
37570
34736
19851
27446
30273
6667
35897
6394
29514
17134
7497
24433
20451
36060
15455
38389
32652
3880
36507
19277
7076
28723
17237
3797
9010
39479
5618
5178
34473
29254
7444
4472
27989
5745
19258
31235
32395
31306
916
39544
14633
29820
23125
2817
16234
29578
39973
2110
10747
26887
36206
25703
24997
1753
17038
6499
28923
27210
30297
8407
3089
38037
18446
16099
30350
37825
6807
32765
15266
31395
2480
4403
35412
36935
6097
27933
10206
35275
11481
17968
8643
17190
6955
13308
35847
40486
4944
4878
40422
35789
20189
3728
11188
5291
3277
27032
21893
31102
18163
11044
17473
23190
17552
6941
27500
34259
847
23590
9476
8192
5843
5858
23450
23714
9812
14888
17530
23839
139
12770
38205
23810
4873
20346
7958
28848
28363
9233
31381
25568
21392
10239
28687
22362
9594
19990
39061
14588
33605
35819
11289
26165
6015
461
24402
15361
29732
22924
11345
20372
6116
19993
12488
11684
39352
4093
36461
2510
11653
8103
35483
8903
554
27250
21754
29503
1498
39402
5887
3169
24582
39126
33820
8842
10989
38358
1348
14267
27521
10458
18650
1191
37195
32094
32130
9311
25980
10582
38668
35609
22688
15261
12816
39552
23234
15333
27631
1147
12830
5662
29470
38865
19666
15685
23246
19439
20691
37008
32334
26390
33308
12742
4174
35883
27378
24021
9112
18894
32507
15652
3713
17655
35642
641
3621
799
26497
13364
37205
12244
20049
28960
5789
18068
19303
482
16053
31257
31694
20804
29099
2786
27337
26611
19466
19003
29353
22260
28598
977
9035
5485
35461
30896
37084
34524
34983
19569
30972
36926
31959
38776
39434
9081
8991
38786
3144
9921
33863
16512
19162
7280
9704
18750
35988
35201
38820
10794
13133
29397
25921
9658
15154
17493
373
33909
625
26068
12863
38888
21374
8788
27457
28495
29466
24356
21059
15904
14295
17203
28674
734
3817
32846
28017
38299
10376
38101
26691
6716
18712
22561
18412
26582
21988
27569
20344
26413
5287
40198
13400
15683
3999
19668
19361
10605
39891
17991
20694
39064
32461
39060
28644
9605
10385
22861
37685
4824
14447
21984
206
13176
22313
28881
13041
6190
14039
9967
29625
10842
16263
37624
2399
4081
15528
14367
32627
36215
28613
31160
17084
26824
27117
37453
11127
40616
19705
16565
27808
32915
19619
946
19454
16260
17821
38388
33293
29209
1204
8191
24254
16245
36466
30402
2171
20619
32746
19418
15385
2613
16514
37859
25358
15827
32135
35725
27049
40576
25150
1218
10177
39267
27074
39459
32384
32267
19899
21319
6982
37757
12988
12261
20171
16277
26356
21796
21230
10398
29423
26702
33010
13596
20287
16445
11692
33631
17688
30878
7071
10672
37794
31117
8531
16675
26267
4449
10823
20991
28571
11323
12736
19138
21187
26459
19053
9225
33340
23963
25186
28538
5346
17631
12223
35976
15517
28054
25561
35908
20169
28738
21900
6469
4020
182
13713
47
36791
18239
37051
26839
5581
19249
33532
14698
9553
1085
25157
22137
14741
38623
17206
3605
7637
31823
13148
26350
24354
17327
27809
2151
2644
27995
16955
19082
6654
20312
18851
4029
7649
34829
7910
40511
21060
9863
11932
534
33533
13844
40689
38510
684
11577
39097
737
4008
25101
4579
35947
4931
14124
20712
30602
23667
39749
3533
18444
20213
28843
26798
11019
33768
39644
6249
26489
19379
26253
12680
27477
3307
10674
39951
6915
34400
3947
681
31014
36535
10164
12194
9277
29327
30136
27880
27973
34770
40480
28182
32248
9046
9281
17130
31477
23266
24502
23611
6626
13389
8093
12595
8195
20282
17707
36536
29280
38575
39540
35651
18103
4727
39770
17546
40203
14022
26712
27021
21975
39367
4554
3057
28948
22498
33679
33991
32864
13651
23688
9381
14573
7896
30017
15568
39782
37911
9163
35228
8398
31934
22237
11550
20506
18242
25680
31358
4200
13442
12991
24273
4328
4482
35828
36082
5486
33900
10683
40552
27641
34074
15821
2269
31451
27377
40466
21803
29624
1012
22453
39154
9542
32650
35339
10739
13630
4784
30065
35294
12235
17213
38612
957
33200
24558
15480
26446
27187
12468
29079
37087
1899
6096
784
7848
28137
11449
16156
18456
24375
27270
12763
16116
24845
21037
33456
18962
10556
33384
5635
39480
5937
1662
1622
24679
5776
31897
14596
11210
31353
34309
19687
15359
36928
38720
35617
10058
35065
34515
21264
18117
7689
7203
16098
1082
38488
17903
7608
19011
2243
36797
9957
27877
75
12380
5053
27151
27041
9768
9956
23939
20644
4087
36100
26679
1703
2988
24716
9734
35328
8097
36851
17103
30568
39465
10358
38543
29990
38236
12612
28227
18341
6849
36269
20178
5908
22326
19900
9786
25728
40038
5029
21597
1840
22524
30033
6860
7133
30530
39225
8161
20590
20248
29462
35420
7177
31594
37741
27348
3984
29319
19540
31435
17347
2704
596
19874
25480
5424
14168
35626
28117
22454
9162
26540
40300
38003
9306
9189
4145
24554
26183
27452
18706
4836
12394
36847
17664
19006
26161
20425
27349
37435
20305
34673
1759
18278
12513
25628
38096
14665
1328
19407
34522
37795
26208
1813
6650
9290
15210
29697
17267
12527
12556
4879
17541
20420
23812
14841
19513
12804
10914
12790
4306
4859
40526
6560
30744
37745
35949
9417
18014
21927
21773
4508
11131
8470
11581
11680
31432
36018
21229
947
29623
24463
2697
12947
14632
24809
14055
1346
34732
18911
36053
25513
11551
18506
31528
32528
12393
12744
1268
26893
33166
37996
10657
19506
31883
10547
19732
39615
7701
11255
24594
15526
38974
4782
21030
29766
32041
33216
39416
19983
39800
38539
33770
2780
1431
12309
24557
33268
16889
27491
570
40073
15364
20050
3553
8061
25723
8953
27535
1563
20043
13325
29683
39410
32771
155
21273
32515
12861
35930
13257
28872
26427
30556
35835
17651
19279
28014
32183
40696
880
32158
14583
9177
4242
35043
38153
10782
14255
40797
28446
568
29927
35385
33075
7179
2029
5065
15953
18831
4368
21322
83
16827
8615
17488
38386
26737
34558
34222
18319
2074
29159
1744
8146
40698
11669
14311
22913
20792
34711
26375
35588
20364
38281
39294
20990
40742
9803
26982
37836
14646
3850
4259
4783
24726
26070
2021
8584
12950
4821
23951
13518
34293
27157
9687
36284
11694
39923
5584
18170
5898
18830
7806
24028
34302
15312
31482
18235
14737
627
40754
12451
14715
14501
4715
30851
38429
15483
32519
36438
4952
37585
39602
15135
30658
13287
14018
2584
40411
20483
31198
4340
3529
27454
30764
40116
22923
3623
9591
5229
35721
9534
7173
24551
6450
31129
25479
16448
16051
17413
32708
6943
3515
24036
31963
26753
21282
29861
39964
35430
6073
35866
23779
24724
290
37783
21930
101
15971
17715
15525
4885
19094
28122
19697
26553
37808
5142
11524
33593
13170
40681
38989
26894
23095
14376
40496
26889
7142
4379
32991
27961
22102
16715
29712
35582
35966
5348
25712
30853
1822
25057
17936
19762
33756
16723
7915
18813
33201
13527
3968
19308
14164
19650
35537
6777
38943
2524
34836
397
6502
34459
783
13341
4795
8264
30994
