48042
63367
73301
8646
39950
18306
15700
1330
51193
3836
4155
85735
20691
53149
26080
55526
138
83889
72427
30527
51458
16442
38228
82571
56981
81291
83353
42709
37970
3921
21357
3540
89595
68332
25500
7410
91103
63421
58943
28347
7034
18769
73655
97207
88699
73340
44578
8664
78061
3675
11799
47714
51234
72566
64957
86312
80415
39479
28594
91869
30885
92343
43860
64613
93133
14631
89870
81748
5083
70171
46651
10264
26523
46359
64084
67777
38201
73991
97128
93947
83813
82029
29719
46852
33991
31517
18341
40501
45341
47106
93147
17982
38456
46932
33060
44115
42539
63931
64492
71974
32999
92951
71248
30592
19774
71874
32714
84005
32114
24432
79319
39672
90180
8506
26384
12081
88719
63457
23950
86689
87427
96065
53861
84317
75614
5339
4048
17651
71486
49365
21355
95914
6897
81234
46365
90910
49897
96058
28632
22791
81738
93116
29996
80349
36522
6768
92348
97762
5037
41431
56107
70982
52292
89782
34746
67687
62245
146
90946
45387
48054
4042
55309
16600
62118
75501
78421
30554
72337
46487
22455
92546
67932
815
63712
94315
96445
28121
3023
78154
41959
6554
97440
34211
59660
73389
92236
81873
44317
46383
42161
74831
11122
47382
70479
85354
32601
80100
10519
95628
14394
59307
2371
93606
60506
30038
24527
22844
769
7704
39540
59978
5965
72167
37333
35949
41632
94598
83687
59253
56354
36404
88110
90292
2700
54394
32205
70249
16711
2976
17893
78534
66190
66140
35917
84039
56749
20163
8156
69967
54924
84155
23411
57244
71839
21396
34232
21101
89530
703
81825
23650
30684
34574
82442
59618
94430
3725
54183
32914
43307
65301
5303
22711
30565
18853
80388
92449
72530
13000
17272
79341
16649
52483
88151
42133
92397
40739
40609
89541
85624
47677
11719
91457
88922
52589
16977
94152
17278
33980
40325
93891
88965
68189
26779
55551
49135
54361
61598
56742
22796
663
92667
56590
76529
31613
27834
1200
20637
69704
27082
287
97367
26094
26895
61218
77257
4625
57599
58324
93766
73600
29997
8955
33313
10885
36862
36055
73264
53963
50851
21801
87160
2646
32582
94070
97861
2666
39390
28992
49377
41952
31506
32250
64278
83138
91015
31088
44883
38811
82533
4070
31818
13510
29444
41357
49946
24650
38309
61022
7995
62917
30202
52243
86074
20695
40411
46458
80925
92283
15312
66422
16741
31520
51350
62250
68853
41953
38025
7713
32966
66038
74053
71443
66997
79453
54291
4040
88652
95902
47068
70843
4543
98257
51274
35887
84655
82702
24879
54650
94829
97908
57720
6414
53599
3174
37217
12643
38841
33780
39652
1848
20468
80273
73988
88847
13008
72821
17970
41323
30519
97896
69713
42230
32644
98154
70515
59915
10092
25345
37308
88913
45212
34991
35943
74334
80312
26345
18722
83476
53831
66249
56478
41103
76836
47387
72342
46443
2309
91435
24004
62802
60111
57768
33921
92979
75601
40762
56241
35816
24496
29051
57770
22201
68566
86206
56396
80203
87764
74720
81532
33859
27110
23539
77925
76258
64349
64593
74087
43770
64453
25431
23818
4770
68301
40027
4182
93246
8443
35721
86699
9345
84203
50287
35430
94922
53137
37925
5220
86995
91870
26126
34958
6221
39703
76092
42397
83340
39177
94851
71139
40053
98145
4820
12767
35881
45640
21683
2994
41678
9333
17459
96213
65647
541
60794
69648
96273
77363
72930
89999
22272
70379
67812
79027
25916
85200
68776
7369
95781
9777
28817
2821
49774
31015
14834
23858
78726
42025
75242
50130
68808
38057
86358
3006
4412
94562
8726
31867
92564
42342
50444
97400
40136
18927
81232
10882
55071
24762
20474
52969
92921
80453
9239
85731
5212
95840
52706
91431
23511
41640
19832
58818
33242
64221
7929
11861
71147
71857
11513
3097
93358
3277
66900
89631
66544
79297
39282
89920
17092
17132
6535
53142
74219
92514
51396
46466
66303
26314
92714
69642
11691
93755
81206
22424
52411
43653
10224
86559
78175
88645
64578
54294
87184
94695
34781
33269
95011
93117
89191
54483
45639
27727
74007
59620
55813
91212
71468
45404
88073
25964
48294
66815
94161
27558
52256
67365
29274
96129
48976
93751
28789
23467
90645
36237
29087
8074
48935
31217
59351
20680
15544
19333
43309
11194
22425
43946
97748
56659
20537
68003
40617
77322
15253
48414
79737
27647
32469
36703
30155
20712
87817
42092
49669
7706
57941
76153
65054
69005
27475
26942
59111
3556
45113
19872
31716
79534
60546
69553
17285
14530
65037
77887
49185
55180
90552
56413
5689
21471
56306
34747
61583
84390
52465
65133
91259
58485
50592
36420
75599
12708
9127
66668
25901
72203
4692
52071
90106
86622
37498
62567
52160
3349
10628
47907
74135
31974
23170
21984
76204
51249
65598
53220
40594
16027
95878
49444
89392
64683
59756
87097
77361
11817
54155
23441
26465
26282
1007
14500
55647
58824
71627
14609
3735
24588
97976
23360
17055
73717
29502
56363
26178
46169
20845
57304
22389
4348
27094
39071
77380
64493
46244
36577
20713
75113
88322
41060
4789
82582
92135
79164
34162
18797
29931
6998
70809
96412
94312
91459
97464
40306
2107
10498
24346
13348
52386
2029
72435
21937
68328
4382
6767
34435
69241
51070
11618
59210
25520
70728
40145
23993
55474
62717
43426
44275
57429
90020
72486
53667
2222
58364
5988
16638
95868
21223
2878
31414
57548
87892
41113
29033
46619
40223
63159
61327
71860
15800
23308
74577
97879
17375
24569
30984
61124
84725
92183
96330
66372
39635
93813
7386
94109
58054
27592
81016
9572
27128
2120
15924
35002
70349
51902
87503
66634
59873
32256
65116
57650
70807
6425
47274
28155
36523
64314
65622
92639
89239
83879
88461
2253
83375
37341
23189
87494
54854
56779
29223
42183
91223
3156
86408
5913
60429
29258
51998
27772
91027
84082
79142
73780
89764
59699
18450
76750
81126
43137
91889
58001
59362
81976
1405
47242
18172
38051
74663
48619
22891
73375
84115
21662
7007
39545
81403
34058
64677
70884
94543
4834
85907
27199
75123
11974
77141
94097
49970
24848
59568
4700
28176
34832
29097
75369
95156
26208
16546
56837
83933
33694
77898
17747
11302
3837
73536
94478
73440
75842
36795
29923
47763
32223
91354
38378
35393
24057
33075
79810
65866
40900
86060
37423
19383
60008
24063
63890
52787
14436
71944
47740
23547
83955
14810
29697
96038
61983
2052
42018
48525
23754
86467
70300
92701
56670
53694
96755
53076
88248
50141
85663
44948
80183
60302
60885
97671
73265
44921
46838
70703
3845
59701
17777
60229
71871
36628
935
161
2876
35088
64201
40520
76411
83068
43607
12082
13067
68697
37163
65673
55748
70551
38540
76600
24460
44674
66297
4086
52437
77995
23773
51474
42436
35957
35977
61322
22075
32283
26585
33052
7175
51688
33888
9721
93386
22166
54956
15203
66965
61521
62478
84468
7588
57834
50098
20137
37614
34124
83618
10278
15327
27858
49274
97028
7700
84562
61181
18607
79462
53510
9220
82058
89429
75233
34607
35594
63318
3644
82404
91839
7394
32794
43415
27940
27683
57467
38659
20364
86961
24677
3651
51754
8868
94464
82512
50536
9151
50804
82318
27481
3562
40798
72466
93401
5124
67642
96580
21672
65248
85077
50394
25071
57058
73879
17981
3459
97855
46409
54206
5836
14251
29810
82989
20822
19742
21949
92884
55659
92227
49703
30351
96659
88525
20917
91803
79751
79809
87740
12048
16801
28269
30357
863
12386
1304
40982
69329
91216
742
68874
75241
28570
57046
60611
80788
91246
90442
59798
71090
11054
85581
31016
93885
16823
90155
26690
55205
73333
79925
97449
2674
54325
42713
6222
10931
24159
85809
96584
24858
92175
38064
79673
20110
84962
97910
40455
3743
91361
23096
9930
29848
4308
48047
21646
18499
86041
48337
43447
60196
64331
95841
32019
21835
66270
21661
64018
23658
89653
84721
95634
55773
59221
66261
25451
27383
38538
33322
4349
24625
5224
86643
10073
31883
37730
36339
76938
42725
97829
22869
20156
65725
1664
52345
35207
64296
94411
53951
24477
78110
3434
33905
23729
39036
10915
27469
52840
58977
28100
11937
46422
409
83221
88281
94255
46405
69120
46337
72381
59286
35487
87813
51497
5969
28898
48694
50048
38724
36794
56823
21916
28730
6691
44116
84192
97503
93384
6573
6710
26332
85851
68451
6189
90831
63532
16836
26999
19597
21106
2219
70097
91194
18580
38420
71854
29657
41095
83665
67290
50364
46928
71885
22625
13881
16375
41135
5717
45559
74208
65018
60687
38030
82147
72788
62502
63
97966
73846
37294
71688
65572
82020
37787
4535
93071
71961
23373
33712
81550
27029
54945
63658
81796
19808
38158
64268
88780
17435
61004
41599
48288
53755
36203
75587
49645
44442
9232
75956
13125
25083
41572
32335
39508
78796
70397
52416
66498
76886
91478
68185
43088
5407
90851
48937
58518
72475
542
27464
61007
81069
57523
35960
53048
95105
73658
62450
23695
71148
76840
67384
59089
79311
19654
78139
29849
30255
83167
55059
9769
43310
98019
21849
11414
96522
19074
82962
47934
55027
92673
68465
84763
77522
70986
36359
8492
5754
65956
32191
39236
25114
15193
30389
77826
47114
41762
24452
40012
12314
21079
36329
9252
84866
8089
43457
59349
4371
91036
34774
7489
65403
43065
79286
28036
62411
41679
72283
85591
7271
59639
31864
26443
5477
30356
33955
21161
86285
53365
5016
2523
60066
61979
22426
21187
41577
98182
83189
2709
5486
49320
75754
22778
7357
16498
52418
24339
33884
77354
68280
90350
27320
12872
41478
33065
21475
40776
75160
49637
50430
59949
62140
34267
22570
37004
57097
79536
15219
92633
7076
56550
90407
96248
25789
71664
24610
67825
63130
18446
1368
11862
33907
43469
67924
13828
18680
1178
74910
83075
81260
80960
13944
73678
13210
22367
65671
42693
39861
9846
33259
28698
1835
74920
20446
27664
52491
81452
73725
43829
54293
45490
52339
45318
57064
85704
40228
43036
84242
45431
83857
79397
55384
51231
14782
65663
10408
60861
73597
43563
81435
4871
52403
98088
74664
5133
39278
82697
9107
66257
17330
1629
82929
9036
64732
58374
60972
23528
6944
84955
43129
42727
61089
87658
72771
21337
10044
6655
33900
5248
75585
15199
8960
31447
73724
73906
51387
77246
53615
72067
52480
34373
80250
58062
32167
95034
53411
40250
72552
2292
56257
17220
95941
12221
86892
15584
32871
90017
73580
29260
97679
58796
85811
91669
67648
37282
61095
45686
5287
43586
94240
12604
83260
21112
50391
66092
75832
19957
82530
17434
47822
37828
58895
39211
23809
86153
67552
6297
13064
74150
95412
1717
87417
40347
31247
17044
93575
29366
82560
9913
83305
81706
45533
74243
3407
84728
47120
29779
25676
93678
70057
51462
14012
36053
74650
28101
16530
30677
71313
75004
93598
37471
39521
24953
36642
15975
13646
1148
12463
11570
25370
90091
15444
77030
26210
27579
78234
2408
77715
85523
5093
72173
34295
64170
26751
69081
16871
90125
52048
48995
4249
30524
29141
73669
17992
87881
65813
56277
55962
23182
51670
36095
52103
39140
73891
3699
91656
44899
19560
98288
94460
80323
78740
45969
91108
74834
6306
16348
60641
66286
14878
75074
30280
28906
57411
63999
89967
16475
76738
3442
55663
88648
33001
16466
86598
24644
44091
26189
39884
56718
69085
46606
60791
89583
7833
39531
50972
26939
526
80102
39125
20632
74399
91270
60867
17527
4396
2148
98028
3458
44669
80327
89401
43109
22776
11245
58078
65792
14216
79927
57182
43351
5575
36136
16864
80247
43518
27085
38704
62242
84535
80565
20316
57294
21384
56126
6724
30692
52428
51591
2086
93722
55072
8501
58060
19016
55834
69596
32668
63860
61871
72669
386
7204
1161
43691
30556
60206
77200
19240
96118
40243
69517
38534
25244
44881
36559
22563
70062
78295
18115
2132
3336
83067
4486
63618
85216
12435
78609
6703
41654
55711
53504
83606
8350
30888
60571
41730
96184
54868
10007
52427
94518
48453
3111
2913
72029
50709
45964
21657
31898
47955
84941
42326
90112
92028
87482
94332
88340
82891
4304
94813
65110
57456
85931
45299
94817
96663
64898
90243
47957
1064
40229
77620
37820
43000
20642
65377
72865
54333
25295
56563
22363
37654
9704
23580
32140
94383
58885
5176
92614
10220
95813
89088
51521
88909
67199
55961
30001
57414
68621
65881
32967
8920
26906
97881
62569
26713
35045
64062
64506
19187
10967
52065
10810
19056
59142
76839
56025
92629
70285
67339
56875
84483
13657
77974
70456
36560
97319
44857
91203
93746
35684
36867
89002
19269
93632
19385
46970
21693
96593
78201
80189
62073
44173
4506
19342
31504
48905
44508
64606
43142
20235
77672
72586
58997
73103
67943
35164
94580
41045
63940
57925
64814
42124
54032
66149
20907
7847
17502
42555
48003
83543
739
57220
31208
64385
27423
43556
32242
73443
16929
71696
39046
36689
24294
8675
80186
20142
53062
76791
38771
13677
95625
44810
95025
83615
66456
78524
77167
1
24839
66415
11534
40717
37893
7244
11298
83778
55078
8348
65780
18434
34275
14079
50567
47835
50236
69393
36102
39821
21116
31061
26533
45923
6819
21864
71932
11500
38634
29329
62858
53168
58094
63314
42653
11105
82666
91437
37650
59731
20081
30047
48534
11506
4036
61832
90561
27896
75957
81149
14129
32044
94574
17481
55272
50179
81406
93744
19574
45014
78313
18204
63898
92803
53302
96530
88679
85787
65795
28286
62277
33897
27726
29148
50667
29968
47666
79787
77607
6305
18620
32963
44756
95169
96998
60507
43516
96645
3790
16911
92801
64518
72239
26786
52537
7772
49708
16686
79675
96117
61698
93066
14983
87643
41409
20601
28765
13484
65284
48397
3147
3079
84886
29383
62552
3415
2339
61112
81079
22593
33760
47749
13877
39908
77818
16157
40522
32043
92795
90145
78868
61643
31426
49532
44371
23760
31665
5668
59604
65003
91148
23555
39522
35501
51247
8147
8529
74015
63031
35722
58807
31316
52390
40272
42589
35170
19509
31596
44540
52193
47800
63990
92202
53098
85594
84682
79140
62566
648
82166
2614
13627
52415
68726
28131
27815
12963
43720
7026
67598
84364
27291
83533
3484
10455
12424
2498
96681
15810
9304
56469
2351
25016
87060
70096
11915
60021
26183
54267
92466
55493
93282
56132
23788
88028
41747
16238
69922
52257
43938
45563
71695
62135
13251
8447
97100
3890
48271
20780
88893
68781
59514
40396
86098
12328
82688
28283
24981
36587
67362
17159
42968
70134
90429
89655
9770
54181
15168
91066
51164
63818
69316
72013
80709
97615
87968
7925
88939
93740
35991
2875
60713
23446
91377
31645
41777
28960
47173
41362
33084
41830
35802
20952
76813
87430
1685
83820
68630
91392
68554
34345
37946
15968
24685
77555
21349
58875
85838
82450
65239
17235
29611
44919
2364
89846
36594
15205
52174
73767
15084
93078
52523
91760
40121
43964
75538
89752
28300
41235
25010
54953
5403
22428
61366
71934
82134
34426
61133
66376
47045
30276
54769
66328
67419
18083
29971
13615
73784
49015
21480
40607
56661
36690
33591
38054
18072
25015
45813
11930
10318
57998
34153
72826
20514
55067
49102
70141
43123
54822
54840
4172
17592
29288
96999
74291
91171
72059
50849
5632
30436
70684
64852
64955
90475
2954
55420
96112
81072
97779
52582
27304
91721
77106
25582
10257
36483
9922
37698
26542
96549
82220
73695
69532
93458
88236
41255
23972
82748
18516
95265
50437
37361
88835
52027
81500
5404
76824
3350
24917
80091
572
88463
13563
29352
94209
19923
56501
46685
16047
67813
61086
10483
47810
97292
37786
80276
94737
25704
90479
34801
43365
14372
12255
59416
73503
66351
11425
66794
64188
72518
29025
37881
11353
38387
27749
45864
40499
10866
83518
78539
41743
52551
59993
28458
11904
94349
5905
1375
28213
4580
1695
71119
11394
8540
51559
17061
30396
65251
36744
46065
47214
35623
61682
54064
55179
71073
57134
26379
32774
79886
43931
27916
82277
20447
93266
70002
23628
48563
63795
61302
51898
17134
97749
62344
68334
65362
78203
18411
4078
54930
19161
41174
30812
5979
27021
19634
13488
11561
2443
38207
19060
2917
17432
29518
77722
8807
96832
71976
3830
45385
21825
66099
91877
61500
67352
28139
58463
59280
16740
62291
23583
70535
94454
21376
19868
14199
72177
4623
81159
11270
61027
11163
62996
51634
5561
61772
38469
25463
14804
78520
5922
17553
41117
11720
15911
17819
3186
58106
33501
19155
28623
73101
37001
96203
68819
21966
97554
17580
45540
52510
68688
14634
90058
41233
51050
46304
61957
53255
55329
59123
87491
25675
61265
77368
78772
42462
64351
44159
21440
80891
31893
7518
2799
90010
86190
8930
34073
95602
89006
49960
55882
6258
76980
61363
66294
60838
83273
57924
25491
2737
50643
54280
85886
7342
8808
1482
81693
15782
31052
485
76056
20086
134
71292
24915
55838
62400
74099
49171
79807
97793
5760
18957
47449
5044
13838
94961
72307
72014
5277
53073
84551
29204
34122
41889
64504
55639
63264
75684
25367
18331
13113
64534
89748
66399
2873
80347
52854
40142
10616
48074
87704
96080
38679
94713
9782
38829
27267
3259
17792
94362
72732
49379
88951
69251
24601
40541
30415
29303
75559
85389
85155
36535
1698
49682
84304
37747
36783
79040
17139
78676
61837
72671
39085
12191
87438
79713
63078
79430
84711
41371
69529
26677
20103
40148
86478
41943
72347
36295
53481
82805
86663
83118
94952
28551
31270
56626
91481
18881
23674
40958
346
66014
88184
16387
42273
28497
76420
58074
62990
71624
53087
10805
90351
32781
50981
93663
24229
80975
68820
5692
1662
52617
52082
85739
95369
53309
70881
14754
58967
95983
26968
6353
77946
86545
12125
94114
41699
42675
9698
14045
71640
34765
69076
76889
82012
25460
68716
35850
50164
71982
10356
50947
98296
14916
1308
19752
71273
32154
21982
40175
71323
77951
91842
76404
59374
25400
89671
4597
85190
81117
83656
46723
35451
8990
56994
54372
68418
43336
31310
45080
80041
20876
81350
95696
76667
80360
28132
81653
87166
29180
36519
48810
43699
40749
18994
24791
17796
54187
42701
36122
36954
54328
61298
15119
63904
96148
50065
83065
26897
48870
91245
13330
17538
79074
64008
88681
82657
81828
24935
90873
47779
57976
88861
11875
94785
42665
92199
53946
54224
92946
1495
88783
72251
35557
24243
39472
21980
20721
7748
45415
42140
7494
82078
60433
48968
57632
49835
5163
69761
52675
23544
38725
53596
27225
79732
95216
5670
77007
61151
31550
72071
70931
5973
6536
81525
57987
27750
86482
45336
88124
38407
47990
17304
16014
4344
94266
10584
43981
88033
17816
37160
48572
50863
61713
24890
81658
2437
25172
12928
38439
25734
19196
88251
61024
6359
76766
78464
94198
21096
80932
27495
70870
16732
20674
9757
82319
64110
78960
6546
53718
67465
43609
39287
9595
68055
62764
80596
8179
75904
92478
14322
90673
77343
49173
10136
311
28359
15729
58315
24220
42895
47414
64080
85263
44530
26872
84771
65114
29095
77708
31699
9514
25387
61630
88183
85215
66627
88821
54610
92696
11190
17998
55066
69599
16683
54794
56625
26064
14416
26559
42399
15384
58082
86800
10454
19298
24775
2033
73428
76565
8535
65463
6471
582
45281
30377
12903
54239
62600
23006
27037
37576
7451
28385
90923
48089
7292
76401
17153
32134
30682
23923
80292
70345
57514
87413
22015
11077
93742
47841
10018
8951
86198
79076
77370
42937
63597
88137
59283
85338
27561
91196
85546
52599
21467
252
7128
20451
6295
71559
579
3224
33226
66161
4297
28959
48195
24034
60854
73130
7916
87346
22173
65717
995
62217
74107
20982
24172
10794
89059
15013
76015
34703
58742
51133
59147
61625
87020
65243
95133
77027
32805
38667
59122
59546
39041
43381
78510
45234
22810
87228
22051
44518
27373
8547
13761
31936
91033
76687
81797
5897
23021
76427
6878
40555
26588
85816
19663
82955
51415
84977
96797
58560
64047
73502
15885
30418
59018
37501
52916
30151
50658
44139
71551
4915
21848
16718
16821
88657
85483
74869
4883
19254
49166
40691
95285
57076
67212
953
20470
95086
87831
57584
18954
95055
81073
78410
38524
61000
18032
27458
40232
86282
24093
32803
63251
96542
55409
84473
40999
85819
87287
56210
11507
41325
39865
71226
54983
41058
62212
87136
43775
15728
97689
51467
88874
20461
84463
5877
14182
65430
64979
72312
10035
37712
25445
76465
79592
19210
77846
31254
57148
81279
57652
64087
7829
32579
34898
93106
39257
51720
51045
89142
37210
54520
65601
12259
56443
56459
33413
22994
86983
47713
40932
85806
31454
27293
43154
14204
91506
1511
12628
14836
22269
88485
47063
47329
64289
54281
78549
80069
32388
5471
8826
82742
36208
53974
78238
69782
54035
74011
10472
95909
63494
48962
83470
27753
27079
43213
25662
949
24311
44056
34059
65889
60552
5930
75417
76616
38815
79254
54377
73961
29037
90049
28662
48605
69505
61756
55374
7501
2930
82189
79359
62991
47570
34066
72478
55439
35153
88374
37248
59653
73645
66432
88386
52941
7987
84887
27448
47850
2267
69660
52812
3633
55004
93621
69593
2133
9811
6089
58558
64388
61478
94698
43708
82259
67082
64576
36751
53889
58535
81750
5585
93065
76522
13190
81627
60280
13529
54126
15674
97109
59887
93338
63922
21977
50518
29392
92044
24649
88823
16126
16376
88867
1568
90459
46944
86100
67008
48208
92925
14036
3311
48535
89987
97089
65899
17925
74727
43371
8167
57916
95711
86702
56831
15534
64855
79472
56804
67418
40639
54517
55967
54663
74375
35146
58002
57735
25691
97652
8795
37657
58270
79607
1852
55771
33061
97934
86946
59649
10417
9554
33459
84228
27010
68804
29500
48909
1693
4404
17169
37516
66033
54661
4068
61790
56252
4160
78670
27638
3334
88789
53373
92470
74431
91986
89105
48743
36694
60872
14312
48701
50341
66551
34216
18383
91514
16899
15465
89728
61464
81364
65170
63454
76498
23492
97444
35244
91621
60709
47755
68290
74948
46353
16593
89675
71445
15818
57264
22231
1908
76245
97568
50458
64707
61816
49785
53326
2042
12609
48799
9542
54018
85947
6010
11942
76423
17320
78
22498
110
44712
95310
79533
74875
1530
64387
14709
54869
87809
7082
13097
29230
19093
94286
41864
20627
19903
84900
33770
26158
83320
41079
21838
48457
67405
62504
91172
41111
45826
38595
53032
93057
91249
38493
80481
2996
12726
58251
18099
14964
12281
2248
29564
81650
62034
92322
63821
52893
47406
52804
42988
58384
95088
39731
72584
15160
12171
22963
92325
49160
75831
56379
80157
88258
71336
48584
51131
38269
89416
25432
85271
27312
9199
71816
89762
61610
46602
25993
65165
12740
96621
37229
1427
63569
4906
32110
50754
54176
71415
87029
87750
80369
33472
39641
83092
14430
80630
87561
38032
37284
14994
88273
23915
79042
35094
31205
59973
70436
48421
20004
83873
34359
41408
29978
45934
25768
73995
55668
85415
27434
38120
46435
21623
96064
54452
20228
60849
8645
12545
75079
14618
12729
63336
55616
22543
97820
83763
21058
27612
76590
97484
17182
26816
81219
87937
34082
54915
93939
47349
8699
37180
61839
92648
31842
92730
25129
48790
14135
50304
14927
29859
26277
82279
97796
28285
34428
25553
72328
20150
11889
59597
75206
3118
91821
2077
49066
17565
59724
97685
42966
7619
38653
42402
76589
94283
75186
12270
96771
20532
91693
26871
24989
78687
6674
35230
36849
50511
74778
53008
12783
94119
77890
84273
57647
42116
19772
88583
23181
42655
21595
89963
20547
39973
81791
48144
72877
47691
80606
61879
64343
83193
77233
90644
58706
7826
43884
77633
96420
81424
33051
34460
7336
94435
70449
23436
31349
29758
76301
78975
88203
2483
18718
79588
22590
81276
9432
24945
79764
20084
27982
26162
21880
39318
34337
55234
20863
1441
8878
83961
16332
62187
38637
15117
84782
7114
64549
51859
32301
25171
87355
36576
55000
76661
25904
90718
4083
92919
11706
64716
8549
83525
17034
75745
64034
85109
78532
73165
87053
31720
38656
37080
89992
66936
73963
11801
75043
32716
35444
4258
12307
36179
30850
15936
46113
44455
56263
40507
46067
76437
23558
42267
13183
68986
50976
20062
91502
27460
8099
56230
6533
8948
25248
56605
3727
43161
42180
23712
72131
87626
51968
76631
51989
77639
55447
89206
10430
57961
12769
6046
93335
80064
93513
60268
50912
6615
89975
35993
72119
82414
13613
34020
85714
46000
54048
94025
37954
969
4948
47091
63149
24329
69495
83984
95440
55775
25761
73080
93715
31662
77210
65035
13333
4881
53878
77985
84015
23715
13709
6418
74802
60172
91084
25688
73116
43620
29192
51123
49920
48077
6422
66420
79986
74698
26799
34502
28302
11738
36767
6882
76878
54098
47599
38938
32315
72017
93032
82995
47286
5558
47618
37748
83754
12534
35956
71764
39327
74916
84381
15692
63201
23053
34672
28147
77340
23075
16609
97121
37634
33983
28374
66595
81065
11741
58697
2918
9816
31019
32933
5566
13078
6530
64390
86813
54192
65930
19798
9749
87410
7605
37090
83994
1219
38068
59631
29401
50806
27549
23504
14114
52586
53990
78445
31080
27169
96019
70319
30735
78488
37973
57968
5255
53856
17053
40731
4081
18040
53273
2969
56537
75854
39347
53298
39217
32076
70085
65567
4544
39869
39120
66296
64181
67680
10321
69947
15767
52773
61820
61469
73387
5688
66471
37603
55789
23594
37934
62076
18805
44977
79443
2131
37358
72333
75106
40859
86902
31917
87996
87040
87042
41789
79326
86115
56171
50150
29976
65322
4236
29276
94162
80867
29007
20313
97696
45254
82706
25053
72268
74945
92425
36357
68685
62318
17212
69768
34928
56846
21502
82470
36718
37144
61836
54856
20379
30620
22922
748
71009
93628
42056
47285
68547
68773
20720
3823
5109
61912
73797
27212
26652
4773
85278
17300
97555
67497
60941
20867
76307
62015
86538
34051
27473
8109
76833
42269
63923
45339
75508
56675
87641
12469
72910
46288
10822
1613
8691
63144
48615
60825
77658
74373
3355
91786
88213
21712
59209
94764
89871
79103
39850
4890
20694
21513
94366
28726
45914
56829
56327
64119
79741
1092
47365
10256
32056
32930
71831
23254
46917
71577
14923
38275
76317
94412
64674
25415
70503
40847
51278
84619
26663
37044
46824
60154
78586
81398
46851
82472
36196
59576
73743
36428
46748
42602
26546
59107
3428
95614
60061
8696
56455
31574
33636
28737
85403
29399
70402
84057
28753
29577
43628
5324
20128
82542
14597
23620
72455
12722
491
73090
29363
21509
96494
38654
27205
82177
68740
51004
77777
27087
69268
4191
25913
40275
81182
51473
87462
19606
61818
10292
83557
57786
93672
46190
14463
24683
63447
75477
14168
13555
13776
21521
17664
97021
76459
12330
93049
70799
8918
17250
48979
83739
21389
48411
97727
25565
2684
21336
35142
59103
27052
79266
26862
33499
70081
26391
48686
1072
53072
68870
10156
88489
87376
85812
62260
20282
48787
84987
5059
61933
78599
51592
49710
72214
3869
54363
58073
4536
283
89891
48815
46277
62443
64927
28913
62763
33942
19708
87108
93899
59400
96189
76593
74971
75925
43063
94762
45360
20939
86113
37718
13146
67076
95129
68838
18688
64671
76062
22734
89153
93855
93949
85163
63889
24586
70133
37318
86429
88328
38082
25898
57422
44734
12677
38249
71337
76941
51208
21840
20979
38396
97667
42076
92859
29362
75446
61009
5276
35018
57510
22286
14608
48648
75306
41283
2877
9795
62972
41807
41382
27758
51388
48339
42848
90019
32851
64332
66518
35435
94780
67755
87478
95782
41427
32194
41788
70280
6769
16445
90340
48719
44093
82526
77535
45146
56003
60024
41666
63992
33582
81317
33186
27467
55393
43189
42639
85668
23781
56414
44790
65543
54141
90857
19382
2729
48941
96828
42296
84923
18597
15551
38325
17147
59908
41260
37381
26056
8687
24359
17936
86994
90297
6343
65607
93614
36692
20654
63462
35308
22014
17125
42983
20910
6560
86409
71728
30030
86243
53991
79572
50992
55227
57248
17773
14921
49323
35484
7755
85279
27076
69151
74326
30860
73902
30347
59714
5852
75246
44672
39460
26717
52595
95219
37583
8325
14624
9088
7258
36042
73542
23122
86525
95222
76399
5412
88252
89382
73154
76174
15521
7682
31576
52165
76120
58503
16670
10851
24751
28274
42017
24768
997
75694
45193
19448
91273
1538
52591
8946
90234
57252
92207
3086
35753
39928
65516
39969
70646
27838
65159
85322
41592
25505
56289
43909
21005
71270
8671
15134
24781
23454
56944
29212
95680
55258
19429
52627
47147
13101
55058
51846
47515
55357
32356
88278
44454
796
43281
67983
76898
91299
69563
35755
83283
96007
82007
38597
52172
43028
37033
76500
41919
91850
59106
49539
97771
37943
37758
65685
93851
77317
1492
78064
84371
467
96895
51346
63638
37195
78079
62132
77786
64838
57775
97230
90876
51873
17522
90342
22077
74440
43504
44802
61602
84262
4457
18400
63335
93485
42984
69277
34439
70937
67518
9118
69496
68206
93951
19162
38639
57827
18605
62256
54371
78811
31026
14042
75829
6420
54611
75124
19128
93796
19985
27224
4395
16060
12994
18921
77891
72335
41153
6500
21713
42449
62916
47325
7332
76104
308
77369
7616
42781
71091
50610
3228
40927
42478
50575
61856
52609
72943
54266
18879
58963
70374
8793
32468
84399
63468
15464
59077
75027
29082
33726
75547
63225
47920
87625
91192
62837
68355
17611
10991
62630
43230
43870
5343
43623
18611
74285
80681
49105
84645
96388
65605
27608
61638
15076
33305
53978
8915
49940
97906
9461
96470
88470
10091
1804
33970
13656
73349
50149
61835
88765
9476
33292
21064
14420
448
24041
48182
9051
41127
2754
53262
2588
31385
28360
90855
58962
82828
19526
6095
24834
18135
83279
93105
96244
84681
41774
23700
2921
33576
58917
92810
89844
14743
85808
28125
65147
40616
61690
24952
2307
77838
11669
30308
13815
63112
41790
55697
90095
37487
47273
83043
418
27413
33915
43122
36914
31306
52324
56965
66021
13085
74681
49285
31211
45777
41748
53051
65496
9976
41933
65461
41179
22256
23685
58554
5844
20017
67398
81992
75753
45530
70733
68195
33337
19822
41517
36317
95739
47126
58711
54936
62183
81555
97857
13355
1104
38738
65781
1573
33165
11643
87772
79757
64740
81139
2073
35909
77785
97904
31582
6696
58777
4470
94761
3851
43126
11129
2411
42519
85112
50571
93037
7534
55738
67005
65140
50725
34314
86006
47554
81100
70688
11998
11514
26704
33196
71610
27799
62471
87614
44386
64456
45365
8123
43170
73769
80873
28604
1985
56576
2912
78693
14306
61299
96313
5071
9094
50419
9295
48478
367
1023
7479
20177
67151
15062
10958
77397
57533
73583
64946
62298
24859
15163
12696
12218
20117
2966
9557
97916
48315
25377
86175
77505
15166
29614
53863
96439
3062
21652
38143
24642
62938
77091
63289
46093
7580
56911
36277
56296
37879
90567
28116
69522
64192
10819
1649
67158
25128
66550
50039
95217
63424
34687
93174
81136
14595
56869
40638
42058
85159
50537
1869
39015
63222
1832
94358
7407
30614
51655
32461
55691
67447
4023
80588
96393
77077
91652
27463
79252
2529
37938
21341
96059
69867
11812
68681
83299
10573
50579
87558
68238
1475
70528
32072
51040
71050
55295
63252
43558
81819
69010
5358
66218
90767
68712
93527
67208
53044
89305
5162
37013
24371
7086
16625
36309
7864
62550
11162
79211
17110
57638
2018
67079
73631
71719
56467
6327
35739
93493
989
38002
95215
95230
20296
54246
45
4771
25633
9760
27978
694
44621
98031
34891
66539
15393
58699
60091
96636
79874
86936
52600
696
24766
69941
38240
2661
38935
66459
87268
75455
82234
15668
17311
37202
92616
83125
1381
31356
31125
38917
73814
77616
61937
30378
12132
55338
69939
30934
66657
84075
17863
31541
14266
49615
27347
17644
55620
16877
20774
71309
55614
79259
68398
12252
74491
23059
77415
97309
6197
68070
70977
60790
61761
96920
63835
54529
69007
16774
96456
49676
69653
92040
11809
4093
14761
92767
1460
10057
63272
60113
34604
72419
20711
70269
929
13874
2511
22298
72968
73697
6647
57053
20034
90547
74597
73395
54715
89460
95999
2615
10523
94548
74596
54964
90280
47520
347
17539
82927
15549
82266
24058
54040
42796
14347
71355
87768
84282
15478
20476
72174
89941
32258
7839
27236
27354
72808
61085
45259
63798
29343
49388
67578
23147
36182
18413
11732
2020
64010
79503
97742
4559
47782
126
79325
81955
92087
14930
87955
59127
76626
26204
43642
56026
72880
96369
77756
76860
87880
66229
68883
79667
89735
78892
6886
19820
50454
95075
57570
60479
63841
25598
53841
10500
33535
92764
89189
3199
31798
84774
87124
92341
57247
9934
36399
64342
6803
4919
67006
85972
15053
35832
94515
67086
29517
32910
32153
93791
50841
50395
54065
16931
9394
14161
85066
29286
35553
1763
21631
83216
5043
47717
14575
16915
91378
62609
72179
47466
21135
71787
97355
68292
34313
1878
510
75439
61532
77704
66921
46793
69656
61221
3588
53534
49709
77364
7740
77748
28509
25429
73973
73091
18221
44870
38740
4405
13730
50763
66327
69701
72267
64802
35948
25847
89284
62205
7305
12461
65731
35890
93059
67271
4024
93396
81258
62092
68438
26160
64678
65931
40242
19531
11666
57909
59308
88562
89185
12064
50210
40504
20396
4381
28315
23137
26859
39840
40747
15044
21744
59101
51365
33278
36026
9818
31700
17309
29593
31096
32813
45694
66309
79107
45447
54058
67911
47104
34005
49925
80298
62297
96237
2937
40915
34280
62496
10546
29415
87229
84490
71876
20068
30745
3806
97840
53204
40886
92190
1090
16586
69285
70992
57651
60422
2601
76920
74165
80004
14136
75364
10910
14875
64758
29199
47844
33073
2299
57844
77647
48150
77238
93760
73028
85319
92500
13212
64959
30263
4306
62906
32309
40393
54743
25133
40326
62011
70678
46497
2467
34449
30384
64484
5506
3433
77538
21974
18194
63495
3502
58142
39907
16484
24419
31285
34688
37584
13084
50540
85397
74990
74084
62985
22566
69408
96759
59721
10774
87778
91992
86202
35619
20972
28634
29742
141
96198
5081
87585
45135
31902
77280
85016
2952
92937
6368
28096
26697
18990
44685
31549
38793
46782
4804
75189
66108
98034
33157
1562
77054
69620
18294
31034
39464
75849
34504
50800
1452
54321
15419
19726
62301
62350
14303
63599
79845
69530
10535
23575
6526
61931
47061
31843
36288
79868
59707
62534
98025
12593
32856
22303
28217
56980
76461
9599
43834
40978
70720
73714
44696
32712
71903
54153
20772
90576
70022
33271
32575
30002
70620
7257
86023
54457
13753
55815
71029
89499
70876
14272
25728
41122
20493
22864
96382
37240
77933
42625
79900
34470
56939
18880
39226
62973
24808
22512
49655
35206
2776
29196
40281
12679
6984
12246
38998
98054
56071
81711
92703
98241
61934
91946
34896
84022
13038
53024
47642
67998
770
83096
59281
38523
74163
49598
84748
41701
54150
58232
86443
58215
40078
57240
95336
28136
62560
40530
39597
10068
84267
62214
5810
68164
74759
74807
86225
23263
44112
12486
89724
85449
52603
96437
50564
88779
76455
35871
75170
57559
77678
32362
87324
85837
54908
44046
87424
47480
27724
51102
29545
8911
52188
69916
66536
49322
88189
65865
55984
90345
23258
5000
3348
91687
8835
76355
83291
56882
45520
32350
7815
48571
31988
74316
80723
17837
10807
20506
59383
96190
60914
48213
94565
32625
16919
43510
13245
10661
67969
56144
64856
39135
47805
98126
29585
59619
54444
80187
40024
28337
11074
57980
37117
66302
45188
33220
60202
15018
8888
48451
68749
18125
36488
4477
64404
9488
43830
13645
94253
5960
89569
42810
62412
77778
9764
72302
33015
78743
48217
19307
57669
96132
21282
94986
89119
14667
34486
4444
6935
14055
2494
65471
32277
38077
88001
60412
136
13024
999
30717
84706
90614
24566
61870
71545
58452
51816
97939
82698
14591
55001
34820
41422
96157
29671
90070
16839
40
15135
48252
97521
8031
75893
73448
62782
81506
76165
24614
48911
61722
24480
40039
39764
92214
15662
74451
6835
16827
28061
47545
85752
95940
17014
1645
70909
31639
13406
20425
23440
77776
67369
88696
59084
60671
71402
19689
48292
87131
55053
45462
73907
51704
62662
44833
24795
63663
26323
50666
43169
52915
2138
41256
38491
50461
50494
38628
62869
9765
49482
98000
23340
90109
29919
84784
43569
32809
75819
63412
75649
60018
32663
64528
18295
77149
97622
65184
51010
33861
18766
35302
30501
4960
72790
29524
76225
17020
12295
51407
81239
24039
46158
41901
81830
88182
59664
49648
39831
71806
74515
86324
10253
68650
8227
27149
70943
19900
14825
17781
74816
47685
31160
38794
45999
2270
48107
98276
28005
68948
2165
1487
21729
26374
80920
91022
68413
92228
40860
49435
83853
95555
59974
49659
88969
10841
9362
2514
10974
71984
4799
31446
35367
8151
56402
67139
61180
43937
31948
38506
89404
38046
10526
91463
40676
48073
8427
77
43826
15136
18527
52872
12837
64494
75362
16887
3457
4380
74857
82015
17103
36823
90904
32607
88577
87158
67032
9150
14447
70137
44104
47924
47871
6468
68364
45673
34329
26898
96365
50854
44623
9774
83703
8720
96975
17784
72727
54973
39972
79025
89095
93799
58750
55184
68940
22233
18652
41070
37097
65977
28886
20040
12425
86451
37961
90425
96892
63064
73623
18705
97178
8001
3185
91014
50114
72448
36081
96489
5871
25397
30133
25708
82661
60812
25678
39699
24001
55114
45242
53034
49883
8839
9724
40082
29476
6780
90210
31228
24221
72224
23489
28749
92858
94976
8621
62106
39837
67665
52536
12020
27013
35039
68718
83940
15157
13409
64457
96376
75452
92120
58657
86464
8463
89068
12497
10406
13712
44580
54991
23716
50682
65839
71503
88335
14464
63420
68597
40452
74303
57277
60964
66844
45403
6040
7272
3721
16472
42265
97315
63996
84767
10646
45688
58510
65379
54506
17581
68217
33709
60164
95429
36432
16456
44470
86164
88147
70796
44336
6166
17955
10151
30329
11329
16086
61356
54114
17623
42238
97298
3462
1068
85039
45187
31180
60135
20132
85171
75803
74103
56528
42793
12576
11
8582
60903
49464
67791
37337
95888
53996
50417
16213
129
4114
42298
32694
28384
51113
89622
5782
63984
86640
61573
57625
30393
80627
15099
92413
42716
48726
60977
98053
44777
241
16935
56172
90926
96042
89230
13416
67749
50756
32705
47024
93500
89677
72725
41120
91166
23028
64925
73882
255
54655
91587
42689
80222
3017
5536
61866
74184
84414
41158
26383
13927
21030
33128
96411
51507
33934
83342
9217
29468
66726
70555
23806
91406
1278
57255
1446
43436
50958
60103
51903
35188
24439
83535
92233
21642
43758
85473
28968
80133
65777
27083
34784
3104
15455
86159
18729
62247
68921
59108
80160
92025
14765
13605
38123
12433
63365
68956
30021
75315
91809
85298
9541
92209
70697
95511
76246
90850
10603
89540
33414
89090
77683
58486
84881
72054
17948
8180
26627
78657
73754
75603
725
92722
20977
40098
96782
96906
23049
86268
18556
32924
41389
84785
59315
48382
47814
86523
22151
12190
90088
75330
27669
6980
62142
3270
18167
72218
12073
40188
84857
25175
92149
86304
53785
17168
27230
26479
69295
66643
90364
65932
61941
69914
85863
61829
18335
24873
29547
19701
50940
84175
25380
14480
67884
9644
53966
88567
3280
28331
9801
13889
30374
42446
85698
41391
78066
14538
90991
91572
10955
57568
87570
2087
18045
37174
20280
5946
93697
64744
47314
29885
79636
81905
89727
43724
70415
92168
37867
14192
36068
38561
9204
77959
71033
7801
43662
17268
57254
96115
72066
77944
67267
78035
47077
5323
83522
31033
82793
90293
622
86469
8326
36217
88292
28481
77688
5595
6742
1497
30832
48281
87978
59317
74006
80789
24179
70232
32657
23082
74847
83540
12531
64066
22598
18777
82534
21307
57863
46589
21939
61584
95019
1256
81923
10911
40675
44075
58180
73820
65741
28418
76823
10709
35923
28144
20660
95809
28340
33550
65520
31978
41081
74232
36253
5970
35704
56359
26840
10656
78885
8483
45882
95802
18962
32296
57748
49974
7747
91281
97670
71674
47247
28739
22528
16022
13728
19207
64821
32462
43972
47249
24414
48776
93927
70672
53104
84634
56589
85138
89637
42438
38087
69988
92253
14719
30955
42028
23389
24780
97065
16177
36938
86413
24635
45539
38716
74495
47684
32787
70731
69546
71814
67684
15424
20911
83837
32905
20987
48258
18997
52377
13135
87127
59948
52237
78137
86885
28062
3048
66233
15661
25481
40816
86462
49115
60580
340
57274
33665
64789
5073
83253
96086
70999
8943
9504
67842
93225
72400
86090
56084
72757
31630
29535
81725
54823
76144
95642
36827
2886
18002
1389
58079
54577
58399
57854
5530
21368
77406
24987
39653
91218
88126
3372
17596
22245
15581
1861
10645
61985
56178
95139
61375
87013
4339
22999
66820
45429
26526
13826
18001
27657
78324
11218
52987
23246
48749
35482
38063
41152
52143
13016
35808
93531
86587
59207
2118
9254
55304
16304
43592
7790
27877
17705
82908
60223
19912
14181
83281
82662
27808
22562
89737
22266
28247
94200
32835
25332
66903
12909
43342
24531
46397
26234
90825
17961
29670
30908
2043
31681
86843
10881
52173
35471
80424
54708
6416
19276
7649
48635
75120
10551
9426
73688
13786
74034
23581
17848
80098
8374
29899
71326
644
24727
1010
18041
82613
67644
65319
84650
10207
22383
22589
79161
97658
42883
57228
42046
12011
6650
73812
91422
41741
5682
93804
81113
37084
29506
73833
97755
84186
84200
35291
23765
16235
2098
59196
35792
70144
36781
37700
1970
6545
38385
89696
55050
40467
25903
60732
7366
32818
11178
62138
84890
11022
75290
6259
93579
72053
56816
44627
5157
70951
34196
19371
26610
55730
66596
58392
89091
4276
20285
80026
95701
68496
96135
81746
18821
78734
52464
50448
52944
64615
76614
16189
74609
70680
69061
33667
65548
70918
88346
64596
25444
40595
46859
40716
30197
78291
11891
76548
74724
78978
47477
65665
19935
19805
16859
46068
45616
23646
77119
5250
32182
41312
91247
36294
14249
30195
93745
49498
13511
64530
12324
52201
22781
59803
74938
38394
31740
85459
55664
294
6861
8706
15421
43018
20187
84276
93943
96145
27443
28924
61274
6447
84871
37923
54354
52186
40550
77821
92261
51709
39133
55856
63441
96192
85936
36166
14883
43502
83039
64610
93294
73095
94617
94428
17867
65180
30579
16550
98109
59960
86278
95930
78883
2159
44145
33643
82374
67167
46582
92603
74519
68329
36249
70333
45190
65475
7368
84008
70395
49369
42818
75495
94637
31242
69992
96302
1422
68902
95407
77438
33554
14869
5424
47605
47507
45575
84733
26583
76546
89055
2571
19831
55827
76328
1095
19950
86953
65687
64250
17100
90647
10204
62978
64497
92337
54670
14502
11174
13108
88700
41204
77388
74217
9565
49913
20976
48379
44097
54279
32900
60324
13562
95778
26307
41647
36698
82788
41302
24456
53729
94507
5829
92968
92152
19778
80703
78477
67403
96540
9398
69088
14872
51170
20160
88912
96096
45197
73578
50821
64966
16943
94309
79745
40454
26112
58080
56938
94814
83869
63611
96511
2522
10816
65959
1056
44064
88516
30874
64718
94630
76602
13578
29974
5862
18444
36878
87489
86130
48435
81244
55106
67620
60572
28370
71268
92681
23132
75385
77806
78398
14813
48528
51806
75275
86430
81676
33296
42954
13023
29316
36098
82003
38846
25865
23550
93811
97660
84002
39013
80376
60612
87683
34159
21059
38297
74699
46601
53402
43794
58591
45726
90719
12150
51795
95727
96963
97074
55756
26202
19318
50069
39064
5049
59130
28498
68057
73952
23955
18924
12641
77614
93369
57040
35898
72163
1757
89492
23508
89510
25653
20243
97397
74397
77862
82446
50703
76476
45208
56920
8125
22439
75496
45091
32913
64403
12569
51751
4900
61041
72955
91717
49787
52826
33236
37194
58144
66673
41693
83728
51587
79839
15652
11235
76576
58013
3680
6077
10148
81450
49351
20314
32612
24321
23203
31601
48071
52531
91543
94049
56217
17865
82255
47317
4082
40408
22239
44585
29622
50554
42980
76036
6553
81233
41375
4088
25794
41645
28850
45722
4220
80034
9775
16506
73096
96565
47237
19549
28951
95977
39974
91864
11058
1841
10783
54322
34195
2845
47930
39476
21603
28464
89219
2295
2166
97529
54390
66593
49516
56893
46959
68145
75580
69951
11249
47172
36877
94061
54284
97941
23713
51913
36665
5126
86068
58520
91968
1733
75752
61869
32216
75225
22267
21012
42082
94549
35933
88275
74696
86584
68860
36591
35998
22661
52112
14259
68419
82896
61346
62529
21650
6364
83441
23670
97822
64762
78622
39580
2451
41593
74880
66847
83405
5934
27000
78070
70614
27646
64330
26220
70069
48409
19809
59224
46403
66062
3539
54681
59125
30609
41899
83026
44110
53553
5815
90848
73006
91906
25698
66264
84643
29905
94335
77346
32481
93228
17876
12698
85784
80511
4225
27781
70231
13275
91304
70418
38574
72227
3239
35903
42599
24074
35778
19845
68032
82859
35966
73063
44246
22355
68213
19406
9452
75502
51514
49580
10276
58175
93309
20760
24673
20621
15627
91029
957
14991
63707
57511
72003
29386
82458
72183
3662
70516
55414
52933
57290
70278
82449
7745
3527
4181
28900
18245
38556
62604
6372
11807
75741
37224
13860
32183
3417
88467
63011
65260
66006
49122
21476
30843
47350
10373
31524
74003
25897
45903
59804
4199
1794
64129
27404
21541
49332
1171
7843
76247
41797
38844
22856
88540
47943
41417
59397
78891
29911
30125
35794
41883
23735
67633
42671
41145
68391
15531
23314
67034
96861
50075
76045
40578
54781
25777
67798
64450
96959
51195
41694
80506
14548
28821
47069
59086
89903
35761
9836
86001
98269
75001
49154
66274
9374
88100
5952
22698
91588
79977
54039
57758
75000
15912
5193
23659
43923
3943
16482
77566
79343
16695
11895
12361
26870
20990
93190
39114
3604
8108
12704
26188
38301
46775
12839
45322
72878
40102
4872
87461
60494
20792
63343
15149
482
40902
96672
76561
59005
5643
43085
95579
3137
78242
29991
21668
23175
56555
88527
40099
59226
74662
87481
68518
22223
32063
26413
51937
8170
90343
50819
37496
15552
38907
58715
3394
88415
64574
71712
59405
588
22947
20784
53169
67622
42647
44027
26130
34201
93593
61647
42652
97389
83589
24670
32227
60054
95550
64093
58682
5055
22572
11318
12164
36575
67835
20614
63797
18328
67437
5416
58235
50950
54250
93533
34513
65517
45312
8027
79613
28902
8825
753
67163
86592
12024
10386
71181
56486
27173
77659
93969
60023
83905
7996
33207
64513
90676
3077
54030
67070
81585
96591
36610
21256
73248
60710
12827
26508
35256
58508
96067
56102
17529
1868
9761
76156
45886
46287
61908
67558
52615
2470
39146
35369
17317
60880
70244
44538
75499
86315
48808
89236
67416
57050
77161
39077
15190
95151
87939
90024
71108
33509
12263
20063
44925
60811
64604
39938
49686
4918
64809
61784
54989
28243
27210
21561
85971
1198
56908
70401
84150
70833
66547
86604
95736
76708
20592
82640
56207
11957
43772
86433
96872
18023
11124
66142
14324
16502
64138
60282
83735
50791
63697
13415
63853
17024
15016
21797
74108
22273
56751
30865
43081
74119
98139
3123
94812
17917
5378
63414
16607
140
35464
72465
74020
6958
68720
52182
83788
33031
85349
45194
73596
17571
74793
3378
40840
2336
90574
93520
81200
23626
81462
91941
10587
77121
16503
6825
11890
57204
11558
34926
97806
55564
83469
6763
49961
43361
84738
80672
60121
48415
39429
21083
43404
53241
34563
3293
2214
49251
68216
25485
75500
47270
56498
49522
21807
20656
77921
39245
57587
75657
94594
63012
34702
7419
37375
34424
12624
45471
57099
73178
83287
81443
32868
70376
85491
15891
82579
56783
58840
52797
94542
84266
37528
70743
61726
6954
31328
62982
2244
84061
24208
47664
65963
49303
3136
31657
26494
59882
34807
70592
74207
8247
93375
39057
74524
13189
64451
56110
3865
30469
4254
87859
83988
78258
69378
31232
62190
9067
78344
33821
78437
78184
75864
24633
74203
39909
23244
25564
36110
67667
87366
22364
44544
28990
23690
69027
17420
96852
81150
13642
62750
76698
19617
29043
44204
37150
12352
29310
73425
10728
13940
97992
61750
98229
40198
36829
83487
90846
16298
51713
83617
24126
58252
25945
21833
12367
55699
89757
89161
28983
85719
79366
5244
27913
6669
95488
7022
59776
22706
92856
47560
38499
26805
76008
69836
9784
43913
36170
70910
75320
81554
55343
25750
67885
79859
57780
27544
54774
20386
27513
21516
51298
39971
24914
9843
68694
19546
57073
95708
36766
24192
64935
2537
44287
65711
31791
67772
38828
97522
34951
47667
96084
78104
6812
86526
22726
80758
11975
82306
48028
26021
5516
49864
7358
49308
32297
42173
2892
40429
55847
14789
68091
22488
36620
43344
18011
29473
63925
97188
79095
65083
30714
51211
36361
73044
37387
18228
47791
3101
31481
46985
91369
31321
45192
47253
47080
33362
78525
65583
44656
15493
704
6041
44326
18006
396
23968
14955
48245
34989
82796
1203
41379
67646
66597
15666
11225
22497
39350
9479
82675
29612
13364
84958
6793
93314
92376
6801
65336
31086
78492
4326
42205
47622
61646
50079
86365
65342
71969
58608
92923
48347
64185
71401
31348
64914
13145
17077
65862
51386
69591
39495
2927
45919
89901
79381
11977
41492
74025
51317
26982
69490
25859
38758
94865
89905
23573
70207
6243
87368
67601
55973
25567
15469
93714
97423
26653
92156
90862
61842
9146
70896
42206
7934
46567
32376
22085
49011
78968
77347
17517
22192
52980
28158
95292
41971
33775
64998
58968
52815
47320
79679
73243
61972
31300
872
78696
59035
91924
25211
83030
89773
7784
97558
28711
67404
68397
58645
25601
53849
11733
24196
71436
43689
68533
56828
52682
14590
47980
34669
46752
74687
188
39795
25554
47828
86803
18641
14982
34555
12608
67
3563
84936
15687
10002
45684
56978
15126
38243
59292
73721
79051
97313
62936
69752
95312
51880
94742
47198
39843
60389
81168
50263
71600
38408
4424
23422
70505
37256
16520
24896
536
36356
77632
6451
18356
55751
95455
98173
29010
7548
12275
5884
73941
53439
71505
51366
13081
63451
31984
79564
17429
94499
18515
76152
22043
89395
64871
87989
11141
91004
9391
28836
76239
34890
32343
11653
56268
83555
33438
16158
24639
40890
56475
1940
84853
5127
26134
77675
70357
76460
37249
25697
92049
79299
75639
16450
45495
90271
54289
60272
29835
6381
44278
10792
41193
76182
14341
62899
74659
29790
33628
87583
74037
30212
67097
20362
21205
5944
43153
24015
56607
40828
82814
7450
17167
94830
845
22910
77524
66057
7207
30290
64706
56797
61211
81783
5149
21323
5600
87271
3109
6379
36315
93160
23613
15249
1784
12788
2056
75354
19067
93461
43340
59071
40346
26406
74493
57571
96713
3308
34725
39982
95752
55868
16127
50033
80154
29145
33597
54234
22794
5799
70892
67715
70976
10306
5140
39552
1782
72572
33210
74205
27840
64041
41989
35551
60461
42282
76184
36543
53487
35168
80501
93508
77506
93912
89551
78050
12915
25584
3223
37915
5989
53093
37320
14220
95796
63660
55198
88177
8054
9758
20705
72936
84246
61949
25149
91739
41649
88394
10055
14816
167
31855
41114
34871
64945
93080
68380
37821
80655
63907
39401
23419
58835
68664
62445
25028
10325
81755
70175
74970
23415
43755
43014
69258
69830
43594
10192
61117
49556
39630
11728
22270
58588
43536
30372
10906
60616
93223
39587
51800
93569
55197
56665
94398
93821
11148
91395
57415
91112
68019
49809
43419
45553
78202
90147
42368
61924
56637
70518
49300
39853
44121
65619
19910
59797
61548
97572
29239
62422
51027
28685
1258
1408
686
35591
29334
6662
37480
3620
13720
47093
18417
55617
68120
13808
21446
54307
5141
95863
57583
92203
68277
87052
41228
91204
40558
80829
86919
76664
78364
96885
69685
72628
81851
50379
25282
32807
28771
62432
58564
50557
124
45966
23551
48418
31626
10552
6177
65964
42492
9393
16481
61687
38496
19678
34137
63998
55221
27006
41285
48069
63507
84032
53799
80697
73642
16693
44271
43474
22691
87291
1014
50403
94020
26960
74707
74675
25568
96877
81545
2525
14113
18653
24141
10365
93980
31428
7681
47356
58502
70422
83205
28764
72928
10945
57194
50035
8576
96896
792
7886
10734
18134
65137
1873
3773
44924
37476
68142
40226
65809
78535
84576
62775
66102
413
49062
86028
50741
16618
92769
27142
19558
84796
28626
62202
30269
38573
73108
16169
76637
78268
90258
60526
33447
37804
45679
90505
42260
29116
28783
46106
62128
39295
11055
56822
67783
53840
17960
68865
52347
47153
58523
44194
13202
12636
35202
30856
73270
22749
96748
94222
83371
49652
72977
57913
9065
94758
98074
9365
94100
63844
42004
61466
73900
43550
61481
40203
90355
72061
75998
30526
31043
21200
10266
22657
40241
3376
45133
24898
27072
54232
36144
6172
42760
67337
65092
74351
175
34584
30795
14051
83884
23296
11193
33020
50440
77122
678
82744
79301
94146
25464
95771
44676
8982
6450
40286
90354
88534
64462
54421
94655
56757
78400
15261
97268
60759
67460
1904
13311
68766
23509
74421
94715
3854
25627
12865
6443
62962
29181
67381
75837
19964
22789
77561
23734
20304
95296
53980
12870
36804
39415
57569
93937
69047
19271
12808
97504
45310
54450
64449
79811
5840
48030
4434
12028
4837
68864
65211
28565
2951
85108
68262
85088
22485
64922
80666
70762
57085
17762
65758
62420
51629
94374
63933
33515
48730
77677
49978
49999
33114
30116
37586
36581
36409
92484
97186
9751
65142
76619
77356
59564
71504
24304
64635
73568
91044
41584
88997
34325
78205
69420
48377
61410
24730
61875
59787
70116
64972
74455
57263
82521
40127
44028
13967
39063
32997
91920
45072
4208
67496
53157
19424
61695
93995
9535
74678
27389
75885
6474
18998
56738
64143
57101
7371
20756
55011
64265
88173
36256
147
63903
89127
80279
28349
18257
73741
57524
79032
8604
24772
7567
3391
57054
53234
14954
11646
15376
69064
19281
51216
66276
66944
24173
40573
16678
65266
53163
79784
94838
2434
46451
78903
76562
6086
53918
84611
8949
97417
39797
76044
6251
46994
15487
66481
75536
50780
62740
72650
78129
6574
96051
89329
33563
92716
26531
88756
93285
96907
43079
52499
988
20779
17267
83888
10543
6996
34740
2923
29109
48050
16509
13063
74417
37921
80400
80740
72204
32404
17719
70975
78235
74297
21421
75042
36049
90859
60519
45006
14287
58314
82860
67928
62308
22688
90602
36601
76612
9446
86126
2350
54850
66581
20190
1678
62102
92931
19915
66256
40608
3967
66477
87201
60204
88053
28670
78792
3233
73196
67473
46374
36191
55513
22168
51104
30373
73567
8173
76917
64753
81458
34571
32808
78952
36606
87172
33426
1443
25512
46849
31505
55353
4161
63517
68131
14895
9973
75863
80095
64483
86789
86519
40375
32238
78299
98111
68889
89056
62635
75690
43881
66600
24533
65832
87673
45843
10781
68046
72278
74024
54990
49880
6501
49089
62417
3021
31642
96661
36290
66446
90138
8721
59612
73145
6318
88454
5438
53293
17209
62932
41001
41525
48363
50041
3344
44474
9014
5527
69744
30296
58819
6394
74654
11523
22397
64437
82107
77414
13956
27450
61071
24728
73824
13328
84696
68984
15791
72344
89601
72882
14145
86106
13293
31714
80001
65079
68876
90303
72908
21084
87994
75449
43192
79567
28129
82799
83582
78304
1903
52360
30380
80433
54621
84991
44867
19530
68914
96553
61241
1318
1947
14452
87189
59216
50783
3974
68453
13759
57124
13775
85592
17126
76789
49840
13148
48684
81493
48101
67623
42755
24150
54996
86818
82139
51908
1636
24804
58965
29300
89277
72237
37859
38314
62861
92610
14628
14600
2113
4947
57703
16906
93701
24433
27810
47208
36267
45940
33119
50053
73280
23908
49411
42922
39286
58512
22279
97401
50586
34923
45504
61474
5460
11033
46402
5113
84827
88982
94845
93850
59946
73904
45195
4043
21999
33312
54076
30828
90532
33085
24248
31930
4870
47487
21315
81311
95831
37781
30615
63811
6098
25862
94560
10125
82771
71781
4854
91529
41503
27855
35183
83906
59939
49230
17108
32027
19381
28942
15272
13092
36700
12466
27372
61751
47899
65561
56671
86736
16186
96318
1163
50768
49540
29703
68528
13305
15607
98271
30570
32854
98219
87379
37417
65402
47170
89854
82178
21308
78198
64800
73036
84485
32445
51336
80781
28666
77095
9591
38477
86347
37372
49238
64485
83643
51691
64051
48229
40320
25965
54510
57454
7775
73534
59432
69638
35145
64176
53790
62988
93469
31475
60675
8886
77832
83439
40929
79852
70676
41184
93245
92651
16130
2233
46542
39978
72774
43901
19325
83755
34421
40045
33427
78301
69572
30222
29066
97490
59327
7129
17672
6638
94150
7834
1680
72835
78259
86923
79416
42247
42600
12982
44942
48352
69734
23522
43120
5064
55372
57882
13850
3643
85306
73200
89134
78754
58661
1946
1154
51855
48917
22394
76691
59356
23723
83272
17072
42509
20189
59650
982
47652
9064
22516
25772
8836
54813
20471
92386
44586
67093
52957
85388
27454
3368
82818
58136
96329
22584
16778
79124
7273
82096
69958
88295
95943
84444
69432
95590
94818
73147
92452
42970
59039
74833
56704
81292
2145
38245
56477
65912
92707
20945
96395
76376
8783
56688
52664
288
50600
27377
51436
78272
25425
56044
45908
76185
56433
88522
53425
22335
65058
53984
65156
25063
4338
82531
7245
34720
89684
89621
34323
937
48836
55977
62360
1065
10978
11196
65753
83798
51418
25009
13560
37874
89983
78396
71891
87598
18943
4817
9837
43531
37792
1411
81826
39897
72462
29048
20511
4342
74861
51306
11384
57605
30375
74490
2867
67227
52724
10357
98112
46025
4317
2992
65264
87920
63165
86858
33988
94327
73885
88432
10922
18678
40075
42744
59637
88572
78053
32033
70455
65900
87522
10518
85713
13325
10738
7779
69350
75787
33669
56596
83035
2441
41077
74049
49826
75940
12207
43698
87593
93162
59461
19657
66209
9057
90507
41657
61219
66698
34415
865
83493
36532
62191
9244
94632
39538
17026
28736
96800
96231
30618
95533
85183
15562
28069
67020
55482
30966
58196
21447
42357
36972
79676
31005
864
21515
31646
21555
47205
98255
18128
90671
436
43027
12556
91722
83551
8272
30601
43629
40002
21970
71987
10668
45924
24006
80948
10762
31492
25405
78590
66404
87767
85530
75142
13908
27883
96186
65970
95632
7696
22818
91358
83851
21291
75594
18468
93359
2637
66389
3922
21843
75492
93983
87695
87067
15701
65187
85989
52942
79109
96226
72507
61065
60543
68462
95855
12526
79712
7246
65015
91562
51255
9722
20594
8711
81058
66441
53658
59102
74545
38778
4267
1602
39334
30974
88098
43114
37456
20842
63093
73859
13011
98198
11740
82103
91909
66034
68235
34063
22585
90985
23584
68751
30777
24356
5646
79061
72999
40273
27112
10503
62039
77809
15463
74783
6257
88978
12061
86623
1184
81935
71995
74171
34608
50936
81807
58559
44657
20264
37602
24251
5762
72234
62238
37074
62497
28183
3608
55412
66718
20483
1939
3935
52132
57611
6781
16098
22674
21892
74532
58749
94738
53085
15985
4983
60971
84922
50230
11777
26343
16800
66172
17049
78994
74712
64441
64017
27106
87969
67487
73381
78308
12384
95692
12938
76112
19649
96548
23743
26061
62977
6202
36646
40471
62423
50163
79971
79334
19904
70712
47739
46059
63744
262
98143
26963
44607
47437
35172
56682
55157
14098
8052
93222
94800
58994
44025
36629
55552
41254
4277
32082
32748
26989
45628
87510
63129
35635
12855
94406
26331
86092
27555
54581
13583
40936
5769
77714
79898
81104
13196
72689
11556
60145
3777
98295
49469
23774
35886
65831
20492
69417
57357
21319
86458
47727
83620
65052
3191
30450
16412
97117
53322
59479
50289
90640
14542
15341
19744
29888
81171
38260
41092
12689
24322
75107
29487
54722
27714
90111
68993
83627
60969
21204
80663
13428
29713
34736
1860
62098
63938
47757
68935
383
32773
2141
52871
82777
75670
55997
47092
77422
51560
77557
89326
97326
46515
36638
80325
28922
62038
70410
14553
89506
87122
80969
31584
91750
2153
16099
7367
11331
52658
14728
8697
60214
44582
22200
78369
60958
25935
35322
84960
70153
11680
61825
54002
22541
70504
36815
77626
86457
33088
4390
22316
83817
5080
45526
69021
61371
96044
205
58173
76329
73089
82354
13892
13998
672
63232
40553
22539
35205
35907
73125
7692
25363
19363
27449
27857
10027
42020
45716
30168
93748
486
81595
48881
3889
4658
71158
85187
47137
55676
52138
32696
56748
68302
50350
97025
31834
23530
84843
37104
76431
86084
22692
35744
27415
85616
87602
52477
49210
36004
63434
89585
65702
38997
44692
67897
89493
95693
28454
28738
78368
87061
65196
1657
4731
56854
53374
82949
7341
60528
87240
84204
55840
36660
90587
20733
54507
42268
59608
71048
48982
30005
13344
2091
73098
77283
13233
24345
17323
18698
81760
25715
69805
39156
44023
68850
44740
78699
5258
82731
44059
73015
74136
37683
11042
34606
82646
16631
46467
56285
50719
39899
32233
82258
76925
76333
36008
21908
48624
74471
64169
61597
17702
25804
32554
14450
58999
45317
52801
50242
83588
59026
53292
97996
35927
21737
18333
44384
83861
41508
58147
28610
95044
56317
54740
6672
35030
15145
26723
5305
31602
9790
43815
95531
70887
97139
96032
26701
22029
35500
33285
57607
91368
45122
20934
83130
98230
59532
97064
21052
41719
39729
20185
42710
83549
12618
42832
71173
48152
11449
24055
67709
734
87026
63803
36501
36379
53569
35581
48779
20613
85166
12682
97659
13794
72408
39410
89007
90247
6810
29720
12522
49070
69614
49665
25571
48925
9870
5414
38163
98239
32903
95922
54884
26240
4599
93236
11877
41576
60685
75977
4144
45355
35746
56009
48521
89718
14987
70459
39255
59282
85940
62300
32331
7555
32548
10678
8464
13260
40399
28486
22943
91132
97643
14029
90604
77152
84117
64405
24218
33609
59771
1676
84935
34996
45407
52587
32664
9443
75659
32761
16469
32508
77118
96046
27717
56339
23215
35741
37057
94463
94242
57947
7922
16746
35064
88354
14300
15065
97462
62126
83254
75
66045
12046
19165
28976
59613
3512
37662
64640
64346
46931
38779
89073
46853
42886
26097
49060
43278
48679
72317
50093
35565
55261
42248
66987
42920
52877
5550
60003
50642
17902
83420
92418
22652
21358
97374
88004
24299
48320
26813
45406
82681
91371
2653
14310
35523
64790
74198
46755
50276
59831
59943
36802
63326
74732
62503
89028
48490
59572
70848
8101
13182
96200
2623
14208
61877
60405
80942
42531
12754
33585
45836
64724
74436
21955
40922
65002
95912
25961
80895
26643
61
9926
68668
59806
86857
85640
63167
66758
14234
24910
3487
88980
25828
37345
37200
5604
38823
10040
33419
64585
2281
1982
83774
22032
95732
98174
4130
2093
50398
96628
48291
55927
55505
68048
70530
63113
11243
85604
45839
90924
44170
95228
50770
76905
22484
25632
1057
1770
5721
47333
8774
27360
53905
15075
74737
79335
11808
21993
32994
8300
19217
1049
33363
19508
296
66497
60821
89123
55769
60884
96817
55239
34074
53267
19350
1355
80103
82128
11695
54905
74453
21377
75524
22241
11098
53701
4489
95649
38053
55434
62625
42657
37912
38761
79288
59027
28520
49906
29575
89365
94703
31533
85360
16283
24213
8534
38276
8023
38525
9025
64766
76556
53006
29958
69382
56183
17785
30362
54576
9692
24976
46376
31704
57917
85709
15180
3179
30542
39408
54613
55349
78930
23937
4663
50337
46070
74893
27680
93777
26947
18726
89659
79889
88407
76296
48070
17706
72041
10379
38242
17789
93383
10344
75173
17516
95448
36370
22476
2508
9442
73277
58149
51991
23032
16437
51472
37109
16988
41532
76632
44127
40038
64127
25355
65845
9953
69164
10691
83642
47264
72622
95978
47867
49524
89574
91555
46569
17294
53814
49775
73061
82348
11803
6830
87726
86979
68490
55895
30790
71125
74265
5569
56524
25221
79772
62340
2302
4646
39773
55660
95176
65604
43110
42280
20358
52029
18442
53664
16004
65219
3626
74906
51904
92063
47146
77104
24926
52803
90421
9277
69388
67700
48312
96931
5524
88140
43070
55798
85527
18787
70274
24284
15656
84695
81834
65344
22016
73972
11037
86500
70536
18985
49409
41
12898
64379
93689
53030
77534
73584
82623
48916
2053
98286
45755
31619
39515
52049
3411
61043
38233
79873
94346
45096
95261
96825
91816
49867
22117
3083
40515
33834
55817
6390
15200
73120
59168
13954
53209
50647
71199
26825
92096
3451
18461
90642
13018
38804
27026
13438
61013
33344
22510
21779
86941
35678
25097
67573
34712
17688
63077
15933
67933
79000
72888
92350
42545
64243
81313
22974
55406
43047
76352
19497
79815
63511
52653
7615
81501
32765
58268
30798
87307
68134
76372
72500
17490
11501
92932
85240
67824
67177
57122
18903
24571
51373
17170
58733
8924
14296
96993
31779
32147
21826
46623
45733
77646
42195
30882
29540
8372
88641
71138
16840
56711
25686
34627
4720
97935
64205
88655
32437
74483
48827
10141
2147
66360
63543
54278
9500
50143
30285
67963
47592
58731
9523
44160
42261
85695
24453
10651
9670
25277
92928
95256
51172
31853
26524
77394
61905
52346
43744
82509
57261
47785
33500
62946
40561
69991
626
78448
13096
68968
34374
36586
86952
90026
86608
76999
72588
53702
96095
56504
75764
77063
34203
30637
86560
17102
94674
74949
12488
98181
97691
27064
42316
8929
37746
16566
5295
36725
8402
45214
29798
47287
73259
59029
79847
24116
52990
35166
64065
10208
27311
4656
28664
32357
84334
87314
70161
88876
29771
88848
87076
78005
39756
78179
65470
62336
43643
12335
57055
59916
32058
78434
61326
18381
42971
87114
58172
48947
87180
15208
84736
859
32925
48892
81211
9551
47324
23911
54747
4857
54950
11439
21124
20602
73194
88870
58135
91521
70782
83697
63772
68761
88009
92242
36130
12533
35360
63615
79360
86364
21875
74957
13153
1859
93297
16561
14083
88195
27130
60109
73870
64646
24335
1347
228
43580
53454
65657
77276
15415
50755
21969
79998
72646
41910
47743
56973
75212
54641
88505
3537
22131
64364
80365
27070
93940
48473
67780
96586
60022
78119
42126
44774
56259
91146
62513
55632
32544
33125
88122
53838
2003
2633
87259
16373
90709
7180
24341
18506
84004
40430
23913
49503
68634
40285
43638
68373
81294
87515
46386
29988
39221
91927
94466
87264
63464
15509
2561
94160
58475
46957
15633
75397
81455
39872
61246
28707
66749
80162
19724
56630
70962
82956
46901
59538
59233
35182
35851
11025
61821
76129
30287
11257
66662
8320
31499
77720
75249
13551
89640
24805
61430
79599
51484
48086
74936
9928
91339
38041
41324
6263
19878
59081
95497
71911
76777
25057
12319
43304
19999
46318
32539
50303
67228
88277
22870
25811
40933
14242
65715
6837
44284
10069
31737
26731
16736
59605
95451
20773
93012
36771
44695
95419
68088
63706
83307
3312
3709
9083
14492
45645
83506
69717
11224
49260
32922
44247
36963
48843
74871
66763
2274
9092
97428
18346
54598
7431
83141
30493
76321
58556
27186
9219
44950
77695
60781
92474
82772
73621
76509
34095
72450
80515
30167
65314
30211
96335
2004
34019
72946
60708
37406
31745
26318
26774
74111
34007
22103
62731
80931
39457
49624
34008
62008
27932
19454
23965
28470
4981
7665
42783
1361
66443
80899
57243
26044
67699
37173
9315
78330
88637
53679
20741
98228
29165
31565
29844
69163
2445
28581
52372
25997
93582
2182
64627
30727
75347
21799
75701
45805
81824
40789
33682
45890
83229
71807
92381
46309
5654
88996
53244
46418
75122
14311
9527
71447
28185
8337
88557
48446
42940
78890
33079
32090
13404
65240
38091
74980
77372
61762
81661
80821
14563
58672
49363
34998
22404
82091
18820
46844
4365
25689
92622
56760
92232
13006
80869
92336
64512
3834
25408
66557
45845
27300
47054
94159
43639
47436
56158
36213
75855
7622
6155
77560
22000
19218
4499
94801
76756
32094
25073
87049
49750
23481
816
1398
8612
71936
68891
44944
40696
29040
45304
45584
68244
19785
31510
53656
56037
11727
51509
4723
41894
18004
16446
15837
29114
41954
23077
24980
57535
37140
33920
57011
69376
27092
42222
3143
62230
75780
8441
5005
75114
56638
60706
62732
88902
72934
31106
53672
53901
60279
92357
18266
4673
58945
32
33625
28362
68312
82390
33755
22158
50204
33431
77296
87599
11120
86854
56465
17249
46075
40508
49192
73877
93351
95537
1103
40655
21378
13375
87016
63203
68012
91638
76341
55314
90272
67364
71625
14976
19911
19899
49319
1344
49342
42632
61076
8400
60424
60522
16185
42696
58427
45390
8786
33555
65089
54770
87913
38058
49561
35165
37609
68534
4624
3549
54184
27392
97308
79781
60168
92666
79881
5284
68912
53916
12347
71981
20485
33483
54724
34069
83386
57137
62091
66567
80751
25223
95494
62219
48180
55949
37956
64094
24488
90497
2404
69749
66438
17158
65104
65112
78561
41447
55719
80146
82341
25266
39698
20218
65390
15628
75632
15185
46127
11594
2163
93936
37409
65589
2122
92599
97610
16242
51980
3485
45604
60676
76047
44468
92749
15735
11933
13984
79258
22636
33251
58664
8810
38306
24520
44485
7331
65950
75553
4203
44752
44650
63304
48429
18557
64190
89316
92269
69811
54196
35754
74587
22232
62902
80711
12502
92453
98063
11811
14661
24913
20229
64759
38486
25765
25758
35660
43286
80055
88054
37901
52935
2890
93349
16066
22969
7652
37661
73299
18876
79559
3595
51423
84477
95237
59433
78283
33320
15346
55054
65351
30158
8277
23330
86530
38473
19828
42236
17286
33306
40412
23932
62608
63351
42510
58958
30272
97919
79717
92230
32059
42389
91795
80089
23078
13265
11156
32192
19702
76767
37580
14001
20877
61593
42770
279
89548
37427
79133
37565
8725
89761
37484
70767
30473
87096
63721
16427
85017
6199
81618
92723
16191
17755
57876
48835
61240
86436
30690
4169
33629
95436
38737
32175
44045
82070
85712
89512
1564
71054
62715
46520
33054
17543
62370
72676
26194
85267
16296
68916
85069
61372
63728
11466
18110
68161
44743
911
26357
93157
92825
28052
62852
80523
42722
71892
83938
4539
87988
80110
76712
77345
20460
36715
52945
78115
11620
61786
46899
67482
96774
79093
41308
17007
48910
46438
4271
67391
3570
42638
56836
84269
32181
20332
96204
53807
45911
38405
94353
86543
85608
92988
66748
54489
73541
35529
74468
967
43694
1111
61644
94350
85373
21363
29519
89646
89755
27686
10127
1721
95273
4361
78697
21563
63485
72719
80018
95471
58782
1301
88125
50506
58113
44688
96616
85912
79505
65143
9955
55890
37428
16035
91852
17243
27540
21532
95479
60667
36578
41206
16032
66892
43451
7311
7208
40518
5098
63106
97797
6445
5077
96695
47917
13739
86982
80229
89789
67331
50393
44195
10626
42031
28501
67213
12279
67344
18034
56986
1126
26601
10364
97004
64754
44689
39227
79446
92740
600
42130
28890
47683
56454
31548
50381
45974
49820
1905
12138
36148
70834
33376
80722
18143
81068
67195
69266
89596
78809
9089
17341
8504
44639
61531
27870
91366
14323
48845
57626
2975
15394
11222
11693
48958
75834
71225
72281
8934
55191
26132
32848
44503
6404
27502
66147
33526
77701
30515
93692
21094
89582
72007
45757
94449
70605
35763
40189
14095
41477
41432
67311
75032
64171
9109
45812
62613
81496
72467
90849
24954
22380
5492
95566
97714
39095
94003
77596
50060
38788
73067
28004
28088
27813
98093
9920
92346
10962
93588
84476
13331
60224
80776
14981
41948
80305
48868
14271
45093
51723
64555
91353
95866
21028
13606
36084
39724
80044
89544
46667
28111
27221
23443
38755
25852
19055
81059
68637
13993
46355
65164
27605
5501
13743
41366
33203
51173
87722
67752
48234
76289
13787
60999
10850
12372
11922
42057
85181
84394
28293
85284
87690
88239
63024
1211
60673
15345
7530
19176
96646
21197
86027
15543
52754
18757
56807
82351
71035
65852
10183
89549
36947
6959
49773
17370
63576
69469
84605
41466
26232
50931
76360
13480
79019
72667
54723
2352
23988
6219
27949
64584
47190
18951
52054
97984
37142
391
80652
61744
14539
32465
9763
17337
54994
83154
45610
31623
18789
87159
97894
5217
49814
75188
27595
45792
38476
708
27653
93647
74174
27535
86613
5450
74178
26823
40826
8989
60508
74282
84529
9276
82291
89479
77920
80456
9741
22747
89442
23840
47651
43855
76342
38401
42115
87099
97181
77954
74264
7447
72805
47584
948
54561
47424
54631
31457
46035
41677
7766
98003
2317
85224
14837
4471
97897
37335
84344
82299
34856
46210
68744
57818
96927
93644
79077
45496
14279
47653
86000
94620
42487
28493
9260
47716
79514
70927
55788
39400
18460
46630
95652
61967
55486
85938
57282
98162
73312
12651
23069
17861
4992
29998
37699
27453
89849
31786
94584
91151
11972
88013
88650
56602
76196
83467
79601
35727
45031
86795
23783
3631
15839
2870
81418
35237
62573
36595
20960
58152
28
48634
59177
77272
72295
43715
81670
89437
55596
69349
29784
37236
92172
15530
52099
29455
35846
53300
95519
47220
43368
69402
77460
87094
21944
29902
91363
27796
25322
73996
64503
80382
7712
52965
28126
50338
54493
57498
84385
14073
71893
4780
51993
9467
33766
69690
35531
94848
24777
62319
31923
40255
5842
7186
60765
74682
52456
76227
37186
24680
71255
85075
20915
92650
460
26675
21080
58905
37680
68690
97499
25121
54791
84128
13752
26102
18044
82562
89919
2293
69002
32733
12012
8058
75857
33057
25466
6581
41336
36449
40637
41216
94065
73977
60064
96068
7059
44940
20186
7090
36346
28355
59976
28452
76096
27617
32472
73860
12925
6928
94051
59896
84981
17825
41410
82887
21469
51742
27005
2285
34207
12301
55306
46636
3690
35964
35865
13682
65539
2038
46699
16927
54283
28095
27628
8509
93631
50995
83571
24002
80213
60987
80907
88616
55317
8688
1660
37149
70008
64760
85778
12239
95890
12926
54886
96964
48422
4099
39367
75305
45060
64155
45323
45941
41766
85452
93858
47639
90770
83111
23357
71068
72991
49832
21558
59586
36752
33225
71368
97068
80167
51580
69103
82918
63389
62207
74347
80812
87191
47267
10804
1294
18354
25538
17838
4453
60882
64224
24269
74104
13650
59497
59702
94521
35419
23839
57552
66061
80099
65933
15857
55083
77908
64416
69202
78189
83387
82842
29070
36216
94092
67748
49550
56782
75568
57766
26490
23190
23844
42788
41039
81345
90447
70594
13609
15858
90348
37171
22063
33634
92504
21658
58178
59512
2167
3405
18975
29596
46686
47658
2085
63711
35986
93584
68834
80790
56621
27841
59205
22928
61287
86761
82150
24176
78832
59834
19729
58320
19536
13095
38572
89730
25257
52601
31839
61791
63116
15741
52560
32674
81751
84084
97507
92419
62785
96517
23821
13485
18321
21285
3964
94483
47052
19220
46850
53802
94510
18454
13959
50359
39955
82330
2291
77176
32447
82643
1459
85439
64500
23295
28461
71667
55978
1034
7709
86116
49687
79415
58562
63030
92406
76966
36548
22199
15882
42582
40804
87852
87774
76499
56052
52315
11473
65701
4077
22784
55429
27547
31877
49658
18124
22189
74881
89066
16556
76891
41338
76124
84837
24587
95059
7832
6217
45042
7763
67156
96747
47627
98125
73242
36188
47100
62683
77467
42191
78045
88915
40963
84029
5948
70377
32688
5790
2429
89908
69273
75786
48744
26013
86725
54130
64543
14408
4440
53948
48216
33093
44531
21490
8178
9766
22056
8267
93006
57279
73144
19551
57296
86838
27822
45529
71555
1182
22024
22959
85945
92953
9904
5352
89884
44796
53580
92431
32222
97533
32030
52083
62901
2356
4921
9235
58446
21643
26330
44405
23179
3421
94172
67754
36177
82383
15372
96912
19157
56553
38197
80354
40693
25488
57285
21429
72433
67168
29289
86499
28203
71778
45786
540
80602
14361
2671
43236
71899
66692
87779
45740
70710
96585
41724
70012
15678
45862
30505
24129
81250
20052
71523
16757
32872
78782
88689
4728
66774
21441
22768
48481
94296
69099
18311
61492
96251
75494
58360
7821
37466
50553
22258
19750
23327
84607
45990
11964
97110
65544
55368
72276
74882
69458
43071
61608
63261
41553
64853
67041
97439
54190
69635
51265
63880
6518
10487
2472
42616
10163
26284
22965
83816
55680
45239
26724
81053
24470
2544
49865
17656
75381
91761
27525
45877
34616
61783
57387
20904
32801
53159
7405
91791
68248
41223
69046
68077
66528
24036
96610
84819
81638
11819
51280
26000
80079
37790
84351
90417
49943
92067
5019
13637
95072
90594
51884
73639
35532
75292
14041
82405
34888
44413
55031
46659
47862
69259
47421
55640
58785
17483
1172
40464
79561
4880
68066
43561
69655
44931
65962
13737
25643
31271
77735
3283
82433
13852
40532
35346
998
42903
67867
22068
29402
20869
3597
80487
43167
32130
79496
49000
56979
70534
85724
57816
97575
56403
48714
12192
69147
71741
18009
83033
8765
45724
40328
16986
3503
93347
9294
30649
79332
15977
38127
90237
48642
2229
36444
28510
90936
73253
48308
6757
96427
73438
20315
27741
77595
97130
75707
70814
79068
82548
70702
28400
5075
40251
68608
6766
86015
15071
58919
71791
71652
47809
22127
85286
24380
72301
7005
30031
70974
45560
64720
53491
1311
19646
27817
69629
79901
66682
79498
97826
56242
45904
65233
74941
90732
86636
40562
93775
97981
45180
25056
47241
65393
21842
64235
93055
58246
91981
80496
19116
75847
44912
66591
8289
15588
38357
56570
37806
77367
36830
81854
9191
23197
81075
23321
12408
5168
61016
77849
72747
72693
94196
87990
16093
15722
89580
8398
15799
62556
35665
98157
97193
80771
59931
67741
39137
59134
53170
69803
76005
86607
14340
52220
66646
34713
17347
27959
79231
69955
62361
33691
97034
4244
34483
11529
91626
60335
10870
48784
96272
87171
72745
2194
13066
25580
70419
34824
17247
81305
58646
81780
71578
43214
77510
67677
13799
69365
51085
81712
89174
37384
52528
40171
41326
39744
35212
53689
75633
69166
55307
72474
54423
33416
89954
93660
50964
3266
12946
3621
62593
54455
22253
18888
70852
91696
30980
63897
55686
34347
35620
27126
80756
78187
84952
46437
7003
4987
37534
91923
73480
34416
76241
16536
62064
95779
91242
93931
78515
49893
70033
44167
37443
48278
25760
33958
71088
96215
94526
13667
89774
1736
85433
53271
87702
1663
61260
41448
33332
38307
49822
21014
47601
85396
42164
10883
27819
69857
63788
73586
13403
55900
16202
3712
32418
30834
58976
33429
10982
46434
44913
32597
33014
42561
74137
12690
76093
36093
51817
7360
18926
46947
1785
22837
43438
14862
20687
14558
8478
80786
82066
72916
11480
50121
20125
59434
56117
59217
49399
89046
50907
12327
84341
76362
90175
22248
38614
49706
84472
1070
69236
85550
91312
32746
79451
8395
52270
64632
31318
67074
88169
68371
50788
97602
40542
12575
91334
44735
97446
31368
36592
91573
86917
60514
25687
11375
92217
91822
211
60281
57785
65666
29436
63544
29756
93158
34317
66929
93379
97409
26327
4016
56082
3260
4066
74694
96922
87036
86734
85711
54389
26521
286
22100
27785
39306
95784
6623
5932
44499
88372
84019
9006
3734
53750
96161
64133
30823
28134
56067
84450
6521
24771
15433
16622
52648
73444
21448
25317
31495
16582
51895
79100
69171
6753
80546
89816
54578
3972
93355
53611
40484
94182
59922
35327
36223
22893
40208
49063
64300
82564
12955
60440
24735
69799
62026
29808
52119
50191
82551
63099
6497
94389
48551
68201
54917
21290
44340
96528
80707
93321
19166
79026
34902
59880
38482
11021
6128
24906
3691
83713
5008
36807
66945
47923
47544
25196
20762
78837
74716
91480
42339
18464
92091
981
52520
1781
11934
34842
79738
87220
39887
78589
89487
37552
67323
93412
15046
88536
68991
29434
26333
55572
91375
36243
54163
18794
56350
11407
70043
96762
43573
56545
58025
27987
63448
32979
87634
3471
12341
86509
25593
93768
55119
36176
73926
58015
32348
617
65365
5662
7516
80953
3319
93890
84928
56404
63219
89558
13423
89436
30731
1264
92125
70693
16306
48632
66716
70716
27431
23037
90349
55451
85864
14859
62568
50941
51657
43811
81786
2201
24046
4970
1964
76253
32495
53059
50244
79628
96595
54326
50764
70378
29229
6478
61514
92361
39248
90702
50705
26710
78703
80257
88112
79487
89111
18944
86825
70659
81733
17223
93649
93684
91097
5208
38285
33786
61064
47032
13796
62818
62993
85553
6224
2968
69463
43289
77041
22105
33528
21757
14512
11241
79949
30316
89765
96289
37343
56902
13232
86639
51453
32502
38960
15316
24807
40204
69342
88349
47877
78399
58531
69032
77449
50918
13885
84121
83372
61987
63989
83063
77253
25889
66884
95645
96734
35582
10367
11204
89240
47040
11401
10516
13948
70336
57737
66048
18872
58526
32683
41875
81990
87032
72633
38483
669
16240
74305
37386
60974
11729
16011
58224
71458
91475
80445
43676
78333
2941
80288
39779
12475
6967
43983
80264
48036
26659
40178
77300
84832
30379
77804
81036
20903
27061
84507
38425
51907
26201
72242
97394
10363
84905
63423
78553
68501
83971
38034
69860
37446
84716
7707
4292
15161
90097
36528
3585
2134
94330
76697
85593
36430
7593
6789
65203
44872
1348
49024
54571
55580
15412
95183
41291
7855
84849
83360
3230
94401
10712
30310
14700
16634
38563
19317
29314
66812
11463
37986
82991
4274
12743
29662
18220
66797
9963
44558
65400
53313
78323
94133
40111
31932
63007
13323
73202
97665
35910
63808
92153
40487
43262
46206
98136
88358
25861
48221
90734
9340
30192
62053
18857
73193
14230
10921
20432
62500
25365
52685
80106
61740
92579
18429
55392
96805
17530
45325
76116
7345
8854
67855
67743
94169
58864
31163
54468
68208
60096
9226
96282
14630
38296
94793
57504
8709
56821
71519
41423
54995
23645
17831
54220
7024
2662
313
7944
14250
23798
56288
27226
66308
20484
19971
88329
62036
92802
90799
81083
26089
55297
31894
38112
17467
93596
42645
4677
61536
63331
28135
15055
95036
85764
27095
27251
88449
28743
53153
51157
23689
38438
85068
60129
57018
32336
30729
21148
91818
61058
73207
83702
56689
43690
62005
87930
5211
15511
87652
23963
16698
51023
66010
63780
5968
11153
58129
95599
69897
14485
17360
60126
96174
9401
17561
13702
30899
75357
90766
87568
62354
79530
12131
35929
22704
95220
74338
4239
62366
81246
52021
78683
3078
8947
78672
82691
71121
28164
85770
24258
33839
74666
76426
94842
28859
34603
43177
90157
8203
19132
10097
6276
9264
52327
57317
23048
7735
51250
25611
10524
56855
84759
58290
78247
20420
52889
3802
53297
40855
67185
82143
80926
95154
77387
26469
40089
34772
35525
95687
23073
2228
92601
14672
45246
19569
55645
3193
69457
77969
16635
88825
1737
87175
70840
92241
97848
56442
48029
18647
43735
84085
14455
18832
21211
68673
53543
64256
62739
3412
53272
97709
28516
84891
82462
60660
31345
90252
26810
13041
83013
59614
71162
57237
92831
13986
78114
58159
20767
90361
40386
77237
29085
14778
26802
60604
46979
75488
21244
4937
14388
76682
64521
66988
95430
14127
69313
11080
37988
78840
68249
25399
42730
55858
8205
10242
78438
89421
59402
68434
67995
22676
26541
73501
59377
22955
97681
355
55194
22350
26970
14297
28863
68448
90151
79477
70330
898
63332
58964
46818
61673
89811
75891
40130
80397
51499
83544
87639
97286
35743
23977
86768
32184
21221
18935
84416
56942
94763
30144
48135
12410
17257
42851
87231
48055
81137
46331
61226
94326
39461
98232
77986
45209
1965
24312
50155
6400
9359
85031
90864
49096
41575
50438
77725
60385
31209
56103
81105
36926
44955
55138
62908
31633
21003
79391
30986
13610
5562
43208
84946
47485
85685
39754
35060
81207
62082
84776
7190
25291
49174
77845
47055
13322
18502
47072
54829
83806
90339
61651
44934
39768
32257
63230
75579
71963
27352
72506
75647
95051
33551
39910
62313
33575
82495
36275
96381
7528
60714
87397
13396
41140
75683
13662
56709
96873
44092
80078
86893
18005
93118
25958
37563
23173
34707
57793
17458
12099
91009
86148
61033
21675
19410
94819
7819
33091
93434
39091
67961
59181
26306
9952
46464
39163
21756
4977
75848
1668
69647
1152
11366
36600
40568
67815
20508
54295
63404
77754
61001
69308
42106
91796
45423
92899
35937
18314
26311
57280
57830
91747
91902
83807
8512
29480
77793
4858
93298
50872
84
58007
53150
34138
46417
17829
46794
40571
48627
70365
76755
22150
97847
93986
86798
61649
27611
19303
39084
8111
4152
34012
40901
8904
54727
35915
37605
79346
63098
34866
82656
65733
71968
54564
14308
3477
19937
5337
49296
352
38883
30680
18230
45132
3958
31607
96973
35550
10299
65374
91729
19499
31825
40462
37460
67297
88542
5725
85095
65166
47538
17402
49781
42827
65775
46597
21261
61817
37102
22215
12097
85638
44792
20240
12821
22283
3916
15375
7705
41865
78328
24609
12402
26369
71645
90480
857
41698
4439
36643
91868
90042
66665
52430
33450
90663
5507
65361
91213
5938
95512
48461
89413
64919
93842
32834
84255
21299
77590
41506
39246
69488
34240
56461
59720
27888
61077
90611
45261
62798
85427
66027
66855
27543
49418
62165
27985
26101
97214
36806
39730
21375
35990
18828
1356
70749
87564
32287
9202
14701
93286
890
14178
33253
48138
56841
29413
88441
44601
51136
58069
50221
81926
62830
82499
44058
54188
36248
12416
1927
36450
9671
9786
34299
2241
39002
63581
69848
12145
72228
33171
97225
84240
91707
31391
19570
7187
92645
33950
12509
2146
9999
46563
91438
19992
66036
89057
67563
5006
29098
81859
57904
22378
41226
78216
23638
15566
31214
9317
52792
10514
96386
77782
78059
20620
94419
3509
30628
81227
32680
71529
95905
37549
7958
62448
71942
76943
5158
43096
20653
16002
15982
31521
45630
20423
68805
66562
54748
28716
29149
66543
23877
49638
83222
47065
68109
57806
27778
51919
1828
48591
65443
23768
91313
47988
3250
91879
13933
30402
56271
44202
44584
19029
80428
4652
61126
96860
45436
62923
62268
9996
25805
43007
55165
17164
85915
12261
65231
19675
95712
58740
13630
6876
51805
35697
94533
28208
37772
87263
51337
41276
58689
82810
26534
55366
39844
15334
94034
83048
55804
12665
24174
62208
21569
738
14345
27257
29221
24399
66574
72104
26038
15763
52447
20165
42691
33510
7884
7844
78597
12385
96992
25506
60079
69074
70014
54792
26846
21607
91519
82672
55974
88761
63693
30461
794
77464
7521
25860
72801
40905
1035
37789
60318
32234
48786
2012
57499
56416
49256
21883
56691
30809
89635
77299
57690
83402
36264
69193
60034
13697
15233
69683
60463
60001
72219
41560
75879
21157
39676
18200
284
94216
91744
55064
20505
56529
53663
66838
57621
19576
35260
63679
22667
61471
8676
50685
49367
11635
4794
7429
62729
78954
8067
26400
90273
21621
30382
97010
22722
56645
74614
57306
96283
20448
66216
81321
89566
20676
37145
47132
95735
55761
19097
35573
75036
65498
12792
30098
97517
32852
57103
44915
17720
1340
47291
65748
50128
49672
28600
95074
79670
66458
66590
32618
23999
70229
84378
89379
72938
82687
71933
60553
12763
67907
70758
65376
18528
12058
81133
4327
28305
36484
55557
28245
48890
90393
50383
47050
42978
97217
28919
28253
66469
14481
15752
82606
39507
51
16453
4358
27175
91516
61847
81846
96401
6991
47892
65708
46638
36787
52272
16788
50125
77443
37433
80645
49392
87537
16042
95697
78354
74395
14845
60029
90757
90119
30712
35894
69949
28878
61986
97358
673
74197
42868
77060
20039
81723
53912
17396
43111
44708
93843
60536
90526
39169
25125
43347
33476
74083
5114
49484
56376
9041
6158
59917
69003
9216
54247
39968
71994
98051
14138
31497
63570
263
45608
29353
96310
72469
50055
52734
63358
25462
4522
95097
47428
86733
35086
34497
69045
73865
17940
97997
94138
21798
72967
59561
63366
2329
64713
14903
71827
56983
46250
20652
55107
56842
46746
53280
55587
36302
91943
56941
55341
23039
41006
400
64162
91209
43046
42229
31887
22188
31181
37281
43674
36925
18085
40536
31313
11881
68649
50299
59264
70781
66907
750
81721
27255
77556
31480
9989
7491
7598
36388
68198
83685
72717
26820
16547
45797
26297
70973
86103
31502
54680
44362
50291
6821
76570
79225
36749
72488
31927
38489
87282
92088
49451
29955
41491
11336
73647
50609
59336
79596
29023
87331
95928
75427
28687
80081
27451
22670
8230
32485
15247
94778
60045
28676
3532
83290
39421
85676
84787
69387
16820
31131
30306
87543
62904
58090
38763
4644
36206
47361
51761
87648
52266
56247
55706
38982
79469
55252
15295
60354
52847
97251
63895
8898
45581
64514
12582
30929
33351
66877
75415
62388
74125
63325
53835
92264
45075
15021
79123
80990
89098
38318
36593
41847
59066
16525
14564
5761
52325
83336
12896
72642
37376
6853
59116
19504
71536
28936
3398
3552
74152
75961
41217
28043
95884
19095
76644
90414
8141
41664
60626
29359
82260
52479
55952
92598
16043
21301
20860
84659
86698
78040
47034
6702
21800
38263
12589
75059
18970
96979
42358
83061
19882
76126
96295
46289
27861
19205
46792
38608
54125
16760
65667
22325
8536
51447
50824
98223
50577
40625
43146
43955
72454
38214
85868
22454
85230
78746
13596
10203
1109
42778
85032
81907
31591
50132
88045
7406
41551
83404
13117
33123
9513
19069
12404
4946
94064
2177
67307
82285
20497
69855
38521
70447
93079
31983
31340
28328
57297
1485
27715
22259
33275
15614
52086
53563
82890
51999
17391
8996
61648
15262
70158
59944
11606
35609
80819
90953
8872
84677
6384
89155
12567
91866
52051
74665
35732
33131
77628
95816
58735
52433
68050
74377
62891
9756
51481
86603
30841
18706
69425
66088
76675
91710
60493
1997
26156
44809
46986
79535
71163
58337
47804
69228
77189
25202
33985
35615
33681
81146
52323
79098
74114
47718
41907
27482
17260
96409
4302
83579
47816
33758
56863
59930
85076
8977
58580
65004
25373
87116
95702
91083
17754
64896
53294
91452
25054
57275
15725
73209
23392
81938
5977
57822
52948
18801
293
58833
98008
19892
29692
93872
58953
70056
15855
55757
68679
64436
7586
59611
84615
67002
92024
4577
4886
24831
40850
58767
80979
72632
19817
40417
43546
75372
16661
81666
22890
56556
30621
21935
4113
48855
57502
84129
30499
55488
87293
83031
58816
21551
24382
29651
35124
36406
21464
33857
70342
97576
88453
65654
85917
82510
23640
31290
44494
49292
17273
52802
65922
81875
9937
41296
52010
87443
7297
67459
17482
32386
27479
95650
47949
66144
68429
87521
58151
61550
73026
24674
7651
23382
6970
48832
94017
47163
14616
2276
75835
77799
41932
75196
86886
23185
55240
25699
57116
97135
76578
50168
18742
94711
42610
93600
83275
28210
50603
12683
55717
61357
16305
58534
52588
6492
10760
77481
49843
1517
63970
63027
32120
45144
23140
19736
66109
27500
23922
94399
55498
82963
58829
52227
62265
31933
54954
39770
78692
94612
70090
52171
94634
59875
88299
25473
23598
23145
91565
74998
97785
90544
78568
57843
23152
63708
54667
37338
35879
73056
60856
71694
54124
10310
28559
48243
76579
39394
31478
25552
34670
29850
72770
41017
91841
3222
8077
44973
12944
27915
92300
52692
36151
51664
83539
51996
6104
6253
10052
53930
7133
67289
59923
24424
3346
70464
84976
19933
28777
80971
69000
29205
56234
29437
66132
25503
1628
70832
82846
6332
74567
12021
30906
44222
47183
3999
30551
56914
79448
83064
42767
80478
71697
6137
36180
70066
97018
37494
76591
22923
97635
71473
70246
20014
88532
14486
48668
3305
4214
85392
98213
54642
90183
31266
65111
4569
95892
26855
82401
525
39127
24157
37659
93730
11304
79748
92918
63268
52328
14438
76172
56932
80128
72364
41286
48981
79324
16499
55432
93042
34895
65859
24028
18116
41950
58536
44787
18701
19283
49908
45294
81942
92565
23265
7888
68705
33455
19279
37905
95889
88879
26128
84248
61140
61137
8510
65105
71576
12458
89985
46719
50057
72101
44524
60898
91038
59600
71493
70726
1650
30954
58319
85072
19245
80268
97436
69494
20277
97618
52701
90387
44066
28133
64134
43450
43155
51038
94868
56497
11462
21316
34698
14855
3846
49712
39537
69091
62976
3338
38115
58890
5950
59149
90981
21286
47546
66802
28628
59835
40406
632
31394
35985
77407
8556
85021
51258
29281
28611
90103
22084
71469
52285
86291
29874
73715
78213
96433
78529
21869
90736
18494
43163
58799
65221
18905
63565
73282
62175
39316
64649
49807
97535
54941
9301
61174
64336
38096
88815
32363
12340
68555
54318
12917
92029
82423
19455
62648
90290
76359
48728
2953
66247
26619
757
38289
15407
20855
28663
37977
92185
7247
14807
9234
69073
49562
64818
118
15685
34505
75168
85104
12981
56956
64352
73249
9152
47557
47512
759
9978
44087
68913
82572
37312
83840
74246
13209
78769
85367
88828
19007
58615
63608
55456
23824
26973
84596
93676
26108
73401
78204
55539
86309
36491
43808
36745
73062
63010
23476
14475
60581
18864
85310
54400
74250
36324
18178
66053
3965
36000
29438
26853
50110
82324
50999
81050
75164
8833
40887
20704
46474
86180
70180
9409
47250
49118
9959
91770
44987
51266
12272
33521
82040
4846
330
81529
27994
51927
25534
32466
56164
75916
90952
28683
30188
39113
52265
10327
54175
22874
16923
47046
3839
97624
60551
77436
30206
24059
1730
87418
59120
43717
34540
17583
8817
8712
75344
32170
2620
9684
4552
18238
51531
61734
32488
18079
59468
70657
24285
21270
9555
94128
2688
4350
45817
34588
60277
16273
28780
9536
4268
10290
38182
61103
58430
15846
58186
55593
62892
32117
48801
90186
8037
32555
72984
47569
64136
37075
98202
36230
14086
25135
5482
86548
66156
79821
70801
61445
15827
53858
61255
95178
55337
25489
40108
89269
47654
57249
414
22340
43139
9779
76261
86501
80677
73576
8136
12878
36955
21530
66181
50224
71538
92778
63583
25048
86996
79185
43726
66431
13839
84051
57106
29472
57075
75172
75732
47931
61475
33871
59382
6946
5814
90521
56756
92544
72749
94759
15883
51451
21268
69506
57374
68285
98292
19041
15439
59811
90059
93114
11671
39266
33359
26512
89108
35021
23201
94950
52373
8751
21089
96206
15023
68129
10301
94475
82244
11164
40666
73856
90481
64797
4660
81081
66622
33949
52829
31957
28023
94244
85253
73342
11086
12107
80336
24544
80901
29118
78480
73599
42003
2016
7361
22500
19484
45057
95180
94558
22405
71902
44681
57705
43941
26809
97327
68410
2206
30331
61332
33773
54914
766
68768
73186
66196
69946
48543
61670
42824
42324
33080
16069
52681
93488
12008
47266
16317
63183
60094
44305
3075
40050
15350
36895
70487
32876
76625
52273
56964
62851
68212
36408
35239
53463
4438
63151
96652
42798
61735
63477
17113
88337
23275
44557
43849
37684
31754
9073
46191
78359
66911
37156
71929
9810
30815
82670
74958
63873
69845
65927
93845
85023
44078
80671
21602
6656
63060
67242
15658
97519
65699
95593
27971
39144
76651
64772
76288
18107
23742
50535
52492
79929
11924
28660
15032
56138
22897
98058
90666
10580
21614
53527
39102
52728
57063
20766
89283
34758
72691
73560
67387
9762
13244
86959
7455
50219
2334
29855
28140
96360
41896
15518
74745
93761
96468
24659
32739
70568
27712
82305
72684
54516
15481
43087
3789
76554
91449
75728
68473
93824
56644
37974
59444
62293
19278
54000
27645
5784
54848
67720
11144
1213
35639
10507
802
62994
83565
33185
56695
53894
93838
95316
11147
56430
49649
8421
29190
53852
34564
76046
43001
16397
24481
53324
91201
25600
2231
66959
25302
43427
16254
97648
94607
98131
66116
2422
63471
40199
93411
47219
19552
75183
95851
3096
69317
76390
52150
69283
82252
78296
77175
44218
19755
83997
40535
65131
3202
56281
42032
20008
62446
78206
85362
35025
76655
10977
18269
7301
65920
31532
18549
95795
67122
53181
76024
52898
1080
96430
14448
63548
90267
20984
14089
54004
42581
41542
50503
81489
72397
20924
69260
35997
128
20221
82608
65571
9101
53781
14759
62950
87866
70082
35628
51747
82685
29078
27523
68817
63602
50679
72367
71597
60162
83132
58599
88625
78176
89876
42332
36047
37922
57825
31946
16428
35097
82162
23938
42158
66386
91846
72529
79747
28138
91330
94892
31545
16538
46368
68995
88994
5070
37676
33021
17622
77594
18702
32741
26560
27330
45256
85933
51542
73598
67299
85346
69662
91824
87170
74382
83331
77878
59623
39300
68871
58532
84462
1981
11087
26782
4176
88293
77997
1044
82849
21478
46735
8602
49660
89845
23103
97434
73661
92008
51785
66623
20376
60444
89186
96159
81375
79058
12010
75760
18574
30050
49221
47620
54015
55373
76428
61209
80263
4353
57891
35029
69705
30317
75563
35828
97841
35891
30646
1287
18421
60997
16280
77231
34065
63498
3722
40814
54603
93558
55389
527
52268
12054
39832
19721
32951
16832
66213
54178
51014
30511
77798
41388
55992
91926
74621
76680
81027
57738
7008
79316
91484
24049
5143
11020
68183
8899
57539
67298
28550
17606
3666
97475
21597
11309
11024
58440
57022
80682
83612
50969
22225
30126
69276
66508
24083
35425
51862
90030
81647
16606
15347
90550
63309
2719
73341
65276
63045
3544
53805
61115
23180
58344
18071
48526
1052
28720
59303
91699
25441
6596
28740
28882
32709
22631
15080
36184
53383
65482
97938
29501
94906
92653
66251
18507
96543
56884
30440
23344
12055
35655
75997
58317
93197
32411
43217
59145
16454
50042
35725
26140
94527
92607
5033
21893
44891
79877
50644
2673
39122
95171
89502
92896
48371
34173
98130
30220
79116
38648
44248
94940
85123
55249
48741
71010
83989
92147
61917
85174
70253
75194
86860
53156
5368
71182
38308
69077
81631
20372
66119
40502
76487
97020
18588
53058
2598
27582
71097
24792
70375
87339
3234
58479
83966
68788
68284
28276
87198
49884
28503
83777
13284
7595
26712
21967
54910
74466
58410
14721
46629
9508
78909
37767
67950
18290
25311
43003
19838
77912
64186
21071
53913
42843
1394
10107
80168
23409
11390
47135
83381
96446
11554
25502
23484
43582
44477
31725
17201
51331
13343
58468
79468
77643
52962
57870
46014
65709
53921
36014
54704
47761
9195
25667
34134
81946
81181
54803
66582
987
83736
75641
30859
15606
56140
85012
44814
24811
96625
36412
26171
13424
14737
44764
70468
94223
11965
71993
12049
51416
15863
78167
3534
90506
2306
98169
14268
53842
40953
84963
56460
82426
78347
78799
73910
49487
83148
41124
49955
44635
94590
22136
48033
93982
82808
91136
16865
81861
5444
82892
77150
30642
46639
86503
4110
60046
21400
3720
7056
70196
10975
77168
52179
15931
9154
22840
16399
6512
32837
61197
2395
56253
98250
37095
88688
87299
67300
10633
34140
60699
52761
51865
79760
83109
79820
13617
47035
24709
20804
24401
53745
43410
77260
89375
89818
12949
5349
30142
8999
30776
39009
74086
28585
18629
46968
51442
92347
33216
86654
59113
28979
5707
44805
25207
59158
23354
81881
38261
39450
75480
55919
64229
24178
60627
34529
63598
37289
90874
47364
60982
41082
89531
58941
88568
13391
41854
40146
78989
90845
62447
61179
71686
62474
59184
91845
6712
92114
11765
12639
29340
74038
63220
16292
75839
84435
70400
38356
67035
88995
81863
61015
19773
25661
83240
71298
62644
68737
90593
18171
89257
87054
50335
47564
50759
54359
84953
3794
77851
82925
33820
24817
86255
64184
11223
91429
79692
2960
81999
74667
33614
61724
28351
9403
88188
33716
70589
8494
79578
57143
18981
59380
39800
63399
22508
40123
28027
12156
45165
35892
11756
60599
16947
196
80739
36260
26762
26679
39276
26814
42861
28014
24245
41395
72721
50778
79261
79656
46549
19525
73832
30941
42833
11945
48113
8344
85767
20478
63301
55641
70188
50330
66687
46303
30040
62276
61399
98195
4325
40937
28912
8828
28446
44286
93554
26784
73517
71081
22185
68552
45293
60053
92660
74506
48237
63137
35431
47906
70426
76458
51128
44498
92136
30645
64987
35712
88070
47164
94954
22247
63008
71897
83577
27355
89796
28182
37753
19782
64378
53174
27321
28170
5701
84062
90078
45671
5293
1780
24358
33008
43678
80950
25548
46235
29354
26666
85582
60437
26429
66413
95300
8740
70722
71506
14731
93767
14491
53466
6844
49725
21719
72057
87024
88419
85576
3623
20050
71917
60560
80471
8617
53041
69757
60783
32964
10729
3576
23567
25299
25213
37069
73921
58212
74058
32500
11549
55907
37982
34602
27512
21972
10118
96373
39482
36039
84730
89467
8046
53097
54557
37421
76956
34677
97101
36512
94832
2745
61195
96150
49736
29608
67960
49107
57307
86227
88010
24855
28751
34200
88115
85722
88108
95003
95375
73138
35980
53330
18836
88947
77988
70149
27472
78357
86635
751
3826
68442
48857
60352
69093
42566
95
43785
14915
40853
60470
2868
59020
47217
47522
43050
61845
91048
16041
65490
54934
18802
72800
50404
26293
54473
77430
2703
54471
33386
9642
4398
89448
42437
96545
5261
12511
8160
25487
24270
44015
44036
87298
34000
23142
29123
43719
68190
8278
72618
92240
96556
80729
62241
274
35514
36710
2097
50695
74076
15981
56850
69124
83733
19605
74748
95199
271
44598
89663
57378
39966
60156
4351
38607
39668
56096
59837
21512
27618
89692
80173
21346
19169
17915
95457
10237
23630
8672
66341
42624
18758
85733
47849
60240
17251
83407
42400
97813
34541
58281
95226
36258
90693
40443
61132
65564
16204
68062
87000
57246
52853
68701
55976
60381
87361
65879
80249
17165
22313
66228
6836
15458
62832
43749
86360
75026
65303
33487
40011
43464
