78566
22105
20972
67740
5513
56931
78040
29694
52984
20143
64548
30446
36772
91557
87900
2118
60448
59597
25443
3061
20746
64533
77449
14008
33121
72823
90239
82305
95883
63376
75268
57150
86202
81195
98238
23265
39341
63159
63855
23969
32567
65017
16463
77791
56682
72544
82728
31969
7945
66066
551
43538
34034
56034
38450
83433
96206
75196
30966
84784
79420
54215
2969
40512
40429
66589
75095
41850
54386
61492
70305
76867
85675
68921
23436
49855
39667
67322
73202
8241
96524
5319
60418
64088
67486
49187
29193
12331
86110
61124
77759
8160
92137
5411
73023
45360
81613
80942
73842
9160
18327
56433
89231
88230
27850
27589
69194
46311
95571
16477
43147
45418
25647
71091
2019
41925
95944
4817
33144
27739
52204
4989
60791
30039
26986
10347
95322
92985
73858
25044
69839
6243
6705
55215
14867
43078
51504
25959
21154
5332
72106
70377
96504
71823
28461
19124
33911
64552
83993
42879
36035
25233
3999
16197
18612
58209
542
22756
77225
27205
4368
64340
39385
58962
82265
86311
15571
24764
63710
88077
95055
83979
17105
4811
69844
6569
91
401
60561
27734
68796
35258
55635
73799
83226
75284
78935
69906
37282
60011
6610
72153
53492
14499
70157
39147
69192
65436
4986
46111
12767
8768
28355
4860
75286
83622
6920
32486
68893
19598
7543
9982
67716
10760
76576
44192
23381
65125
66831
86493
80143
93110
51203
36826
17275
73119
36494
60055
33553
96172
73472
25551
23703
19695
20670
15002
10052
69115
91844
83934
97292
61690
40650
36205
40261
18218
67544
20488
59145
29340
1102
53263
57885
54522
37938
63587
28496
50702
77597
82687
23823
80286
66951
84625
95009
32250
12973
14565
56189
13314
16020
37013
13750
6189
77339
79458
93359
74102
19250
41431
58981
17027
33718
86817
91560
72303
85395
23672
94308
27916
3143
85313
1317
39418
80821
80410
65178
38153
93904
16823
28610
37449
15609
58730
34093
20694
22284
19457
74069
47626
22103
72874
13322
64144
7575
76166
95331
81995
71506
16354
13117
62736
27217
61174
73968
19570
7751
11840
46283
22825
74677
9086
29312
8610
25430
38339
48671
70268
83887
95664
3941
68292
31197
65587
73254
90027
1501
67114
23475
74874
55166
49976
50760
72132
76255
61171
43600
33806
78066
64611
1901
40504
91698
19863
74703
64257
90651
85819
48689
26616
58807
43379
70554
73847
13850
69318
90616
77516
72177
54568
20738
80116
92442
10430
83849
54922
22850
14173
51862
50249
34472
46368
51852
56607
64239
17264
70663
89091
30456
59224
31589
65075
86357
80112
17653
69140
80269
7545
93353
53764
7167
84093
65197
32770
61725
28916
56254
13382
42974
4047
55101
97376
29143
48679
77695
9409
42606
3877
71986
76518
85562
37819
20826
79824
42802
81732
61567
69817
12739
2156
47534
8818
39792
38140
38925
8765
20376
75501
30619
58882
4369
15599
11124
35734
32406
1415
13
73508
4959
58998
81969
36129
19555
60984
63970
21445
74504
2648
13542
41414
85420
96286
27163
12324
40714
66542
49008
23504
5518
75729
4288
41877
18573
22206
41677
37197
5399
82820
92010
78160
46324
37466
86944
7767
68819
72681
67725
45307
15593
95353
51236
75074
85362
24199
92939
67787
22763
54547
97194
42799
80272
71238
91347
97404
94413
95191
78436
43420
50808
37934
8859
70718
75306
70342
27491
10680
81153
11884
62717
61832
41786
67699
87160
455
44236
66907
16993
52548
24713
70675
33643
34535
9200
40967
34445
49314
49191
17508
86501
96159
47346
78751
50584
35180
31047
86600
11206
53366
61675
56348
9372
57282
61226
52573
76508
60000
93556
41416
45830
61263
11210
63198
20074
54881
73103
92621
46755
62292
84977
60612
85863
60980
11698
95553
84808
56283
61220
72670
38584
44134
36199
79845
20430
77552
37081
85943
95544
61862
82063
96931
38080
20505
4101
20733
84969
69573
86281
11612
10493
56965
12063
1768
52885
63758
38879
96338
86439
70664
31591
62719
4863
60299
1998
48842
34019
15347
26143
82968
45523
2045
80618
36934
65606
45227
95845
58527
51786
30492
89658
31798
75455
34279
38998
49809
90904
38443
49261
82185
67641
53918
70676
58147
59998
43937
89117
14959
77162
10363
60513
58198
30470
63608
28918
45891
65169
82591
23294
38246
37642
62364
96603
89319
68238
70043
87645
4054
89914
15328
2379
65024
23082
91977
53091
30216
80105
88320
38661
71829
38227
87681
57584
84276
20361
887
43251
49820
62075
20609
49816
74290
86508
55973
77233
23024
40262
24756
15762
53893
84147
8357
28247
55067
18780
94956
90458
91297
27601
40431
15074
10990
79019
60231
48472
49723
58788
29188
66188
36078
78956
12187
34190
18504
87137
57993
49357
93631
44542
98036
9841
88338
93636
39164
54511
83312
33626
48571
37534
1855
6719
4799
4152
81935
72286
72087
25613
70713
77985
75540
10631
89174
61960
4960
24074
966
68540
95831
86866
22643
5088
83307
41437
12210
29065
29844
69131
97943
12147
68997
25699
15083
88968
3442
73891
31665
17125
48764
839
86587
92627
28133
62344
92720
49104
47112
34936
53715
