77769
36262
22562
89469
74511
22568
6346
50911
46426
2610
56213
17825
82951
94691
41685
59750
35380
166
54690
55791
27425
15014
77354
83962
37854
23476
61806
6972
50506
42035
56198
21549
72236
74809
29628
73924
75093
17514
89532
78547
2913
72042
67536
92577
98091
45963
27680
26872
67724
59436
35006
34383
1006
57123
68040
47056
48833
59479
13592
98031
30509
43243
55399
33116
19674
94330
57119
79706
28046
52869
69718
49482
92449
23902
36865
94751
2789
18560
73092
29109
67546
11907
66529
89865
421
68739
11968
71172
45038
16167
28146
17630
49724
62177
73207
56638
38658
62247
91367
47434
48249
39577
88363
4774
3216
85755
57826
37297
91605
20006
92660
21971
53694
88075
6753
9817
25459
20092
66999
90816
85749
33061
68358
82740
34252
41970
13806
92281
30893
75939
9170
95136
35828
61581
57907
28107
84516
94556
68444
80584
42243
58890
48320
29245
65983
73728
59205
55409
57705
45365
29639
84245
97826
26608
41698
36264
89433
53153
7304
74929
42698
16335
19056
26222
25877
66527
36219
83835
4773
90913
50930
405
1392
3631
14626
55454
11559
23116
81886
88865
85849
42174
70898
54758
10115
34344
16028
17218
98003
92421
51912
48979
57503
43137
69596
72796
60756
40853
296
44861
31569
20027
93746
65958
64236
89306
25262
80228
42658
49468
12344
74976
88574
36745
37500
79100
65229
59004
51215
15896
61728
63472
67489
83749
93440
683
18097
12355
81343
62478
63555
50310
4088
64902
9054
17966
45908
86382
21216
90014
13183
19069
11324
11892
69518
15616
77321
17263
6555
61152
21268
72502
44888
67177
64108
32057
85452
19705
19026
93166
43536
88138
60906
38850
5048
61990
49137
51666
31282
98188
17169
50123
21614
87673
64568
90253
74768
84655
38056
45954
48874
6620
73399
27930
78556
64303
57835
80916
11115
66252
44600
60203
9829
15738
25351
26659
72653
46834
73526
83233
1663
82470
3647
69364
7688
17421
39440
90659
56686
656
43314
33398
57329
32081
15010
65204
43891
25002
73153
49392
77780
20812
29400
2501
95505
56770
65502
23814
3501
60121
32979
78398
80524
83648
74749
51884
12202
40875
25166
48693
97374
29484
39178
85299
38983
43558
81214
93108
43897
1786
49242
32487
21802
34532
63276
91925
54190
92060
10246
80373
12239
33928
79599
7810
15560
94171
85580
84206
57894
16567
46652
58614
1668
82569
40996
48659
55960
39372
22365
87029
75372
75929
56642
61758
29212
35471
54166
19087
88359
29580
60452
24921
17937
81423
28057
41335
33939
84492
62233
32046
31712
39087
38778
33043
36559
10757
10448
94506
17177
25149
72762
91940
69082
67885
91702
54683
9232
17664
58425
23212
6621
97218
15984
92607
31260
85135
85911
66550
62521
46084
87996
49591
52003
6439
42660
23199
6677
87052
24867
53499
16815
16146
71314
67154
64172
24434
27033
80426
1122
69989
5584
77621
50643
83178
51129
53522
75871
54278
82565
23397
86912
22463
87453
59949
11717
39410
6358
2063
3032
27785
1146
46535
86697
74621
38458
4881
65948
73364
13621
24445
63131
80394
71464
58969
22522
31593
39184
97771
53898
84998
3641
84481
20050
4713
9108
80571
78304
50355
64387
55735
44498
77664
11567
35563
84793
83690
31562
55111
73422
66719
74693
12895
35465
28182
8011
510
51133
73174
47027
2817
86825
43329
88685
89282
18005
60544
45539
81114
52098
22172
52267
21659
14315
61081
37630
16103
20324
59035
52716
77031
22026
66566
47212
49555
13312
1470
49065
82803
68551
28549
39527
28863
153
16596
39077
12477
73392
21968
11428
18704
42251
64793
37356
75212
54229
44749
70558
49725
29524
59621
2564
73515
27720
1082
27711
39263
62678
75499
94795
39664
94518
475
23713
44277
20151
71181
87808
49556
36162
40386
49033
89945
25087
69461
54476
65405
82107
51968
76384
42506
21510
23827
71380
51832
53581
6065
81118
49861
71306
14205
20660
42612
17167
77216
58007
38687
2688
95601
18522
42198
69981
61892
50575
24926
34471
54827
42934
95687
96230
90422
97406
27965
58942
50743
55716
70405
3452
9544
64304
88655
76741
53410
16213
24150
26035
48299
4756
33314
59586
50886
22192
92554
3462
50365
21543
82123
26526
54271
23391
78382
13145
46465
32927
70492
31345
52152
47938
25802
57482
19517
61110
1675
48491
93221
51705
42042
42112
52585
77314
34521
64903
95661
3770
85707
8891
71513
2971
33225
48894
58886
89441
84519
35414
24286
61052
34121
71248
50376
52536
15070
9209
88004
43355
25923
5120
14797
46659
22294
1925
55895
28476
13675
1139
36422
23647
4014
55415
98194
36324
68751
24218
54544
34137
19934
22100
79639
68263
12437
90884
35685
71227
2048
6804
45347
84124
14018
45342
85816
37227
73868
16924
54926
8038
23943
17996
90275
90698
18633
2860
24086
11065
68760
33617
41513
68117
30305
17638
46945
48166
40681
4576
40283
43463
13891
9693
18977
80829
82441
88738
76621
40913
37211
83894
36661
95537
71527
9339
82288
66870
38968
71923
49695
58512
34444
70566
67290
31599
25043
45417
52616
63665
55701
96452
55985
23034
82856
63127
39354
95307
82112
92872
2279
54665
46971
48210
75679
69336
44154
64578
16235
2701
80562
73162
80688
39591
52414
48040
1618
91673
63905
63915
97195
68271
92593
78341
33014
83039
15497
77327
23832
61051
4568
7863
62850
65579
50661
18826
90418
78706
25811
48798
46321
59367
4320
68193
22231
81062
53929
31566
65113
21059
97779
53207
60919
17171
39102
10792
27919
84798
37308
86181
58489
65434
44407
96689
16989
57800
15499
9469
58588
60113
91660
35220
32195
7796
72515
43540
79781
22704
12813
43048
1732
29491
34100
12663
95768
14342
35968
52948
78024
33419
16261
81688
23042
72287
85815
70
18830
60432
21349
88249
97787
39885
64644
68963
74153
8949
48445
56545
60474
62325
40857
45738
5697
78021
82794
81372
37344
84895
80316
77198
24755
9660
56829
60109
7324
67605
66769
86541
10665
71270
69910
60244
70613
42215
20055
43740
59045
89494
36812
71746
76875
47251
69280
65920
30344
17704
30393
55516
67737
84023
69705
33045
15908
8593
27901
34635
84471
46789
96744
4436
57664
20322
46148
35198
85508
68623
98045
22663
56102
33631
9286
20366
20665
69970
36823
40769
94440
22662
2322
6764
60841
13057
57548
41396
27954
62757
30447
70486
31029
59474
84869
31555
6698
92634
95143
72868
84714
5984
80138
64926
36747
10565
12012
97403
90633
62416
92924
27324
49660
85430
90336
91139
28003
36063
25236
67241
63082
57172
8707
76173
25016
35947
53029
90910
97314
14000
51431
89035
92135
92474
72490
17166
98026
25643
42376
80307
60678
22138
9265
5666
48746
62053
10938
82031
64543
44655
14731
96457
47732
65074
51976
68028
42394
84284
3455
98255
68828
2247
45072
45964
2577
91428
13084
52872
25782
71166
36222
31488
17180
31298
35094
96775
78480
19320
9158
66762
93007
43551
55619
18468
52510
51824
49102
56011
19363
92899
11966
26848
18880
46386
63715
45127
97486
65249
60798
32829
4952
11613
49879
21128
31776
45981
81746
12028
67254
13102
19945
12667
94442
31928
52210
3036
88848
88606
85811
54989
5636
3250
55542
45085
29845
90494
47286
83121
12883
11320
71447
83990
23295
69024
32063
21498
31242
85764
42049
92334
45435
13996
76506
41258
20970
92518
39512
92626
65103
65315
53603
76057
47904
39749
74317
63469
14671
94526
10846
49770
74589
27958
44909
88448
81048
67551
18170
58076
50898
6914
37476
97324
66143
10731
18390
84035
45201
87378
49789
52696
22310
2684
68342
73398
46817
7424
9789
56424
10145
70754
97161
94082
94991
93885
14883
55372
23352
9227
86258
5596
27072
38138
71944
44796
45344
90043
17622
62892
93465
13424
63022
63165
19244
7114
44881
90073
34240
5902
45245
12220
50273
95542
63335
47120
54609
27784
26968
49035
62234
77348
9990
67008
57073
45083
16220
33899
40525
63969
76992
9809
8688
8786
8578
22827
83287
24113
61820
84004
30687
8256
19815
95476
61061
65041
3598
92663
84739
12498
32745
54774
61687
39043
51305
81440
42021
57955
48998
28459
97669
14292
78910
21493
76207
29895
68371
46002
72100
57063
65547
90671
89223
84175
61599
21127
45518
38376
31655
56012
97024
67381
96347
26116
58087
8349
52953
56635
55003
11414
29223
49384
71539
59932
60551
41641
45480
39813
30852
94012
59826
23346
56116
24969
66162
83143
15046
24620
9420
38330
92332
77547
81603
78731
19962
56813
44307
39097
20678
78369
25487
71614
81548
88427
23511
46653
38323
31011
43944
69980
39754
86650
6338
34962
28719
66142
59342
44079
5674
66119
78308
9943
33827
40390
10626
6411
32757
58684
73008
41286
34622
33220
4521
35913
19622
20325
69086
34755
2332
67353
70727
46367
27844
70642
20853
17572
33481
44127
7499
70852
78162
95206
62643
77704
30153
31550
12611
86554
595
94561
9720
22528
58984
68356
15533
21344
37619
94320
91998
59350
72518
93253
52642
85271
7747
24720
20987
39501
90164
72207
34594
89673
20652
13697
31066
73567
76709
74483
15394
46773
78528
57829
27912
95531
62397
79958
2806
45650
15607
34930
58845
1063
64598
94693
41481
58930
48235
12256
59614
48439
11518
12784
69083
94189
38652
88776
51464
88126
85709
69379
51379
61362
16460
13988
95219
53062
6442
79744
11393
1068
20768
15433
87360
29465
54677
73447
59275
44803
3746
64851
82347
57639
72689
79632
41777
77050
82037
56934
13657
58360
10847
11571
23774
59959
25147
38481
72790
65509
26593
55247
83487
80159
81794
27662
38568
87860
18647
79602
50415
14360
13646
60175
88424
93114
50567
39520
31135
33786
91337
78705
30092
67403
2938
21948
45232
98189
88586
86516
29500
60872
13004
38834
24432
33864
83479
11256
10007
20417
61426
20793
7415
40697
41550
79288
52800
57367
29696
70385
32518
16929
5128
20581
97937
61926
875
36682
86008
46973
49313
11434
77121
12467
62250
17080
73419
94399
5744
37896
77375
67845
4714
45673
75507
95153
3736
27132
72889
65159
23099
72352
41575
30327
63978
684
12882
89484
15934
43199
48407
28150
3382
56429
67072
36699
81093
2003
84423
624
93379
147
96462
59127
33484
73313
52618
61823
67752
88160
95180
73766
88528
52996
30684
62715
22674
17612
27203
35096
5087
58202
14509
59647
48536
83533
1459
30559
26285
3619
15954
52151
19586
55342
96543
69116
39920
73950
17208
63345
97895
65445
91277
48936
70684
95073
65048
8819
34361
72333
32636
39269
63575
7107
92815
88000
33091
44682
31313
79469
75822
70136
91020
43850
91565
19253
93866
74785
51899
33581
6838
80818
96303
5292
459
93989
55466
22154
74062
66452
63933
12512
94239
69247
66468
64583
46785
30519
59772
31907
66706
74915
51248
36535
17386
96713
39638
40295
44003
78622
85249
57961
46961
76632
16744
2760
57576
52101
19741
54111
87503
81490
6955
58816
93099
14438
83985
19140
73892
73132
49639
92027
79530
49206
4983
52252
32963
94042
18289
44422
53468
67687
43642
34740
66677
66863
88681
11635
70312
47653
68209
37565
17241
73375
34299
45965
38642
22032
10982
46239
31782
9891
94542
88525
80498
51439
77030
67323
62522
38432
19612
24122
63743
29299
32593
11082
33921
7979
36300
6851
4380
61957
10140
74009
53203
19054
54192
23149
6332
19273
45885
91082
79390
358
97121
11236
68319
26946
59039
46721
22920
96845
81602
79425
45460
16173
60569
10119
18626
31755
56223
3731
38694
81639
35524
7847
48803
46516
26062
91385
79647
40200
35621
22955
12391
13190
91262
61335
12294
40565
48009
1399
83778
69114
78155
14010
30985
86091
47322
15255
65952
90435
69514
68336
55182
50547
69386
98191
40789
77020
72843
55031
5144
44404
12649
30907
37468
39048
3602
52834
22821
94453
73217
52001
78829
16004
79816
83258
34913
71859
56574
30342
51519
9270
67680
87648
80710
9577
12350
87916
7057
53272
10196
98180
49989
92528
64275
41461
16361
90797
18199
56714
11867
48150
62551
15776
68553
48238
35143
97170
24175
25887
15636
38083
65988
33883
52650
83494
88982
94913
10782
21747
60764
84672
17775
62102
5288
72059
58983
52631
14550
42381
79811
77553
57597
44396
3313
24439
53141
74844
61818
14805
38485
55157
61077
8526
89795
75984
62422
71908
66206
43895
96298
11079
32819
72197
69172
90955
62021
98115
52366
95525
75773
84959
70317
78551
84029
70426
10036
92301
42091
80121
46646
24051
22382
39955
10070
47209
73017
48398
86545
93202
69332
32013
65390
69377
42140
92275
50868
42006
71183
14224
81706
12876
33967
57113
22061
42423
18194
53252
96546
64713
88648
52050
40978
89482
62341
70459
71033
18730
51718
22739
41543
7641
24685
18002
19481
52002
71989
40105
28821
52181
38957
50380
40877
32618
21878
82528
20977
21810
44492
76236
9159
82596
92261
25084
16179
39717
39121
14055
83873
30089
31657
53774
21217
90038
77572
85723
89192
74300
54461
47857
21744
57702
33696
76911
46815
49388
35138
50304
61170
88436
73958
56507
96917
34459
86870
92488
8884
80697
46147
4419
89920
68832
11033
12841
87054
86329
53572
6027
80094
95023
53728
52367
76020
15056
23816
57200
66845
9945
10548
59097
41494
45838
41165
64287
53395
51211
18578
42954
56372
75496
33418
10735
37701
7908
70630
35174
92803
97660
32911
74817
70530
73070
56472
79438
27290
69480
15709
77185
9859
86277
70897
30860
90228
88507
87721
3748
56184
30576
53856
36270
91391
14650
93728
45845
43120
12848
47176
52978
73501
90803
97419
34227
27259
63514
6190
11021
39607
10394
51218
59366
92245
92324
63406
17531
27612
3852
23139
96844
89589
31271
19658
66010
36294
53662
61343
84889
39703
79445
42742
41827
8080
65746
58355
17214
55306
17784
50527
79983
87430
23579
87469
53308
28435
82743
75615
42669
43434
76908
4167
31204
86663
97922
38249
79021
95386
67182
17482
19174
22580
3633
5777
70963
66671
5520
17511
52620
5679
85419
36380
30005
15193
63102
79362
79221
72856
71482
71688
79166
82558
11520
44790
19703
86851
55228
85861
22040
49371
9439
61471
25216
68856
14588
56524
83235
19740
17415
19027
26491
44222
3244
56687
87695
29342
29355
29505
52662
77731
21363
14538
65541
16105
3208
64045
41053
51169
32199
50405
17305
49323
56448
84394
942
31523
62063
72962
49678
45520
57860
54704
83876
40250
39858
21924
17336
74704
24155
49864
68919
43324
74740
72047
77509
94682
29618
41257
57422
8999
23140
58929
97590
24919
66391
35387
94483
49893
76194
60457
37077
16668
61671
88671
80202
27496
7004
26494
46753
2200
44032
43599
90849
60447
63362
25244
41303
1363
44300
29765
34091
27991
9908
51605
66659
21308
92241
94713
54828
7652
89790
59678
29610
86088
866
27820
17390
33782
1840
5787
48024
11151
23913
90067
15036
15032
27180
62763
60207
62891
25352
14402
10095
39803
93846
17620
12910
79018
95368
37961
93565
5949
98214
25415
54237
87666
83946
53516
7131
15340
74210
3675
2553
81633
91633
11347
89440
437
30825
39906
62984
81566
81428
27750
26863
18810
62098
6745
34413
62448
47719
38242
32011
68323
51572
55339
60496
63261
856
97755
82559
42591
44543
57145
12173
73078
23848
38669
56271
1129
52707
53866
42558
60535
36904
24515
70563
97304
25697
2188
53526
44124
7563
90532
75041
42626
71907
22689
79015
18793
66107
19328
25554
90367
87827
72805
6999
19242
43012
64704
44248
69902
10232
74158
57035
65205
58366
59082
59100
28508
13311
33392
21088
71961
72425
44106
31642
63282
21527
2722
23211
93263
4689
91084
19907
26880
32323
27941
70725
17320
41869
74243
68105
40149
81145
82390
70147
13220
78879
64040
13537
71963
98163
29176
26298
9644
8000
87856
20047
8703
86608
59809
87679
72414
32392
36807
46385
66450
95111
44394
15937
97176
32472
28805
37782
39211
78786
36672
1637
82476
9228
1949
44018
17756
92892
82148
83840
32229
45800
10750
76219
13881
72523
40138
22958
82936
1477
19198
16845
42113
44589
20098
7404
14635
47135
75091
87139
83279
60993
92402
53398
91331
3655
67060
13956
49117
72721
85469
97616
79606
71836
71317
24019
84286
87228
62939
5480
75116
85056
27343
59627
14676
57124
55213
42792
91922
86889
57918
2578
50953
60166
51208
48637
66054
72969
47382
57783
55287
64840
38537
97721
60829
63817
89862
48169
95183
32897
45008
74710
28196
96965
3650
30377
83763
56470
44180
27401
59828
12510
46510
10355
8200
62283
56308
16980
3171
89301
16731
29318
65856
50088
5082
90667
88471
22772
6321
72462
50557
63347
66669
88779
67579
47265
32233
83335
9533
71639
73520
27687
35533
56282
45514
57566
73183
82064
79697
16036
1368
86161
29859
51325
3562
86290
24686
21225
7781
37133
94267
15983
17908
4725
93926
83664
89082
97232
94789
26800
14512
75462
14800
39617
40811
57984
94008
96061
52671
91087
84410
67880
40747
67163
27475
25306
46819
71602
95061
46636
75260
62499
73935
92313
63687
40038
49115
22784
24584
31875
50133
35499
22308
68070
91833
86471
141
355
23801
48245
57598
29009
655
51337
20193
19978
64990
54563
59198
11094
15078
51538
87286
78925
32026
74380
42583
65037
88166
96281
24582
15292
10479
23924
60549
67214
89438
68988
43683
96412
84738
5506
67172
43027
48328
63509
3023
40628
91680
51242
66913
66821
2807
53652
9453
21754
59710
80139
97781
96761
60769
21187
96170
79574
48614
61629
85934
36665
86017
64316
28743
29556
94543
69606
31690
7984
31752
29641
46528
58468
13298
97240
88305
44651
60710
43854
74052
19787
20855
19613
55190
60327
33428
81761
46256
58498
66362
69359
73109
26372
32512
49270
93404
50124
49550
23101
31557
28646
13238
59926
75440
31061
75434
9721
47140
50180
5482
39075
17420
91933
93975
32755
68972
33083
26014
1246
97464
61955
78338
67429
92210
25458
82308
56043
69577
61835
6363
84060
75535
63123
6644
12736
69136
77086
60913
65592
43612
26561
76568
46745
79498
87809
28091
66063
22452
8078
59064
1297
16203
81760
61505
93318
75088
43607
17975
29635
6877
89339
2749
86823
44183
51320
71279
62328
84556
10126
59985
13799
69438
52938
78004
94877
65937
92549
38059
46711
46784
25343
42554
59566
81289
82650
15506
41628
93142
34581
70593
38532
66186
22258
64828
29582
92583
60051
14492
45377
78219
69149
79098
45060
83469
845
96824
83656
36546
95616
25370
48212
59689
45510
63163
1307
35833
90798
58993
16301
70466
24704
50075
67400
26955
21951
68208
43950
12750
8917
29964
93684
24981
54844
18764
62962
83032
7681
78529
31552
83509
42861
53247
92248
79142
41283
29616
64133
42864
20731
35152
88426
721
17828
28982
14523
2983
25999
2075
66299
97526
70980
61874
15273
80069
25649
81439
54495
8042
53772
34843
63136
86868
21384
73086
26624
81315
26603
83442
83486
9773
2199
19492
6007
29657
70635
30809
52233
82808
1185
88832
16050
17668
75281
73840
91926
77892
71326
51365
31247
50108
52028
7326
80663
66133
42126
1632
86547
78663
19619
95748
20298
68460
36867
30588
47665
54228
79699
6164
54447
53574
52459
43415
14192
38592
27893
34038
76450
22224
40130
14836
62735
17660
88554
33647
6891
43067
93623
59547
19497
97903
52274
53806
57334
37330
10380
81806
55950
25307
85213
1483
37888
67176
16121
705
73835
53830
71473
13782
28858
23873
7775
926
72483
59147
31564
64174
80022
50461
81096
12113
76094
6064
8133
63670
82764
69347
82750
79788
24342
44468
94784
78459
31056
44878
26895
31447
94049
34397
44879
10546
59000
56703
7309
46222
68800
55445
4681
97190
43840
49197
41299
45034
25034
35890
95887
74301
9249
8465
58427
41779
17605
24023
64455
38215
80591
75878
29739
95933
48744
3323
1163
21504
61771
4032
93426
6487
56798
76345
15305
1362
18734
49529
76881
14204
22409
34711
16966
39232
73343
76738
36893
83081
96380
23133
24703
93267
71122
28103
23473
37352
44015
56110
61302
86359
18349
34985
33825
78020
75567
89119
30735
85449
31716
44437
30243
53714
24145
1489
57056
19313
40870
28871
6486
13061
47896
98201
71824
70914
89657
52532
75565
37621
91450
95457
11787
9315
90693
4466
726
327
35547
17673
97234
80765
81192
78204
7287
43829
40709
95394
30522
10704
24898
34176
31009
42147
35124
16889
89214
36432
15736
94378
85798
19798
26325
94091
19107
94057
96472
2627
88954
66374
22251
37403
13118
53090
40363
81681
9410
94521
95976
4674
97888
31152
25759
45761
42981
83161
41347
7105
43119
31761
68868
76612
28009
39118
27586
89803
7654
52447
64142
35366
34478
78102
4786
24808
59528
94003
80188
56739
75002
26555
35761
94385
43919
84115
33538
28202
62028
14508
28713
66973
6873
73354
94685
30666
30079
84157
6311
20437
11782
68968
84539
57136
4740
95860
35014
21514
56958
46555
61880
49966
77778
40
92172
76422
84663
58383
51014
50927
76441
43838
36982
25304
73525
97383
7589
26361
73890
56929
47768
86087
38384
60120
63523
13423
43573
54040
47359
34203
43207
74738
26791
85043
24205
51328
55709
49122
20176
75869
16502
53546
2339
29147
95608
53156
82287
18645
95448
17083
71265
57067
85088
19519
84748
3332
8511
62688
23155
67135
19602
18263
89587
80270
3498
37857
80962
84241
44779
22429
75874
66194
43651
18908
26369
89188
91914
67074
24782
19115
58074
22235
20988
63409
21067
63032
25204
1794
96026
56781
66490
57024
68155
37243
12080
13494
25720
18375
13269
40983
70843
14285
26135
87621
93133
45952
72152
86099
45037
63399
51552
70660
36271
17107
25686
53187
72667
32142
52683
14872
9344
94178
19708
66140
835
92862
16495
66547
13775
69144
518
47849
88821
44006
8460
40723
25761
819
72475
4430
85445
1229
46744
8489
64253
73555
67006
89538
88560
65038
13886
31868
21365
11659
27867
80193
71977
62960
61025
35242
92966
92925
50952
2325
77959
2918
43385
29381
96353
58557
1928
1649
50768
23569
35345
73870
39949
53736
20579
54742
12247
82645
13567
74197
38061
81066
64353
87341
38813
30230
88704
78168
92645
52675
64311
28524
226
90404
41564
48223
46518
29707
59890
67679
5608
94283
55368
93678
61412
72021
10772
49518
9421
13197
5062
27229
21649
13416
49644
46216
41857
289
20234
78754
5956
44657
18786
44882
86955
96236
65015
19326
14028
92821
68086
47910
34332
74974
76652
37817
41455
53077
89611
17363
3866
67183
69197
59071
59460
52945
6516
46180
61766
74833
55103
39623
85786
92537
20912
41318
56093
63498
10858
10662
22037
10025
76426
73331
23693
68748
8095
86971
41562
23941
14752
74286
37338
79650
87126
20163
65317
7719
16198
97138
78867
11342
43508
5354
15203
10001
52167
23615
57001
78887
81275
92858
91714
85852
84152
60655
52598
848
29436
91968
93933
97746
3738
8839
86678
18605
96299
3943
96896
48932
42477
87172
13447
68012
31162
20873
45531
67732
16897
35253
28226
81908
59048
77041
59175
96273
11597
49253
93148
2077
35020
96811
84520
62078
18140
2591
44426
62279
50169
94463
57291
95314
46649
91075
42983
77606
58602
49012
62896
7013
40781
38671
75457
41077
8989
35989
28771
73495
6830
96045
88996
4792
35055
8743
44692
97204
5879
49333
50428
40929
35649
2872
32577
34698
28450
70999
15335
14409
95905
90478
88175
96168
8726
26748
1751
61791
19
61135
55650
84038
27725
29462
66772
52648
37423
89199
44514
27905
53067
69878
307
24822
14134
71018
61810
66147
33773
189
70214
28344
36619
95298
70012
84658
84453
65784
495
37019
94123
78689
72378
67620
10340
94438
6464
21866
81050
31512
16546
68736
51166
32542
84691
28565
5731
91658
266
53877
41893
93612
76964
84435
66968
15520
40001
86380
95741
45694
74620
22613
57781
9109
19088
79147
95382
81141
90737
73401
79104
80401
94652
32523
88749
92011
87010
26281
55418
9604
25580
9962
53840
2482
43421
73841
89596
42703
24017
54730
95622
50709
34270
12957
26991
35567
80252
30745
52720
95290
40993
86792
37059
23203
57107
64050
55646
68378
45007
739
12734
43190
8525
18837
56761
76193
16913
393
64904
65610
4806
75570
58407
65901
68547
70970
74871
91948
62832
58275
1358
2500
74382
61109
91772
60591
20864
95631
64832
88187
71244
82236
38294
1994
65890
41120
73173
74296
72413
27581
72731
17443
48670
84697
27455
22144
35712
59270
60795
74162
73764
17464
8277
82056
22210
14898
85701
51407
77312
82746
32902
57559
72262
28211
39531
28590
19736
47181
37295
19448
62069
14380
63564
3691
42560
53763
62127
14416
39349
90498
2879
11739
25015
71764
36355
91635
63542
97757
82229
20204
69506
16949
45939
43678
83453
10562
9944
72435
65438
48824
79960
26559
43088
20939
92085
72214
339
56743
93922
51195
16576
83730
64897
17117
20016
43276
91453
87895
78804
43234
28570
29011
28639
33793
24963
78042
7554
17811
79575
61254
66189
5125
8183
53843
43622
37
8233
85624
96192
49363
14815
85927
8755
68732
38200
27690
59765
35858
45576
12455
44735
20428
63133
33515
67921
31910
5519
38163
74425
72865
36567
22636
92861
36413
85762
14609
25332
78119
51314
22132
27140
13123
64418
60560
40359
39903
12022
31143
39876
66953
78746
23014
71114
44721
12863
83261
90856
37040
93487
74466
12786
52060
59332
6217
80002
3433
65344
79968
16746
30437
27677
94857
69227
10973
30063
48026
38377
53241
77636
94666
44074
46787
30531
38793
17998
33077
55265
29856
75870
20397
22776
67033
18003
19099
80741
70484
78744
51499
34336
55849
94601
25201
98295
73776
56988
13009
418
74870
70142
28464
31745
3397
79957
40655
38524
19539
55743
4292
1471
14419
43879
79871
66047
22965
56132
93048
39336
61027
45840
94641
35509
62795
71282
79504
22846
45076
17984
88026
77386
68538
73899
17405
57157
4590
48643
69325
51791
75248
10104
87169
61279
88146
65312
1488
4457
96863
53087
90810
74154
89742
58165
25753
21145
26556
52055
35474
83029
88888
9953
79938
40143
90555
45119
57787
1047
87688
67518
15172
84511
62558
64459
40043
86895
42231
93206
12828
20070
35064
32664
71659
56395
16180
83006
78269
3186
36356
16207
66187
94694
81294
54454
44063
64169
21074
27885
14529
24595
37259
34935
57277
81382
40810
66915
70062
23576
33035
47308
58451
31376
53112
61841
22445
59392
40503
14013
27234
94513
81994
1221
52462
50636
97536
70792
37716
45419
63197
1115
41837
16855
49472
15781
93610
33751
51056
18073
98039
26843
39521
87866
46025
62994
16497
14875
19010
7664
13344
44175
47730
81338
7783
74486
83770
7036
14387
13724
86326
25843
97512
45439
77310
36592
39110
89789
94441
10172
54838
59440
24333
34210
25022
72351
12771
17970
9007
9429
78145
22769
50071
16484
22261
5540
78251
66582
33163
88801
74978
46080
55779
58729
85544
42565
90316
89727
72846
60213
58043
11965
86226
5414
14107
9077
44969
43288
1869
95063
58763
64211
27861
72274
41655
46705
26207
68182
84696
76712
46799
78863
89175
48928
28559
98106
25052
86715
49157
59850
58080
61127
60017
36684
81684
93106
71897
77723
24649
91885
65418
68608
84742
89535
27016
60818
67875
554
65288
93225
44038
67844
84449
34797
34987
47049
38362
66215
49710
86954
60477
9055
35962
38577
252
41540
3616
34867
67274
2214
35966
64569
61456
24079
76725
96984
63098
13319
18932
54107
64094
688
44928
75370
85897
66626
55982
94060
69660
38619
84370
7204
74460
51993
75571
54435
21421
33456
78334
452
90251
46628
15763
44491
29070
5389
71221
73724
74987
25160
7754
67117
17948
81099
700
93875
73654
36006
90459
92733
37827
74577
65234
81137
13519
97682
22758
53438
16383
87135
53232
13244
32232
53302
40115
29746
93228
97985
85235
37689
72985
58358
69108
50887
33597
71682
29384
25328
15147
75394
65010
12516
45309
41423
33778
34164
85252
84154
59737
27551
39823
29742
59702
20270
68072
21004
90513
79126
4064
43026
25492
78063
79841
28585
71216
56406
4092
45173
9812
69955
59098
65467
32390
91717
5815
3395
14670
36905
1266
64345
67164
56745
54156
49021
83201
29970
44344
84590
12631
6899
62727
60420
7703
55358
88492
6902
90305
14133
5979
9043
12004
74730
69887
16827
12069
42696
97510
17872
79175
48089
45639
385
69517
60135
15196
94586
30067
34696
10801
75690
155
93156
72697
82038
45837
44065
57912
45429
54220
90873
11620
59187
11461
76222
35618
58872
85585
34294
31182
58342
65256
37567
77210
97588
30254
34264
61093
90986
96042
71882
2383
38523
59667
33474
8711
7437
78132
53132
82918
55188
72325
39615
7571
45320
51523
16404
78649
92036
28530
12680
6307
47865
74722
82696
45035
78865
23985
62013
48459
46302
92075
47819
81853
2511
31884
89765
85080
42463
84684
35025
91594
22096
37460
52157
89347
55142
90319
96878
60694
54424
6300
45596
78550
16394
80892
2243
46760
74788
42409
83984
90535
18417
33404
58949
73863
3546
11270
75647
52579
68633
81504
56274
94805
51895
18697
89628
52823
5398
61231
92508
12544
27995
79784
93022
47310
53326
46774
76711
3399
96253
32128
3914
84703
85807
34140
48172
75020
89092
90285
61314
90992
38407
45167
31235
49932
26474
13087
47677
21473
82330
66885
81554
23296
68074
70356
44185
62373
81595
21522
51249
15576
30690
44361
54691
82864
74013
20899
14807
55443
27327
49871
29186
38870
23147
10429
35439
10373
41176
97479
53691
88017
6748
68225
20524
51124
28217
57779
75019
53107
71109
66881
6885
22323
28974
19810
90229
54642
86863
82779
69171
92067
19016
34239
11556
7634
8330
60536
57350
7359
76081
10218
32552
35844
38336
19308
27536
30453
60484
52612
80264
4775
96105
87179
97477
92451
4124
11910
61649
76362
74895
95989
85609
11863
40805
30983
8592
11106
16319
56843
41195
71759
49028
63882
12885
76949
28466
62640
93802
52790
19475
20483
41736
87969
79666
44680
44565
73652
27869
69947
13940
26485
36603
38818
30824
17235
40719
17409
92572
26825
20859
57560
29727
76053
7551
53601
9335
36441
62306
14330
9655
94790
22124
74308
87518
50612
7342
26838
70283
90814
50903
72431
10930
39821
31739
4918
8013
72452
27673
8370
54273
45822
65348
71518
57634
63611
19272
41412
24787
88204
45785
73777
81219
42203
15016
77688
68995
5357
4246
9498
12327
40265
56646
11186
76588
92446
25979
24467
24151
39969
38534
93275
26051
79571
76620
72900
27957
26258
71770
97960
55847
31458
12727
83713
26898
49232
4767
7371
95782
98140
28798
13146
47913
34360
1726
12428
95316
80285
62711
4845
90236
57252
87789
60487
85740
27829
51546
84611
55621
74442
84547
97094
58793
11578
21478
58911
66844
54505
62372
44286
56630
52400
75741
81974
20333
36590
46941
16317
88091
21506
47648
67739
65546
77843
79264
39831
75539
27095
53365
34233
83107
96351
73365
78707
38672
80325
66754
20573
68695
40980
29851
37153
11508
5012
88641
39888
62802
23119
24729
8494
1286
90922
91816
55162
46559
2445
10408
86617
2323
83490
31387
29284
74769
29033
97370
98193
71113
4809
14966
64748
47737
76459
28002
61611
93996
10177
67282
83658
16426
72001
62197
43785
11962
43238
67977
50796
61826
33525
52027
48545
18651
17209
32012
92464
27647
30203
45984
10550
87199
74753
21026
19042
25191
86321
2068
30365
61295
60759
73081
32133
93209
61138
91121
27811
88966
53619
1095
61329
10775
94492
16602
29264
6076
63838
25131
75771
52179
80734
31192
48317
31574
57593
3615
47578
80300
93543
40602
28845
57326
30729
25405
17680
64824
84133
45464
82799
1972
86656
96294
48586
80305
7469
29234
10926
20679
67
87183
54407
50621
13083
59559
63906
17958
31383
42306
25665
16954
45243
84167
94951
34415
72264
7841
79080
97055
5521
39704
44739
98019
39544
50515
73934
57972
79027
49754
81156
67636
1718
41580
24398
24141
86270
18877
120
44472
44713
521
18378
90845
18437
55540
16539
86843
56447
5628
50087
46265
25190
38127
44550
33884
8625
40153
27788
4596
18407
82081
66518
66141
3880
58781
20963
31435
11668
44299
35636
67706
41123
57297
40005
72959
13922
72781
93109
13209
31016
86686
7741
59031
12615
3696
12158
77626
61718
59817
50220
12838
29393
93805
42638
68841
65486
23867
29840
10337
24957
18122
66727
66682
40111
49382
85492
26379
92381
57105
98200
59804
70105
58917
76656
82567
11868
65926
57434
7000
41327
63868
73906
41114
52445
30021
17659
25109
56425
15690
50713
89392
93276
32089
90376
16476
16850
88219
64861
84973
16995
51950
76431
3261
35455
90191
91097
85497
45725
46525
31120
78832
32424
333
28314
88220
12595
23110
65959
42309
49147
97777
66886
22572
96677
94793
29468
46074
51395
14276
86574
70722
23903
50993
82003
9545
14583
48743
48880
66877
77952
69188
42890
80276
43468
53892
33176
2034
83119
27655
42582
42124
50370
15933
1398
88490
95447
93134
74627
59289
79348
67208
54768
60094
51065
43952
39668
90453
25484
28803
52072
48348
18843
4669
64933
87363
51831
91245
62405
65697
7605
48975
23442
15205
82513
38927
67760
26908
47296
59121
64091
50084
71546
77119
4618
88900
41343
26514
43584
75916
88623
30345
10863
49437
72326
46079
69303
45351
92223
74227
47466
25831
70429
11803
14464
21574
71653
95194
47110
11500
32143
82631
56801
17174
19149
58880
42316
54043
81765
49018
41504
22030
8691
51043
70690
45268
14211
58499
50014
75321
46105
18798
78868
48138
92497
97274
35213
23860
68706
68415
62653
88439
38199
4901
41659
65865
73469
74551
87919
88162
31236
50077
10306
92640
2237
96394
4348
89269
94297
74707
48758
66911
9680
49250
98113
18238
69774
36785
37169
5007
16568
69799
45714
66395
72793
68432
84689
87231
44584
27993
96039
70610
53355
26708
65773
59908
72828
92447
58315
54210
22609
83145
71758
78758
76073
83903
3902
64603
67676
28477
44582
27762
17385
24670
88503
64927
68579
58996
78800
80636
22203
42668
25311
76430
18101
6883
16045
52173
82711
75716
71577
53671
24149
35669
97896
52499
53842
32930
83306
50455
76068
2703
89582
41329
12792
2153
3929
95656
48977
54567
80133
14288
24020
52106
78159
20903
54169
92473
84127
65388
30792
55657
49013
18119
63744
9105
47540
11935
38952
3790
96451
1973
29481
78652
89123
86746
47973
15246
31136
28667
1895
63340
76424
20945
71195
16982
90559
18561
41987
93613
23909
13530
30386
47859
86433
2144
94903
33492
90449
63989
46564
19795
77462
4808
14465
93456
52472
17639
66017
83215
11354
46172
28157
2158
3896
83026
86664
32592
89610
33030
82573
79115
70494
29023
42425
89066
46742
87675
77602
29786
67855
16593
32358
57193
22570
2020
50685
21404
14132
78258
72221
33741
16230
56986
93780
5553
67986
8764
40344
63007
48834
72734
34772
59744
74086
38022
65700
95493
81703
79343
18406
76562
87299
76025
11469
76295
80320
64391
81518
51651
12006
66576
96920
38395
97434
57481
92279
8178
31847
45500
53065
49927
44176
89785
89511
90848
25919
30310
8514
47552
35620
57443
53835
81340
83564
89796
85883
57992
10405
79063
91361
69864
30614
75389
46698
69472
77870
83529
37318
878
5209
91899
35857
57446
96454
98164
21772
71799
45379
83023
22047
15126
59441
30206
21953
88835
46188
89761
35261
67263
90384
10900
298
14602
35200
17540
19952
22085
15081
10610
14160
63076
41824
22410
96852
53070
16263
32956
40426
36796
80841
15811
7777
58919
19588
87177
20800
73120
80586
30247
94717
12135
74146
41382
31908
59061
35493
13219
26368
5041
51736
60702
9940
20463
62161
55961
85572
37479
23032
75347
1145
29383
72627
92338
85563
20637
52333
75446
53783
15674
83048
43945
76425
44014
54687
57515
34175
91449
41888
19422
30736
62887
12877
83867
65521
31088
34321
64854
60122
60508
19856
64349
48959
66887
4486
65128
11647
50248
57389
48908
92426
14039
68742
92337
91033
36829
94963
74451
67304
49334
19544
75395
65194
32961
77215
83890
95983
41950
28299
7591
11037
50954
63085
16732
64179
38136
30591
8442
59917
49354
88022
66074
42217
50504
79727
53329
64312
49951
49719
95681
33167
77992
73296
75204
66446
24420
50335
47068
62507
22529
50038
81691
58365
16356
29838
81002
49704
44820
42082
56172
67595
9111
71670
50560
64496
48756
13901
57587
16621
52250
13324
56854
85903
67500
16282
66758
76151
37626
39235
48347
36289
5612
36876
20676
96709
80444
93387
56272
29729
74326
43948
49507
38644
87170
73170
47636
83568
45653
53184
30671
3294
84929
83222
56633
70128
1506
20054
4505
71014
37151
178
97568
7465
21014
4411
60983
89653
8252
4008
70654
6776
77932
66060
35437
54822
87207
48016
18032
51866
46013
27062
47827
31820
5362
38425
85074
4664
4854
16796
27424
42938
3610
94273
23018
82593
54853
8717
6336
61287
81113
87975
45757
10829
59858
6416
18477
88380
17326
11938
1613
91583
94106
9324
29053
77292
73834
9487
82374
94747
92714
58802
34394
9764
9117
9751
64134
27106
63999
15813
49631
8266
59095
32653
76334
97545
58112
70445
60398
91752
70738
53536
76237
11468
58449
10745
88892
36220
39038
14328
78074
89065
90719
80677
38217
66675
39747
1850
4487
14809
5603
41629
42155
22923
87347
53396
66820
47868
42601
72208
82468
65296
3823
96280
11345
37606
32155
40167
55592
90735
89040
29837
86136
6752
9616
5721
90809
10538
40901
73056
39444
65099
55102
42786
20136
32695
83965
2470
41198
25754
35832
73750
11573
42041
41457
87166
64268
58300
81432
52395
15936
55714
98251
16991
72929
96224
35116
67372
70777
76790
79132
8397
30665
41026
58497
33039
90811
23344
8594
71048
74440
5751
3307
93018
33096
16956
25902
5740
45801
2436
77851
40678
52760
23653
23157
89216
25829
43400
50724
38039
43441
8473
11754
80363
82860
62084
7263
7075
23699
11909
91849
15464
51575
66298
73547
19926
39518
55618
22475
42529
16061
50459
49817
14245
77937
394
89890
89720
24173
58018
14532
89206
294
44557
45597
47424
61510
66908
24542
10582
8634
1
78669
11192
39894
49011
378
75671
74350
92894
58125
22707
51075
38385
77739
36538
84965
10227
62432
5605
92730
47443
9968
62415
73610
52637
51260
21561
40860
82103
19003
94114
49239
89431
87732
38314
15732
2004
28705
56371
26327
75085
83062
23805
73733
38629
35179
58139
79943
60030
23065
15338
46309
44544
70141
51090
45051
52461
95218
6824
94948
90956
82323
75385
1822
86598
15760
16422
87697
67917
4163
39757
69661
41654
6534
89059
76252
53423
44171
92367
28619
90252
33507
77774
57379
4702
83955
86688
45767
92547
80354
43103
22298
17049
75612
77094
39989
85385
62236
22907
8308
56707
61688
21945
93528
77181
20634
65057
59944
54262
19779
2468
32836
84096
50157
39214
57713
13006
95996
63803
10881
17238
12619
1863
80598
19943
65677
37230
35950
79369
49440
68304
72295
20555
69992
93286
73729
53642
1664
19030
4049
23131
92237
72318
9422
95626
80887
78019
36698
34564
70932
30007
9021
78182
66695
48325
94503
65559
49805
18356
69021
50359
42255
74771
89928
97504
3791
53061
92542
65925
32449
16574
20079
25462
18875
7181
158
95514
90001
75749
17394
26902
41490
7166
70383
69501
13078
29651
1521
51031
89709
79951
78983
52323
89964
33006
8524
96873
46366
27105
64609
41074
95513
93554
4371
67109
31025
62624
2403
20659
38678
95628
52959
95918
82316
69818
91590
8754
75596
71047
29010
85523
52146
9182
38365
37786
83163
83393
3154
48032
1038
80025
39051
82490
58399
17773
21643
13658
53445
31759
41013
60198
88670
84518
94110
33059
25917
66382
8034
84786
77640
1617
34773
51599
75317
85464
51675
46901
84588
24866
95250
39828
40541
88837
11940
27060
52172
86064
2435
47291
94517
5882
47271
77192
76745
19964
3554
57045
69789
4154
89975
96975
87024
7660
76845
96636
16532
84144
54823
51063
46095
33640
52754
44064
66884
95936
29709
58287
87926
3346
4532
55463
30311
86315
7483
48572
47678
84242
50392
70600
5083
26266
24897
15134
28740
84605
8429
30741
42503
13418
8220
40402
89185
54885
77475
98288
50065
22833
13206
43038
44420
52386
87252
93047
40273
84174
11362
38370
40418
29888
22884
16132
79269
83405
14352
80771
85162
23698
94019
60132
56174
74377
80634
51397
72343
96646
82068
24747
96009
32703
31994
3127
19201
34831
48273
43017
67694
89519
96
5340
81025
43201
63661
41346
37974
13071
93847
87937
14620
69890
16452
8940
7912
61630
91309
91042
96972
73837
1037
59177
38648
62355
50156
60259
6954
7708
83438
87329
85
54022
79439
85825
36236
68391
94425
94876
20158
61048
52763
21548
32729
95799
58227
95105
46122
72928
88719
60283
22335
37037
55413
60373
44972
80727
65851
9424
34372
16296
80954
79082
42800
45592
1708
67453
86532
47405
21377
69702
9632
32625
29446
57933
21857
54727
44884
1883
31228
36093
73663
49380
98234
71723
79065
9588
57072
23423
33181
85047
16022
42838
32408
53224
73781
488
75194
91041
8582
61213
89743
62506
54293
38688
79777
3980
61427
27718
16418
74696
19050
1216
40303
38533
18397
24241
71357
18102
80182
88854
50725
30840
44220
36557
24690
32706
83742
41903
7687
93402
73703
91539
97606
4199
25427
52737
63041
94621
53641
67864
27368
75817
91197
74240
63674
55088
26653
52190
83231
5649
20875
23515
64452
71233
65876
27125
85201
77102
8715
8858
91614
82886
64054
70528
8393
4573
78233
41451
58878
29487
81679
66805
15749
85800
91269
83764
9587
57963
58848
78272
40642
82732
46403
98062
395
27594
36325
22780
31283
16060
39723
87527
73245
44957
66341
73932
57141
98149
71875
66304
75659
87574
16521
79334
20400
68274
50172
72062
77165
67632
39029
69164
61006
20236
31028
59012
51360
20815
74422
7629
38826
14982
87210
72330
81987
32419
53205
18188
14082
24092
79127
1292
64219
53524
95951
38900
63935
43958
72411
94570
31073
84253
80049
47807
28644
4516
38152
33657
27074
67734
42765
83491
56628
72014
67190
73660
41472
53426
66539
84126
86920
10436
53905
41521
35002
92412
45504
85697
4027
2552
60772
20285
69198
84458
12298
67315
3890
9756
78003
75036
74686
75052
16002
22237
51111
16341
59853
81497
48326
4140
38307
54746
36316
14255
9205
22179
81593
86369
91693
55011
80762
9311
85593
81978
85968
75427
70246
10852
73228
29133
60314
54641
85672
33177
41959
52105
73524
70448
37427
46007
32685
24662
76613
35936
63397
47484
93581
74909
5001
30421
53577
75254
83100
17185
49903
84072
64483
2314
93563
60579
28749
51687
85972
49662
73974
30134
48233
95960
4159
30329
39589
84309
1142
72857
77950
76320
1602
83655
63318
27626
40680
78760
58524
6181
58294
25282
36423
41112
4397
26732
86358
37586
45185
29062
70322
90334
19794
61893
57283
57510
79520
56159
63289
336
30922
4225
54716
4139
35224
78517
5271
72223
43531
98275
94464
74578
82426
50474
26967
4377
52923
33227
95580
72606
96888
9220
53146
27076
6029
66552
92839
54114
28767
94469
6034
79956
69616
67404
10421
49915
57936
33084
30993
55916
42631
17724
27922
90363
85347
6351
10555
51801
97683
1464
19834
14578
98061
76109
7081
80896
73594
5952
83748
76769
84316
72664
39104
79436
3490
60761
26907
47299
53785
76333
47591
5452
48941
68987
46026
57943
70031
26990
40867
95118
821
46120
59472
10449
39670
69000
25526
69709
52493
93654
46891
59947
30749
45958
66007
71035
71564
70706
74014
79321
44690
28472
55472
7865
25090
15940
39327
80898
81783
36118
11316
76544
78154
46218
34866
48358
8498
56702
89603
27477
57871
78882
20898
59455
85984
76455
94164
13978
26386
28908
68852
18402
48819
13761
3724
75990
86074
21350
90647
68494
3632
79414
72981
50657
12831
57100
2700
24594
68756
13930
88331
30941
56928
92356
16906
51806
83251
3008
61284
13596
77995
91570
79422
49484
21152
76140
65120
56008
63134
86762
68499
90817
10226
12826
10832
43637
62316
69865
50705
60996
28380
25027
81545
48831
26109
80130
21273
51
39572
80894
36673
75903
6683
33722
54048
10781
61908
22198
52325
3517
54912
51368
88703
57044
24263
93850
67759
40490
12612
92476
18806
13103
34671
19742
55598
92900
20174
60823
13293
96386
25058
50923
49456
69502
9369
18412
23996
78774
85214
9820
20453
72126
85527
6680
59022
88467
44169
58646
69416
88310
23853
32027
95778
96296
13696
57934
81140
63460
57863
41716
70338
39620
9476
46075
40046
87633
59
54905
75849
31565
73246
712
26044
42634
81612
58144
43533
49405
7050
66076
46065
85869
80189
37894
9368
47793
75125
967
26606
25305
72560
44724
49933
50766
94020
12242
14717
23661
96794
92348
29003
17308
10384
38786
22911
95483
65016
94102
36980
24604
59639
92960
95816
85608
70140
62120
31273
44640
66662
97015
63668
44040
17184
9752
71719
75573
15879
20160
43790
27574
28385
13331
96436
76752
37891
56758
74446
32218
12629
64684
48038
43779
64863
66623
68403
4624
32525
60464
46969
38716
29706
48815
91128
63622
58113
94982
33408
6281
67791
35889
87459
95575
36896
13024
951
80431
13374
4075
25868
71121
33609
11713
84082
48581
23078
57979
20883
27494
38639
96942
89179
69409
73669
2819
52042
5590
25169
38613
40558
75136
40956
9004
15865
89921
53394
96948
97174
12485
47404
34458
46288
21752
48012
62179
69077
56751
4639
42235
97977
82411
45873
16399
53340
84913
74428
70623
65149
58854
87178
15637
81353
19243
91210
82994
35613
32859
23625
83692
76570
71809
97104
26957
47696
18498
74847
61013
93356
32282
9485
79927
37232
69072
17119
42990
16389
62747
63013
11479
77935
29726
73309
49277
11533
16799
1630
39971
56873
95627
87778
25096
26695
35385
66497
8239
94429
40804
24678
76495
35949
37502
61814
65731
34436
15820
51948
17880
36848
13329
22174
51577
17552
58270
62149
67883
83539
86000
21220
92021
50849
67646
3303
66379
59395
74713
66857
11207
82991
15179
89373
622
19161
32516
80621
2135
35911
49570
8527
68006
95535
56376
33261
63355
3907
24085
6127
41769
8155
16456
28611
5243
67084
96202
69415
21078
8971
30783
36394
23227
25838
79865
89295
10765
28806
24225
13000
32868
87014
95253
72771
83917
78809
75579
71505
50681
33232
7996
43832
29252
61462
78548
50246
14937
30398
45671
74339
21331
68142
3975
40089
90608
10201
86092
40151
60216
53481
80474
87878
969
59967
28266
55900
3321
49664
74948
3047
84178
8615
92111
49715
52280
12925
71083
8118
68646
67809
65657
15028
92544
35050
80891
50226
80675
89236
50260
1015
36348
61472
16163
81459
87940
48165
77574
7528
50889
61821
55193
67232
89486
49504
97624
43700
35039
30911
3138
18566
3188
58902
92495
51243
21076
22484
97861
77481
12442
60502
25433
20154
11005
42937
63253
19820
93071
439
38047
67424
54329
56475
75225
29398
51355
40081
81826
86972
3673
79808
84517
71830
69293
47805
93583
35370
50449
10888
7771
60770
77469
9896
6706
81841
68416
574
60794
56497
1275
28151
46936
75900
1544
43903
70955
39381
65039
67718
17012
68685
75444
29107
59164
81521
73725
90301
81014
25108
22187
78926
76851
58688
66407
90320
81670
51046
27537
14981
76895
49170
58868
88882
93251
46427
5057
5580
5150
77744
69595
5973
73940
64792
43862
50285
50828
79371
70982
89331
97213
10537
97673
35097
53849
43181
43619
46892
66809
39137
29073
95099
11273
35798
504
39674
66434
74534
92978
89799
40346
85907
92669
19316
32305
51225
65369
49904
33145
71879
52216
20065
29239
62436
41999
91838
21836
33891
74389
55599
72636
93577
7251
51959
44282
72466
81208
71587
21171
15662
15495
36102
71584
16508
7281
71146
53512
27760
54966
77332
74232
67030
25765
94355
45141
63455
43161
18187
3290
76415
31539
92662
78712
38660
72702
69251
84595
9942
62500
46869
68932
12273
62657
82891
3606
28892
30525
27676
70977
50234
41398
81782
67721
65644
8247
91238
5557
37082
25060
6919
78595
84314
51964
48349
22188
54586
72400
76704
57228
69474
6612
90055
96908
21892
22134
97754
30141
72355
58028
90287
843
32454
89101
31485
19636
82059
33284
91062
78243
50744
32238
20415
40499
51773
7638
94892
57168
61499
83746
93513
39954
62553
64896
44278
57941
30556
44386
23527
90700
22249
71849
97965
38250
95229
80167
54023
87113
38062
14582
54884
74120
13115
80671
33629
96416
78642
26736
98271
81584
96243
4852
36192
52501
41187
83497
2949
86643
16953
27249
65130
31001
30650
45604
85291
82508
40814
74285
88067
12033
46259
88630
18767
35045
30454
20695
89902
81271
28867
8840
14481
35117
72260
55873
69061
53485
44224
65083
8443
42307
19293
7663
36967
27830
9137
11060
49071
53336
5782
31280
29833
55311
32450
19345
47631
45706
12874
13179
83549
57990
8315
31916
84010
72608
27103
78685
82902
64021
51870
92460
47280
10455
86669
36280
47723
13302
30919
31806
22681
71209
1965
93105
12138
86776
91891
62679
22299
4227
34126
58682
4915
74681
44272
12769
93261
93023
11235
83760
77520
74235
48994
69925
5049
53452
20303
36127
47504
59466
65666
33498
8037
30746
64154
3305
77285
92166
37600
31094
35004
47836
19812
77990
89864
94594
19449
84767
84704
79690
10976
74231
21899
10740
48989
36241
46680
28804
33974
96366
38759
84134
3026
80198
32062
24968
23628
5607
30955
4018
21700
53016
18024
40078
454
7938
59814
10762
53228
74931
27282
92007
55604
35667
41292
54116
31393
9854
63787
68094
90983
77685
31234
35327
21371
47032
96666
85050
2194
19893
80455
67441
19678
66030
21676
15600
22286
48787
7142
64849
55404
29298
4015
17881
98075
1433
57369
81934
92945
9287
42519
50931
29293
27375
11319
5692
46424
61902
39437
28321
69429
55672
84146
55869
14290
42855
76138
30998
91265
62997
33255
74125
83847
85957
46141
66722
65524
72501
77472
25732
94494
32610
58739
71249
32179
72079
37459
61257
57339
56162
27558
67090
18854
15240
72818
29230
35299
70361
8139
70411
24953
96217
83061
91279
5792
80052
64477
55065
19397
31730
26700
59720
41452
45012
2327
66153
38491
73150
56927
57806
36886
67678
54420
77093
16092
79634
58311
78222
5658
97859
20022
90645
67265
92114
53428
75731
89551
55811
12626
3471
58896
95037
76894
8427
88101
42872
55638
26851
93469
71214
47927
51454
48335
78252
10694
83717
58559
10171
20743
31881
59085
83187
17778
85158
65964
25755
21265
12155
58361
67922
25349
95774
80332
8914
43712
1948
2960
45299
78429
68098
87150
29763
41531
1650
48583
18890
32357
66369
53487
35955
20943
90168
78664
44494
74036
52939
45364
1332
80781
51128
20948
71134
78968
50060
27678
97358
78834
7367
23425
44695
85457
11977
85569
93869
92709
39356
7085
6497
47420
66449
80868
76799
53039
31952
41638
29083
76994
79373
35852
6726
72713
19291
68824
41747
45749
85896
46800
41237
66494
36171
51193
49230
68815
57015
84860
18873
13007
58581
22205
41599
33254
28990
38423
9765
68259
54326
43173
7632
60982
45887
87899
48204
37966
39484
4410
57770
47292
24730
96829
5632
81659
41153
1364
37510
45218
90973
6695
63751
67991
12092
67781
87495
82132
56882
55263
61661
17195
32940
56025
12351
53389
28
69257
81827
58317
7526
20245
1678
54449
10122
30872
85787
56727
54930
38706
39190
11241
62007
65264
67954
16936
95770
68068
45913
63422
87605
74
15989
29966
19178
25805
28439
74056
58805
75763
22118
5429
11948
35792
8955
52074
48633
12191
55496
45538
59887
94336
66732
404
6690
2748
93233
67118
11204
63074
68842
64365
33008
61519
44024
87560
28096
94904
18664
16325
82042
10292
3086
52164
60907
96108
27696
21287
9305
43483
43046
40888
50955
17721
30340
69877
84371
5341
41800
26808
24883
51794
74047
13536
72736
40106
83461
82953
4043
47091
53017
89505
10154
16578
14136
45123
38743
19977
71710
35990
6997
38958
22181
91017
47946
97973
97446
51163
96013
77272
1141
62580
49606
26400
63314
92885
92164
61202
80380
74396
50752
67247
54126
35764
31837
15123
29952
26185
41226
37800
81445
97523
56841
63506
89944
47766
52571
87566
38367
47186
91750
9093
6512
50492
67435
25145
4473
81058
89860
12279
58656
56724
24651
13463
72906
78732
58236
88807
73574
5123
59122
57187
45046
7339
18916
20266
85188
59454
55976
87266
32968
2162
19190
96024
39558
46558
16528
75494
18266
13495
85463
87822
10728
48296
79857
71686
8669
34000
60670
74623
82026
50704
39065
6357
22072
67730
91241
52647
77641
49709
52542
77989
48463
32976
23345
49461
61215
34014
97498
17294
43781
96331
64062
40239
13281
64976
4162
62889
20871
32765
31853
5954
76521
30253
82690
83781
57269
48268
33134
72970
60319
58576
85184
38212
96144
41433
44441
29975
8036
52846
79589
78349
69728
93395
61817
37258
67131
49737
85571
15619
58876
50319
80351
41817
38001
80125
93095
57978
65673
87088
57508
11811
55856
32893
17063
29305
35995
48073
36902
87419
81037
94835
57647
6088
63006
63837
83681
41836
17085
43032
50489
31915
45254
75750
75053
19692
27745
76107
87344
9046
76897
79929
46872
47148
90605
4551
57017
41973
45376
33036
2731
8993
75290
10557
69783
86128
82741
73598
48587
82293
25825
15351
92058
1352
18262
92230
12372
7792
65259
932
40487
6660
92823
47958
80365
84919
6008
14675
4258
97925
11540
56918
52611
57623
12633
47075
10410
65653
17274
75823
40537
57271
38201
31365
32910
72200
62894
52256
25113
1756
70944
92539
79659
71979
10461
19445
77841
23807
32186
76141
87720
88482
73538
47470
78921
98042
33933
54394
56737
6404
84246
30862
62818
20584
59439
58679
51762
33073
12142
80299
97893
91656
51717
63024
91808
55499
82734
69688
71521
9153
82531
88999
9297
18094
60971
70807
18452
28475
52586
86556
50571
18895
6687
62959
5556
39162
56902
11535
63592
24034
95151
57417
40902
9682
89283
31339
46900
12760
13276
77813
26804
62117
87396
36916
81753
50104
37411
63586
6577
52711
48410
30108
97592
58115
53332
86897
60096
16192
38588
13923
45991
54187
844
65775
49703
52082
72258
97264
32304
44229
18620
89842
88830
70169
13356
33119
84751
43951
69732
94925
95149
12102
54306
15061
9052
95373
87793
74426
7180
46676
5227
85426
25655
12803
58278
68889
11735
49301
42197
80241
82812
48414
68256
94524
90948
91379
27770
35017
52990
47572
91176
20829
63549
73224
59427
58672
82685
72181
96267
7649
84311
20134
207
5819
8025
30812
8677
94785
49869
46411
49628
54060
91387
15121
5107
27637
28378
63285
29353
8958
83485
50011
66312
78278
95209
80884
43809
84248
28684
40703
87128
82376
45777
56263
24801
15427
83097
89424
49500
38854
68118
23142
26031
65969
65577
31542
29518
61588
59554
89448
76832
27472
35530
20572
41991
49412
72465
7897
43246
10236
16228
24933
8044
21137
93688
15668
60667
13550
61044
76724
6430
56226
87215
23949
55699
94478
68445
58744
73504
78330
69275
11695
11774
35423
26133
84847
53505
49023
55560
7331
77197
33208
70164
7012
28442
50435
84365
3312
51839
61062
51857
26727
87333
49041
82708
7369
13133
28985
50159
46895
81430
74140
17814
46557
89951
87323
29991
78053
24177
66138
41875
4184
52692
79738
23370
43371
81842
22418
13243
42458
10105
26649
70293
18395
64030
37679
51975
89130
33250
96662
80376
75228
72227
73294
2786
48917
35938
11285
36095
25231
24762
19074
36804
44315
7126
82452
62200
69936
97928
65692
93881
2669
66748
6030
79859
49757
90562
50024
41742
67643
70204
922
59544
45897
11908
21130
71523
30723
93029
5562
94770
2724
51749
55576
67520
82149
21820
65598
44122
68476
48152
29157
95639
22292
26407
10372
97998
14020
33760
92150
21419
94723
79633
94776
48397
94610
36288
93170
29206
53043
96751
79557
41366
47670
34046
94924
5846
13178
28673
37405
64860
27068
34012
10163
84398
81824
28189
47695
4719
26182
44530
12295
15215
92897
20208
24881
35713
7274
56573
32162
33572
66516
58508
35475
79517
7046
29262
8232
8623
78175
62115
82381
24328
63900
47989
88325
50007
85215
56938
19081
12700
69118
58039
43860
30265
2848
36062
8006
9560
71392
52826
91820
26774
57666
56501
60182
20018
10411
29390
51981
7409
50057
85422
55250
37329
89595
28838
9855
27658
93053
38630
68611
89487
73889
85022
44112
473
25272
64743
64241
65593
88537
50411
97807
38156
48002
32725
81564
96971
26405
37538
49221
58552
53443
80534
49074
31408
51277
91368
24318
47195
76681
26059
29148
49953
34760
65953
64683
83094
26313
33941
43312
53464
2573
83404
93856
15783
48488
59152
66813
69367
28976
33957
56905
32697
509
84
23163
97927
42533
80925
6282
2294
79595
32669
60741
83931
72648
36082
89155
16818
22543
10107
70835
61169
88786
70772
15990
97156
9782
94874
64181
90387
11394
52270
55813
65207
81913
57118
65341
95769
29507
97872
4529
53218
5158
28190
23644
91312
50691
91700
6118
5786
25067
39441
40894
10108
17584
94720
20454
49681
87367
90981
55909
35463
60134
16946
97923
39357
90507
10633
4994
8067
697
80553
34977
93217
13046
679
935
60039
98118
46812
7240
66431
9949
29517
76687
13231
42265
40777
42452
2178
19164
4020
45724
18071
33129
41811
2538
27449
24430
54468
9724
61553
31416
43000
14755
79714
30343
81922
16336
60401
48272
80974
71728
93698
72825
85804
27700
54792
16695
70362
92683
36210
51570
6424
50700
96430
58364
15012
12263
79505
87293
66596
32746
58507
57790
18677
22397
44036
63625
50439
20345
82934
3359
30030
84838
48836
70801
2398
66022
8837
68414
14544
3821
28691
26950
78050
62235
1571
85812
40518
64474
77599
42553
98028
98053
77991
33894
67943
92339
16006
70808
9726
38400
6663
37734
77776
427
85391
47104
477
24760
38036
90324
93621
48160
93245
24386
94050
8600
23528
44215
38221
54305
2066
49909
31919
8963
44266
68714
43894
79658
97690
52957
26353
71668
63281
8987
22885
57750
26948
9145
83579
89647
56205
30722
21756
38934
93901
4507
2122
65211
91456
17279
36002
17766
28158
53381
48829
71958
44178
50979
89500
86684
47748
21491
84640
72819
5706
7066
95807
58370
76664
65515
90697
43069
87204
36358
50121
50882
63110
96047
11928
63090
42084
75632
11947
17099
53300
93273
36562
36781
53258
90118
54374
76242
63388
20915
63681
34315
28097
2623
17999
11565
11173
77298
2038
75757
36948
4324
18317
40564
27339
89619
58312
46541
21726
68453
24049
59624
35202
19017
9133
89967
8559
61918
35457
73805
30594
17504
80256
94256
90662
74892
27895
56076
62208
55284
90549
61104
63983
57833
89605
97951
35756
60531
72986
61846
41125
13413
17864
64991
80731
31929
40452
75508
70632
74138
79213
40047
13048
36226
39786
68946
79863
35272
53632
42303
95398
30527
78987
38799
15864
90075
14086
63532
13595
51387
89275
92233
45283
7319
93569
42992
16359
20218
21613
87209
14109
78496
49884
49010
44076
44563
96241
10722
81971
52877
74493
4758
69824
50720
2488
87568
70373
5071
90417
59077
19073
95719
45477
70950
39006
7407
3339
24233
25536
52759
9295
82516
11729
72832
39350
3652
54233
36552
5050
23100
16043
2970
17474
11111
6943
97582
93689
30796
47630
55098
44123
31615
43009
22939
65241
54085
46450
28518
18822
33356
78787
91153
86429
14033
34991
5277
47641
17888
54556
26702
71974
16260
39633
80107
89924
68755
18812
77929
70887
79629
20025
18080
47716
72371
51602
75727
75375
52811
22058
50470
84272
54035
82000
32007
68190
87665
72603
10319
93605
20383
56868
25382
77828
34646
6860
28809
46985
78393
95115
36472
60156
33563
96021
41264
12514
82885
20736
88217
15580
55393
8440
40467
62356
79284
54473
90464
33692
39430
46169
85738
28427
25529
35118
66372
85086
66940
80338
92374
50041
14067
26284
55974
69337
33173
4444
70245
93506
13165
6169
82230
93944
26922
80687
69882
20232
97242
29077
92784
36669
62029
54525
12779
46040
57546
43307
92757
20958
68849
10666
8434
88839
67196
30054
11229
29405
72170
94729
36291
52993
20041
82726
18714
42315
82712
3459
87649
85711
57230
63783
42192
36964
12217
42342
40202
85068
40649
7077
83357
48261
43916
25491
26197
74582
25172
2208
8454
22993
93813
54806
34040
32033
1479
27173
65007
63798
3222
50550
25733
75301
25240
56258
87963
72417
97019
50119
19453
7745
72700
4169
52171
73143
26447
59208
6278
17130
29846
37272
59434
90824
69650
27028
28281
11981
24383
91654
57540
69764
90145
14386
49159
19994
34195
60257
30062
86295
47604
1284
85643
18368
78700
3585
6493
29411
55673
40061
82134
73463
29394
83682
73255
79560
50122
89415
87817
10685
90563
36304
25383
42812
75937
11820
73813
76148
69604
39059
25297
75402
29830
29903
73895
65632
33805
78403
56396
19530
71756
63274
66739
9129
88265
79160
85845
90863
32548
65595
46282
48806
63411
96593
48983
49066
98085
75791
342
45548
69135
70278
322
69234
90441
30714
53085
92341
83941
96193
7355
37452
56696
67425
60349
31119
34903
48988
15800
39095
2981
55439
68346
278
65450
11510
18802
76800
37289
97591
59915
79681
41386
3859
16018
26502
3116
66595
64444
53151
51362
33169
2851
1800
59362
35610
14114
26334
86536
22910
87777
22013
58086
74947
64185
44410
6757
25323
64889
48912
40133
9149
79265
6413
67524
59471
40396
34303
37105
4273
70683
38625
36237
67324
20024
96498
68206
69207
25265
92211
20870
13359
53135
85255
45878
91078
10029
84639
13342
88156
60968
48635
67355
15449
68145
259
95841
29210
61028
28943
53200
41592
41420
50245
78447
63385
22722
81591
47327
62906
33
72748
80060
19606
89597
11349
16229
26647
65076
64977
53751
27388
27817
76108
20549
83150
14764
82583
83348
51270
2173
24695
45967
20748
61800
76983
27253
56836
40672
49094
97689
32970
96959
59709
25586
41694
68645
66204
38060
64787
25475
97173
28797
33054
44268
67391
82920
8167
44880
14694
93069
72068
93084
18278
62839
36612
36651
67145
22892
93632
12527
60603
86637
58046
83743
96922
17801
69656
19546
10284
61244
7099
93373
25778
56471
1730
71174
89455
9686
2916
39635
32877
65493
78602
89548
10439
78525
94293
6218
94260
30649
24299
51087
9382
980
44179
85579
57902
58126
90765
71009
35803
49381
73772
58736
28305
86945
56976
71574
90249
12701
23700
69666
55235
47985
47361
47964
13829
90155
91540
34356
96884
36212
53895
81674
75543
26163
78095
53273
95337
74107
59533
19047
20808
62345
3913
33414
46634
80378
27742
81047
62140
71336
40794
20791
64734
45089
77742
36397
28130
48573
81260
91135
52434
97325
45317
1714
9936
2647
23062
45825
28626
73592
50885
91205
24464
19979
3087
92746
56512
93264
59860
78749
17512
92873
62873
27903
8662
39740
71162
35141
2299
48809
80280
26493
66211
84202
52178
81756
59348
87171
21250
71425
7235
25680
86772
35869
72193
44374
38350
11937
15293
45921
34335
6986
92431
23565
98123
87607
91475
23688
40520
45145
38519
90386
9219
46949
76679
12967
14765
2047
56980
41485
25513
16612
6789
53215
49475
5178
37494
86215
87811
45646
25078
11985
14014
45120
27070
63344
3525
55668
32339
13613
67063
26227
70984
41579
2265
75311
52955
38917
57678
50397
35454
45124
53351
25445
49634
52057
30743
85617
66541
35597
7816
47007
35348
30778
86090
22540
599
77926
16624
58467
25364
80927
41668
29237
79461
67820
77047
85266
91202
76759
91708
91995
11041
32576
2408
47294
53994
21391
38325
19061
52706
26729
45229
56001
95276
16200
30215
41907
28697
32614
18681
92519
89809
93703
26992
54095
14269
63889
32163
35467
33807
83976
95685
5667
63526
5773
76454
68451
40302
25146
14884
6819
81844
87300
62550
36937
66572
78366
26645
42341
94905
15426
22927
26817
13766
67365
88441
53442
22811
32445
53515
51202
95141
11750
61555
31104
50946
14502
43258
29930
67134
53035
48678
30938
6398
92735
23840
8039
49928
55020
10833
21562
43114
70294
55453
89966
18848
63873
60951
53234
38918
62752
41632
60507
8746
23489
61695
47130
95942
39278
66345
20566
90151
90619
81725
1313
4562
97650
90310
71058
20835
95365
74361
28416
53521
97118
93070
91664
50062
97445
88024
68429
95573
68513
89229
47040
87751
37648
51267
24184
37524
44996
11845
60479
37813
26634
72306
8062
84810
54879
63866
62942
35557
29277
47499
84785
77754
9981
41854
32290
55719
81276
7572
57373
1131
51165
80377
52287
72682
44399
3214
10860
25139
19206
19865
52134
73894
89239
73299
30424
67487
41953
96043
38433
55994
10358
33859
57421
9657
76628
17057
87253
64416
76462
1048
79626
92051
87258
34658
85581
23951
21680
4617
28781
49402
10260
61376
62625
13943
92832
86217
40101
64669
39124
21782
45158
68294
87934
87497
97220
70073
33233
18018
63378
41282
78430
96641
73044
87277
10038
9538
50950
21757
12780
58363
58195
92288
24147
74169
14607
79009
42615
91963
44296
23539
67745
63010
95848
65763
63138
63241
44647
31677
8751
77596
28145
60489
91645
11952
15218
37489
41743
23122
10234
95697
79278
55201
54798
46166
5235
26988
48057
38545
30058
53983
34996
13859
39493
54298
98068
84565
90674
4788
15452
72437
5579
2224
22135
29483
84709
45586
83765
7902
47527
16274
79203
89571
19968
14253
87933
31530
30774
84229
15013
20953
21180
90713
81615
29625
80606
97227
63423
94366
51084
87634
92283
60690
583
70896
3761
20443
82655
27865
87240
33781
95783
72886
67923
55706
84664
51298
204
61889
16656
95053
78783
22652
45747
12118
75604
88297
34990
35362
174
82414
27059
6622
38449
58633
90166
36986
18613
11842
93825
71784
16963
44829
34575
80427
6960
18213
78295
60852
10519
36940
67989
6393
39282
4422
14073
31580
57728
23839
40596
26069
47153
50707
25472
60406
90095
5024
28774
55752
35391
49785
83674
79003
2010
1932
50973
82609
53912
1619
80806
82300
66473
39261
81448
20420
49091
83961
67281
58678
65572
84574
2738
82548
29228
53587
52776
94455
32188
42577
49632
38838
41534
90136
92106
25168
26095
77402
41313
16726
29825
48810
39303
58430
66796
93663
73152
53767
65244
85674
79692
53009
27065
45616
17949
54818
29858
77917
62697
5535
38457
22542
13739
87112
66176
4360
95036
49450
93370
67268
22407
85770
43701
35548
89553
43830
22586
37287
74761
80306
70646
59489
10545
72901
43630
36391
81020
45441
4114
53450
5633
13112
51095
64724
17387
51310
58654
60390
72977
96708
87932
51027
87747
57641
97720
26793
16483
72322
10795
65630
5780
39707
79908
64613
87951
45042
29690
18717
29862
15850
13397
51408
56278
62932
96580
12708
91722
27306
28983
10402
64596
30882
62036
7063
96612
40555
80336
95866
56067
56760
28503
14493
42144
11114
91174
42487
88312
54658
14426
78674
65424
59172
13791
7020
49300
17481
68410
16062
41657
61939
66619
30034
60871
11843
54702
85718
45997
7546
93851
4537
80589
17585
12316
95411
89196
17835
2238
82800
76849
60029
54679
67611
89873
72661
32978
52249
20544
9697
65163
96312
38169
1854
43024
78871
49164
26979
83296
59243
6456
31505
59131
12246
26826
97572
27440
53960
94756
80134
76809
50982
28603
51403
9738
14838
51507
15332
1999
63054
72026
66519
22576
43019
87653
52436
65058
38334
58754
83128
53653
72083
19897
20707
69261
71184
59467
69103
20289
64056
85448
96408
96044
62862
34382
28382
4636
11961
74077
45942
93269
22702
84451
59026
81581
90133
20546
97143
42108
183
60461
39406
36688
46284
5855
44800
1149
75147
82783
61429
33413
80197
21525
70461
55046
32296
11692
73882
47210
24397
80566
31605
20132
70477
42772
82584
44886
14664
4375
90640
17314
58337
3494
77956
77810
3353
30081
19565
35240
3270
31883
70098
61265
44646
15707
57070
36647
62220
89758
24775
43364
44902
6192
25088
15176
1487
89568
61002
83042
37106
45849
66305
67210
56541
701
21356
91670
86701
92044
70567
47098
19675
80839
37174
7535
95729
22559
82674
96099
61682
5
38738
91908
84128
66264
2150
14180
12119
42653
638
95974
67271
78408
55653
305
14707
20442
21184
84053
63578
80229
93601
68399
76368
13299
38082
64433
20603
37322
65885
48062
73806
13842
2487
95973
4726
54493
80493
59770
71644
60658
21822
9097
6777
62413
54455
24335
21958
4302
93360
50418
32926
46314
18461
90329
44295
38766
38594
33852
86833
23905
62215
8596
84962
26547
27211
7269
22137
36839
55574
89590
77997
36928
78201
25439
32141
77288
28164
52107
53966
24538
88748
83324
36793
16663
75698
34883
6942
72142
43736
78885
42513
36388
45249
40406
88755
21646
38663
55801
57607
59335
31433
51545
92097
68771
50417
37031
70986
14668
17035
22474
58901
49304
52217
67945
68930
85122
59456
12778
50710
18706
1116
70185
77490
10941
88941
65053
92087
50773
71884
79597
81277
60637
15822
66784
58282
17916
78792
89607
2962
23961
286
77432
52797
17697
57881
76502
75005
11260
24514
29826
7030
65215
58572
443
91836
57179
97053
14363
22874
66242
79387
91953
52728
33294
1622
38453
66070
34669
46838
23593
96616
30320
70076
49364
83146
58703
52560
90663
7073
22000
14002
23640
46201
49256
53583
15401
38842
92436
51457
92468
37217
93821
55633
38263
3681
57344
29642
91373
59448
86928
7799
89561
33948
1579
10985
7758
67644
46894
58651
69790
10691
56932
80499
32541
63559
72204
1522
82138
70440
23336
49656
70131
59325
19523
48045
77872
77777
58073
17452
83950
33082
92112
16011
38092
43351
17254
23877
62300
77582
17762
93848
15686
9621
14216
88679
70083
90160
64300
97665
19116
16373
3233
56312
65599
72660
53602
64765
79735
10249
13381
63650
53169
44512
81788
17123
5757
7044
9393
51401
64585
75670
62446
85325
82534
62974
68677
5503
76645
31114
77706
48167
53294
26844
92745
10867
20744
41012
72392
69273
74601
84698
81107
27671
85656
69984
92253
54206
30750
424
2254
57392
95907
27222
1393
9470
75122
62801
14600
16506
63113
87938
62348
48270
52947
8975
61073
77953
43901
1979
21161
67882
60583
59777
44067
8307
47932
42374
80659
67298
69350
85556
14433
30444
30592
54482
31451
72423
97840
3959
66036
82873
57708
79622
50983
52535
29142
17058
44974
25386
6658
88625
42101
48291
79298
38551
70144
47334
5276
62830
81273
13800
4063
24201
72639
95208
80091
74485
23466
74659
68377
70817
93707
76855
18787
89730
27503
78836
51250
85777
5800
8410
70334
96788
64495
16224
39555
33069
52768
47213
13392
38030
43989
85208
72342
62213
6507
97181
17992
39683
12161
52589
4603
21555
59799
50437
16267
62987
74168
29590
50689
96466
42378
90669
64624
89888
96481
6123
87595
82427
48070
1340
77240
44060
49960
95954
29753
12992
95148
57320
62532
51331
2088
30693
67055
59142
68085
53055
43117
35013
58246
55664
59612
63981
49834
46464
35742
60028
22896
87370
89850
88480
2103
21361
47528
1473
10904
38120
70370
1257
66094
44906
40231
14015
17282
52066
30585
21097
63808
91340
3318
94266
77674
49120
30793
41922
44753
61442
28817
52744
77089
5911
37743
58244
84558
48665
82480
71458
47198
95771
75026
56087
74943
79486
4172
45250
56593
18721
28147
29852
70585
66406
53388
72897
95339
62114
87254
87771
82118
45213
76565
46235
45575
11046
30625
91476
16683
59020
5077
47432
93891
68244
39495
83792
59254
68835
51494
78826
36052
15766
74458
5748
46666
30632
31700
11973
11806
77266
46876
59306
72882
41394
28143
88213
14634
41304
98225
32721
46992
94985
94781
44866
52599
98158
67797
58980
94149
90822
51869
72164
55659
45895
13639
15834
1106
61070
77370
93600
21343
94150
97837
83423
35400
45710
18328
24840
17902
30855
91059
25000
50511
69352
66924
60267
44874
62780
56290
87885
26833
35070
25560
4050
49096
69248
63366
8665
68302
70855
2252
90911
97272
32068
30467
7540
20993
68338
58909
87887
74764
97235
26909
87155
87164
483
94032
89380
12120
1326
41612
43215
71088
88640
86604
84781
94081
18809
24520
56525
91405
78324
27936
59735
28154
51641
3110
38805
76409
32564
2799
4206
29071
186
47048
61262
27504
48560
8712
77858
2235
71021
23415
78191
3048
86921
42288
58947
85358
91306
10650
40037
58954
92141
67252
59749
74454
81550
26627
78524
72885
78306
67179
44168
55200
80788
37416
93585
30294
15967
80344
72218
78365
3514
32894
66026
86013
47381
68461
785
30952
11505
6253
79964
64925
28447
86465
38032
46979
91653
67267
86158
83407
75582
80844
83090
34363
57436
59806
16290
85542
95274
57632
41778
96812
14043
75381
49076
81456
16764
19963
24806
59922
6797
56156
35577
57050
59386
17553
12038
42002
44239
17413
24900
91240
18344
18416
34427
1665
42821
72039
9593
422
98217
23175
40132
53872
39818
68114
37172
20852
49280
31861
55553
84944
35816
76840
29102
20217
38821
47467
80853
93329
96441
62992
27689
40638
9157
37103
3019
25952
93553
35991
59352
42344
1519
59934
24280
27498
63393
75639
88
85240
51445
64923
49497
36868
25477
69869
52402
52784
4361
77771
82850
87380
33331
62693
5033
40194
63492
68516
49281
59155
56765
71652
17358
37763
69631
72535
68971
52581
1458
13476
90490
97248
84268
17865
14776
87415
97667
37445
91223
95225
23089
87581
26382
89364
14905
35823
809
17492
56544
59320
47172
17231
25321
65376
53615
91192
69979
32461
3383
87674
61000
67648
21042
80653
50998
7609
58090
22661
92792
23773
7653
90385
58272
20827
15341
9514
90230
82848
13440
66340
1512
5913
83829
32409
15376
93306
24660
39517
9525
43594
77276
39264
51936
69685
55569
4981
87820
11886
14124
62191
86704
45682
15354
80523
89955
35301
36565
4308
76700
98047
94419
39109
7894
67955
7807
89910
75734
89566
58277
36287
76370
29667
29509
17229
60038
64915
17467
5536
47520
61282
22464
52177
95675
15117
70309
4065
90025
86232
92280
17606
82318
37225
34788
52458
32824
87735
36284
49082
89737
75271
55156
17196
81983
50944
14705
61310
96579
77361
90185
19455
84336
3477
64065
26311
71323
76121
6264
28135
17250
71985
72527
57116
96100
53622
23446
37531
61086
34848
17774
53773
48950
78035
45770
59477
25011
64022
56595
21853
41308
7826
36379
43704
8651
28029
41741
7069
44110
86221
77278
2159
61691
80759
77105
96825
29267
32500
91778
60089
12638
12171
93451
14725
78818
55596
9549
12204
32850
34485
59296
74854
3458
77750
23768
1991
6977
2086
55535
31254
34793
25073
46112
87939
22953
26977
12930
86044
85938
66562
837
78736
93416
73584
95288
93223
68326
84749
66551
3702
73531
87375
78143
11923
61607
25983
82105
54089
5567
54626
98181
41984
2462
70274
59154
95425
55550
83013
50580
55729
70506
23222
31613
27130
55050
37191
7051
57504
83852
55969
13634
12960
94002
69695
34515
3818
55324
95
84452
91542
45169
76719
40455
69541
12253
58069
5794
86956
72861
61054
55467
53417
45661
92647
56230
83193
80034
16421
90531
84439
57742
78136
37128
12361
22847
56149
68524
86506
15295
73289
45086
75531
56069
95211
34763
86113
90345
30942
54467
66260
90193
72788
87187
51537
61878
69245
23963
94449
26787
96609
12860
63821
91438
41248
8074
21719
48753
75610
44784
28951
77859
7890
32674
58915
95338
5635
95011
92713
84236
1314
91987
72374
61504
88292
2529
70691
79118
2391
76380
75256
13203
62393
4780
39789
80479
81398
65131
81568
42920
55580
63033
12577
67594
32447
86575
47622
81371
51458
33765
95854
2472
65111
33684
47128
68792
31652
69612
59562
95034
11901
86876
79752
94432
84441
28411
26103
26192
25074
64699
79980
42755
52290
59974
83734
15664
29767
11645
24739
21443
35746
65896
49617
92509
25696
54886
10567
50494
92159
14534
67255
51466
91244
97311
45814
72048
12902
92929
74808
19984
54759
3184
65843
42019
48044
90789
15862
38345
49047
64087
70973
31170
45182
84465
23636
8117
25531
88855
33028
24820
49376
17806
93103
47347
75376
60751
64848
47505
372
67362
22050
88262
41000
22859
86942
18499
30552
31728
87464
34617
50904
8824
74598
20522
12659
88392
16616
23701
94918
82544
14004
82469
73349
2280
25683
69411
34556
96703
9229
95633
54328
80073
44551
30283
54557
52894
73465
26033
18939
61280
67236
277
50793
3910
55572
74109
43610
16482
67414
6319
566
41938
24003
86224
27990
55584
57803
70679
35150
38114
95431
81451
51967
11825
2904
84896
50729
77410
58145
15163
25741
20138
7078
63780
41385
82940
26961
45473
24699
68285
67858
78091
56977
9711
74600
1816
46438
22715
15777
18785
15734
33274
49130
84985
86624
56967
69739
94030
20410
74508
28160
56560
29995
90854
57953
1010
50990
51192
76857
14032
82512
49352
96981
23973
64501
32562
85156
43547
70512
97101
54779
29735
55138
44719
80957
67112
19210
85615
73497
27937
25276
32852
1018
17631
46285
92127
89526
76149
1597
81041
89585
86341
63539
57872
44045
95473
73185
86573
27823
26936
48007
91209
47169
71396
39314
45790
1608
41962
95884
83385
38228
2745
91579
86227
70634
5498
67004
85352
32177
87192
51189
74345
43998
73851
47948
46081
97890
5040
23333
72146
22491
18172
9034
20497
74805
24356
17534
27796
83130
6143
21509
47218
79365
39179
96332
7690
72564
88833
15606
47375
97261
63635
35639
9653
81984
11498
60620
28978
35892
73930
23920
84237
19317
91632
64176
34545
33269
72278
53271
62876
59442
37651
6117
52942
60701
57815
85327
66690
37663
48285
39565
58465
84348
74283
82285
31064
71948
9390
70306
12193
91335
31968
92895
7333
5299
12115
81330
59982
64018
11176
4229
23279
91890
16517
71835
29960
35273
65624
2494
14260
47174
81956
56240
56539
92101
41761
18679
38831
67757
82697
26304
55627
38172
9821
57767
26175
49264
86408
37683
73957
65395
83814
78877
74156
71461
63612
85494
3787
89457
39257
27964
65477
11707
54517
47922
98286
1202
92884
27520
25353
16825
45972
38096
63209
69788
67191
55100
47419
16803
66313
78029
25963
97393
91601
36762
28015
71881
62332
84032
122
86421
54261
9272
88148
18742
69563
52609
124
75833
15852
85365
47518
41666
7639
30207
13728
32091
51496
97982
996
66600
76824
9276
79555
15774
93568
56874
45495
69991
59617
51604
23502
88527
1092
39082
76734
31707
40335
1953
19589
2883
74818
97797
94994
88330
56144
82329
64366
17155
38849
51701
45155
94097
37346
4776
29171
72643
12741
92753
3092
93065
3949
49602
92444
72396
32973
55361
2699
30539
52271
58041
51703
97825
53338
51747
80061
76538
77672
95520
82866
40631
93414
68037
29721
60543
69465
2267
25431
39237
36674
96453
39779
28269
75845
34501
81405
10193
3983
75519
37705
30285
80738
4168
82546
36249
22823
60548
40927
4463
87858
38089
96129
40939
32964
81872
44894
66213
90012
28174
15582
93940
11899
35093
34032
15968
76593
87154
6111
88667
11295
29273
81992
31984
64716
92206
23037
92138
58410
29105
42788
86107
796
21197
52213
89598
81585
74787
19967
62519
45191
39548
25713
41674
84916
81327
62639
11138
30171
76188
66285
50259
46545
92576
87343
21933
32639
57305
80861
4025
56879
24240
74188
7250
9340
21581
50530
82824
58964
89930
30324
1799
57890
89492
24733
34229
81916
83785
28714
21718
84195
95999
67256
47232
30534
75099
19477
1961
72847
45200
94175
47138
49200
97343
51760
96016
91794
58216
9748
77081
26875
93769
71605
65833
68418
67723
93315
22165
38626
56683
48811
94734
14900
64562
88546
23658
49285
76060
68846
72778
51827
66180
79803
86127
65707
33783
9831
41847
39985
34538
9120
71049
74065
65366
44795
59349
8448
91054
63886
69399
19002
6309
60196
62666
8018
9379
46106
34603
93522
71394
30055
57667
66472
18276
15792
24684
71210
84661
69463
18323
48685
10175
12238
80757
31571
24939
8881
18748
36387
54572
14500
48903
75138
60920
35098
2207
79254
56993
51681
96799
20777
70415
29773
86747
88122
25407
24484
77671
85649
45244
52798
97631
55385
94940
33267
48494
91773
22915
26503
57076
21490
71190
27961
62869
90574
18019
6722
57359
70150
11196
41058
33020
25605
36276
30661
93520
72586
93757
27684
17475
16131
75523
61024
93323
67373
23207
41034
25615
34954
19697
71333
88805
62936
64461
67784
85666
23835
27738
80364
61011
1052
24769
41905
53848
26292
50223
7895
23395
5462
12466
2686
94457
86765
85747
6260
86622
93374
1634
59747
84424
45470
19109
34585
97080
65627
73192
9698
45526
92992
64995
52545
45075
76074
88873
21346
46054
89336
87404
66470
47242
25710
23727
22355
88239
46642
48429
51089
50299
36713
4631
42182
32741
85524
25179
82259
78120
47490
78888
13505
4663
67652
74475
13508
60749
88084
36811
9151
51099
66115
27199
44825
63588
28609
63005
94583
54508
31216
6337
16047
82973
16398
64921
27929
76067
46456
26548
1325
38862
1577
16187
97930
79206
67735
75969
44323
74416
78904
39248
87227
3654
68188
22451
14083
71692
46845
84408
98007
84188
21922
43265
94649
89635
23314
67086
92163
52927
44419
6542
47808
62716
87491
67766
21642
7959
50974
48705
72212
14389
65633
55318
15578
70093
31045
90056
66888
85727
48446
952
76637
559
91938
34431
42482
59353
63974
11456
46279
10651
58077
77039
83386
46163
57771
87462
12136
80074
49539
40966
70386
89923
12726
19256
20591
88803
65206
23536
9062
12221
84668
97207
38825
76498
19599
18103
29438
11594
67715
46405
87676
67584
91398
9794
93480
1861
22918
32
90237
47214
2536
84636
54205
70082
4980
51739
19903
83340
8918
7779
78226
89144
59304
34395
75577
73248
66482
48620
64432
20105
55734
1126
58798
33327
90830
95221
12517
66943
65603
19286
17604
64150
83014
38158
77221
95385
13645
86483
52738
6094
57490
94581
9917
8243
80173
65140
55548
55642
87447
81180
85864
2255
5168
64623
39203
18171
48427
93655
91620
86441
5960
11266
63195
50021
57754
70016
6397
23474
75795
17960
36269
9290
53433
9924
29253
39854
9659
36767
76750
1422
39300
60112
25140
8948
11237
17507
30804
24497
64558
24211
53797
68871
66056
80913
1841
79055
31062
58243
51453
96755
66723
81418
73907
40995
60891
62504
12889
12104
23575
88664
10968
96585
42406
31334
75733
83207
9755
82635
88896
78583
1463
56936
51281
90825
86567
54991
18894
51985
92786
72183
84282
2134
30056
75956
31150
90158
1159
18638
20710
42915
12082
32977
63151
91423
77434
30992
82429
52780
20182
32112
1308
20250
47445
70588
79612
43102
22455
72910
93268
9082
82756
37802
19110
12395
49854
37685
5853
9071
60412
62456
81616
42120
88497
40211
80786
30120
97430
22705
54978
73621
81134
42065
84002
52332
24750
67543
1695
44507
24165
67572
73093
19621
7305
41109
69092
86241
72187
46511
13918
82724
1846
13172
28328
66761
70925
59397
86104
35520
93159
85110
84254
24876
36775
54093
24239
51316
65945
70394
60486
21395
85336
24985
8287
23923
64072
71636
52357
7420
10194
89976
92918
35678
92393
51338
47586
67790
3461
21111
40215
4970
75737
42287
53613
81658
81395
16693
36008
55121
1213
95325
82972
80044
35993
79787
94794
27630
37981
11074
35409
98171
55430
90734
230
7079
39680
78347
75453
59157
55416
3191
45554
15493
85370
92903
24955
12490
53805
88352
77812
75485
9709
37725
28694
29495
31682
50274
14866
70967
7268
90617
14168
54940
80743
70314
88847
82371
11638
79292
485
72427
6970
43480
62977
36454
63752
70638
40134
47660
95603
21774
11045
38149
60286
33873
3268
52413
45049
82520
53400
84403
9073
66753
87711
67180
34809
13983
10118
22574
94183
50837
32903
9199
17941
45528
253
96313
34708
10915
28608
21117
66086
60692
35492
55804
51217
45884
91980
14874
74395
88534
60918
32492
53955
45819
14095
5382
96704
73657
42566
42886
54243
87413
40838
24319
63484
42193
43100
97247
28020
2959
79546
93770
56584
28554
89518
37893
92896
13984
22969
89699
29626
35560
20632
92637
2441
60181
94519
9916
31215
49397
94939
87870
15544
73576
87889
17317
74421
18607
12689
73976
65475
32067
58254
40982
95640
37589
63480
67589
57982
83245
88469
83871
69013
86254
80764
78516
41556
68529
50854
16888
3351
57981
54475
10681
62813
33186
32535
32675
7474
32833
81415
5218
1475
7862
13384
38872
61276
82730
58674
92475
90060
55244
44083
54986
41554
23056
12524
30954
63036
38828
22042
45549
86197
84269
10495
95181
38744
95912
81843
28814
8029
46777
78581
29092
16817
89262
79256
29370
59382
52748
40306
7261
32559
15044
42652
43726
45162
25870
34863
11930
92181
65432
33764
72921
47679
86861
93927
89544
417
7360
78479
10139
18983
83200
68079
47408
47763
96725
5999
49056
65408
61097
15518
82292
64770
61015
21439
66368
59488
27939
33627
49255
63168
25810
75498
39002
909
32301
53580
5124
79478
24488
58675
67375
9135
95813
77782
66865
34972
70014
29316
55834
83169
37785
83403
41804
32023
29472
73865
67689
84273
83736
20103
75909
47058
74270
69059
20412
82289
81981
85472
16544
96564
81132
3872
89044
2601
60446
10271
49487
72546
24401
23718
19062
67228
11149
80017
31092
22287
90461
19564
43666
93855
93593
59669
6151
82315
30765
97987
5729
42847
6530
18316
46008
14505
86559
65363
31668
43405
94574
33512
42843
31996
9542
29359
4615
37215
29620
9947
67153
97981
78275
91492
52783
96608
89766
65506
54503
37835
26726
3898
1733
16671
627
22996
7252
38586
31541
36263
7102
86758
83127
90470
44927
92915
40012
43267
41538
35036
28878
15368
39331
51684
91947
49938
15119
19772
6548
69852
93008
18471
25974
12685
96244
29413
70221
28847
12871
41411
45462
56835
76820
70773
40776
54010
62904
38099
70894
21751
64736
78975
92868
14786
82804
1924
15901
5761
20487
82448
95464
18833
81811
86333
66330
4321
30584
21966
87557
55125
80783
8879
22443
86898
20814
30478
81345
6646
51805
63398
70359
22703
12546
26989
60581
91409
57525
7496
18022
50690
38775
46042
8886
89446
20532
71391
44908
85618
12013
8724
66244
24359
8218
57545
58519
33777
80469
26042
55094
23707
73214
95318
47618
42392
74039
9845
7911
57
16499
50061
60191
33125
77614
30784
13905
92120
17431
92827
96070
25962
43411
3118
56991
55954
53799
37766
88269
64167
33678
64970
28637
74111
53887
71061
27094
94573
89325
42499
17362
94391
17666
28992
79171
48618
864
52195
59183
92773
30568
66554
73650
60803
61644
33273
70625
91124
27469
95582
9244
11425
14963
91127
63734
5242
73413
50962
72029
58219
75518
74021
5145
48875
53021
47316
85262
11335
80890
77417
59435
88170
51952
3084
8206
72849
11934
49747
8331
5909
52727
85170
19092
40140
25497
41085
94113
19775
81496
47281
50140
31520
75304
28561
30404
76966
75355
16869
42735
87750
96847
22629
52591
5410
82194
6746
69404
27098
46854
18482
75472
90844
82256
87702
6529
61954
36825
7486
25362
59786
1807
69582
70166
85206
63624
92145
48535
63218
80429
76928
19469
27167
80790
1693
35718
53828
74712
44478
3970
48934
97302
75187
97940
88128
44250
75207
62260
86123
68000
81646
47132
86437
60530
97562
89070
86832
5974
61468
28500
68876
35136
66749
66112
4926
9897
48420
28999
28070
80570
39581
36551
31225
1056
81102
81800
68541
53517
39552
51138
10989
12529
97255
17574
62096
33363
35047
55272
73529
58154
48542
97135
94505
11702
85735
79030
40317
68564
75437
42620
54408
45780
79846
15451
32679
51323
88922
75524
87237
74368
40907
22432
34716
20486
51053
12010
73457
1466
54003
4087
75366
18581
18516
94626
72471
72102
27525
92392
74815
83537
29040
60961
12969
30048
27075
35583
28105
22922
88631
92216
51571
77702
66694
86363
62792
85199
8276
74410
42398
4317
75360
5582
67617
51779
16123
12665
52850
59166
49350
77651
960
74992
72464
52919
51600
72263
5476
79049
47634
69872
60592
47364
29236
79437
73327
6299
18134
15695
72051
28733
88030
96090
41774
75985
59830
56899
84092
32374
58907
54834
83971
72545
41410
59043
22541
57006
58755
23356
38810
28458
95260
64834
27018
28452
50574
97395
90086
26028
55667
24821
3989
79905
50590
52234
72308
19693
95614
4588
578
59412
3745
14971
49830
60360
66005
37889
82310
79259
1533
26169
329
71170
77253
39968
24681
71261
7524
97990
42481
1343
24674
47701
17560
1207
4929
93731
54516
40018
89238
41810
82349
18921
66612
71002
36330
63707
94655
96571
74139
8385
87314
6158
7241
17216
26432
73533
63543
43045
34417
35283
1713
16309
33610
16466
26761
55918
10328
78864
70874
91530
34550
63004
14940
72261
32668
24980
29783
73091
62965
59995
42099
49712
7573
81101
21383
34743
3544
77131
6825
48290
13752
25211
85121
62023
63601
43955
26331
57952
63291
73391
47815
23878
74291
84084
89106
71263
34947
79388
57077
30157
63641
53614
3503
58110
547
59047
46662
43108
81638
27196
55187
51962
32602
46620
83551
18312
52004
59011
74131
85971
77946
23555
8579
44194
50956
9888
33530
63671
44822
60107
70133
48485
75883
47492
38621
49967
81830
49002
55545
22248
55691
74319
70601
37550
5133
84444
65070
44392
19910
44904
47579
56450
94374
13286
74264
95193
56549
23937
58849
72441
74747
89705
4885
33510
8363
10624
68697
93352
65781
53229
53024
62241
38530
43107
72996
57796
30526
80814
81512
44706
52732
66740
729
24942
66177
49088
18431
61209
86755
76405
66416
27194
21115
2251
41228
35846
50008
14749
27142
63788
88108
70555
4778
35751
70541
65982
93074
96234
65967
41135
16437
77347
93401
12896
91534
7091
94117
42600
16745
68788
46655
66923
31570
58338
38445
15513
29310
9386
35139
74090
16134
39984
87851
58094
77350
38860
17061
21749
39424
63545
67927
40168
77587
29528
22998
68872
72167
60377
54911
40240
60340
85434
14616
84924
90899
88135
4305
97088
49693
60435
30835
12459
22282
70856
93719
35699
78000
21594
77450
63143
77457
4762
52871
4760
36644
4935
88231
37778
53563
17524
90211
22147
48499
52255
72060
21913
64383
21202
31321
38214
35593
52418
15575
45296
22698
61125
75113
93811
48786
25849
16094
85034
40126
31742
46967
28127
234
78137
80703
46017
26596
89219
20114
66233
3306
75829
44489
55027
76740
51807
30321
40398
70178
45396
89043
53422
39089
91958
26938
56143
1237
56441
82957
19160
13890
36947
2304
69387
63088
15944
95104
69479
18254
82781
27479
2831
88464
92409
78719
34480
83936
78767
43922
44976
22333
80219
50154
35894
3844
79133
65170
52802
14980
12580
61435
46918
98228
47317
75183
94595
16863
39312
48312
62399
41350
66665
82339
30510
33195
44269
7975
2909
14189
24055
46699
13268
80629
62106
88928
72777
28828
60521
40033
98289
59480
66288
8456
92026
23751
45100
4665
54624
75063
66303
21986
97469
45521
30457
16644
8760
85925
72242
26600
50862
84503
75338
33004
42299
36013
56853
90953
73302
85686
59371
28391
14899
50502
47862
10137
37874
20080
12723
84809
47744
14207
44335
1114
67329
71666
97892
8905
19408
24725
64341
54908
33205
87346
45716
17395
62548
67366
38940
47978
14331
48776
45451
23490
77495
49365
11586
76906
13477
89528
90709
69287
8486
95142
80222
74646
15888
45310
69734
80195
43769
87303
63479
91705
60007
48992
62009
87680
16472
90197
31388
81527
36914
20049
76510
56276
59032
16839
76810
7423
63735
27066
63047
7198
70666
59880
43245
1686
20867
26274
8893
58850
68166
87445
65491
11264
96969
80122
62720
80162
20144
54050
67113
11384
311
60105
13185
27940
1554
97902
60436
11402
83210
69263
16898
92946
59823
30189
15136
70402
64534
14479
46585
81091
70947
18749
6037
42454
86449
90587
14138
37131
92810
72191
14048
69119
47326
39205
14504
58780
52821
12920
73769
68411
36971
52166
89413
56780
41498
7706
87502
13158
80407
26358
62569
88073
86297
59327
94917
44852
53373
89524
26757
64873
56660
20933
53148
74683
84341
4998
95931
237
4701
20269
46669
30565
58542
1555
77299
92185
70766
67230
44518
195
52595
20626
66390
94710
8604
49682
42241
35034
20222
48700
96128
43856
348
75812
46497
94284
45750
3645
35231
45231
78367
56411
733
42271
64943
93810
70964
52886
62248
55333
30603
82298
17411
76011
84991
28339
96082
20329
84391
52403
73933
46399
9787
23742
22951
82666
10326
28662
26532
43580
60210
59791
96701
62556
17565
68042
78703
79582
70740
95471
82570
83144
77794
32781
50519
80840
73898
25263
85900
67233
77647
56916
40850
88419
19163
19899
32743
32075
69528
51052
87784
26124
90554
24143
75754
39169
86223
87400
42649
59834
71290
6274
42234
11293
75089
26446
87025
81626
57965
41227
42177
9013
13683
4676
17005
45660
61784
76935
78435
28290
25378
33399
44607
91568
91500
91014
77628
54203
20850
63137
93372
94730
48366
30921
87769
21679
56618
14128
16541
21126
40002
24533
27193
88614
94048
22300
55639
54815
37247
32415
46027
64730
44757
51098
11020
43241
73672
37428
838
30414
24134
50897
76580
27621
45020
14244
38603
66045
78515
93545
94418
50733
43755
80491
28826
1853
79672
1941
49702
5821
58423
1301
31360
76308
83396
80776
28706
17066
45164
48933
29300
44501
28668
74076
14619
14323
46725
50884
72893
12149
15443
58895
24841
84730
36469
64093
11064
67335
10364
47378
90273
83865
19660
85396
20518
34798
96757
8679
29361
48930
48952
44411
21033
5623
80485
3672
22875
77551
28499
85288
4880
12676
82151
68954
44473
56404
52565
51108
24355
87213
32453
69779
29276
62070
46978
56236
69396
9895
10658
27598
31138
73491
27278
92160
8809
67152
71651
36232
8337
36216
35207
69630
9371
28012
37047
84679
6553
10389
16318
47339
43416
45177
51032
91910
53000
68952
12016
95182
24382
84513
60478
86160
11514
6121
66512
87229
91435
95558
6561
7987
37970
39974
88252
16971
76630
64228
78714
6145
88364
70995
80075
4372
3725
61799
65301
88626
51802
30046
18366
31822
14995
26873
82659
25085
91943
61942
52410
8285
96382
20892
68253
79671
14943
87096
36717
26443
35435
33256
71289
93992
39655
73026
58928
55611
73470
11807
39473
39900
90644
25847
76006
1983
81120
95088
3162
23380
12259
65067
39460
27608
97866
55229
5446
9696
11663
8790
55817
5392
46146
17441
89297
97699
21328
76699
47650
68113
65517
63153
57638
47933
53164
33902
97439
82549
96862
14413
93521
51974
69356
9210
49672
56668
25033
64855
20294
35750
87845
67614
89394
30181
16762
79822
96848
95868
51372
96867
91289
46347
64660
13436
68221
3050
53449
96228
38681
20770
255
60644
87980
76943
37792
62031
11364
47960
36230
66171
90183
36503
66843
28170
66338
81258
56048
39306
48196
80528
80969
86612
87056
40646
6444
58941
20780
73206
1737
92489
10352
30626
7137
19372
63616
43413
87739
47961
2768
70508
54620
86494
29282
70289
85514
66457
2605
55620
60440
31841
67859
71412
35702
52247
4840
15399
63145
54232
41865
41497
9754
92373
25449
92115
25119
12440
54569
91110
11855
21940
3992
72905
4379
54841
72388
39574
94084
86590
34462
1109
75438
74011
82590
10636
39836
14647
95159
86826
9084
69835
63019
69011
66680
93696
94422
17593
70032
26275
30430
67161
86243
89956
68366
81627
97423
8347
97759
33949
5593
17364
67998
76490
72240
16096
56943
71173
69551
45755
61731
492
67415
86176
64978
81053
51011
36407
91463
73061
29170
89851
67405
72577
27110
39756
74697
68169
33123
68683
87472
69614
52717
51742
56828
27845
29270
49036
93425
67656
10763
84651
19677
73820
91214
81030
64539
31824
86786
65591
35221
15678
12106
35914
9288
8976
52033
37650
9524
80026
23927
46384
43947
81573
36844
72367
39105
22116
39417
30331
11628
98265
67297
82040
54021
19889
15318
32248
52829
33521
60325
9225
63367
64528
94604
90958
88485
78890
26449
59758
59013
47422
6989
50759
22498
93177
12715
63708
4300
82616
9880
82136
9853
51330
63814
8939
65765
46526
11408
36436
59126
3267
84357
71010
55330
12098
54959
19450
13589
44590
63217
4641
28739
67911
83590
30513
95418
37884
12367
27561
61925
33662
49457
75879
50222
65447
8777
13125
41356
32205
40635
2833
88018
17230
65905
63805
41447
23632
946
21390
43626
8558
69590
32536
85296
95292
41864
61149
68944
75979
32225
57121
53917
87670
43750
93455
53644
78611
13054
95135
67912
34278
69959
30218
32300
55366
64768
24298
78165
50706
18640
65020
86182
78310
3936
74831
11440
96489
81135
35464
892
18265
67374
78534
43071
94822
63121
73060
54606
19838
68688
64080
34376
89330
27055
68049
89893
74151
32025
70505
5774
63811
86120
19726
43214
12600
48747
41049
97070
64106
88698
44012
63757
70005
54315
74862
82628
51590
18405
91954
753
28546
80836
11102
3624
1849
18455
74800
49470
47457
70965
953
96966
83669
40339
30436
81158
2467
45319
67884
22710
28994
52138
39636
29658
50266
42128
47879
64756
39755
70272
9458
60785
42422
78566
22105
20972
67740
5513
56931
78040
29694
52984
20143
64548
30446
36772
91557
87900
2118
60448
59597
25443
3061
20746
64533
77449
14008
33121
72823
90239
82305
95883
63376
75268
57150
86202
81195
98238
23265
39341
63159
63855
23969
32567
65017
16463
77791
56682
72544
82728
31969
7945
66066
551
43538
34034
56034
38450
83433
96206
75196
30966
84784
79420
54215
2969
40512
40429
66589
75095
41850
54386
61492
70305
76867
85675
68921
23436
49855
39667
67322
73202
8241
96524
5319
60418
64088
67486
49187
29193
12331
86110
61124
77759
8160
92137
5411
73023
45360
81613
80942
73842
9160
18327
56433
89231
88230
27850
27589
69194
46311
95571
16477
43147
45418
25647
71091
2019
41925
95944
4817
33144
27739
52204
4989
60791
30039
26986
10347
95322
92985
73858
25044
69839
6243
6705
55215
14867
43078
51504
25959
21154
5332
72106
70377
96504
71823
28461
19124
33911
64552
83993
42879
36035
25233
3999
16197
18612
58209
542
22756
77225
27205
4368
64340
39385
58962
82265
86311
15571
24764
63710
88077
95055
83979
17105
4811
69844
6569
91
401
60561
27734
68796
35258
55635
73799
83226
75284
78935
69906
37282
60011
6610
72153
53492
14499
70157
39147
69192
65436
4986
46111
12767
8768
28355
4860
75286
83622
6920
32486
68893
19598
7543
9982
67716
10760
76576
44192
23381
65125
66831
86493
80143
93110
51203
36826
17275
73119
36494
60055
33553
96172
73472
25551
23703
19695
20670
15002
10052
69115
91844
83934
97292
61690
40650
36205
40261
18218
67544
20488
59145
29340
1102
53263
57885
54522
37938
63587
28496
50702
77597
82687
23823
80286
66951
84625
95009
32250
12973
14565
56189
13314
16020
37013
13750
6189
77339
79458
93359
74102
19250
41431
58981
17027
33718
86817
91560
72303
85395
23672
94308
27916
3143
85313
1317
39418
80821
80410
65178
38153
93904
16823
28610
37449
15609
58730
34093
20694
22284
19457
74069
47626
22103
72874
13322
64144
7575
76166
95331
81995
71506
16354
13117
62736
27217
61174
73968
19570
7751
11840
46283
22825
74677
9086
29312
8610
25430
38339
48671
70268
83887
95664
3941
68292
31197
65587
73254
90027
1501
67114
23475
74874
55166
49976
50760
72132
76255
61171
43600
33806
78066
64611
1901
40504
91698
19863
74703
64257
90651
85819
48689
26616
58807
43379
70554
73847
13850
69318
90616
77516
72177
54568
20738
80116
92442
10430
83849
54922
22850
14173
51862
50249
34472
46368
51852
56607
64239
17264
70663
89091
30456
59224
31589
65075
86357
80112
17653
69140
80269
7545
93353
53764
7167
84093
65197
32770
61725
28916
56254
13382
42974
4047
55101
97376
29143
48679
77695
9409
42606
3877
71986
76518
85562
37819
20826
79824
42802
81732
61567
69817
12739
2156
47534
8818
39792
38140
38925
8765
20376
75501
30619
58882
4369
15599
11124
35734
32406
1415
13
73508
4959
58998
81969
36129
19555
60984
63970
21445
74504
2648
13542
41414
85420
96286
27163
12324
40714
66542
49008
23504
5518
75729
4288
41877
18573
22206
41677
37197
5399
82820
92010
78160
46324
37466
86944
7767
68819
72681
67725
45307
15593
95353
51236
75074
85362
24199
92939
67787
22763
54547
97194
42799
80272
71238
91347
97404
94413
95191
78436
43420
50808
37934
8859
70718
75306
70342
27491
10680
81153
11884
62717
61832
41786
67699
87160
455
44236
66907
16993
52548
24713
70675
33643
34535
9200
40967
34445
49314
49191
17508
86501
96159
47346
78751
50584
35180
31047
86600
11206
53366
61675
56348
9372
57282
61226
52573
76508
60000
93556
41416
45830
61263
11210
63198
20074
54881
73103
92621
46755
62292
84977
60612
85863
60980
11698
95553
84808
56283
61220
72670
38584
44134
36199
79845
20430
77552
37081
85943
95544
61862
82063
96931
38080
20505
4101
20733
84969
69573
86281
11612
10493
56965
12063
1768
52885
63758
38879
96338
86439
70664
31591
62719
4863
60299
1998
48842
34019
15347
26143
82968
45523
2045
80618
36934
65606
45227
95845
58527
51786
30492
89658
31798
75455
34279
38998
49809
90904
38443
49261
82185
67641
53918
70676
58147
59998
43937
89117
14959
77162
10363
60513
58198
30470
63608
28918
45891
65169
82591
23294
38246
37642
62364
96603
89319
68238
70043
87645
4054
89914
15328
2379
65024
23082
91977
53091
30216
80105
88320
38661
71829
38227
87681
57584
84276
20361
887
43251
49820
62075
20609
49816
74290
86508
55973
77233
23024
40262
24756
15762
53893
84147
8357
28247
55067
18780
94956
90458
91297
27601
40431
15074
10990
79019
60231
48472
49723
58788
29188
66188
36078
78956
12187
34190
18504
87137
57993
49357
93631
44542
98036
9841
88338
93636
39164
54511
83312
33626
48571
37534
1855
6719
4799
4152
81935
72286
72087
25613
70713
77985
75540
10631
89174
61960
4960
24074
966
68540
95831
86866
22643
5088
83307
41437
12210
29065
29844
69131
97943
12147
68997
25699
15083
88968
3442
73891
31665
17125
48764
839
86587
92627
28133
62344
92720
49104
47112
34936
53715
