85365
79927
97391
12032
15868
32152
68602
80229
86196
73657
14079
36800
50702
50053
27504
70454
87947
40859
58976
31329
64057
56730
3412
13905
22034
3666
14264
10580
63605
15676
63895
85787
44187
87389
28015
9260
96983
96685
85424
38753
34959
1863
20611
60330
39680
12437
67580
59107
17010
91718
65953
7982
3804
52269
42614
44287
78614
6531
79451
59156
34144
8863
986
49427
49403
64929
27645
12440
43538
13833
76761
12322
81791
89605
8024
86515
91157
31144
43822
56340
43629
17782
46887
8399
70785
66923
5368
91915
88294
29058
94945
67236
1195
7919
411
24627
3809
36555
94566
86413
63886
24582
31865
86841
90621
83526
11963
7526
41168
64789
25313
90104
21552
32075
77323
23911
98031
30854
95897
94348
14587
33114
62339
96307
37598
12333
69720
86856
71702
59523
3945
83656
86064
59045
49522
29972
75750
44505
62350
52029
90866
68945
86301
81060
87794
20251
72914
45436
32479
58385
75486
14750
24772
47567
53740
10316
25310
65227
11826
102
56667
2147
7462
38591
49191
15582
64258
23479
98276
46213
7373
55916
83309
19694
25040
38889
24685
35750
38563
3170
31487
11623
13009
42218
78846
865
29121
52725
51467
92303
34048
27979
64569
21715
33424
78145
94855
22026
70504
62986
3342
34629
26547
56847
11435
61638
16616
93477
29469
20130
75284
25479
28042
68247
10404
33152
4570
7362
54240
61971
79074
39740
57198
84103
24417
47121
4676
17758
68490
76559
17382
65943
86968
4241
21914
70730
74512
49529
87183
23827
4834
36313
42028
1950
7420
30577
30324
78938
85247
39779
4820
21523
90039
5890
54540
65322
98202
86774
60491
50795
63750
45722
60894
38195
89790
67786
93240
82419
61330
71545
64179
76283
83562
23535
36068
1979
83315
93569
18939
83140
82772
53258
29349
90120
48537
57641
50184
19818
42127
7589
85523
31898
40469
29167
84842
36421
69429
96390
65054
36285
18767
16382
19719
82966
44035
67402
75832
15891
48635
2333
78510
69240
63695
3168
22708
32939
61556
71244
49546
26501
23737
61386
1940
74693
86279
66662
64217
30943
19813
2450
21600
67942
362
33203
78732
71963
22467
47944
28558
25251
86536
15686
98243
70139
63970
41270
78984
15617
87811
83853
36227
48270
50543
79213
96250
85415
77734
43076
67245
40560
30550
14140
43317
96385
95983
22759
80233
71577
2143
41550
71424
87702
34179
91943
83353
35369
34425
28063
40202
10677
36283
23435
45882
16494
146
45194
47752
85255
95622
71519
19304
46460
51404
28947
50756
26560
36057
20415
7019
18940
83423
61729
92380
47640
82381
92348
71902
83023
92707
26351
92580
31660
81005
51067
8096
79656
34680
45242
13606
13027
20307
64377
47878
94461
96511
61643
2136
36258
26363
86804
22363
93772
47957
87985
73860
95842
83497
5925
47596
8699
6282
26220
15627
79381
57670
32324
19873
27809
46410
47466
80838
47127
79884
39691
83438
64567
74225
15243
19107
55003
62060
26430
55255
2186
37736
24240
10352
32129
494
65610
91604
5979
34071
12866
85166
45829
13725
76459
55722
55046
56974
54403
95330
33976
20465
27652
37893
55021
43572
18445
78220
85774
64654
22362
49587
97306
61940
42669
60740
68626
33051
67635
18282
78921
20103
29758
70248
20676
62957
66709
81590
97496
12945
15533
64
85203
14599
58181
75943
1851
96438
36378
55198
38309
36950
73981
20797
75113
44971
72086
47693
181
27500
10882
26116
49913
11672
57789
98025
73588
87309
8144
51801
44578
45640
31288
47388
42436
3590
75952
31950
49491
93979
60100
84063
4952
475
67868
69261
51929
8950
81195
74250
26419
7122
49588
77390
24645
14703
57226
69243
32011
11952
49869
7872
4776
52384
96157
73723
19975
67135
79295
90503
4949
60972
93563
1239
74625
36329
66268
85243
63765
72897
59505
96336
37080
4134
20924
43055
22594
40363
5227
1613
42035
95820
54211
14924
40590
92730
67362
66351
29256
10596
68570
75016
70002
65025
94599
36407
30837
63847
68146
41627
18234
87205
78690
15564
90984
70166
41105
49047
12424
17396
2595
95788
82884
77507
59689
64658
37776
27844
69285
7557
90031
7361
89480
78689
19069
87595
56390
91282
41378
79457
82127
9404
71199
73245
84518
48140
84763
84011
81486
60670
12593
35549
12616
45415
752
45746
13602
8560
94227
56761
67798
72677
19677
59341
50355
7853
86107
37709
97650
28356
87394
76612
19182
68867
51025
57081
73094
66665
53839
41836
47302
57751
21877
5553
14999
46380
14077
62466
78758
1954
70919
56977
93027
20093
10511
20754
60633
17238
17363
4947
75470
46139
924
57008
23844
23550
82266
53242
76911
8768
1813
16683
81058
5680
45301
75165
22101
55715
81832
12331
66889
43399
20100
82213
62250
79240
9368
56239
14572
78881
8730
47805
65403
57432
89881
9432
21995
11463
3380
92122
62995
22891
46102
46479
1891
48076
33450
17339
57053
16968
45088
84724
21674
75513
91987
1242
79402
56753
55258
3452
84534
69283
43188
79918
84424
64734
32821
86016
43323
16026
93356
54961
82475
93821
57919
66949
22126
46302
97927
75544
25519
31514
39604
64315
73023
32646
8480
85071
83062
78967
49924
94633
88439
29150
94442
31684
13165
38472
93209
29272
95552
48346
71613
60258
9655
95591
78020
42162
67865
3244
23448
6716
53677
64066
54435
67954
28574
81352
88109
10925
93997
88453
69889
75105
9880
58283
31497
59650
43988
52221
73757
67099
72414
15952
25212
2119
59995
42871
67239
20118
10914
90836
34162
89466
84004
46183
62869
24920
3183
59611
58824
9591
6086
65353
65038
21779
8226
27653
50822
85936
33913
22192
9244
25042
97719
8341
60375
18777
87984
61441
8685
52369
77771
72763
49802
65274
11863
30042
33779
81632
43199
42895
20270
19174
53077
59501
75858
23312
56358
15557
77991
41145
57631
1964
20975
19468
68524
15854
42380
5964
30874
85241
16303
25523
96777
59495
55877
85194
87886
60782
19549
4212
38463
34736
81775
47434
4382
65154
93733
26734
49031
55387
5950
65681
12167
72683
53306
97464
54085
22818
11999
40168
19463
43064
96346
62398
93474
30207
48914
18143
9770
58861
39301
61617
42381
23566
1149
26383
57279
14620
53967
71591
72965
72580
74779
74359
90932
63301
14027
81141
62094
38124
77527
74812
77969
96048
50071
40860
37542
77005
27270
64728
2989
1219
70550
4031
3501
59011
61425
42459
28753
29342
31313
10951
2833
60658
43037
75115
68198
56863
77993
32994
91399
62292
19243
75043
69631
97657
78197
36451
3676
73514
41659
64312
41009
89854
60212
40690
61073
19831
64756
17748
29011
36842
61365
40429
10982
45412
91584
87937
54752
37
53995
65991
91533
14521
34315
27937
50852
54828
50673
22492
30406
64139
10964
7129
33639
71300
29043
21824
87636
69711
53716
60793
17892
14383
47315
64962
86558
26919
88984
56202
70808
46279
71848
48756
72412
54415
3943
59671
57458
81366
45354
97895
8966
14093
94242
64701
6810
65799
38047
38363
86908
8772
42256
93068
25296
84395
51298
68611
23003
53105
32265
876
41445
96762
97866
92546
34649
55574
8304
30538
79711
7826
6248
71285
90651
34956
79690
52462
61284
19742
90520
55875
96882
20364
98231
64804
68942
27881
23014
93309
11286
70195
77305
6396
62396
64966
47701
16942
91171
27880
84789
86576
22767
65375
73285
87603
91498
39125
30314
38035
5059
21641
65309
72987
11217
46304
7071
30789
10200
74267
72518
92817
85270
49450
92801
32799
52495
22944
9194
82469
26541
46888
98128
30827
1165
79815
75287
52117
76675
9209
25883
67341
69995
96331
51151
68776
3120
8088
32950
76673
50556
34309
33504
48399
313
15804
29374
86071
76301
37463
4279
19812
86629
53250
40982
3267
20967
18303
28236
48011
48150
42441
95769
65480
69317
71474
55775
86137
86092
56587
32362
22696
8400
71977
80646
72192
83971
91578
51395
85358
78653
73286
96156
13129
44021
56623
10345
20354
31455
27349
3061
26713
38186
12942
23670
85895
51932
33982
89999
58298
91128
52032
48930
79068
70853
10642
18908
66651
74519
96334
64783
49648
87866
60692
85580
86250
83125
71995
40114
63275
41900
73291
52040
56824
42944
58613
17420
53959
88365
74101
82277
87516
97230
82273
3635
75685
68522
36662
94173
37358
84685
20024
42463
88987
88298
61607
17604
60904
92299
93908
66878
36870
46811
72585
75817
76868
58473
97406
36179
34340
20588
55263
32068
38030
53163
49070
95316
24631
49484
66920
65946
81853
4648
90680
75615
4032
6661
8823
21631
95339
43353
2509
11844
65319
43563
47047
54629
96981
54507
86659
5286
59837
98090
16024
56610
21692
89684
57872
76889
30594
82140
71720
83680
14054
17121
13718
75756
89758
88030
97040
13871
61088
4439
12898
20988
21046
82376
30606
316
91755
12992
467
2712
85671
88795
14633
66407
18698
45560
12379
74876
35366
27015
6696
67634
74274
50433
11412
64412
13285
7061
42398
40144
35469
41850
85025
62759
79158
38149
73955
68175
8849
68342
85532
27343
36621
40351
9607
7010
66273
26691
33876
27073
14032
9015
94625
2391
38773
42881
87473
28562
41361
50455
74001
64101
60750
47291
65756
78763
53323
84284
42913
53726
95029
71309
59994
29250
5231
11178
51733
9935
30107
21900
2747
64438
29109
21521
14861
18093
89187
58277
46496
88351
53998
47792
94955
68961
74331
39452
87768
25835
8474
39193
80619
7278
89629
82144
39596
48917
52334
93438
74333
78387
3088
56605
23176
49670
42821
28893
75371
36002
43640
18359
7463
18312
17873
89733
71620
55731
87583
74294
14780
56883
81471
91514
69194
27743
50230
97774
3419
84730
35018
55137
30769
57473
84689
84414
79969
6515
78425
74447
42979
44326
54282
40274
21861
64433
81325
87441
22540
3876
77956
35533
7792
18845
63502
13529
50469
1092
64888
72630
54447
90431
57506
61132
43983
1853
58057
54794
62224
33825
53375
28450
94065
48093
45482
83379
63536
66823
69378
92861
98168
31748
69855
88781
88658
57142
80885
33461
10813
20035
24551
25687
7781
1471
56206
26357
36375
62998
53568
88758
61659
94940
22791
5989
71899
13946
32827
40075
19664
36356
56030
65842
77894
74429
21113
4995
6147
41312
5120
73977
10394
97393
8770
10236
58498
65096
56232
39446
40325
15481
82361
15920
94814
28680
13456
29423
18554
29860
67812
42467
77060
42930
85342
43286
68792
30989
85651
36966
25440
97402
17727
97252
65068
70163
23816
26987
60854
22029
93983
31000
56139
37874
53072
29651
86321
92892
54551
46416
88483
61629
65763
74931
72824
77403
29355
22349
57877
46494
7026
38890
4888
89455
8262
21336
79086
24649
444
84592
12227
90299
93469
82495
26807
7946
61955
42297
82156
7924
32274
70956
50916
92092
6583
95497
29801
88209
34498
2316
29810
60130
78859
24200
8126
6002
26460
74573
87258
82864
57908
5263
23020
86078
81081
51350
92487
38331
54061
11975
94902
50056
59959
19511
64292
90185
3002
58640
89351
47529
87393
3756
54454
59389
21719
59357
64748
539
27310
82487
52227
8987
45969
31581
86494
97162
93726
91059
49991
95796
22764
15809
38840
5336
15303
8928
93312
39052
15628
34367
82003
73224
75643
47460
44985
37106
93063
44823
27477
80803
16127
12550
39657
8173
11006
43202
22548
23537
81015
26287
36929
8534
40425
96213
37037
17391
39799
29615
40145
8597
43307
9476
25684
1619
48538
93600
47745
91728
33097
23596
89194
10122
41971
28329
38486
52743
69046
77903
69079
57155
18405
93062
56570
27223
10912
86125
41840
68581
4529
52288
86124
95475
54252
44054
16546
9577
57766
87787
89007
82370
80990
71194
20821
51122
44254
2014
61559
7930
35904
22132
64351
49420
88069
44224
25839
54130
864
21300
40607
33001
59315
57529
41134
77540
57971
31039
2169
36409
35510
62457
34785
48875
42378
70131
32051
51749
51203
22484
1625
91260
86588
13590
27727
53432
84922
42960
55324
69193
1945
71153
23612
57850
67565
2286
58786
46250
84
57002
51768
95089
2486
28716
76420
1704
25324
1051
97159
46644
58274
7518
20183
24230
93079
14895
26323
33320
70417
39063
96566
3985
12328
83228
72317
22346
52306
85469
52706
5438
11187
60360
46874
8582
30137
65821
71195
94074
10879
15007
25908
68284
75979
83068
3468
69227
57987
58272
3018
36241
88085
31416
19621
79833
42299
72224
44236
66151
64798
2238
70876
48109
4025
47990
63874
22007
95133
5203
75388
75272
43106
30740
51205
67159
47842
65931
79241
52871
18449
62533
5771
35629
41728
26752
93912
26252
73669
57854
82065
41612
97797
88721
96049
2719
18240
55650
94077
80198
90059
80743
85889
95108
89388
43502
82599
31717
4302
47119
10608
80623
37061
98192
83095
10538
114
58130
1449
559
43511
9091
12810
56354
20352
19655
61979
74529
70657
83521
46375
27558
79946
17651
36777
59113
78841
46961
13761
30697
69478
78179
8200
8981
22543
6851
91594
66918
75829
68909
60817
54120
42185
63457
59807
97681
83646
81232
76932
32913
90844
54771
88625
69131
48969
4670
40307
74036
70216
42784
19701
18329
8327
76682
76712
95270
63055
63446
46640
12095
22711
35592
48554
5113
89053
17984
81740
37760
24877
1843
36712
34936
83205
57771
54060
70029
12055
71881
32717
72761
42982
81272
5397
73335
20791
23145
4323
89406
8440
18009
88923
26820
69253
68003
37629
35771
87180
15600
24122
42292
97168
60681
37943
98108
67014
30285
64385
314
74543
42484
45092
17189
62764
62735
23695
13754
18056
96787
92129
11189
11266
30424
17828
90064
5284
10622
22793
92714
35913
9821
59473
5973
96108
86699
33208
35055
36759
89083
52911
3166
78826
40120
8017
78612
92350
38162
62026
52344
85094
64534
70637
33841
63582
32191
79600
16649
74312
65162
67575
10624
64570
17277
45270
11319
85932
5020
86005
75885
72517
19507
55290
72545
29360
93286
49451
37097
8741
27161
94331
75480
41098
85701
66389
70597
53703
28144
70372
3123
97621
57993
30706
29937
81983
55890
57887
21962
69094
37574
43480
97056
37863
34587
67928
3157
16315
3027
31429
79448
40537
92856
64476
60127
62932
45556
88995
84246
92166
16778
84435
10373
79661
76058
28607
45462
84807
54588
66095
39994
10946
93420
65653
53558
78324
569
62590
69958
30541
69439
23582
61506
83891
93025
39476
66790
25870
74209
27482
83040
60095
82084
80920
70883
12673
90262
49119
30426
1850
55885
49541
50975
63931
6139
80846
21069
2187
3515
21059
80833
27101
42169
39546
90259
30086
68110
81412
49462
48726
55863
75157
76185
20479
60701
53430
77526
39923
41637
24151
72919
67794
45898
30702
45749
87605
43582
53127
94367
28782
43279
92802
13107
27788
21291
85261
13312
26717
9471
8185
40148
58467
96890
92879
39515
54504
86101
40128
66710
28931
82175
32705
52708
30796
27532
63488
60293
61204
88135
53526
64361
76713
92629
17427
43602
23997
44617
91270
92673
27853
94064
75328
70630
30312
62657
52959
86779
20060
80521
40883
27768
49374
20992
17616
59164
52671
30930
33136
5667
76359
86528
59458
68546
60604
78993
17418
61794
13239
46405
11082
92347
23891
88089
82949
56051
76962
11431
86438
35849
37139
38548
34140
14945
87896
44141
91676
12695
31374
78471
26098
91743
31458
79528
93900
69824
27859
94263
93065
32747
54319
69601
79875
38512
37758
89483
46229
1173
46008
89394
17378
76539
72958
32564
51812
93307
79560
69419
28579
71038
57277
56698
60827
73042
82819
12542
4987
7528
50817
66551
76596
95189
73703
54788
35314
13844
94230
17080
2341
76079
23577
67752
97665
72102
57352
24233
17373
5
20147
86427
68873
30735
45452
70430
37700
82464
36395
81347
43665
36014
89364
43849
20426
13309
56995
33937
41926
51840
48416
53008
68404
46297
52312
13968
25842
59336
53927
3602
63858
13117
97551
91290
47866
96770
71552
66110
54018
96587
71026
97315
84174
42971
77230
402
75175
30330
38456
72114
90744
31252
4368
41686
22567
53359
70447
34974
14681
45997
8523
98281
31019
59564
36061
39975
6624
60691
59908
96198
14727
32694
19567
54421
39347
77442
51020
1338
71162
54764
11701
37496
8870
83973
62686
34787
25411
78792
19292
77276
14983
88495
19129
40526
79563
2898
34670
84664
3889
71935
65966
18366
96223
16845
50345
16740
55625
6623
58081
8888
52441
17724
48779
73613
85248
44193
57416
45528
83649
89209
66734
84589
9958
40237
1632
17814
86230
39056
22279
40547
71362
96402
70053
59486
36834
43462
76890
18027
39208
93462
2079
77795
94463
152
30726
33440
86979
90765
56241
13093
12190
43391
88828
47480
48355
25810
5613
46664
66934
85126
20544
43793
81614
24687
28821
58074
38445
90426
41635
84522
80104
65515
88491
98111
6470
44106
73516
95986
2356
37930
9465
46889
21125
23841
90004
31213
94460
75104
93869
77107
70239
75585
24054
8377
13196
15060
6658
68876
34733
42771
2081
32081
19902
2034
82438
129
33665
33244
67368
93193
74077
53567
66406
85643
57615
58119
88060
46969
52589
91853
95098
52493
34583
61590
59608
16997
77585
85299
51576
51883
92297
53544
50425
50447
55556
61921
83297
74464
89500
31046
9193
37283
190
53352
31818
49949
80501
39722
81547
9540
31690
52100
63549
58668
65549
86035
84356
13845
834
4141
46367
14933
45924
31740
19865
24177
12833
76626
55795
3576
25670
19354
85863
34909
21537
85206
5383
86870
52833
3766
93076
49972
69488
9417
36742
59022
7313
59089
53463
44013
45895
38093
20833
91645
78133
96711
55945
49925
69169
79966
23074
4283
56093
63142
13414
10276
44475
53345
20720
23236
82573
52429
74026
68466
27837
89423
98069
86213
51249
48758
68417
75331
21237
58796
54457
34699
44924
71681
54034
11087
9311
40596
22562
89563
7721
84104
66374
79828
75151
43720
43157
38479
42903
39951
61340
68282
79750
44641
78780
40887
95689
68680
51083
415
72239
70872
94716
65082
18521
98286
19067
18434
84593
39862
33363
91970
79921
58595
82806
7971
40870
60541
50888
94871
1350
16128
34726
33333
11972
41370
60982
33889
58006
1122
4481
22100
52535
9510
12416
37404
80056
49863
2884
87005
37297
85216
51697
3549
61266
87108
42890
74847
41525
91391
1170
57271
17767
67359
71717
85692
43012
3048
9335
59151
61896
56472
5259
77584
71756
93927
31080
83332
2205
86257
55190
15048
11872
93370
57983
51130
45477
33199
4656
69257
29077
30469
57379
61531
36219
56099
39909
37394
95068
21264
48711
96260
89585
20917
7429
41152
74191
74928
32993
97181
68839
20242
32915
76324
19725
88234
57072
71368
65260
70696
26825
31753
84046
52387
33740
47980
91586
21558
73898
72582
20006
69096
23614
8227
41768
78851
6808
3736
96025
89179
34003
15682
83884
42547
13764
71623
72640
7717
10754
30478
74552
36044
9677
59653
27932
82737
48411
25299
35703
47813
20289
26091
97982
9889
75738
37275
24668
14259
31185
70821
82407
52533
79399
22887
37087
35807
31793
49448
38959
56971
45138
8769
80967
40284
81073
71216
86448
24446
7939
72206
50115
86489
50458
34754
50506
32454
7697
35109
8921
75904
44439
76690
11343
64897
23557
87422
13241
27655
84973
37368
8448
58645
3423
85055
90310
39548
84175
22251
43662
20758
24180
86310
81009
82159
67155
48214
16214
78079
67991
60798
5142
56348
94343
96657
10661
36093
21945
64824
92969
71371
97738
80908
40565
33284
27315
67262
52702
70893
33816
83244
57807
50177
18195
89415
92655
66345
63876
40501
10816
74300
34685
83187
73791
31027
69241
38763
38427
73264
20928
60623
95818
20050
87077
60672
83464
69074
45697
86802
45526
5221
57422
23193
67486
84005
76987
46081
90605
44518
24942
5595
13599
27364
30173
56961
10861
76616
15524
2099
37065
42464
13455
76034
85872
28433
14000
42925
26640
18272
38133
81691
25436
70932
14669
74375
93539
86188
66585
26317
47628
57784
85161
51361
62304
38252
39275
73843
712
61791
68190
20436
64839
6475
28286
3999
84146
16374
94612
42965
83556
68718
82133
97696
40029
77439
22261
78135
94375
38376
59968
32520
81923
23835
95440
68323
51403
76575
54105
92845
50291
17020
7272
19399
74980
81135
25155
90274
68256
89588
18404
30749
21469
6533
67497
81697
71445
1439
34138
91442
86148
4905
12108
51458
27785
87201
84426
14236
77460
52491
10224
1651
83746
51860
7332
6290
68644
54804
19927
77143
90141
3280
91528
9651
90269
31622
1441
95415
58512
14159
57870
25498
24954
29828
21572
9358
57825
47307
73836
63790
23530
42166
63243
2548
88207
86732
5658
52610
94957
58939
32547
60901
39968
173
91825
32250
89443
95210
17125
28205
87440
41495
61606
54010
31176
8504
4052
71939
9276
83358
85367
38131
8526
53981
39581
14686
6803
63329
13401
31920
68886
4649
26443
2248
81132
24650
14135
30353
54843
97437
50887
86891
97075
67485
8125
66121
71317
75144
35958
52120
91303
70578
77747
54810
25732
95522
13652
41718
46311
22648
38308
86715
64596
30634
93694
73870
67665
83100
47589
53320
90479
59317
48142
10724
34504
81757
5737
71882
46552
4147
3647
47159
97074
46328
83461
45125
75397
8976
5061
70451
23576
82281
47743
44208
46955
2722
62427
76923
59659
63788
65033
97172
35755
79930
40769
28925
58829
15361
46738
83942
27871
79917
29921
31130
60441
28139
31594
84128
3637
42220
98219
29593
8300
58853
46876
19693
35800
63654
96405
29969
21875
94513
61311
23682
20309
3337
12512
7705
79439
26328
25935
83410
39378
69908
36538
86037
93225
10985
4187
23674
83280
43489
72225
22892
96594
76014
18593
77304
87575
10443
47535
60951
92288
30294
85319
36532
38102
44511
1115
34495
49237
19428
94928
93350
17744
73473
57638
20383
94456
33204
94031
54555
5361
49159
79767
18245
60792
95425
90686
89615
3151
24051
67259
66348
16159
89654
34209
62014
85347
62910
87174
10969
88136
24697
19598
51975
4614
77016
83467
28268
55219
54488
93598
15259
76292
46137
45495
33082
75185
54346
78683
20829
4009
1706
2208
11438
27817
14122
54306
89706
97051
47738
55618
56389
40481
53216
43701
87818
35957
327
68773
29382
14854
89065
33892
67956
57313
22209
95872
75724
31395
28226
13373
17062
96816
44599
22511
19638
79747
63314
37695
65321
4410
2738
31517
21897
46015
49406
95941
61850
97066
942
12619
89681
6926
73438
63379
55167
58262
48248
61405
40817
96585
87969
1039
12029
5111
48252
17434
85136
41047
27011
75997
25711
27582
6272
20248
93192
36171
34002
51048
4503
27679
39916
6403
85856
51409
98253
27774
80689
33289
37078
66694
61656
59965
80693
74721
3600
18242
90286
23142
73781
71909
36114
83607
7351
70832
32002
96259
42601
27031
14591
63180
74299
65554
84750
81458
75418
74735
38237
76620
29032
32790
77535
70725
25192
19475
44568
49553
14833
87345
6735
41683
73076
73425
9781
70161
73056
67860
58623
33855
75982
89106
5030
71647
74462
7473
76072
86575
37453
55466
7625
7675
10981
26808
47931
26780
4403
77916
28095
82612
93008
91597
5270
97777
10285
38481
22254
95118
90783
71227
69530
30009
35600
57973
40770
96174
19877
53452
54798
48507
91032
58911
68527
79172
45587
71092
40835
65664
13332
56256
8544
36973
76237
37579
4526
40885
49807
34012
51485
72484
18323
21703
38217
9827
78593
44358
53298
21922
76223
5605
42341
33148
83901
26763
49634
97186
31181
26601
9450
62847
69625
20144
77368
75381
48044
55183
66687
40308
26445
62767
40687
20875
73129
65359
18779
5139
48256
44612
5630
88959
70942
28471
64676
86947
46636
45016
89805
73194
2091
92795
17280
19149
19915
91501
28416
16520
72088
86571
12114
34072
42524
67895
25462
89453
56258
69904
77760
48936
73868
69791
16077
94114
55721
2227
22416
60564
9455
29532
30554
82299
74488
8291
53494
36389
24063
17876
91275
12573
65509
60791
684
42967
84397
35304
20915
80756
13887
57512
93503
41146
74591
80279
234
12529
53455
32234
65356
97785
9204
23658
42004
5748
92960
97246
28661
63591
290
15180
94699
83141
30873
24503
94828
41490
84677
77007
48981
68418
55921
89739
55949
57415
15287
56799
74592
3510
93336
92749
10197
95126
18307
41091
83024
22431
82196
26424
25237
29763
77616
85674
13553
49262
72680
71499
39362
34996
63944
88
3200
95409
46085
42523
94481
16323
72700
44118
52739
29886
72868
4682
29413
75690
4929
86369
88404
32795
83469
31883
6646
31508
69734
26307
96708
9989
14266
28758
42811
78372
88398
5260
45835
82973
71504
6291
92720
31123
61780
95235
61242
30156
22300
76036
28206
72243
33076
47178
83932
46842
29605
57946
33683
82499
9280
80283
58406
58628
39022
12697
35774
50774
50407
15834
31364
75440
10412
12888
7554
92066
45281
8392
17630
33709
31125
36756
43483
36529
88819
87270
25545
81732
11950
33940
57823
13439
40761
76828
24203
17161
47768
19114
51215
30755
20550
23511
86932
82712
81221
29165
60693
11152
95650
83432
53626
81828
5697
38135
28061
73210
22951
875
15037
60515
83830
18962
4367
39113
43906
31236
91244
13341
97683
71637
86235
13637
78880
43712
72697
23128
64698
18488
57980
84271
76786
92630
9762
18379
75172
21992
35423
84581
6949
23270
30130
37440
87918
40961
94858
83447
25383
96170
97849
82096
84115
77040
56113
63398
12144
98156
97455
63067
44545
75370
64012
87226
93941
5789
41305
73984
91838
48176
66355
8709
43059
5951
24902
93820
67290
73002
51328
55679
96313
52779
12246
39533
7996
45204
96547
22928
81802
21131
39070
94826
93802
63802
25567
57835
33712
1296
11594
17101
69464
66186
6540
77918
