11258
27431
9203
5240
25165
24072
17258
2934
18851
16060
30896
35139
22435
2280
13594
31987
8092
23306
22279
20851
1841
28974
35843
17402
17875
31376
5540
39327
24099
21709
11185
4237
29247
30273
8280
39284
344
14495
18604
8765
27061
39837
12039
471
16216
40301
30494
22913
30382
5254
33482
34099
35913
5592
33900
25618
3166
24786
39970
28002
7133
3133
29083
23655
30292
23481
14642
30440
14054
14164
14301
404
21145
7010
30365
29439
7103
9095
15061
35879
4311
37072
36796
3801
5403
876
36465
37414
15269
21415
23607
36322
11699
38113
10762
11389
29636
14688
35998
11050
31100
9730
37757
7318
4406
13617
12450
10822
13245
7688
28827
5926
26743
6468
17499
29487
22894
12717
31124
36809
4344
29021
11647
25176
21143
17241
2019
11184
13426
39429
22553
28148
33110
39261
37318
23889
9541
5445
28571
26210
28213
1541
12429
7167
33950
38378
34609
31414
32208
20262
21095
21213
4654
27275
5131
28613
10710
9023
5063
25912
22438
32102
20111
17346
18346
13998
11052
3865
4090
1401
14635
35168
6119
29957
33625
13398
11379
13320
24749
25724
18062
35333
5096
40142
20013
32535
34774
15963
14156
22350
33629
28718
20130
2236
29502
34894
27112
3817
39447
37193
4409
38881
28252
8323
2492
19706
40244
11980
11394
11747
13676
8144
7937
20225
12277
12543
6654
23666
22564
1626
13344
31372
20637
18876
40001
29911
39128
37087
40492
27328
35436
40755
5298
4691
12642
5908
7860
7821
7667
18605
6043
16982
17701
30739
21576
24098
2573
6485
6229
25515
18226
34207
31917
25264
28370
24983
23442
33097
24411
35613
1862
11431
27817
18859
14810
2526
36191
38454
19278
7689
5889
594
737
10506
7298
26065
30020
19124
12845
34955
20165
19464
40095
28151
8319
9904
2241
26707
36375
40263
30160
19220
26015
37178
32479
4365
7204
29876
22769
23711
9935
20202
36494
28140
24152
9609
4769
36052
15173
21462
20712
32866
16011
30018
8541
29360
21377
2261
40613
37567
33908
9189
36391
721
36020
16707
21721
7544
11571
5317
20457
33312
31006
40684
38957
15955
23836
31531
36574
27628
3718
29825
31515
23774
5948
18628
9972
20341
39066
33263
3335
12017
36784
15017
13349
29609
29895
4340
4198
19989
40033
23370
19033
32945
6658
39589
26349
8090
39862
3799
39344
16273
20352
21809
19932
7400
13843
16582
30032
25246
25132
3971
12580
13522
16161
11616
38350
37306
35174
30319
25307
12749
15062
24250
14268
32134
23960
33229
4534
35850
14748
15698
6539
25338
25249
9564
19349
35920
23007
5848
17198
4834
11019
39375
26275
9565
29474
31060
27341
38740
11559
27786
23793
7027
10167
26321
36855
30210
8413
38915
30682
33532
11267
22704
14915
11617
34613
39549
17201
22889
3382
13280
32782
10290
21363
38080
22830
17217
22184
51
17894
16090
9308
5156
15738
4348
33359
30631
4001
20313
988
37155
39787
36195
8158
5752
36410
34270
22422
34768
3349
17355
27119
1816
21094
35977
29320
12565
14511
22808
40842
27968
38785
19546
11660
14422
13514
10615
34652
10289
39973
1296
4560
20216
33151
7426
25792
22783
17859
77
32804
9046
23678
26512
32826
10486
35744
5175
34175
21006
6647
25859
10653
35261
10061
21402
5044
33208
923
407
28177
38659
16378
384
12523
27992
40803
36392
23070
40051
9359
19371
1
25106
6419
10129
15714
9124
21846
23647
6591
30132
34295
31618
39191
37024
32670
31403
36475
17552
22613
13058
23022
19227
37866
3158
11438
8589
1722
4939
13215
12684
34687
28313
36165
32165
31786
15544
4151
6384
8466
33318
18052
538
35260
25319
18942
39766
33761
15485
17882
9618
31683
13200
12480
25185
12156
35610
6014
34832
4832
7343
4184
13678
14512
40707
37681
25260
37932
27846
11512
31880
11226
23951
13273
22483
4518
13326
35248
5329
15535
38701
38234
5068
13759
17769
22444
2449
37340
20641
31385
40571
15891
38320
9818
2751
4002
39155
38180
18433
9170
35398
8692
5937
19964
25081
12582
6646
11024
35483
38843
40199
15190
22624
36670
4685
3453
22377
15511
29890
17513
7304
15365
4068
1077
32218
13547
7378
36883
20056
38798
30174
15553
36736
21923
28772
31291
22267
4086
6522
30257
22505
21146
14742
29209
26243
18195
29116
763
21754
15971
259
27550
27402
17208
32595
18661
17444
36848
33294
20143
15561
9312
15586
24705
39317
16302
15451
2725
37230
1366
2029
36992
32557
5545
4398
39106
14652
22101
21517
11044
398
4078
7117
19114
10609
16125
5115
2157
36262
2698
16433
26006
28611
38121
23265
7797
39656
32787
27308
36105
1837
5772
5665
15925
29779
16731
15938
24714
39546
26126
24702
25354
39082
24395
22
27138
3057
33605
10504
35517
13376
4690
1263
29442
4948
16127
24964
38366
2101
22450
9605
36550
19067
3515
38407
8448
700
38014
9977
24167
14049
5724
14699
4485
12448
3793
6860
23348
5574
5305
18940
37692
601
13016
13901
29950
7466
15788
31121
35043
15942
23385
18906
35513
5953
21959
32109
28477
32789
26965
15645
1503
32780
36925
7218
36159
12563
21632
10711
20726
40820
1489
13519
26365
36786
35878
15964
4776
19598
5361
10413
39052
10085
32572
35034
14382
25102
28464
33297
32499
1724
38287
31603
22620
26605
24713
4066
6247
20574
33935
13801
22059
30505
2066
30683
18856
28372
32313
12746
34767
16986
8969
25857
26477
25800
9979
13035
9898
24320
39868
5792
765
11284
11577
16696
34650
10444
3638
3594
7987
39361
40741
8636
8306
22260
34275
37744
29866
17832
18571
40075
331
16783
38204
40564
13844
15509
12199
6057
16650
8301
6344
32186
5786
32172
40108
17155
2225
21273
33113
8438
24976
3592
40339
29713
20395
28902
16568
30366
14176
38467
27163
7999
5737
38463
24034
34231
25988
20471
20010
12721
17836
3209
39305
30340
8789
20120
13350
9617
15171
26631
4393
19781
40470
17028
6071
13356
35923
38389
34755
7013
28251
18928
30233
19754
31053
11132
15196
11209
12627
4736
20701
27023
5593
1463
31557
26024
11465
18858
3504
27152
9243
34313
35918
21735
20644
32295
1857
25622
8201
12513
12908
34691
39391
2013
12090
20827
3942
11993
8744
37920
36056
5036
7670
24240
11956
15887
27683
35931
15741
32031
7296
21029
35533
8698
36282
5725
37768
7873
26597
15534
40144
21745
15004
20519
10040
34355
6253
12968
16734
838
5498
26055
36920
40780
11558
22098
38889
18572
20998
35051
31252
8294
15751
18265
4384
635
5222
36164
36199
5531
6625
12883
15650
13252
33663
10228
26089
1469
37339
18414
40058
21699
33209
29127
28155
6560
20002
5546
29372
17162
24974
5718
31629
21497
33046
6514
2711
40446
30558
12789
18957
30197
32080
20580
11823
26486
33430
11585
39953
37211
25696
788
29305
3944
19662
17685
21307
27935
30510
9715
4729
3723
33368
20973
4601
25291
19534
6370
11796
4392
23332
3580
1464
3249
19381
7652
29005
1539
26451
39574
32387
31461
1158
6226
18900
1703
21285
8799
22926
1813
15177
26394
28744
32402
31872
8893
19406
29877
2113
1084
4306
37542
25327
4383
4122
38059
13022
36534
4211
36180
31670
40536
1532
450
32913
2561
10768
26767
31434
20780
36733
23217
28704
13534
38115
6766
20621
23285
32863
28873
20620
21169
40259
19101
19312
31560
15075
24414
3913
195
33454
6734
24024
14824
4455
12560
3099
27611
7399
2328
14314
26915
9994
2560
6577
15233
12798
14712
6610
37730
35785
26889
25277
4960
32659
12980
19665
306
34041
1550
29375
222
17783
36071
26617
35827
23488
11971
38472
8250
15093
13581
35671
2116
31815
13710
16452
9599
22544
19503
29764
32726
3734
6808
19467
14474
38993
26918
28394
8151
25409
21573
22000
26934
30535
1523
7003
26809
7889
29706
29341
11239
28787
23483
38983
30450
12062
24216
28427
19540
38448
20078
29001
19489
11254
15247
34640
9228
5800
19799
17146
28967
14945
34362
36691
23192
4815
40127
21152
3584
23260
36141
13809
17910
38791
11157
13528
24158
17786
3142
10792
39270
14178
23045
16164
2459
11158
8885
19075
8330
31135
12598
1189
23491
3268
22707
1017
24259
32797
13117
35945
17525
25783
1569
25346
11388
31402
9648
15694
2072
35524
38176
26438
7199
26593
2851
29240
26560
17311
10189
24359
4160
2891
30346
5821
29836
38159
21108
22370
36559
28992
9982
8245
21595
22164
32106
21432
1112
20805
13191
21892
11798
40509
10452
39644
38047
592
18013
15298
944
29610
18198
20985
40016
35237
35300
33476
29908
34804
39282
40402
27577
24937
11974
16622
26759
20734
19053
231
23673
6511
28487
9561
4870
5691
7959
7070
20146
15119
12782
28495
15668
17343
5572
33298
3995
25453
12726
8361
9016
10352
12550
7613
36866
37168
28384
8673
14179
36731
36724
3661
27635
3669
15590
4152
34828
38656
8931
22082
29324
2542
6035
27745
3012
1845
22399
19767
34169
35800
29584
20045
4080
16997
20941
15299
18179
5342
18166
33657
22218
9570
15368
27809
27360
29576
38499
31366
15646
37307
35381
15918
11879
38490
13314
6790
14589
14573
17169
993
14735
33934
30918
11814
38222
26676
3214
39365
15256
24794
12395
32380
24222
21592
23356
24029
4010
9885
3358
32696
16764
18078
2220
21501
37112
6819
8570
31970
32959
14346
26138
11717
7914
13651
17940
22131
272
35006
38156
20306
9275
34206
37356
9980
39637
24488
5169
3052
37460
29613
10247
16278
4334
29983
7261
22048
6679
40352
9346
37115
26607
5915
26567
37081
10341
27157
7442
2195
19918
38136
1195
24792
3729
13648
12827
24838
20956
29572
39814
12091
30084
10581
12763
29906
17979
21179
10248
16590
23275
10644
17260
10820
37390
35024
19669
9672
19759
17555
29362
35637
35370
2597
35543
1064
26007
10395
17581
25027
25262
13626
109
34462
30521
37883
8358
21103
40460
8199
30115
22137
35719
29445
30301
37026
9432
25058
14912
38966
28614
35012
7054
877
19394
27216
33171
38892
35527
26917
38865
33401
24296
35131
38922
11265
25602
36023
38334
16332
27346
25131
4189
5637
12105
40387
17183
30517
12123
1233
18982
13039
29231
32429
38297
23724
1899
8059
16897
40049
2516
6140
7911
13306
35404
12901
4972
22724
21231
2142
4917
815
39170
37451
37537
21101
5043
29181
11668
4191
10892
22211
35974
29327
7516
37560
40034
21396
36493
34386
26786
15881
32835
10807
31960
23975
25815
4308
40801
20169
8892
21594
26161
25722
40230
29189
11634
39730
16172
23401
29190
18227
17734
21460
32215
35942
10996
8880
40171
37925
3683
15709
2659
16564
5515
31478
19485
37452
1305
20557
11817
38987
5466
34125
19037
8826
11036
31026
5335
22345
687
37098
27162
23253
20404
23936
4965
40475
7763
36660
14504
14235
32808
5535
17421
19622
14117
25220
22900
12910
5661
4045
27492
28646
11527
34946
16420
13538
1820
62
14657
33172
15478
26993
7907
5726
4077
9304
7353
9858
29730
22774
28024
30300
33459
30394
17881
25279
11631
36497
17157
38839
8552
6759
19385
28250
8469
26573
10500
579
40326
1387
30383
33238
14266
35199
16680
38118
30855
35423
9490
22579
11499
12138
22684
35364
30958
40211
22905
21483
21584
27353
23330
25425
25312
13034
29874
19775
40425
31275
23824
10866
17557
34800
26968
9386
19117
19190
8098
11040
16938
36741
39827
2973
3175
38752
17948
31157
30385
40777
32674
19304
27325
11145
5869
2135
36834
21568
38753
33440
24070
25788
8099
20938
25317
10661
33993
36113
29156
33269
38577
18151
36495
5958
32762
26426
26698
38280
10980
19040
39252
5039
39899
13362
31113
35592
12119
4967
9396
28179
2788
21922
27016
19882
10951
14729
1047
27760
4564
36310
18233
21688
30721
11816
2959
29166
30895
27871
29128
20534
28722
35688
35412
38207
40399
18554
16364
26670
716
31794
1239
10756
1085
10501
34373
13435
29378
9774
29368
6441
38923
18834
33144
6497
28837
24105
28375
40450
34950
8680
10896
1592
36995
27703
13085
3662
22026
15703
22527
33902
22701
39743
3677
924
1262
36897
25648
292
36463
23095
24089
16415
37951
205
40642
10173
2862
3061
17476
9404
35077
29422
18685
13364
27088
38952
5509
7559
2375
15724
24417
38566
17563
31061
6739
36077
29665
39620
2501
8441
29431
710
11591
18954
8997
28606
38300
29351
3836
22152
39675
36586
8657
37551
23588
32741
14930
21630
37384
19212
16446
38164
17220
40086
20515
20737
21636
2418
7988
6905
16183
22634
9009
28466
4851
37302
19571
31209
32390
9265
15803
18705
37899
15138
24224
16718
14304
9021
19141
37405
18707
40500
4998
27082
12636
38936
33310
1055
3816
15693
29827
2867
16614
2421
14011
32383
24351
36401
2856
15394
15263
16663
760
28084
38004
34917
182
12161
10087
17629
17293
34700
35574
18222
23450
35856
14202
24931
19987
476
18187
11730
242
6772
5260
3962
11864
14672
33968
12957
25951
37521
14097
23393
12072
18532
15533
1100
21768
20923
15996
11203
40567
28125
3309
39739
24793
12961
32672
15197
30392
35804
34527
17611
22498
1027
15727
17074
24632
13712
15805
33326
2679
26435
5601
27212
29457
32710
14901
14365
25518
13513
14580
34549
37968
3232
21919
15530
13033
4599
40688
8192
40381
34165
28504
2275
19596
21071
32687
19936
18363
15593
36228
3884
22884
13709
935
15966
1015
11828
10213
6721
25233
20280
8865
29714
10707
10244
39380
14337
24616
14163
13511
12175
28713
6012
19696
32551
4981
30623
25665
29267
7086
13251
34997
30056
32503
28318
23841
25380
20950
39099
39154
36026
25270
32056
32367
5670
21942
29470
391
18998
3596
10312
2259
4040
18159
20464
31719
4168
8557
16575
21157
9029
40621
16070
40258
1945
5854
34346
20657
5518
1123
20659
5667
37002
6150
6712
7184
14219
39326
31540
31370
28540
7583
27654
28441
32679
2813
6669
1153
12675
29012
34400
2525
15423
3286
10171
752
84
36321
21692
27069
29546
37004
13768
11192
29925
797
2978
7925
25895
15839
25242
29666
36904
9283
6813
6095
31923
18093
34644
694
31188
18534
1288
32450
2268
40455
13552
7881
29130
37949
30298
5077
10618
8157
27750
37943
16572
37192
1577
25542
3363
24352
13416
30774
15132
28945
17069
5108
18587
23364
8136
35009
24845
16826
34348
22145
21575
6210
1331
35634
26850
11970
8183
34148
4093
16064
2611
3185
17812
254
32391
33041
39239
14254
20578
27652
1609
11805
8686
30431
13151
28526
28184
27405
39712
38423
3316
8612
2805
20412
13924
4974
15320
2263
31120
11703
40605
15538
16683
23846
15063
26721
12031
1012
5214
12697
29242
40632
6865
25044
18821
16869
18344
7588
26614
14443
26538
3891
1292
1831
925
25878
11606
38746
29955
24150
23845
16966
1624
8827
11538
23183
7349
33525
27978
37195
10318
1122
37371
16287
23286
35405
30217
14307
36948
24416
23030
34815
11075
12224
1143
33973
25198
4528
20560
1666
27605
4805
3002
3613
27127
5112
33577
33170
37963
22315
40413
39627
30583
25924
26875
40196
40452
16176
18804
16746
25171
11661
30304
40149
31662
17364
15836
37778
10180
8305
1310
12431
19483
39719
32871
22003
14368
13479
1805
32703
26572
14491
23018
32669
3518
32654
20822
1236
15866
197
25715
14081
4061
1633
34941
31675
35397
5049
24598
12710
29604
3486
17276
5984
2267
18017
7250
3036
4896
12558
22849
15670
32339
31005
7407
28858
17154
20988
36853
544
21503
19560
36602
31677
17955
30657
9779
27400
28632
13572
22322
13186
21262
31388
33015
23091
36150
3842
609
5316
12888
11857
40837
5536
36139
18196
5587
32920
29492
19217
12797
10351
7274
18893
7473
11588
4343
31651
25695
508
21928
13304
4140
7853
36893
33556
19412
39231
36859
31883
37404
18597
24987
20478
5061
10886
24372
2579
5708
19733
20967
20539
30312
9854
20976
30614
30545
32662
8675
3477
3162
27853
8943
12246
7721
5495
19270
35138
3470
29080
34379
38318
33078
27418
3714
37594
4860
14177
35111
1662
35255
5732
25090
18105
35273
16488
30345
37
19022
1507
11946
26289
13767
18340
21488
34216
15737
7884
11829
21943
30630
15920
4298
1752
26314
38111
33349
38492
18128
3176
19452
30277
14832
26204
1512
13972
33494
35039
23735
17428
35037
20583
29835
10385
9518
4949
8087
13826
28468
7953
22204
22773
4284
34752
2562
21971
16248
34005
24929
31881
22129
35927
26063
5064
35116
33319
39609
15230
33374
22085
20109
13104
25334
19418
32168
26143
21731
31367
18732
1303
13778
4783
35887
35453
4830
37200
32904
34034
24569
31898
30834
25502
31995
21017
32012
30985
27043
30713
18549
2790
39009
4571
17633
17095
4506
37961
19745
19548
2199
18608
29006
21498
13822
21578
26466
12995
27479
23739
2095
35231
18068
5200
8422
5314
8164
20149
6378
17379
25564
20110
8890
27149
1565
11163
18103
22713
28935
18979
20516
9997
34915
35966
7713
24579
15893
29389
2686
24134
23649
148
29494
35933
21925
12180
3117
25496
9721
29132
5997
29202
28920
28842
17414
38784
35379
33521
12270
35702
22507
21192
5168
23933
16529
22731
13766
8661
37152
20338
11061
28391
33783
23590
24917
26612
1880
23900
34245
23915
27531
5223
15828
9486
19317
34052
30198
3996
13231
25872
15491
14490
37716
34948
3704
20227
27248
30066
13695
10687
17116
39573
4013
32362
14746
17347
31134
31768
22831
25105
29308
9364
7636
33210
20504
5048
9983
16963
39035
10337
31110
22927
4882
3146
33592
26398
9824
17481
8824
18759
9686
10567
10322
14110
588
35003
33943
8938
10783
11561
12601
23526
1920
15525
35799
22102
25010
11372
8854
1815
1412
16655
2555
23341
31918
38137
28972
25789
15696
35366
17811
9804
4744
1471
24157
8988
39936
15655
20718
2586
12931
2290
3986
3990
34423
33892
25113
28947
14444
40284
25335
37288
27391
28429
9241
28005
38628
26579
27500
16699
26307
14160
33952
40629
35963
22238
37313
33760
3764
22537
287
1367
31102
24445
10604
5368
26403
37743
11968
27860
31527
18351
7106
13290
10489
15584
2732
37577
32068
5774
20023
18038
27944
12602
12982
28846
32791
32629
40775
6290
20134
20742
7183
12273
15095
30564
20327
9180
7169
2893
736
23392
12285
12519
32066
15347
4428
926
16339
6248
2145
33247
457
31119
11638
19409
33183
29965
1476
5125
27010
342
608
26976
4364
17328
38460
13701
38633
3298
17913
36505
6991
39010
33863
4112
32812
9891
23124
4829
11002
9393
39192
29244
40618
31088
16866
16918
38511
35888
26714
35757
17865
5387
33190
9444
12162
9026
22311
14690
21343
24960
1674
31407
3617
30636
14538
23379
4125
9117
5324
5917
40247
39786
32628
23199
32911
22981
442
7024
3370
12630
1863
9781
36797
34523
35819
39565
35916
22729
36656
9137
563
6064
16239
34855
20918
35672
24219
22572
1791
1693
19744
37465
9085
21430
9168
6976
29154
7615
6666
25282
37661
25641
5357
31400
37534
13960
20037
35454
3733
12842
19845
20394
36969
29674
12686
1771
3150
1702
28640
24202
39296
36528
15687
38996
22106
22068
21136
22009
19197
9302
31640
18867
37518
31610
9627
3998
40123
9703
11416
31553
35214
24258
6741
3399
33345
37360
8902
23267
2637
28943
8490
40097
18879
35541
16877
38548
3727
5128
35291
28729
30279
10469
24023
31963
11563
37982
31205
21641
35430
34288
38383
16862
640
39817
37685
193
32107
16813
13569
28875
1897
40851
15111
37436
8326
5841
35491
1004
21160
5916
32132
34867
12685
12266
20511
28743
25839
27707
29466
32658
22285
16941
31072
14366
28865
39761
28973
6094
29894
16915
1952
10208
7129
33160
35716
543
25846
7503
39539
20472
20131
27564
11219
28620
19655
39315
1274
12390
33957
27009
30461
17354
3795
26933
23727
3049
14781
19659
8253
12873
25365
27951
8222
25172
29055
10478
406
3014
5686
9458
27393
14641
34962
24695
37612
23381
19038
37310
17082
5679
28912
7389
27224
39431
30209
38263
38605
7856
7325
10197
28669
10735
16978
3503
1725
9881
15073
14563
31047
9182
36326
9550
36283
16770
10930
2430
5291
7395
36613
29088
14446
44
16331
26697
774
30069
28825
31983
22567
8227
3719
15113
18753
14459
38281
18733
34707
27835
24297
6696
38153
40151
13065
7818
18073
38792
33283
18312
37458
26997
27407
21016
38198
29183
19656
37579
28997
17689
29902
6960
13765
4091
21986
6124
17494
11280
32531
33628
33519
18133
38347
28896
7598
2485
14378
20040
17413
18461
18412
30006
8376
15015
3984
24456
13050
17267
31425
37540
23648
7383
13459
31283
32005
23999
35059
18544
9521
26481
13632
33782
29903
16077
15165
33774
21543
9639
36647
28166
15379
9429
2912
10106
37423
14351
31123
13064
36102
38206
18185
25896
38236
23919
16577
25858
1993
4561
22930
10885
37740
12669
13247
34682
38228
16784
17614
34964
30933
34040
38836
9054
32946
7305
20099
2974
38557
5639
16196
36220
704
32039
10360
15794
15639
7198
6291
2881
4641
20210
39187
38025
4446
29157
19992
13698
17977
18690
6233
32184
12163
36158
33829
12141
13145
21984
15467
12603
35038
16790
31992
32338
8038
2288
29986
24655
21442
4722
17655
509
7323
10741
12076
38510
11960
12483
6969
4460
37486
22765
29249
35868
8739
30282
5619
33305
36566
22165
40797
26420
15847
32781
34870
19697
11709
4687
18247
37412
15833
38322
19289
34552
26270
10358
29514
26202
27926
23663
9300
20012
16787
28549
21244
29486
943
23134
28211
10371
27081
33744
11149
5895
4162
39523
12849
9073
15764
10683
18278
433
38564
8226
21598
38267
3082
16949
21197
31611
40124
30403
8590
34079
18671
38165
31474
3969
33718
3417
16912
36373
26318
20442
34693
27282
18315
7908
24619
29469
35406
5073
13470
10608
12955
39280
30373
4773
39709
39372
3138
32203
30669
23467
39399
15239
13685
3889
9177
20318
11407
23125
17117
6944
7539
38625
25077
39213
26788
29871
39798
8045
6619
8953
30860
35556
17623
2237
24172
1591
32828
17231
28870
10786
31764
4733
24057
24236
30336
32623
8290
1313
20627
4925
4025
12690
7241
22456
27392
15607
10329
31573
1869
14135
18693
27584
11303
11022
5002
39018
14985
19944
607
34940
311
9499
11714
2820
20571
9704
29943
2991
26221
23208
13933
12618
39781
25960
30341
26951
20799
26816
25440
7592
18212
4539
15159
17506
10602
37483
23744
20902
38817
14966
13428
11053
23567
33726
18310
25933
32559
34813
23235
26211
38593
8832
11534
23063
11051
5275
35149
31696
23917
8370
8130
21219
36265
29207
31920
31802
34333
22163
13453
20643
39488
29623
3403
17813
298
12793
16383
6045
21041
12597
26353
13900
21937
23877
38796
39831
15961
1896
11913
25901
2615
19829
9805
20046
31839
21893
15777
22672
18581
16991
17478
3949
34414
26823
2584
33356
13527
3178
3118
38608
37330
35680
30114
34991
22865
25419
32938
2995
21074
6859
7035
9559
37924
35080
8965
27261
13365
11104
13152
17102
23729
35638
13126
34890
16646
16533
10320
4007
930
13677
13341
14294
7722
2767
7050
6889
12201
18030
31229
8354
1807
27368
3068
37538
26851
24083
21911
6914
32756
2786
38982
25720
34925
13908
15386
12579
1985
16215
10491
23656
29790
425
39978
30998
12300
9553
6870
25456
10904
38028
2185
4741
19169
16120
37841
38367
15179
4373
35721
35714
4273
24543
26264
37065
15960
28962
35176
20896
11543
36654
22250
11174
281
19594
26566
31435
13655
37253
21599
21623
9380
5032
39813
7567
33506
14643
36572
23298
16988
32324
17427
22576
32686
13136
1840
38893
26315
2528
36589
9869
32604
17758
3832
26290
7839
16631
11330
23127
18401
28093
33425
24378
25436
12813
33086
39600
34447
10991
31708
16033
16123
39443
27993
3319
19170
19730
28706
37237
26354
24972
9681
20299
37508
35683
9578
3276
8991
16268
24706
12566
7985
37485
7678
18470
38241
32183
12700
6321
8033
16805
83
33080
3844
39147
24919
8754
20885
29387
29897
6458
38161
34961
7471
24008
24506
21930
8808
16414
1629
8747
3059
36197
33916
27772
20126
23254
4583
7448
26910
5676
6049
11376
30862
22199
12619
22468
16263
24059
19460
9673
34626
14088
29316
12698
13891
34300
16705
15493
12528
35767
40212
15855
39081
14447
12262
19557
29809
34952
30010
1200
30293
1248
7838
217
290
22848
34891
31327
14976
11901
37162
27553
17053
27758
28090
33658
29995
20469
38601
17684
29781
14357
14515
4566
14585
25733
27183
38495
29223
20943
33192
7195
16054
10619
7447
8277
14082
11277
40400
28882
10748
11121
21703
20224
24210
25760
11781
10110
14936
15691
25652
25381
4111
29070
13081
39160
27569
28732
12038
30393
30423
28668
31613
31012
14101
21605
5659
14015
40264
6092
14558
4470
31622
7047
20463
27272
24725
10625
12722
15332
34250
9093
19824
21726
30224
18205
18579
11653
6402
21374
36443
3820
36430
25777
26434
33234
23503
316
20736
32769
11536
28138
12889
9713
21579
36075
16682
5814
21414
31330
18632
19968
35297
22871
24574
8602
17648
24855
23507
35801
7313
26782
30240
29099
39777
21499
31607
24448
9351
4842
2855
20258
34044
29162
2884
30828
8870
4519
12046
38101
10031
22604
10517
31739
27519
23682
16563
31659
19887
23688
35238
9778
5547
7523
14391
17098
20653
35597
35772
39622
38620
40216
17999
15147
32495
36971
19344
19081
17640
16923
26942
40375
22612
1173
26727
32216
11194
8783
31821
19135
2697
4703
18381
19900
5178
19550
9260
35875
29946
35402
24642
5116
16290
14417
24880
39091
1133
2372
14067
5819
13295
33470
835
6148
5701
2683
35063
28159
22780
33589
25351
20704
24446
1204
10955
11105
16688
28645
17854
26232
3644
32766
3783
37563
10133
2462
13288
39626
21224
31799
20483
17000
18237
4097
27988
19318
19839
11713
5993
34851
28807
30399
14633
7376
13028
40389
4390
14240
17779
19403
30047
34811
35201
17128
2511
22269
26556
35842
35583
34636
28908
29838
18841
26546
28818
31907
22038
4935
12348
30245
29743
11843
10870
35033
38410
34722
23304
5010
9705
24873
15518
9953
25655
14658
9316
14678
15898
8637
21524
17307
39209
10255
8707
17730
19397
6109
24205
30886
5113
36223
35691
18001
488
32578
25410
19668
24874
23850
23549
16166
36216
15158
33474
25754
33472
19273
27873
12252
38244
28760
38540
12760
24052
9083
7827
35598
39630
32309
31161
13325
26746
35292
8778
25520
33300
245
20755
13332
6649
1913
39911
17038
22134
36015
33721
18120
484
23278
26080
11936
11738
2155
24863
10168
32934
11887
17959
39005
39861
30628
23861
33940
23170
4424
25660
30907
20837
32426
36387
22742
2147
17874
2228
15516
24115
233
28212
37215
31985
7156
33941
19163
21871
21385
13605
20533
15599
8603
30927
319
15718
32542
40343
33331
9901
6403
34572
36511
21335
37833
29987
23756
40145
15449
22940
34662
24770
40824
13971
35016
26027
33177
16129
29905
37225
25167
6235
11934
24834
13196
4837
33027
39981
18199
25841
3243
16461
13160
21356
38736
21817
27532
40753
4933
33163
36206
26060
17694
17658
1803
39994
7882
40042
111
14900
20887
11991
14031
25468
16806
30691
18050
28771
4138
2919
21019
38948
6961
8697
20884
7638
39738
24924
39521
32472
40245
14367
27125
38006
34829
39116
17937
5304
5940
21448
8942
3713
26378
8458
13838
30681
23653
10587
7091
34753
26190
26439
20717
38084
13493
5003
21305
17243
36130
20638
32867
37021
35575
19750
26283
34895
14486
23026
9793
1762
31247
4052
26406
10109
34155
33806
12112
12496
28410
26254
8223
37106
38585
39580
23600
34740
11400
30695
14766
29402
11012
11127
17281
27329
12962
7854
1757
32571
25320
23587
30726
22614
37143
23324
40799
19838
251
34401
2716
30659
4357
8900
36256
18232
4218
35925
13128
25964
6575
17461
9053
14121
12290
23128
25393
19398
3336
36163
7131
8124
21018
40527
4044
25276
40438
14073
39067
11877
40672
17661
2252
5191
22413
10259
31674
24339
11651
32529
13442
12427
33262
8035
2500
8377
23273
10323
9084
13500
31673
24424
25916
28558
34138
18923
36590
5013
7945
14599
29977
8903
13907
1924
35713
37792
37821
34017
15260
30065
150
15372
7121
17820
33686
28431
21480
24980
26568
25875
20366
18210
33752
37013
7265
36596
26432
7071
25002
31832
13111
17674
17547
3796
37444
30456
33231
17988
8908
6987
4472
32100
38687
8594
38994
19109
33158
39300
18051
891
12384
9688
23645
40393
17952
18015
33325
18201
16231
8497
20582
23277
19209
21553
27752
29158
14232
31978
15016
26756
35731
27715
3016
20006
34106
16769
23337
23929
21225
27045
15713
29633
40781
5277
30986
2669
35473
16194
13193
10790
22967
9839
18629
5962
28923
28279
21210
30533
8269
3119
11844
4222
21861
25679
36254
9784
35830
29941
32288
4698
40392
5341
17762
8782
16503
7170
27587
24789
15679
36591
10010
11135
5866
10474
38162
38131
12486
8830
15474
35121
11141
7056
31490
1245
17330
24868
34347
4572
4888
31716
2110
24503
38488
18324
1825
34023
5020
19595
34639
3859
9151
38341
14604
20792
34586
10828
4145
10766
20361
37326
22856
35096
39045
310
13248
11421
155
27976
28465
15637
39986
14318
6848
28584
16944
432
38185
2356
30864
23255
17086
30705
7739
9338
12649
12295
34074
29152
38890
20122
37825
9544
28887
21682
38459
33112
18356
734
8224
40203
19374
5170
2069
9198
23899
232
24497
28550
8645
18878
14787
22419
13488
28836
16538
29881
3030
6901
11865
33090
35463
15763
5604
23495
35532
29806
38090
28753
3228
5468
27670
14659
17721
11689
2925
11670
18261
5662
33367
19158
5643
39101
19437
35089
3070
35546
13991
6428
2433
32040
38247
21850
34612
30112
21053
821
11337
38729
18169
15053
30838
36131
22678
37329
708
37662
17273
14223
16832
1432
23720
33076
20765
19388
37802
16147
7849
25197
33336
17013
37064
37556
5195
9014
20292
27798
24537
8023
15313
12624
30320
57
30556
21190
5946
21615
3537
8855
30254
7601
4779
8044
37343
17393
24624
39174
23457
16224
21264
5860
25030
30804
21722
9369
21608
8864
30688
1753
24764
6196
30994
16005
2715
36286
9115
4941
20358
21935
15781
1424
24862
27814
25484
9859
9263
39717
8528
2515
39992
11995
13987
24137
1941
18319
29742
24315
237
8913
25465
31645
21655
625
2768
1982
2454
29289
35361
15074
18025
9658
32360
7108
32063
11760
26086
4724
33803
17501
11030
36336
26032
3939
18653
14375
10515
17190
36236
5451
17554
22860
1388
20000
23283
22734
23136
7062
38959
29992
33854
40811
19313
16848
40308
20336
1129
16752
8499
9310
29094
2033
10621
26212
24600
21481
25360
3272
1497
32452
28063
32231
5704
10864
35020
2402
38744
12366
13948
24179
2547
20889
18615
20112
38943
8986
3101
2365
36386
9691
33378
3770
39501
39227
27699
25309
40012
25321
27785
13550
6831
33322
11954
22384
3459
9468
34123
40147
21492
13311
17034
6251
14724
9587
34006
16649
28158
18495
7416
17323
25199
35519
20888
10646
37906
1232
22760
17896
76
6395
31796
26764
23219
18286
29237
35250
16291
30973
22712
33856
32822
9769
8055
15725
34611
39570
13354
6241
37798
26702
12755
24382
15560
28937
32676
1053
20033
20319
21886
24047
28852
6932
40412
1229
25610
31994
20955
25056
14173
6783
12743
17349
35833
1732
24594
39933
13966
8415
3156
1892
1096
3314
13982
38368
25703
25238
28095
37808
17950
46
39975
31353
18820
2969
1587
12331
30216
2136
14028
20785
18149
25136
34318
36072
38282
37582
9363
9971
5000
16052
16817
16728
21835
22425
628
35784
12588
4841
28206
5622
30395
7022
39420
2739
25604
23016
22146
9651
27432
3804
40611
30960
3267
23755
27104
28202
6537
1185
3444
20104
17883
24142
25608
33787
1638
24610
32821
11152
30477
10237
38944
10030
35073
8512
33516
20673
29741
17468
6469
17443
15361
24760
28929
2569
7968
21860
28238
11084
36961
35230
17361
6274
6192
27906
39657
9326
26327
20944
33478
17268
13297
12074
3724
35161
15517
13719
8362
7731
36989
8382
23955
22645
4490
39100
36226
12504
37353
27482
38850
20197
19470
21557
13878
9315
20524
37644
8488
5425
19410
40330
22801
5881
20652
7475
15333
37763
38592
39321
30668
33217
16124
1603
23859
24185
17642
32377
14553
5179
35558
23231
30023
16891
5152
32577
24676
12934
31062
38873
12035
39244
24225
13526
5778
33729
15864
7159
33847
35460
10454
33509
24575
3555
36202
40406
32874
38293
8015
39268
10335
23550
20952
34337
12242
20451
39383
24333
4401
32779
32206
27963
39368
18722
11453
16956
8336
23574
27111
11893
5950
6104
17382
4617
23345
7703
30773
11357
3219
34684
19531
23565
32395
3423
20980
24902
14823
16605
6028
36345
12041
12604
10635
12387
22353
35468
33353
39838
27187
12021
20053
17863
5991
17656
3905
17321
9590
24885
26941
36973
24978
6237
9215
22888
34833
39531
33060
5471
4164
16744
40414
5349
36709
456
21789
39561
8762
38527
21818
22566
13338
38869
6847
40778
3392
24141
20141
11449
34672
6279
1714
26729
24773
37764
19104
17462
1542
2707
950
34844
4254
28160
36918
29304
13135
5960
7964
27778
21318
897
32329
37111
10689
3324
25019
9340
11477
10795
1337
40396
25213
33139
30912
22021
17928
35990
9918
18336
4043
13867
34420
17602
34706
6383
40062
9720
30514
38961
31412
30929
20386
15289
18644
9679
27292
30589
37304
28137
27861
12780
17727
28280
22336
18903
40090
6019
19607
6169
23935
12625
7663
10761
15906
21739
36252
29812
17670
4197
12768
35700
36729
27259
14669
7019
25202
28574
15464
10999
26393
4614
9598
38395
6655
5299
28702
30520
1716
18675
5332
10159
27884
12293
7176
14473
4055
16523
5479
7718
29081
34338
14531
38392
38882
40476
27168
35167
31049
27913
1423
31703
19604
31966
2721
28040
11630
21311
22578
25863
28889
16495
8000
32058
2676
32481
11897
11336
10369
22755
9921
8676
37037
29646
33117
30101
38783
4563
37693
4274
23178
35222
10069
25573
20900
22404
13734
26239
6920
25742
39966
2005
20992
11673
14098
26197
38988
6853
1573
38123
30405
31479
2314
5302
21123
7038
35593
16623
27942
31144
35277
11984
27438
6898
1361
14953
29419
25552
2984
21527
9993
36503
2312
12019
28246
17630
3831
5216
33949
35514
37514
28415
36146
8486
34931
35793
29544
9056
13004
15635
9530
15682
36471
2310
28532
4541
35798
11569
4144
14941
17965
3257
36898
38731
22990
29784
26029
40024
29138
7803
23775
14331
4672
19682
34564
26412
29312
36214
23354
36117
25366
17092
40100
12637
19051
34757
8256
24237
17548
34255
10427
11524
29733
31195
19543
11684
3964
17298
36153
38148
35749
8549
26165
26909
3567
1955
25133
2730
29192
40249
5600
7717
31492
11447
14952
23263
39416
36118
30223
32718
20329
16396
3187
36305
36806
6100
33102
2171
22548
3604
12741
34476
28723
8629
24442
27147
19180
21910
39302
22992
26902
29479
34954
31669
23036
30129
24989
40004
30303
9871
32244
2027
11306
16802
26944
7624
11691
28413
37979
29578
11264
17227
15241
28659
19148
2309
35443
10773
23904
29234
19657
22735
35311
23638
8719
28764
26259
29498
33415
9548
13999
37005
6264
18269
34947
8813
26208
28059
25727
18813
823
30728
8831
37734
23575
17259
22722
38190
30532
13954
16059
23406
14888
9347
11951
36106
35609
11636
38713
30906
709
31159
14694
10774
12699
7083
23347
12309
40562
25921
12320
23086
32378
13274
14751
19687
17991
21407
5485
6525
2060
7338
37260
25001
5576
32969
19743
34762
25149
38261
5913
27003
20564
18516
32097
18160
35492
11434
4639
16019
28458
40297
28269
21643
8597
22893
7645
5336
26319
26368
34598
921
31726
23654
24090
1872
25368
18921
22389
33742
2654
10402
38526
36461
13895
38092
7242
7350
39423
38542
26119
15124
3416
6203
34818
13968
34388
27263
2337
25402
2631
9890
7332
35959
34315
18564
17316
24649
32018
6807
17595
39497
26352
8904
24149
31022
4290
678
9493
21667
7060
5501
19666
9330
33130
909
8475
19074
15869
10836
27801
28848
32816
9725
13382
16298
14752
24444
5080
37619
366
36353
13831
26888
13639
29573
16128
3145
39114
14161
28218
13749
3193
33926
15351
20397
26520
35792
38327
31145
28996
7894
9494
3883
24717
34621
28333
31023
39849
31889
22911
3664
3440
6062
37428
39325
10035
23986
29177
981
85
15335
37665
28247
24390
22943
23914
33056
23541
17425
818
10503
11726
9221
19519
33843
12235
2243
13625
1604
2424
28581
6445
27761
25255
15929
16448
39409
27018
14856
1944
39643
23212
22191
30467
27058
20710
38819
19593
37407
24566
35508
741
17757
23540
21802
23949
39930
5796
35656
11197
37232
29097
40633
10949
29567
28998
32961
33816
19997
33550
15255
7570
17624
8989
3169
12445
19329
2057
6856
6316
2815
18812
39314
24384
17356
40019
30904
28738
29524
12176
7480
23531
11009
27651
37782
2460
10913
17707
15985
29656
36380
34384
3536
22364
29299
39826
18364
20968
7402
24227
26299
32665
18136
7432
34857
14175
1410
13599
35272
19187
21070
4496
30436
29092
7001
27297
5135
20465
7698
28361
30865
66
30426
26443
35892
19017
846
28891
11704
13055
16398
19646
24841
30059
37974
34936
27534
30398
32033
13042
25823
39439
16653
7435
23566
32745
9108
31031
33156
31111
5490
28569
26876
28892
18874
10770
15807
40346
25587
24021
24953
15817
16349
39780
18783
5078
40575
28847
24151
26235
6693
24310
4708
1344
37243
6106
35061
36762
14702
35852
14905
22934
32974
15647
2398
13239
1298
27491
28281
17828
15487
15677
7096
16300
28977
9400
30136
28709
31583
36040
33028
2789
11154
15792
19230
5441
26559
22155
9153
35102
35433
2951
8784
8262
23035
28812
31594
15070
30893
36993
1939
18366
23584
11182
11476
6296
39576
30054
38970
1082
14024
38057
37995
2222
20748
25554
14527
7231
10535
22374
26793
10465
28488
30038
4275
1174
3462
32979
4927
15441
39878
10669
24864
12643
26613
35869
21453
11129
34924
23024
10146
2040
27821
21607
8901
40398
9230
35371
25860
11039
17103
39876
10672
39598
5828
25961
26523
28358
2378
37850
33954
22682
38934
32217
1059
15223
29803
21065
25517
28111
14364
561
37957
11422
26890
29912
20392
9874
40063
14246
21909
32319
9332
28454
35641
16395
26245
16256
17310
26804
37617
11026
26344
25522
39263
20857
23695
17858
5873
4437
34047
20781
5211
5876
30945
19544
17180
5844
23042
1260
35707
1443
11986
24527
34686
22002
10412
11341
20789
15512
35780
20203
3755
7609
23603
40461
28866
23186
1072
22396
10387
15990
6123
7289
5465
12764
6510
14341
30458
13406
21067
16888
4294
14091
8004
12997
19337
17203
39932
16785
26744
20080
34958
27648
5746
1652
38197
18445
38063
6016
26843
39725
34461
14322
22110
30919
13177
28609
31545
345
18464
39214
16284
33132
4020
38453
17286
10460
39491
3822
23814
15857
16425
25385
13787
30321
18816
40131
317
13732
16025
23707
10801
33382
31408
3906
2302
14510
34554
14072
8547
40465
13449
36979
15234
15232
40627
975
28096
23616
27784
18384
21778
31552
13543
9614
35497
15152
4419
15632
8065
18658
17542
39756
9572
9828
10277
38457
1798
7917
9923
9183
8264
35461
16656
16632
37398
38805
34471
36555
6762
8836
36162
20809
34945
34217
18552
9676
14285
39819
30259
9253
10739
15352
20437
23967
2207
25530
31182
1030
33700
40468
38145
36649
22941
7746
39346
19137
19778
39510
14911
25045
3291
12479
14721
9392
2079
38657
3368
19345
1873
36340
29697
33894
31510
22185
29349
370
33107
2671
39676
38607
38126
26222
11466
28817
29394
3195
18373
22175
15619
3289
3297
38002
1178
10252
24614
3485
29563
15003
6546
353
34627
5404
8915
39004
13101
12921
27031
35313
36766
18504
19953
18650
31069
32931
25944
37783
3609
27581
629
29357
7476
17484
9387
8968
27097
16338
15575
20049
24651
11969
35375
7339
13512
7982
14191
6862
36970
12572
25707
40736
36636
20152
14673
38508
18767
28954
10746
24550
17358
27420
16277
40317
40731
20878
26905
7036
39070
35259
37311
21777
16812
27055
36368
9511
2879
6754
12473
39167
9512
22027
16085
18080
20671
27704
23272
38629
28018
40641
28950
36333
36515
18510
23103
19236
20713
26577
18029
9101
10626
33379
13763
28222
37897
37034
40018
26639
3260
39969
18333
5721
25486
28153
38342
2205
1536
25303
14798
33101
15150
7693
35987
16676
22754
27294
28404
36006
15789
28076
24459
27770
37011
24672
23978
33986
31057
1253
8588
40011
31036
2986
9075
38187
40673
15395
11374
37801
9745
33821
35196
16881
6088
1494
21148
9714
2757
16458
12485
25150
12729
10962
24003
4791
13694
9496
16245
28335
10923
20669
14030
29059
28758
40337
6398
33424
20335
12095
37014
25325
20663
36739
27354
10492
15562
17409
1479
39896
35961
18901
5782
13109
14749
20572
37183
31977
31711
34923
977
12744
9237
14226
7017
37150
35079
21855
14560
20172
16759
39287
35030
13962
40728
37683
6039
16543
24305
27676
28475
16065
39153
27780
10246
15878
10256
25243
19647
10548
25728
16610
27110
15191
22809
894
32963
17327
6003
36009
22515
35382
14305
34758
26878
11720
19093
22187
17851
35571
15550
26004
8229
18558
30508
36860
535
25877
27617
31788
4236
37030
4821
18239
3653
30314
20505
31266
15195
39755
14683
30271
16754
15043
30111
30632
18430
6592
3819
31373
22497
37939
35877
4219
25507
19118
36764
37504
38584
6404
23169
5204
14943
39021
20154
28878
2923
9154
3685
13807
31390
24005
34512
14398
16750
11048
9158
38441
26041
39256
25691
15273
27697
26986
7779
18377
15927
13133
5273
39888
11926
18908
18743
13853
36357
9164
8086
30077
35572
39181
9948
8043
5897
10218
22313
20208
1555
15657
17257
14763
1739
26687
3855
