21167
11137
18339
46857
86228
9230
62432
53428
73815
50955
82723
79919
23512
24142
17970
81258
89845
51163
11351
15750
73737
6995
88699
17845
41641
30522
78846
16241
57196
85373
4580
42040
6201
93210
97098
19656
65390
52122
4948
15419
78003
47498
68160
15759
75285
37787
13920
78788
34253
22756
29125
88901
89624
22256
48109
78956
26527
20301
39902
83890
76479
77790
19793
37306
13142
33590
47377
18726
61163
39044
37294
83577
40922
72734
71546
71111
93367
27735
96769
71639
63598
8462
54383
88985
45621
11564
95058
41656
68302
65441
93945
9985
25801
55307
8877
15850
24659
87887
95051
15765
28902
76577
58224
45027
30175
77238
17565
29771
41490
28351
51035
94503
54525
16059
11933
70592
24919
90546
66393
17593
90793
47773
7153
57576
42567
89825
44651
94624
44512
81947
78442
2333
80431
31802
78213
36135
59115
17543
92036
24136
81547
8718
8451
91145
35179
62137
73931
39306
14863
75855
40239
95663
7677
53759
93957
40647
4064
51044
74609
7338
86362
35886
36513
8119
10929
87909
22714
21674
52511
7476
78581
75732
66088
96848
51358
44448
19485
87907
1619
63735
36368
48165
12638
48928
36475
44694
15742
59825
13510
40707
52280
83436
32358
37191
45461
60768
72227
3164
2325
37147
37358
7841
72643
6416
24995
82431
24159
6424
67567
10705
91450
30048
29111
61210
85803
70391
11573
5459
22057
35905
49483
54847
90512
8975
18277
50226
18619
53888
48972
33579
65050
2789
53694
33598
80844
64174
18487
48537
50608
71947
21457
20520
92246
30268
30253
77833
17014
83580
28519
16213
904
31008
48855
53689
89562
36794
93825
95659
98271
70009
46158
63518
63339
30769
45988
71474
19693
88633
9485
65865
77663
44577
51849
81681
59956
90004
68980
94637
7314
4050
88138
49831
5467
36493
65622
5167
58073
90370
25988
56618
33001
31448
26650
18605
91928
94538
28223
91884
41517
94607
17934
86425
54886
86909
47367
34244
56471
97139
24679
74675
55066
27749
5539
27811
17409
35758
17294
66503
6970
80341
48639
6491
27831
97469
19508
39301
4975
92119
24240
30238
60760
5249
31668
13035
40939
24260
28601
45299
94114
74299
8981
28342
29452
48873
84492
24703
98113
83977
66314
31015
74041
97225
95856
82978
50220
63669
49075
39641
82528
64818
912
92101
12212
1872
49134
9381
41417
59839
97258
17655
56485
92665
8795
46275
95081
69895
81219
90204
45836
15666
76269
22906
90452
16158
95713
68203
82588
17932
35695
77870
47926
71840
98216
37257
79139
40157
60105
13797
15769
22170
27314
45233
36982
32223
94269
36015
25908
9773
86643
35681
21604
67727
3648
91634
36370
36774
82503
90375
41989
15570
56964
69105
57707
85672
1886
74987
49225
67595
51416
64616
65705
44979
70058
13898
37051
69608
84632
47234
41612
67943
7922
46539
60464
81179
66210
51800
64208
56832
37223
33774
73768
39521
19734
50287
33235
19558
30891
49995
79668
85946
72941
88153
64765
187
81536
41921
97229
77462
69535
88999
37991
78789
58655
70265
22488
83733
37776
3670
315
68380
53631
14494
70919
94543
70734
65228
43405
6286
24277
76549
38113
25845
47213
13798
30173
47287
19260
1252
75317
76596
44494
59333
28186
36781
17276
68112
89653
1075
27733
65783
96150
88030
72449
50799
61768
53584
44125
7012
80467
60073
2242
15503
1967
36325
26105
5107
53606
92658
96797
49487
5844
51436
1022
94081
38584
32830
79505
13118
15332
2559
59196
2404
89054
28655
37942
89124
64483
80875
74683
26345
92820
35160
15068
6693
58964
56264
8538
21020
70549
22681
11639
78048
28090
53403
37049
53357
915
59636
24673
7082
73161
16753
13646
38548
56845
1114
95901
82459
47620
75082
81930
28447
57500
50981
2863
57030
85044
97206
49326
87922
90325
40754
71944
86881
3416
20875
56839
42084
60125
82274
5529
59446
87837
45148
53025
48435
66485
49624
73988
73481
51655
93192
66377
44592
80381
44565
87701
62510
40725
95450
23754
38058
46217
67486
28395
52397
27667
6073
31994
69681
35837
36006
63648
92891
18272
48865
26187
27515
43612
71075
73864
62
84053
82689
91090
24432
28381
87668
94476
7836
85185
57190
53985
91768
86091
20392
17451
94689
27957
72541
15348
25885
93493
83494
68835
5959
15664
62863
16237
59419
28093
67743
51110
81867
30538
47881
34847
76560
46753
86281
74804
46061
24097
73907
73167
37651
31009
79562
77825
71336
17775
72235
28536
84214
58899
66324
9403
59164
55529
80251
29029
14969
24393
89098
77299
28954
26621
91855
27396
244
4654
83749
85514
65746
15938
91637
42256
9526
78747
46334
54247
8136
47460
24238
64959
13431
49788
86150
7120
83244
13229
86070
44405
25699
86138
29488
58240
51614
4491
55110
91512
171
17819
60322
87136
80350
79114
63910
5611
90668
48051
76327
39640
68008
30025
57720
56394
19030
77843
34364
54843
95019
86699
11467
96419
1038
84630
13211
11937
23569
50101
41196
90484
75853
7004
20138
89930
80295
65118
26526
28414
55161
71967
97483
6497
22349
95296
73408
78141
50891
51233
18552
60540
9455
52919
12572
73318
80234
32908
86548
53600
33306
5610
88578
79160
15728
59588
3652
6492
8575
35116
15876
80892
65239
94158
10656
71753
26318
18819
59736
10369
86823
77024
28083
70994
21462
44778
9885
44384
59573
20235
6540
93855
58016
58381
50356
60385
346
60543
13030
71867
96964
83599
32968
39737
48369
56025
57317
33675
16168
81081
14084
65394
32859
8132
23815
73810
2784
26012
51955
37617
69352
64144
59011
61086
852
84739
9781
73971
14946
12089
38621
89388
46525
66338
7954
58986
87142
95951
70334
97975
61584
59547
817
54032
59450
50922
14624
74151
91121
47735
44215
69700
61405
36769
83585
35388
14552
21122
47665
2480
9579
86103
53061
78841
32928
20981
97720
72133
529
57067
85237
31920
60328
86137
40912
50689
46763
93437
75263
69949
81321
78693
22007
93517
60984
77770
41798
69464
64555
88984
13025
22221
9604
32041
12120
66059
75643
10124
4207
80336
43099
39781
40882
30398
86967
38398
70883
87254
31451
49993
29749
7292
94116
46137
65458
92144
28000
70160
20152
63137
23892
87485
46595
12227
66139
70800
67199
51518
88642
6582
19273
93027
84733
83687
11908
51269
24333
68175
92203
66268
97916
31640
61559
80021
84700
66465
15768
53028
70584
23672
95486
91864
17361
51220
4673
44122
22363
76360
7195
1991
69004
75117
57879
46527
36923
56081
43689
23237
20095
52836
68067
26927
53333
78910
51315
44622
70099
88895
26240
79417
49681
59870
13031
16580
11737
40488
19187
29166
68677
84626
77168
9751
95515
509
1446
21346
74137
93263
73530
98169
18121
49697
31353
6239
91895
86084
42814
56571
96579
56482
75628
38264
29291
24022
68172
84213
82501
64072
24976
30107
86236
55996
73120
33067
89151
86122
46658
73169
72650
12793
13385
95413
44587
27694
92864
11240
56061
46121
23409
88084
53566
40246
92026
76670
16949
20023
94125
36053
86860
39628
42844
10710
91091
42402
40422
93159
72418
79877
11930
59263
57811
33838
10505
40901
11419
6882
61826
47877
27764
69005
40395
22435
17737
50159
76002
72702
92200
2772
59269
86270
94118
41527
15820
33722
41028
44641
57054
32988
95809
19610
86797
92974
12171
90127
31470
75310
14078
18004
30160
10227
77017
90181
24225
17774
77050
93576
20193
7722
86063
71414
46362
24983
31056
63332
65843
21059
12662
87261
78457
46979
87931
36870
19515
13696
7902
52099
87240
27196
44640
58853
83425
7900
85769
95580
56774
81123
21100
90596
53776
87425
36057
70815
51703
73155
51646
37971
36820
89793
46983
53586
61137
67596
88042
65331
14539
43590
92821
13785
78509
96674
90197
86335
32054
2547
18371
18995
28908
21994
907
89096
43172
54913
88451
53994
21299
44521
59230
7361
58771
22393
89162
33031
87835
6398
24317
38147
11633
71797
17358
44670
79476
64232
90091
73908
54079
26626
77780
85891
4827
24595
48701
24612
1489
35027
21786
56882
72212
19460
52643
89772
22322
45845
39757
6836
57684
2080
81320
32811
4932
17639
70567
9653
87908
46124
24061
2947
47743
88996
83145
970
97901
6070
41645
35912
17103
94741
85259
12571
81061
54791
85911
33485
85897
6645
36915
59080
82977
30216
6346
43331
33524
13706
81240
72230
1764
78879
8883
21008
55442
12590
95848
43512
7437
94328
43211
85388
33629
9912
34279
16572
52120
86306
95062
69049
96772
47661
67023
65738
81541
58861
66876
28897
64178
78327
65940
59508
36832
62886
69817
49938
42410
45219
95412
38423
94348
51874
64843
92993
62772
32237
87012
50712
33765
67606
36301
27184
79032
53619
69736
27959
722
32546
47271
7276
24544
82679
50070
88465
25717
68037
82849
7523
38132
63422
44888
95250
60199
2431
21390
74918
71197
95290
38158
36549
60856
50426
74208
28145
39307
83004
29757
950
17443
57048
72422
75314
63691
9858
866
67290
68663
75854
30662
47493
44009
83309
11752
26400
45782
29628
20665
52049
41742
32667
27175
45537
44254
17721
76702
37020
40585
81803
45540
42002
83582
15611
35003
98159
46708
42760
22569
59155
64106
2411
14202
78351
22369
11260
49058
73055
13013
20260
33123
70553
4563
74089
27424
83146
65215
5265
24181
48871
44203
13870
48352
14222
76985
3213
61072
72111
85214
19906
55850
42258
5719
68208
33980
91065
12956
73388
15562
25333
76377
79150
24668
25891
24214
55641
7873
21350
3644
27177
29213
65574
88020
93531
38081
13039
21622
6354
10642
63501
31944
16232
15333
12883
67626
49631
41923
96053
23229
33973
95057
39791
71293
88948
66143
47230
43548
52800
94822
2669
50440
30911
16120
21508
58181
18175
86076
44008
30372
17659
57074
62080
37852
21705
72068
54718
30140
2600
30740
62023
33738
68764
67
67927
22438
19411
18711
82063
482
7533
71172
59493
68346
41911
1492
72367
22470
20382
86068
43973
78198
97939
82731
13837
67892
85756
53580
4651
63542
75640
18343
21231
17283
19152
60665
68678
86590
21270
17624
5248
70246
9136
12030
23858
24561
61710
98005
27793
76282
54
90970
87522
57040
17174
79631
21324
48976
74220
86762
72595
73429
58205
41969
45950
81785
5903
46391
63990
90874
73527
73398
22262
25363
8489
73763
42823
65379
27440
14427
24064
18989
32866
88489
82263
38321
50766
13324
19050
79410
92440
13191
75398
19893
33685
3900
65654
21583
30950
70033
6474
27662
34997
79852
61143
8593
21856
21036
22449
83358
21790
93177
53723
12627
33976
52028
48728
80218
31019
62055
96448
36668
53433
22081
8021
9989
55973
6310
81518
16653
12087
41493
26829
88231
14785
43890
78959
89719
38668
26376
61933
85277
80990
14608
47112
66790
15504
93669
24747
11384
49252
17072
86131
2482
26763
3740
25328
94039
80771
15225
47211
7132
93338
34451
2728
13939
60966
30888
28236
63145
53365
58421
31866
73600
62986
28350
93583
46911
23370
8728
81968
6651
15303
43736
6980
38362
82007
86919
83979
38313
758
54042
68413
44636
3117
2748
24103
23558
69037
56318
47273
36565
28709
4847
68684
45373
19647
45843
71962
53714
13985
39889
43509
78571
87013
39508
52585
45631
15197
51043
26030
21858
53396
24881
80681
55919
73345
72191
59268
71078
51608
64524
48367
17379
45792
1409
20602
52111
83055
1737
94157
98296
46044
15278
41632
10486
63489
68701
10662
88517
73655
46328
63976
15001
75670
32460
10295
33634
62181
7801
13415
95216
41746
50107
47515
6223
30227
61001
41020
65170
22533
15204
91273
68082
45191
22133
91419
2358
51013
88737
16009
14948
26102
22350
24249
85753
69302
81111
28089
16871
74766
82199
55082
54764
30285
14536
85366
33850
17946
36809
62908
93658
61148
35297
3742
33884
61005
85610
85959
86558
75264
86486
21361
410
77413
10837
93458
22718
78315
22597
20658
3990
58267
38003
97018
43297
16927
45519
52406
3608
84206
65567
88257
21937
87822
88865
6626
12538
30806
48562
45089
20667
86556
4026
64601
43084
62369
20218
18636
53829
25146
37977
8108
7129
46271
68675
33056
96415
43416
3456
51708
63112
65490
97197
52987
6756
71298
14090
53149
93705
29638
83008
65353
45113
42469
41991
88887
15589
80367
59455
60298
12652
58252
86511
23530
87133
1841
38411
6250
33267
11942
25764
22703
3322
27577
12418
16818
29718
96637
39575
1790
9085
80492
63650
27851
28068
34493
16013
21283
78913
46208
52660
67156
80160
48645
55255
57016
60342
21903
95410
52228
89776
22173
16197
54601
9446
62819
1987
39650
42022
84363
18658
75016
49814
5125
48970
94245
60060
13277
67917
52812
80513
89487
64926
54245
53040
6526
72598
48891
69653
8180
70272
52808
61746
23354
41869
7365
6598
62380
76662
67826
17106
72226
89531
89175
83603
53355
11266
3760
52297
14295
48332
49266
87919
39233
97736
55104
9241
59358
15273
82596
26710
4388
10215
76025
67193
63656
76277
28767
83447
2527
76177
97707
32605
73076
94402
87463
95180
79254
9453
89561
66941
61524
47422
5354
66112
22702
50910
16741
95228
90076
44663
65244
11620
77500
87490
31232
94629
60245
81430
43106
18796
57139
9632
47613
32103
79570
33314
24141
53804
62246
2023
15569
31195
24994
80548
16345
31806
93750
51621
26005
52991
93233
31005
47959
96122
78989
4951
50438
5737
41157
54151
78086
49063
5053
48463
81616
84174
11647
91589
7838
68886
89315
18096
90605
20039
88836
38667
27940
91426
48515
88062
30986
83567
98128
12772
82619
97593
44108
86962
96412
23276
43484
62225
14226
57819
81569
19552
32151
86865
25998
87296
36829
45625
50037
29241
53444
86186
8761
53981
27425
17234
33489
86619
88741
84521
2952
34397
29184
22027
61957
16992
93136
46424
41538
52106
88418
97109
14886
61817
90549
3238
77842
41570
19633
56335
28882
47450
88107
5214
94205
40749
23936
89025
27661
36124
3174
16821
38305
58882
52762
859
64281
52113
92135
55017
35174
2071
96547
26009
15459
21624
4297
12595
46981
2426
17892
61011
94914
5951
97749
27715
27315
65633
54702
82354
57203
37421
45093
43899
71080
75262
96954
77035
95304
94120
27320
48974
68444
26407
74800
23203
25536
82000
85161
3098
29040
63058
58283
72255
16774
84943
52315
55646
9326
28046
26506
91924
5494
78451
54585
53735
93538
27775
31401
89844
41494
67670
3245
64876
68696
51785
899
19201
12722
65957
32482
4073
10002
9133
67809
81892
17610
23959
61226
79986
15349
2904
9642
15005
49990
3609
22957
47655
17988
7370
91107
54829
20821
17829
74162
2131
47170
47192
73088
74076
3111
48329
26247
44452
76047
47820
57606
43592
87434
62305
81529
36839
38784
86441
75072
5481
11008
41389
80802
92325
6513
174
45754
36506
21795
87062
51500
50121
49698
37645
19815
69647
11657
26074
73171
24251
63314
61943
5641
28430
93404
53828
85511
62480
67527
3890
6550
94413
90065
83245
83097
36978
33637
92973
90455
29199
60656
62129
21213
58956
68055
30896
55675
23979
48660
71743
79098
68282
67889
88747
72920
60150
38783
7923
48540
45723
23954
32213
16776
38958
16556
86295
55635
3709
7290
74713
87183
20180
49761
81777
10534
66904
928
11501
34394
56459
70896
85734
66342
43018
10772
78137
33044
21446
45580
45710
57235
78851
948
49059
35002
70750
67521
9094
87877
44156
11369
70892
75695
92670
82573
91556
18625
63926
58429
37654
56397
16389
69371
73573
50450
90691
58235
84073
62620
66934
494
28057
27626
77797
59950
58384
23480
52321
48324
91774
91678
7745
59423
47560
30442
9487
12870
63659
29390
38159
49522
76747
89923
18974
29285
98258
38672
91402
39100
23311
63776
47730
81683
77883
6480
24305
8283
55687
65518
74356
71100
58398
81734
58390
19202
49740
31393
47486
81416
68756
72546
66924
52493
43898
34927
27918
80742
15163
54389
19868
59715
51160
2892
61548
60355
534
80284
73343
76370
68636
6640
16538
81807
92852
2836
49702
90924
46108
12267
23664
32294
20081
8172
11799
37288
62998
12034
13915
18628
21479
93987
93542
84147
32146
35034
12045
17722
48495
43319
95645
61277
37414
30879
85664
80319
48963
72157
15186
82727
18537
85
25574
92163
84221
25661
4999
80188
35804
97440
41468
35163
87912
91722
88963
44485
70117
91192
88129
30954
2793
21396
75791
15824
46699
25597
8772
75625
16929
66351
57711
30386
79144
18126
8423
38998
79906
96042
24604
18479
72317
40398
34687
84687
68763
50883
55931
63779
52813
38379
63286
34616
22998
36213
68866
95883
22767
92761
58053
19283
79300
14320
23819
27458
47573
45035
11513
38498
15643
90971
4743
48918
81203
37697
9214
74607
87441
74831
73757
19126
20822
15033
5349
20680
78836
89775
53062
58278
29891
9882
12001
64478
24030
9400
96866
81998
36356
73555
38418
50833
76688
85634
39856
96849
9066
48016
20269
36784
23278
97558
84337
56894
94599
44398
41659
85076
82541
20782
28805
35552
5878
38560
59499
24829
453
41397
79966
58869
91378
28580
28320
66382
79278
87333
49820
71702
79251
78352
81886
69481
65530
17601
68345
14809
40917
26246
47326
33094
73137
94203
36625
91435
30567
22673
57226
36863
76743
43675
7813
80718
65845
36812
85921
37610
2199
78539
46234
77160
64201
97935
9831
31082
35780
44
33394
55400
81021
85350
30800
1226
61944
67833
44644
87979
76572
79243
53265
21942
51245
77214
65433
16858
89688
94474
73441
43371
61770
35109
3924
10046
78975
28099
74268
84563
28028
90606
90025
19024
79089
43268
40796
73586
19867
91274
69654
96048
57073
58281
61365
75941
65509
79955
22201
44152
12032
82329
1495
76340
93577
83103
78598
53132
92577
54228
8730
54454
59078
42114
6946
53506
89959
29569
58898
78635
55366
28116
7198
43708
78341
61641
67622
75463
11481
3943
43700
95508
13550
76749
81346
13048
21038
714
54790
84864
94450
81686
20373
38301
96112
32799
65772
77562
90799
67757
10303
57352
75954
5724
6455
2301
49101
40631
40850
26515
77837
8131
71443
82735
96400
8101
21391
1125
38354
52905
34352
37747
11324
80229
80585
3816
68832
71738
69323
41887
74531
22680
75180
31727
73957
70088
88538
80659
14341
16853
35700
14691
21469
90149
92508
27816
15458
90364
43081
307
2157
53376
7334
62703
41585
50809
35332
4036
81766
48508
78794
15776
27759
17489
61702
42647
19174
75529
3748
15753
27845
93840
65774
26106
86927
51908
87118
48148
55292
21123
43986
25475
80491
61056
98191
30018
88497
46759
55355
34468
42294
65801
14949
22228
23101
76508
12859
28048
43840
28043
35594
39557
5194
24026
82915
84403
45032
86257
570
15026
80640
23220
8376
52307
32914
29732
51656
85927
44593
73357
90671
55219
15474
65196
48801
29770
64308
28309
63702
17748
56209
45201
61948
6167
81950
8676
69554
21186
6697
49660
40966
60785
27872
38907
92806
80081
42738
31289
16341
6324
95044
97731
73452
86090
24143
5485
8308
36613
60800
70958
86542
45856
846
33548
88207
89201
8903
61193
60370
47418
42199
82327
7647
43252
89446
69800
85738
1454
11297
51627
34623
71138
74330
19404
20281
85539
97699
25560
15868
39357
28625
17170
4016
21095
57081
15248
46188
35438
11485
84442
34212
70776
92396
16775
40011
26429
16071
60250
58564
78088
22037
31461
70847
34333
93928
36264
83038
8474
33026
21515
50699
48758
3197
2129
58654
44036
53978
41736
41562
53139
91431
8710
91677
10044
54779
2065
61514
83468
94701
56411
28813
1581
9999
71431
44333
66233
32422
77712
5550
24464
78990
34640
62003
27411
71586
18829
18452
10577
15368
71165
6564
46451
21826
43920
1894
20866
68642
39734
86537
87268
31290
76154
75849
94272
44150
38335
62009
68229
49918
88508
5307
1514
47546
50967
50298
68340
53455
50512
42273
37576
12013
994
56434
41501
3004
66771
57277
65747
89627
2500
57031
80748
96230
13168
42571
89196
63536
69164
78617
6804
34429
42190
23260
369
12081
65053
74598
59586
52107
69229
88785
34724
304
17993
55835
44393
60987
48037
62965
40558
1290
54545
75484
38153
7497
93193
8713
38814
73354
44766
13231
76908
35565
45436
64628
45588
4524
52970
98003
29018
88265
95017
38825
75676
48162
67823
41443
72197
78507
74776
25413
532
84027
47001
33731
2603
60897
66311
13666
69779
78772
15658
54421
698
25534
86034
74542
65424
45949
6723
89833
89265
58066
26973
59987
80507
49901
41146
20452
92989
95324
86550
92076
11968
89804
10835
10142
648
11973
80036
40432
52903
20764
61244
18270
63555
50092
69664
58993
81987
31752
25272
13016
31410
90095
56158
68046
29797
86939
96373
84181
74314
73956
35564
20935
88282
76125
37043
6810
19449
52619
74325
44864
68501
63227
30343
62582
91454
33433
72002
20136
31463
49011
4898
93560
54689
91948
53977
54969
21658
37213
57835
67910
64183
50684
18481
41705
64442
56926
11882
61076
71179
26816
89144
2151
43245
63268
65148
19222
57229
95437
62530
15107
17408
63508
5360
30251
86729
29702
63401
47628
82749
41131
4592
10651
9765
57118
2438
6704
15364
75842
13084
73350
24562
79317
49725
57532
69732
53795
30261
4158
13290
9756
64217
72526
91357
28934
25368
29301
86551
92014
14602
73138
30934
83273
41270
26122
38983
8928
1341
8253
87101
59241
4131
84725
22833
47152
29931
75391
29636
35686
51683
92565
15831
68817
66318
92653
4588
86891
80407
46194
18608
74860
83632
60258
77153
91897
34990
67977
16803
31601
1660
18293
16159
36214
27754
66428
45755
46428
20576
92025
87633
68185
42464
36364
16942
12569
84501
21206
41621
68013
75929
9437
41762
36830
91110
94343
54544
81827
110
10828
18044
74898
38994
60523
98175
62366
41572
29961
52925
83905
16350
58490
95512
56931
78114
75305
82972
5525
83367
55788
48746
88160
18456
15925
33404
63158
14974
50560
58219
67578
4879
28275
79848
18421
84031
36671
26167
75450
83654
37022
10734
24036
52719
84628
12129
12299
73359
80248
35532
86346
34149
40207
18805
75589
49623
49374
66353
42733
93850
81925
56592
25512
58057
9388
65591
27687
43765
32243
72257
92048
12678
69764
70005
93130
56000
64596
83420
36726
39626
45283
29679
49807
14310
26017
66392
28450
7693
62445
61678
65204
48878
61212
89781
79207
4421
85156
71378
82051
63439
79067
33017
22994
92520
79521
59735
24273
59048
84710
51350
25479
96744
17115
2964
9234
62671
70140
30292
43838
49047
77417
46458
57089
92111
94382
70396
89204
50979
41223
47148
20852
63671
71153
19959
67771
26513
53435
974
5118
89448
40858
802
71421
61040
97837
76008
72744
22567
93370
25507
45627
55775
64406
45060
63449
37181
86217
7796
62923
89979
21528
81449
27692
18289
60880
51173
26445
12265
53700
3019
49298
6019
86971
15363
35637
9159
71682
47865
73695
13150
27401
53082
71926
28859
88682
60612
21011
17423
71874
88719
94826
26343
70619
43609
41217
53392
46365
55803
47882
97195
48451
45173
14722
9337
77101
97721
41159
86856
34693
78192
22858
67755
15973
30941
80950
64462
39887
90814
33444
94077
33271
37249
54995
31462
45174
66029
52314
15154
19902
12152
74364
68582
94848
75810
39429
30485
7467
70532
16505
27640
76824
64032
72868
70310
22219
80494
73239
95949
2701
46445
21115
9042
23884
39907
68880
64096
15575
3500
20904
13997
7383
20174
43530
26042
53809
62997
22354
86112
25097
88777
17441
32924
75228
71331
43407
4290
76111
83613
67871
18118
11319
90288
95114
43050
83274
55515
34625
81468
51668
93052
66953
50318
88422
34815
54881
11967
19497
15265
92727
56992
53238
95859
56591
14330
154
76891
61566
32525
35873
20833
8856
13873
76588
49913
18447
62628
89400
59131
10361
4686
15020
27670
67899
43309
90849
81317
11114
56741
42198
18849
52236
13294
63871
45972
96463
59222
69582
57020
44247
55090
5749
55920
73770
57870
4889
83254
36056
88680
25489
18963
72478
30007
61449
8082
46141
12987
77744
15918
41683
76905
43057
41716
59820
53447
95094
43158
15454
83054
36232
93846
33727
12015
81423
67716
77438
49065
41688
84103
4585
36702
2718
50369
1757
65925
88835
58394
4775
11532
44531
78379
30130
68513
23640
15979
50543
42345
83679
23684
24271
18750
29879
29047
59381
53502
32560
78883
42838
42815
43322
30936
48793
74745
10342
34196
96262
11302
23899
86005
12939
84038
72841
97084
77826
26228
54796
48662
44873
76863
64397
2008
50676
53995
98152
66894
92636
38859
65388
82223
26859
1932
97768
75798
24757
75918
18344
50767
73709
18582
79292
41049
33633
38922
74238
92647
52093
90486
21916
76614
7091
19582
94210
45839
94359
56636
37891
17898
90156
35470
93260
24443
11692
9172
91833
52190
45884
63881
39912
32792
68473
24378
41449
56708
47435
23350
84934
74232
49826
42839
82805
80661
69581
94791
93118
70347
4590
38756
76524
82250
5928
38339
3689
87770
69260
96472
80274
28459
85245
69755
10661
21164
60437
78383
4581
80979
972
77013
50642
17979
65791
48221
79866
71918
75209
98176
55598
20678
70877
18241
68760
97168
22572
52057
20343
31800
76149
52659
80567
44098
79699
80960
96988
6985
11395
3093
45490
90439
4823
39527
56639
20767
94431
41476
33302
95215
58702
72888
55260
39029
19472
31437
41898
33561
48040
60128
2299
58958
55509
59576
94880
94922
21113
26203
74906
57315
34945
20121
70180
1552
29298
95395
65780
28547
73688
42812
77682
32579
50327
7794
21748
38714
96858
30434
9861
59989
58704
1778
74917
26239
89747
2743
20396
74488
26128
5007
42871
74794
56185
56178
93671
3327
12175
17298
11616
37378
42561
23703
33228
66173
70373
23518
22954
40189
91516
76158
75896
25433
13041
63273
65128
51772
78050
44242
92062
87645
59713
62519
14392
29897
27938
72003
67231
4531
55660
77685
87410
31554
45095
45893
45618
88703
73419
32062
25793
67079
2424
21419
84637
62036
27995
43941
49217
20344
40076
57105
58907
64351
71556
64278
24219
25623
21039
65470
32840
53572
49716
17061
20522
63706
52681
92842
52215
82260
17163
8374
46982
27502
24289
96537
22261
78434
94374
46448
82422
81653
34409
40135
60548
44310
17942
61582
31840
95336
12461
9737
60560
53557
21412
80983
22365
32348
70317
91440
53465
95576
73385
49016
87604
91824
26648
74102
72652
97737
5276
52918
22222
65640
10910
34187
79925
50253
82800
50366
73341
51532
1171
13367
2247
15997
78387
14120
10321
83888
6978
88214
88312
93117
207
43947
29242
24649
92679
88377
86892
13310
36210
74866
59464
78232
13042
436
34773
37150
69572
64398
1850
78828
8031
25416
11138
74719
66316
82892
47723
64489
51292
34674
59505
45078
75292
13070
96067
92108
70062
15851
37116
56983
60993
70224
81729
87244
11188
70014
47428
75734
82737
96762
4426
2586
13852
30597
50402
17028
45443
85725
63795
72658
11623
26178
24105
50691
64798
11636
59730
16798
14872
86786
88821
25564
79151
72496
78511
3386
73879
75561
42456
62282
61232
62912
74091
62564
60521
76778
16812
76431
27379
43041
70472
14671
77164
96057
4095
44574
66644
95465
8560
32800
43783
54668
67177
19969
54760
9115
90701
62714
68401
53824
59877
24281
11731
18649
7422
85125
90106
28074
15579
17261
97430
39040
998
54084
42113
8549
79652
58262
18147
49781
90631
79657
57950
6646
91405
5973
25179
13146
3844
9341
47477
83379
4222
81951
50
3846
82365
21051
73215
67671
63645
58686
6119
31251
65829
97967
4584
62216
70665
77433
17874
55707
32761
24621
95653
9521
85329
15543
42144
66552
54857
62543
38376
2997
53456
58452
30867
4906
60985
92106
50497
55607
91045
53394
1365
7830
17158
15908
16052
43829
11325
54871
47415
72215
27684
9755
20736
41435
13329
92881
95905
64854
7871
94459
46766
6249
10829
89794
8865
57193
43275
65569
38633
72769
72680
33520
93713
20434
17119
26243
9812
67190
19000
476
73607
38482
48399
3337
62777
73346
81545
94169
50793
39419
78380
93845
85671
16129
22414
64898
63425
74275
6641
56772
59673
23750
27876
60833
16315
33384
89067
41557
14686
71584
61321
4252
75296
24407
8687
94179
76779
75227
79095
19120
68156
19596
96300
43107
51483
68437
54065
92223
55588
37154
76385
25971
39331
95207
58180
46572
28695
72443
77717
78542
8224
18901
17262
66746
42681
80391
65680
47331
24199
1714
82324
6687
73376
18631
22054
13423
73745
50094
4919
32168
29996
93694
77314
49515
52573
3902
27651
20259
75270
18588
70861
20004
55625
30446
80059
25305
19833
61170
10430
82793
43117
55657
13119
78562
16303
28375
25649
95792
9009
7462
68522
59509
63456
19325
97821
80749
88936
29603
92107
69932
1617
35557
65036
66006
3342
44343
34698
44782
92093
22609
28530
15600
72636
92575
86232
36527
69502
5553
70167
47669
88299
98000
6706
44612
70613
28262
89871
45489
10404
39593
452
29951
31744
42764
69122
9713
55146
52015
95836
60684
35879
30311
59898
16332
30145
22310
28584
78800
71946
69020
42595
52717
49105
19756
49755
37538
64292
88041
75099
61538
15086
7941
57172
63509
16952
66181
43965
54418
42663
46577
16194
22313
43185
37135
53866
58460
12852
97252
61743
75709
67815
50564
62007
47339
51090
70233
68409
94284
68259
75888
78623
70664
72788
3871
74265
37328
89742
41865
68106
88825
96974
7599
68917
71580
67003
53171
52499
7606
44827
88670
69060
31482
46359
22977
74178
28948
92884
88943
37568
67647
17577
60569
39945
87530
69305
76451
35592
11612
13485
53555
48368
85295
13692
88568
69151
50183
56682
95704
2169
20781
64979
18925
59266
47097
40105
86028
28393
18706
97937
47348
93076
16304
38068
20191
22616
84005
63729
24025
41580
22287
27889
35062
27068
43584
5803
9262
95746
91344
15507
6604
53487
25724
45485
67723
89020
95661
35392
96426
64729
53796
1804
61134
91412
45165
33343
38399
76240
13096
3069
15214
982
17225
61221
57045
10615
4184
76421
80828
97166
23606
79485
28103
30460
97377
44175
11444
11903
35078
61818
50108
89396
95886
50498
66815
43996
13286
67450
72163
91421
10854
64681
69571
39318
36288
79621
14723
29415
1655
9792
39978
38652
25153
62492
9227
45368
81456
81263
6075
92443
88174
20897
15410
78653
61999
27926
42790
60253
50179
8291
81650
67664
15513
2647
69333
7411
37567
41487
94406
5074
74815
24175
43350
17323
10060
4109
87038
4327
33587
1164
48073
80804
74977
61963
87538
60259
32844
27013
66585
58247
77556
42123
30391
85074
184
8968
2380
6832
96875
19318
85508
59995
57188
50292
25996
80011
75094
34567
8748
57323
65910
38712
49162
26098
85620
92858
10565
8467
97777
67010
52528
88077
54556
59952
53575
59313
62596
1562
47651
11349
24138
88707
84353
2905
54901
89336
21372
2686
17692
97391
48217
12740
6237
21550
29075
93858
83955
12462
881
90565
3864
64054
90807
43775
21157
51070
8198
51957
74108
62769
4733
18814
48229
8135
92110
30537
71964
13429
17940
43593
68277
8993
35833
84944
21816
33366
54733
85523
72187
26578
15518
58406
82765
77566
94641
18764
13943
34395
17104
77539
23042
60029
76290
860
76107
82028
26928
57958
5335
6405
31587
50405
63679
77163
20077
73767
97214
90446
66618
18853
52300
96106
50290
22366
65235
48574
62831
30317
29597
23556
4792
78193
28553
29327
45085
34639
42116
49972
19122
70163
29137
75346
47790
60415
50990
61691
33513
3086
60968
94407
43094
80830
25297
75206
40980
44738
97661
14214
72755
55824
70202
50424
91498
71227
23294
66769
53467
6296
66258
18540
78960
40454
72468
53620
49293
8319
27602
33201
37967
43327
32453
39567
21141
80298
22790
20518
41739
95481
3422
15837
63592
74947
29586
71810
59970
22545
24684
56574
45895
70589
2956
33347
72497
5866
30968
15594
74357
94734
765
64588
51434
81670
3666
43303
11844
52245
32874
19107
64082
2093
58769
86081
50042
55499
94967
48814
75592
25093
55334
53848
42471
8658
28877
21010
64392
67601
53835
45984
72228
64403
25205
21336
69296
17552
13312
21951
96196
3139
61260
68989
85812
57052
2910
91010
4104
31481
38975
93265
77141
86291
80292
92597
52999
7337
52742
6272
75473
39236
79749
89665
89625
32867
67074
9995
10465
68408
46522
41803
88047
27427
3185
90761
11545
57740
29042
24518
73785
24830
27808
32114
20178
22910
17125
10457
68532
64476
54473
98292
44224
97994
46461
56270
23221
50783
91441
66946
14274
59174
71551
92198
31000
79496
70842
12181
82873
34031
46200
45008
18334
40619
23133
94073
35520
24493
1249
48307
76307
46269
81026
3729
1331
2573
16926
63243
70699
64963
57990
24766
49086
60644
48790
22834
9199
40864
23340
511
66264
25770
7139
47041
36409
56928
21245
44201
48525
44240
68623
42770
85998
673
71847
77457
41859
34282
66469
41764
5757
9780
65256
47403
76821
40703
94892
25898
79972
660
56075
23098
48710
20674
35313
89535
37605
97804
58881
15139
22013
36619
62889
11237
74558
75885
97882
7817
89621
31613
35735
53113
59637
18258
24705
89837
23801
88708
42278
52653
67646
8906
29917
92343
48070
77156
55581
96820
78594
4858
72410
90920
60067
96990
62440
13802
42865
47319
23029
56829
24131
58374
74706
84810
52353
71392
18056
28332
69401
19699
14428
91899
92292
9323
56725
68213
7052
22475
74174
10276
9035
59367
11572
21940
55702
23896
25758
48299
27832
72041
38592
62639
50128
95102
38180
32347
57731
9969
61223
63182
83067
81796
94604
963
11971
2392
60077
80697
78993
24165
14023
97928
17736
50433
68551
6137
46841
82751
20079
82682
94999
67180
85200
47785
23499
41371
38195
7716
74641
47497
5309
78918
95828
66943
40407
9248
16200
30339
41987
7569
29843
38659
41508
43988
59794
23593
85391
19784
609
81011
72464
79784
45922
76209
55672
92770
69223
31504
79255
65931
26787
1770
29500
47645
69127
92179
20907
63774
36793
4127
16581
84348
28559
78011
12204
54765
56093
25595
67004
40661
40198
36630
8102
76080
89286
81089
68685
38445
88959
85611
16781
48534
71821
68236
97047
90518
29114
29487
47194
79687
79630
61165
82019
2813
62466
81104
9186
27170
66650
45591
85432
19321
82088
93779
26924
39059
55645
74555
2332
95157
43769
69784
73009
64666
52102
69781
82661
40327
37163
10731
18224
43887
55053
37323
49270
52474
93631
33631
72659
45262
41120
28714
3860
78548
91743
14329
75879
72949
21438
43834
17007
72947
70927
96113
59234
95272
31897
94323
85213
39880
14797
64360
55129
7116
35597
70678
35659
56361
45837
31991
11938
77110
73110
25444
13158
86119
64812
72715
68420
50190
30326
64554
33359
27826
78203
47202
61408
43411
44479
37481
44517
67633
66289
36278
82137
77102
57149
24416
81302
83173
14402
8605
41730
88875
49900
87688
43735
67536
42071
63535
19293
63825
32247
62629
19300
7766
23299
10978
3899
64358
31745
56729
40586
33204
26620
52840
84406
41026
16528
44109
20723
78962
15992
95137
75374
96950
8606
88358
89218
20084
62993
86356
87396
81762
75428
34632
87794
39583
29118
7728
34160
72221
32340
12144
71452
34053
5770
41518
90821
1470
71884
24879
76231
92648
47404
64495
21288
20297
50304
72006
86668
82962
12574
19703
47650
16699
42417
10747
44134
27772
55768
34816
5176
11261
34716
39081
47220
7016
40774
37146
49304
68220
30901
88338
14509
28125
79844
92274
54885
25805
1937
75685
80894
12545
45514
51028
30377
20177
36595
50430
3109
66630
52683
86414
2932
18965
28903
86822
25248
63601
1960
64166
18092
75268
21218
26727
97161
92192
29644
16425
3147
87544
5101
6284
39311
4742
52213
63343
58341
98180
61230
89613
90526
86768
48938
37555
19571
27921
8838
72219
15936
73468
32365
90681
14963
30648
60234
85027
11155
74749
33419
26423
68907
97212
50048
52430
61899
39187
25581
64844
5241
64361
71736
36555
49005
73567
76414
82104
15860
8194
45235
5301
35165
20134
76797
24074
57822
30142
24201
96829
11671
57330
98165
34491
30509
80712
78545
91699
77312
48784
86545
51962
3495
16062
77811
45309
86569
78949
22808
22667
34321
43640
21452
89431
52618
1340
3372
1010
11754
55789
69373
15203
5217
27066
80592
51066
38945
97466
67794
48335
67373
55177
27455
24125
1965
69648
49630
40317
6888
56099
2417
49607
48529
61423
65456
62684
18967
37464
12149
23397
63545
63326
26595
31911
18577
96567
55446
57481
50850
73256
36280
30283
11952
92282
57561
31550
28935
76737
24559
41015
1000
15193
2413
82496
27273
23674
85437
58904
50119
79224
77900
33136
63329
82597
58829
19097
24597
65896
89861
54022
47292
73943
49565
94828
87497
16002
46028
78712
32622
80599
59905
11994
32941
32682
62782
48847
97398
66480
91694
70350
8886
89941
36860
96233
32725
36339
36204
41700
70384
56507
94427
11089
64549
96036
9157
92029
80269
61603
67453
48385
77613
93510
24208
63202
84917
77442
7984
85589
54667
85856
7335
69726
66061
34533
89262
25196
72331
75957
56543
34354
86102
38818
87670
176
16214
35871
76363
6770
298
80734
71647
43067
28050
13289
97553
1865
28406
47811
35573
78024
80166
87768
25353
20010
7427
20472
1907
26158
39895
97250
70828
79968
76813
53121
39370
53705
85024
80496
19940
26186
10808
53271
32933
71377
83198
6954
55843
50511
12867
34918
91496
81025
18117
19659
49235
32163
50479
56509
95212
35345
19427
29262
83907
15846
26777
74429
82125
57580
30054
80952
54659
42179
81744
52941
56375
38156
83906
4551
75962
30183
73296
26096
25184
86540
28513
39349
97232
66592
55525
96354
97301
5168
64743
24312
9150
5030
48532
47885
7911
74486
72602
24869
69656
42962
41825
86523
44678
45204
8210
35601
75220
47146
20292
27632
35335
50012
76235
8888
82887
52537
21228
58665
28886
59466
25598
38532
54183
26413
93692
61609
74936
8757
9808
39776
97067
857
45345
83962
76642
960
36856
37394
44518
35221
58618
66728
10781
12217
40033
94340
74186
48261
49557
91987
77319
53613
15523
36912
86664
8415
30254
20118
54376
17538
48505
49664
1749
29416
33713
42628
18633
10980
80822
22558
69387
97575
12312
73590
52775
25728
92084
17100
54758
48686
91252
12294
33363
51961
33118
74284
14560
10930
29882
95330
51516
10340
13375
64216
56616
9748
36997
91483
96232
53798
82516
21295
69124
32726
64668
6350
7506
91828
7888
86800
37003
11662
54873
68466
78180
33457
753
38327
81349
82048
51999
14067
83543
21196
12604
17731
35666
39792
23807
98004
65365
97386
17274
13658
61765
63157
80347
25783
78163
39926
33992
37940
86876
60476
68912
89737
93765
24325
90704
47452
50060
91212
85285
12048
29174
75818
58194
76309
12964
34786
755
88919
19370
30012
24681
35974
68766
38134
15719
76500
69978
69342
34136
91068
12495
62194
25833
55072
77211
57989
7792
1724
58662
54009
49504
80694
84365
8392
84177
76532
70860
69292
97758
52089
11637
85000
86384
83650
11715
32777
67581
6637
12769
75639
47294
29469
8813
69805
34569
2163
31349
10010
66561
87940
60796
40857
24531
9645
73162
87134
89467
53019
86013
10619
19498
46426
1077
96068
42081
40640
34955
24489
65913
43298
6207
64940
16003
9998
13479
94091
8965
40508
30590
90667
12154
29550
35346
74019
17209
32175
60754
62389
55516
63006
62149
26982
34947
85444
77559
82558
75875
52366
26919
18517
6243
41068
13969
64639
21621
77343
83817
78641
92527
93751
33100
46148
97543
17646
46312
1975
2656
91153
1961
37345
15689
56789
40504
15915
93200
39297
59671
28570
81970
85807
43362
38177
69111
58300
3501
84718
8220
34176
1651
87664
62341
45798
71670
93598
45522
82987
69080
52489
37696
41077
63083
3584
13327
55739
4931
94421
96195
61814
46501
35973
29921
84661
5435
82649
60236
46652
44209
24346
42904
85392
82049
86652
17867
75190
6510
86951
27453
86598
77633
98073
19691
97759
47990
55701
8500
84754
5880
10370
18282
70479
97144
96609
85336
45171
43999
97924
47724
52211
78378
74103
19540
72476
52481
74979
68810
33501
96946
82229
97239
88301
57093
59099
44490
77496
73485
42907
10448
66959
34688
49395
40337
66986
70780
90764
56627
51861
46390
66843
5164
79467
47529
55692
69620
95265
90214
23215
32926
47408
93140
82561
78614
89893
46900
37661
30126
69757
52044
25888
20579
49986
3794
57796
98010
30294
18678
78199
88091
63466
63376
65966
73158
22641
23697
47379
41145
29911
59486
16945
93079
46831
94370
34030
97422
37670
94295
50677
18857
49373
81455
48895
92856
80752
82948
21863
92030
78531
57670
94160
98114
63317
85847
87417
7638
64966
40476
20394
25443
9124
71279
28579
6172
23056
5404
84790
58320
22971
74261
42194
49033
49277
21637
52744
1174
61960
14740
14436
48694
46741
78230
42975
7348
70647
59007
18523
96020
1768
33027
1631
17877
52679
54645
96285
29413
6665
58575
76846
45791
64416
63708
62744
4835
72081
75511
35760
25618
22663
12511
7078
16110
31128
22108
49470
83133
29626
68230
37326
71814
24887
66963
15793
92248
5843
77776
19023
42220
43670
52198
70355
40161
20437
44513
23028
19825
8774
30980
64822
86773
34645
21914
87245
37438
12691
69418
21543
51289
86197
70120
34765
77360
50063
9479
14328
72754
20486
78744
44375
11321
31631
50914
19207
78035
39412
93975
26814
41844
53827
84090
65819
22510
69163
47586
20337
67073
17649
83342
40001
58837
4015
43302
53102
74802
45118
48132
69400
48580
56871
29590
50915
83760
67167
4582
37998
33006
35777
93811
951
44251
38289
32542
35200
37639
56526
60941
91069
93618
60159
38187
60173
90918
92060
91125
86585
85433
10100
52298
72996
34093
20551
55478
87230
69902
43124
23422
32484
9801
3728
62950
1372
47642
93649
30226
80683
50448
87507
10017
49313
92733
39691
94252
83201
5837
25715
86477
59772
9947
53989
30603
31723
33551
43062
40251
94182
59788
19931
44819
36110
36862
69893
5774
79078
88402
77464
91210
6262
83143
58029
20270
23948
14348
76942
72250
11689
27621
27148
9273
84416
85456
69724
10358
84140
3481
30621
30733
95518
90314
2467
76474
2655
56961
34746
50411
76493
82248
33361
24295
27712
22455
30990
34525
54605
77931
1130
18360
85449
94761
13730
43314
36801
82046
71059
2942
31496
57311
17763
15964
13946
83469
67172
75672
61949
62125
44408
29846
89571
22453
76425
32097
56479
10016
51900
24310
95944
54181
13137
55221
136
84312
22564
65891
60981
32426
87193
9953
82036
7176
1192
28687
42772
87368
27026
53328
20814
95837
96868
29764
6269
25025
27403
63309
55851
22334
63118
14093
68310
95487
84481
5285
57758
94936
621
57806
46069
55286
1606
32539
68955
55894
48114
5061
12958
62236
15475
54546
37211
26327
78621
70631
92285
75141
94237
22587
52842
95622
77884
5476
77406
85718
68528
79194
17950
93800
39782
88144
95282
74071
576
28860
69676
11734
57543
79236
96619
64553
64579
94041
87242
97399
21042
5832
10117
25295
48939
5826
20009
65051
25497
72377
35022
50941
69485
93730
81875
3443
36078
93709
6610
7459
52735
35948
63759
10888
14363
47297
27548
7505
80463
32412
12923
6991
84634
64387
50238
93093
14892
36023
14346
11808
7407
82897
92116
57027
52294
32507
22376
27601
74730
22422
29625
78135
3914
35488
93796
6529
5381
22284
5175
4456
14355
41191
67932
22457
59405
2063
24826
68083
25526
42234
53494
76807
78171
35839
32188
71715
9866
13827
84734
33024
31455
59133
93246
43989
17482
17406
5589
75837
48485
13832
73541
63647
78030
48563
24635
72954
21067
42281
56351
11658
57029
78629
12850
16073
16521
55432
62109
15530
57123
13921
77367
50594
39503
80807
49766
96364
45423
37915
57404
9891
75679
95956
80777
88809
17099
27010
93941
37505
22416
46531
65672
49113
59690
13170
32454
63473
73019
78333
5038
50123
22979
39425
30594
79734
6562
15128
92064
16647
70761
31874
59963
89089
55338
5889
82278
48799
73154
7622
68561
56343
48575
33682
36890
6648
5999
54381
92872
38309
90165
48541
86887
33902
46114
28585
78456
43770
55945
51391
84870
27624
76603
39251
35975
81584
80226
4138
70404
7239
73576
87535
21472
65683
23941
60176
97054
58142
20544
12141
29547
1519
17660
28172
97512
43886
30249
76201
59958
58364
71527
75118
10355
21410
54000
39985
42817
39822
3153
60527
20937
82443
22825
23122
58054
17944
80835
17651
54154
74053
45319
43332
72999
40237
7988
79892
76322
76330
13256
28486
33510
58808
50317
12192
56491
18943
25547
26192
57329
27901
1978
34198
80140
32064
93358
61178
85236
26351
64298
57492
43336
42522
60449
26419
33313
43862
71353
17382
84325
81250
20315
24836
92296
45851
22711
15787
1958
44371
61218
21360
18976
12848
8631
8901
14027
32207
87765
33139
39300
16501
39287
85316
72014
76870
80100
88709
24338
70801
40662
48624
84574
26460
30745
66229
96011
74342
78366
51527
71739
54329
36054
73322
47215
59200
81033
28945
85227
34081
41206
21774
3679
27630
50115
52749
32985
40866
56232
83776
62590
89111
81412
45547
53939
54310
49081
76512
60181
26871
45100
77004
2848
91581
8512
84601
14665
13892
44114
7079
87626
60546
893
76958
51180
91259
73277
21109
74769
29496
71642
81550
84061
33703
67709
31519
47444
50797
95924
56686
87265
9786
2858
55729
44975
75725
90211
92100
87302
17393
15072
94526
52134
47968
55750
1548
52609
7333
5994
75132
34168
28100
1686
60490
83826
59597
88734
65912
74976
62686
4756
73098
11643
12315
95737
26851
51383
81593
34610
17571
25539
54504
78196
67057
53340
54239
14207
6676
72589
30289
94513
76554
50536
89911
4
82822
85356
30601
68294
68276
56685
72306
87589
366
43632
47047
26541
48548
3820
85601
21323
37037
78642
45307
30855
11180
4612
52541
6873
40904
53495
79824
41323
15076
62153
89555
56038
61176
87537
92215
44077
38726
65026
73418
26989
44898
56378
54522
17953
46423
29728
13403
10881
97185
37110
94742
3415
68463
55593
50086
5918
40024
96515
24473
65450
63928
52867
18341
93199
38692
65269
90105
7306
18232
74602
83609
64674
26606
22973
29587
77965
14482
30039
37844
6134
73584
30385
74662
67331
70397
38648
77420
86513
47652
68150
58909
78568
17730
74046
84910
85093
12764
9929
50046
1309
14965
34227
87824
26028
45716
84636
25114
37393
93776
10048
89892
51249
42893
38937
66346
84493
83169
90137
83312
10892
17077
70582
46440
84556
2375
89464
59383
41822
26162
30886
7148
76857
62411
58448
94228
71856
10761
1951
9198
3265
71490
16252
49117
30368
70506
58169
67530
56477
60488
51139
5680
44259
69905
78206
22327
26059
35613
73314
61594
28283
23724
9469
8707
93325
1922
28479
85129
25474
55454
83203
95220
33273
56175
9596
30492
39841
54101
62821
612
33430
14894
27508
546
27877
58263
44779
53709
42755
30824
96361
21777
32310
39119
28185
69447
10547
53069
20780
13214
52509
29206
36133
72776
84396
56657
75074
53720
17570
92824
47936
26802
61537
76321
63365
25532
36680
85112
19589
29464
87970
19605
97527
56605
25827
57674
81667
17328
49958
39228
69708
28681
97591
43727
48956
32402
56118
65990
84465
29512
26525
16801
37175
50690
18812
55697
72757
59256
30564
63814
56675
2444
66223
77484
65018
65989
15696
85461
49674
82307
27174
31023
9758
96301
56383
63277
89327
86162
65250
38996
54437
29446
12588
42174
13071
69274
5422
28664
75654
78047
90418
50888
64540
78
81199
30914
64920
44719
43504
1271
6988
74315
82052
3242
64467
86557
72224
67680
13079
12615
94672
32510
22513
90781
28828
14654
4512
579
71899
54041
95983
66290
24004
36
76294
67159
41057
52275
95752
15172
56795
55003
28791
73238
98186
56796
9770
74380
66590
68499
19632
97912
67481
77691
69974
69366
1298
74202
14802
49468
97113
62280
34448
74954
86014
37969
29154
38728
57683
71943
93696
35090
17501
90064
44970
65164
95148
48235
75801
86968
52944
74670
19885
59602
28514
71162
70524
55991
97605
86631
42357
47711
78525
38516
95934
20770
30392
31889
13690
17346
28461
65510
89704
65605
77518
26255
67777
29779
30058
69463
23061
46582
85465
25656
81621
51820
51314
62504
74074
3294
12169
44230
50295
49044
73722
58613
64611
32541
49991
42508
30763
93377
26172
50174
89891
9090
31360
79804
49228
17485
11998
18886
33568
13806
41592
42011
71171
43394
39345
63025
75361
37226
96782
37016
24039
32592
82462
97361
37735
58968
67384
18415
18208
72279
47423
5568
28972
19783
23852
41082
37769
46484
48170
95891
88698
96760
85616
82581
42354
60064
10264
92374
62230
92976
68844
38117
32625
68092
13026
74032
89444
393
96154
93403
97388
1485
20185
55030
83931
90839
82062
24058
12083
93533
14031
54143
13029
77813
87030
46654
90437
25566
48326
92406
78737
13288
70909
80729
341
30163
31797
89368
43437
8237
23214
62864
18105
9170
65546
9265
7781
66776
43154
10289
11934
2316
82258
94133
22578
36502
98024
87789
6739
97154
78922
75389
80938
95403
69242
46322
82975
14546
19622
25596
16953
2435
19154
16074
70054
27976
64690
70889
38155
15095
3704
86804
62094
41447
80788
41002
43473
69431
20918
10123
26822
36250
42543
18435
14045
75832
54985
60473
1803
39400
78343
96254
89576
80209
78159
14481
11939
27376
8499
27016
4382
30898
55655
96582
23410
87620
42593
40376
54282
9152
73644
95996
38626
16609
19687
46034
76335
63667
89200
19869
67311
69911
37251
7190
69776
8349
25133
73609
38066
7065
35169
23251
92892
63024
91696
17913
95734
76411
44447
52898
65169
65647
80710
69946
16636
83315
46329
64736
62286
76152
5697
16162
85440
41581
49967
88172
60141
85567
35100
28799
34074
23111
90349
73475
4027
18807
60239
80953
62673
87502
45066
79489
63436
89595
31893
20728
37943
53869
92741
95716
44334
30852
38075
40483
83785
43630
96532
80271
75158
97854
60400
1916
52562
59126
39588
92085
14562
14400
21210
86587
97516
29117
8698
20629
20334
7530
45301
92812
68250
91800
39275
87732
51768
66232
706
22965
84969
8768
98257
29808
68669
71
88728
27915
18810
50167
92334
82331
55496
39772
7017
32266
23806
59
41005
33599
27823
59465
73042
20806
72470
61762
9542
73766
71866
84887
81309
23481
90928
4508
86629
43003
59703
34125
81554
46778
60461
39381
28488
78113
63289
45086
66626
28643
7804
30063
21889
41081
36889
66095
44031
77681
80869
72173
87850
25382
14245
37949
39080
59247
9711
29349
59445
59663
58728
38950
27210
69885
9242
81707
45785
74418
44019
30445
80356
32774
90967
63731
6852
69153
29791
27326
56717
913
82169
61856
62899
12986
60004
33776
51838
87781
32617
34661
61347
34020
8179
90783
84168
26285
75565
62098
3724
53615
63108
48792
23940
62068
89586
16542
19786
92747
41957
14086
61257
34027
61493
78710
4348
32408
33025
58038
92237
83512
18102
93653
65265
83751
54392
9537
82555
35817
15297
61
94331
90985
31702
68019
31820
84967
64008
36166
79288
31444
10064
75884
62417
67990
8472
92434
68579
67688
22816
91437
68419
24478
90312
48876
26675
77637
48452
22925
72880
68182
9828
71984
75971
32716
72185
17907
78971
