18232
74602
83609
64674
26606
22973
29587
77965
14482
30039
37844
6134
73584
30385
74662
67331
70397
38648
77420
86513
47652
68150
58909
78568
17730
74046
84910
85093
12764
9929
50046
1309
14965
34227
87824
26028
45716
84636
25114
37393
93776
10048
89892
51249
42893
38937
66346
84493
83169
90137
83312
10892
17077
70582
46440
84556
2375
89464
59383
41822
26162
30886
7148
76857
62411
58448
94228
71856
10761
1951
9198
3265
71490
16252
49117
30368
70506
58169
67530
56477
60488
51139
5680
44259
69905
78206
22327
26059
35613
73314
61594
28283
23724
9469
8707
93325
1922
28479
85129
25474
55454
83203
95220
33273
56175
9596
30492
39841
54101
62821
612
33430
14894
27508
546
27877
58263
44779
53709
42755
30824
96361
21777
32310
39119
28185
69447
10547
53069
20780
13214
52509
29206
36133
72776
84396
56657
75074
53720
17570
92824
47936
26802
61537
76321
63365
25532
36680
85112
19589
29464
87970
19605
97527
56605
25827
57674
81667
17328
49958
39228
69708
28681
97591
43727
48956
32402
56118
65990
84465
29512
26525
16801
37175
50690
18812
55697
72757
59256
30564
63814
56675
2444
66223
77484
65018
65989
15696
85461
49674
82307
27174
31023
9758
96301
56383
63277
89327
86162
65250
38996
54437
29446
12588
42174
13071
69274
5422
28664
75654
78047
90418
50888
64540
78
81199
30914
64920
44719
43504
1271
6988
74315
82052
3242
64467
86557
72224
67680
13079
12615
94672
32510
22513
90781
28828
14654
4512
579
71899
54041
95983
66290
24004
36
76294
67159
41057
52275
95752
15172
56795
55003
28791
73238
98186
56796
9770
74380
66590
68499
19632
97912
67481
77691
69974
69366
1298
74202
14802
49468
97113
62280
34448
74954
86014
37969
29154
38728
57683
71943
93696
35090
17501
90064
44970
65164
95148
48235
75801
86968
52944
74670
19885
59602
28514
71162
70524
55991
97605
86631
42357
47711
78525
38516
95934
20770
30392
31889
13690
17346
28461
65510
89704
65605
77518
26255
67777
29779
30058
69463
23061
46582
85465
25656
81621
51820
51314
62504
74074
3294
12169
44230
50295
49044
73722
58613
64611
32541
49991
42508
30763
93377
26172
50174
89891
9090
31360
79804
49228
17485
11998
18886
33568
13806
41592
42011
71171
43394
39345
63025
75361
37226
96782
37016
24039
32592
82462
97361
37735
58968
67384
18415
18208
72279
47423
5568
28972
19783
23852
41082
37769
46484
48170
95891
88698
96760
85616
82581
42354
60064
10264
92374
62230
92976
68844
38117
32625
68092
13026
74032
89444
393
96154
93403
97388
1485
20185
55030
83931
90839
82062
24058
12083
93533
14031
54143
13029
77813
87030
46654
90437
25566
48326
92406
78737
13288
70909
80729
341
30163
31797
89368
43437
8237
23214
62864
18105
9170
65546
9265
7781
66776
43154
10289
11934
2316
82258
94133
22578
36502
98024
87789
6739
97154
78922
75389
80938
95403
69242
46322
82975
14546
19622
25596
16953
2435
19154
16074
70054
27976
64690
70889
38155
15095
3704
86804
62094
41447
80788
41002
43473
69431
20918
10123
26822
36250
42543
18435
14045
75832
54985
60473
1803
39400
78343
96254
89576
80209
78159
14481
11939
27376
8499
27016
4382
30898
55655
96582
23410
87620
42593
40376
54282
9152
73644
95996
38626
16609
19687
46034
76335
63667
89200
19869
67311
69911
37251
7190
69776
8349
25133
73609
38066
7065
35169
23251
92892
63024
91696
17913
95734
76411
44447
52898
65169
65647
80710
69946
16636
83315
46329
64736
62286
76152
5697
16162
85440
41581
49967
88172
60141
85567
35100
28799
34074
23111
90349
73475
4027
18807
60239
80953
62673
87502
45066
79489
63436
89595
31893
20728
37943
53869
92741
95716
44334
30852
38075
40483
83785
43630
96532
80271
75158
97854
60400
1916
52562
59126
39588
92085
14562
14400
21210
86587
97516
29117
8698
20629
20334
7530
45301
92812
68250
91800
39275
87732
51768
66232
706
22965
84969
8768
98257
29808
68669
71
88728
27915
18810
50167
92334
82331
55496
39772
7017
32266
23806
59
41005
33599
27823
59465
73042
20806
72470
61762
9542
73766
71866
84887
81309
23481
90928
4508
86629
43003
59703
34125
81554
46778
60461
39381
28488
78113
63289
45086
66626
28643
7804
30063
21889
41081
36889
66095
44031
77681
80869
72173
87850
25382
14245
37949
39080
59247
9711
29349
59445
59663
58728
38950
27210
69885
9242
81707
45785
74418
44019
30445
80356
32774
90967
63731
6852
69153
29791
27326
56717
913
82169
61856
62899
12986
60004
33776
51838
87781
32617
34661
61347
34020
8179
90783
84168
26285
75565
62098
3724
53615
63108
48792
23940
62068
89586
16542
19786
92747
41957
14086
61257
34027
61493
78710
4348
32408
33025
58038
92237
83512
18102
93653
65265
83751
54392
9537
82555
35817
15297
61
94331
90985
31702
68019
31820
84967
64008
36166
79288
31444
10064
75884
62417
67990
8472
92434
68579
67688
22816
91437
68419
24478
90312
48876
26675
77637
48452
22925
72880
68182
9828
71984
75971
32716
72185
17907
78971
