14260
46652
20901
31921
36237
3169
1229
49722
12305
46217
4694
1818
39001
11008
39932
40047
42274
40812
36088
23173
36689
9311
27717
31926
51636
23746
29615
40140
47755
51021
19551
38737
29962
15908
2998
43211
24213
8968
31450
1313
30482
36344
27590
16870
22417
48884
8080
16147
10577
30026
51726
3447
9186
40627
30122
30508
53039
34565
29755
45900
30543
16976
17359
46505
41204
53410
19131
31129
17681
51720
27954
43339
53836
50512
40244
3965
28549
35047
3783
41452
51273
30557
50868
50645
51076
32093
47175
20687
10212
50401
32273
40653
18214
46741
51007
6628
5838
22209
18983
43083
5373
29413
551
51756
34121
17790
44140
51737
30541
34876
1590
45180
34405
41554
14309
45784
20742
23380
30419
1298
26323
14840
40159
23637
49186
6293
37778
25108
46656
37230
50852
39011
12021
14466
29035
52227
3925
43624
12033
29368
37584
8116
39928
29236
30330
42292
23307
4453
41580
27572
43151
51323
41339
28468
40644
26447
46098
42699
47700
36275
44456
37729
49624
41526
27947
7353
29481
14898
19043
49974
29122
20176
40521
46389
30533
5166
12433
46399
38701
41507
32705
12052
38180
52940
29103
5915
41344
7395
52568
2821
36629
47374
22179
24706
8582
7808
34274
53730
34193
49329
44267
19779
38309
44399
45921
2957
9852
39046
14520
9393
21633
28024
33561
20259
47110
42173
49167
5840
25098
7764
42743
274
24548
10869
21150
51638
35585
23499
46857
1698
21448
53589
41870
42369
18244
26254
15926
3277
51175
5593
19731
42219
21997
23260
40532
17849
7742
6572
46398
25954
4079
52469
37805
12408
30539
19547
42405
20873
35554
51001
18985
8492
5772
19424
39424
47837
21217
37254
11052
43920
40285
8840
52146
25198
33990
16148
9528
36463
40590
27936
3028
42658
33943
35775
21868
9189
46081
26188
15738
37704
48855
21922
5445
8534
23460
52162
6160
34777
28147
26307
41653
46264
23308
34500
29408
19971
15871
14423
31172
51165
31378
4288
40451
16410
31993
3400
24897
35958
17343
25155
29570
12321
24211
50774
25967
20236
37351
27961
20564
40211
39243
8779
28188
5521
43122
6282
10742
53062
26076
34201
29757
52392
42663
19111
27988
43665
14822
51793
37103
34431
30162
20635
15046
10800
4062
1545
28536
9907
21616
29472
4704
51132
8338
45777
4238
28819
52376
20526
39284
38782
6368
46483
49336
17776
52968
50750
19321
29174
7922
48828
26393
21503
768
50672
48674
22541
21399
20622
25615
25532
20966
6668
35026
3607
36022
28997
21826
17463
38205
30262
52574
44175
36192
27607
31318
24669
12060
29750
35824
20482
4742
42382
25846
25904
35787
31128
52463
41480
31580
17902
29152
52527
32179
47793
42422
35095
44173
32485
19117
148
17625
41556
3649
19452
21898
2971
31582
43123
49224
20920
17472
38769
31342
24479
14151
21026
44123
49875
41813
5952
53859
41313
47026
15261
40884
33776
23250
50550
28602
51640
12423
16159
25711
26030
4679
35723
19408
22416
48953
35870
6341
15125
14577
37361
22203
14635
19074
47306
39047
25600
23521
10214
7327
21116
46851
9867
15699
47564
49524
5732
43978
322
17914
39389
30374
7244
9302
1488
40145
21759
18155
20426
22967
23170
30688
34215
39438
44323
24177
9817
43790
3603
24610
14470
34464
3923
42851
30259
37082
53732
3855
37533
3684
12319
28656
24542
34898
34111
40284
14855
6375
30249
37985
8489
47622
50732
25694
36080
51772
53444
11080
6385
5596
796
2992
29922
19101
51269
17621
5797
30163
51304
22132
15113
46400
28735
45727
36986
34850
51250
37621
39142
6229
24606
8220
39740
15115
39404
30743
1119
46178
21677
20612
192
17661
14768
49637
34492
8195
42451
0
24161
36508
3512
1626
34539
25380
52634
38197
1854
3843
24722
51792
1345
32634
47475
38445
50577
3987
17620
23787
49921
10622
47232
46979
52582
33548
18267
14927
53922
41676
31196
25645
46644
44054
30282
24908
38460
38870
27494
2743
205
37423
31149
9231
5350
52514
50770
36939
8895
41546
22173
34184
37622
21600
48004
3203
10641
2742
42790
9389
25980
24192
220
6115
296
49956
4083
34897
40673
31362
5239
52597
33856
47099
12347
52380
42007
47633
43726
5200
23132
51428
7618
36649
3239
272
30101
46542
39174
3602
53688
23585
42604
39690
14619
21282
46826
49487
3884
36165
15750
43942
12297
53918
32218
1267
33845
5423
29061
29591
24833
7238
45995
25270
1315
45036
10729
52244
21535
31480
32429
36187
49204
38219
43070
6677
1457
50522
15293
1353
46708
31563
16197
46337
701
42684
34133
19518
33742
24599
24921
18115
25675
15200
28099
48708
20406
14749
10802
17319
19211
43616
31999
1773
36708
6784
46905
35941
453
30756
53761
52739
18149
12062
29719
352
49216
15040
9421
31415
24803
43911
36784
47152
12493
14932
40588
7106
53875
5221
50641
25290
14731
4755
15309
4768
36284
22229
32664
7794
16884
47617
20384
5398
48976
28459
7931
8835
50535
591
26062
17049
5940
110
33641
53502
23408
25453
45973
3299
29281
35098
29787
5181
24858
8532
5252
33658
496
49476
19460
38202
30566
30513
41156
21115
19648
6674
26358
30340
50494
7372
53342
47032
17677
52879
39182
19946
41545
50795
21092
8443
26108
6625
41041
38591
45734
9332
53072
5365
31017
23008
4528
43323
34805
30119
744
30196
30044
36850
48694
16231
42991
47250
44463
6007
42997
7235
47400
5716
12369
47023
21827
28262
3747
25823
7197
4270
23022
46302
14363
45009
8714
25398
22979
48920
40209
52776
38993
4424
31718
22360
46430
21008
28684
19435
50695
7489
40853
33616
19483
33728
43321
1669
2819
22104
3697
23622
4785
49114
6288
26403
41856
20976
36866
6357
25332
38852
34779
22542
38208
12331
21034
44024
3018
39823
42794
19047
21080
36805
34029
52395
20977
10232
28135
4566
1066
3955
22240
40749
20699
14388
19336
16218
47935
36371
31417
29264
39950
16879
15290
30270
1102
44390
1528
22547
31459
28031
38901
35887
46957
38402
15780
52282
41670
51385
27540
36196
7332
9956
49001
22943
46868
53170
46879
15345
21258
23010
37044
4668
29403
34642
35520
34676
46423
6754
21985
4758
27439
51430
44442
43847
4701
5220
29168
41800
26130
18914
42379
6263
36472
16875
10776
20719
50796
4374
25526
7550
28007
34749
24707
14877
53558
22186
21411
42182
31095
44385
7164
43475
41942
38752
23510
39707
40100
35499
519
30520
31973
4672
19176
37226
23718
9515
20741
47254
28170
10880
10382
14907
30136
22088
3434
23742
30353
44450
37541
29071
45967
49131
24881
45908
36811
5256
34015
6624
49681
34358
1637
37628
22213
1693
9829
53449
10770
9950
37322
19694
6180
42749
34601
17781
38298
51015
27448
50581
38696
24444
34340
43936
44192
3042
10886
46929
29935
35581
53897
9042
53490
9795
39266
16238
52255
28167
33588
14412
20986
42621
49914
28426
36829
42018
50958
46551
25255
328
43356
1269
1819
41053
24193
28361
46880
20942
47082
161
51053
52364
49554
5685
8664
40685
25537
35823
45030
50772
37780
23359
284
12442
3104
37607
36963
20261
3282
23381
4797
43607
40447
8340
44185
47696
21004
23165
43903
47001
42988
35762
37848
53082
52691
52590
9334
28698
43186
3972
7904
15292
19154
21176
24567
30444
31494
10316
25436
38974
46262
36235
7795
45037
1159
4730
29487
34173
35641
52674
19139
15231
2762
51550
47313
34519
29539
53100
19838
33526
8649
53638
27480
23355
10261
8760
5428
7639
36368
31147
30085
8782
34677
47445
37217
30061
45802
43666
52875
16080
8530
43278
47865
12170
52400
50718
46997
32300
3883
46535
38066
4070
1853
23749
1370
35826
43551
43179
9944
28321
23352
34139
37259
1011
20907
29897
31677
25609
44396
9467
35006
41769
47084
53390
28190
6783
33939
7843
4349
43842
17615
14788
38125
42032
25271
8316
52823
52625
1052
47181
755
46092
5914
5509
19053
46561
30187
6399
4166
49653
24317
30778
48703
50935
51303
35871
51131
46275
43288
49455
23805
14429
52301
30360
52269
43610
20419
42132
43655
37257
47508
17042
46270
28291
21038
32095
29510
46474
36614
6672
1477
42108
29132
36815
5598
36494
39942
51534
10284
48721
11006
12035
1252
41615
19484
33887
4436
48725
15832
6453
23418
35041
42398
19944
35614
451
14569
3669
42175
20843
562
1031
14477
35944
786
17854
51559
7079
9140
8901
16739
53294
15239
47034
37525
35646
4584
20964
14895
4645
50005
29364
23335
16539
47706
51168
39933
4596
36828
49840
39041
51006
29642
24207
23191
23730
7290
47013
40137
39050
32493
25049
12002
6201
21986
42880
43709
45903
40164
15872
52956
25379
26381
20650
27998
6982
1555
23776
1132
17137
6448
43126
41847
10341
20292
15028
53837
52432
34990
21234
51000
49533
53845
19432
21555
53347
11057
44131
29222
53475
53103
25649
43931
19875
1049
4463
16119
40813
18971
1598
8105
25593
5753
4741
45794
51097
8063
43253
20737
23210
19805
49635
22961
35032
34903
17799
51775
24804
36703
17829
23429
21110
19378
52368
12525
6371
51530
8698
32191
42572
15101
21454
51259
8369
7891
42466
28538
22183
46397
41848
30457
52152
21948
35917
30418
49481
42490
28982
42255
48820
22091
3143
14515
25219
8580
47867
3330
12093
3420
41536
21914
4199
3762
25233
28336
49176
175
21299
10379
51433
5762
32434
26009
34624
39267
14366
29850
29746
21066
30661
5898
37460
35812
20277
37210
12320
6387
39482
34278
37350
28689
36720
44901
22944
25947
19813
31808
15692
43940
30186
6195
25298
19006
31023
5180
15885
48908
7899
4258
36188
3811
28498
8819
34005
7195
53270
35700
48697
42330
6088
51612
21155
40494
19141
17515
34961
36449
28211
38193
7234
16626
36749
24446
10326
6723
53063
24226
19520
25654
53592
30568
23417
14754
32007
20713
5905
49798
47857
41334
45760
43196
3862
39968
39385
37122
29864
917
51005
8954
6887
25088
25266
39172
17653
6114
12460
41161
28560
25966
49491
29946
7932
28171
37890
29801
12078
43609
20387
35877
38917
12123
50765
43741
46560
18968
10827
3387
19708
4396
49243
33812
37013
21591
45953
19186
42013
12181
1817
34006
6829
598
9771
53113
20953
38288
14972
42690
30027
7669
11968
15038
46459
3014
15217
41674
29320
28138
14498
5994
26593
40761
25213
5733
34438
34538
22227
19417
14994
16746
42818
25399
51080
7563
43921
21816
8367
3321
29081
9431
1686
21112
3704
24490
35975
14989
22234
28513
42096
29769
34574
51326
22505
5164
39841
43938
29036
30072
39857
46327
112
28573
4489
22487
27999
33517
38720
26111
34128
49771
23836
52220
49917
53926
9221
51384
36842
746
14712
17986
27614
42668
36949
22532
40517
50699
36233
44958
19075
39846
7172
18238
52981
37093
37213
26253
30823
47855
23613
6365
14785
10274
50002
16408
31711
19127
45859
14370
7399
33846
36374
23770
28947
46086
50751
38587
20862
23661
47978
52173
46338
45064
19173
30820
33948
19990
36304
42333
6079
9164
25710
38182
36170
43977
23007
35701
28482
4662
6116
53210
9111
36765
18962
600
9033
2741
7101
34824
35116
23334
46805
27956
35693
20506
36219
8055
52306
43033
4361
14251
32279
47511
39945
42899
4604
21586
19114
50539
1130
19161
15338
3300
37940
50895
19138
15713
51071
36488
10291
147
12003
30128
40189
2929
1426
39793
47569
51337
20553
5998
21718
23309
17510
19898
25476
34941
23290
25598
24244
15761
52416
36409
23304
34599
17388
3257
11984
20982
815
37971
8066
36277
30721
43629
44458
9409
3160
24316
14387
35738
19012
49433
12135
41531
35016
42097
52682
41277
51262
36757
53620
9911
33685
14727
48875
23596
3212
24209
23667
40535
304
39032
38767
27934
49160
25892
29607
477
43399
53177
6529
33739
6491
40809
47187
24437
49826
53776
29777
38018
18979
27759
12389
37380
49809
53032
42147
4383
1507
6470
25982
14264
3292
1411
29779
18237
51339
40787
47835
28764
15220
17337
8364
50859
6804
41604
46409
9062
43296
25538
9420
29305
3238
38877
6788
47917
27886
9945
20295
53607
23040
31298
19220
23249
47068
15122
28330
9256
51019
37785
27804
18091
39782
6216
44923
20376
46577
35621
20886
3596
50648
354
52538
51694
44283
19908
21292
37006
27843
21091
36086
28668
21592
573
8647
28279
42553
17598
17582
23117
42805
36040
48696
27498
49442
20500
35743
28933
4309
2987
16698
48972
40186
26498
23045
21704
23070
40213
5392
1508
22250
36126
38780
6735
3362
18960
33823
17485
19555
42931
42093
31911
17069
28307
34183
16683
32259
5275
49396
20864
1877
43411
38905
1612
34499
51427
50978
14395
51225
1889
53920
46715
26002
22094
47681
26051
36492
17574
23538
50418
37802
42212
6027
43907
53293
20476
17447
24899
25138
17810
20893
8347
17591
49711
42110
8306
43311
23293
50528
7754
9212
37464
37642
53636
43671
19573
8157
42162
6681
8591
52620
52762
43798
1763
28665
1603
4615
50385
934
14620
12367
53808
24965
36365
19115
42513
31732
46266
25701
32550
52295
39791
49029
19996
21316
9163
38245
37736
4760
37403
32393
21069
15863
28626
41560
34287
39262
23361
39786
51329
23093
42077
41262
29483
50784
15727
11953
51642
40921
8839
1595
25592
10980
50433
50475
35856
14661
6865
43432
53884
14573
24230
21841
20516
44946
19828
25039
11954
25354
22065
49233
39996
1361
19985
5574
21481
23230
31877
16733
2765
41082
3989
7129
27703
28971
16462
21376
8120
23431
41729
15386
17012
47930
38038
49922
31170
51112
10453
7768
6821
37299
24240
14374
29116
40223
51091
51126
14382
28825
50981
22211
31363
805
29498
52333
25772
19382
30431
15835
25374
1799
12329
32192
36735
30993
20123
23501
21021
5698
47671
50926
47834
31253
15059
52373
34349
36444
9345
45140
49494
38117
1794
36686
6113
25413
416
53366
31830
53154
14964
9305
41858
38947
49157
36970
52946
41144
5562
30371
50707
4136
38576
44320
25339
34254
41972
26413
1746
19976
36627
19170
52184
30537
42893
6209
48010
40956
51217
20130
8155
53768
6059
10617
39911
36818
39779
127
37701
16170
38903
8238
25891
29856
53195
27558
47048
7340
36896
18233
35782
27953
46832
28634
53741
36571
6916
37783
53194
35697
39245
15946
8892
44452
52226
28223
6706
1346
47908
25764
12056
43638
39930
28926
32601
53858
28236
25930
35686
35925
52746
38144
5945
8626
24148
9792
597
29212
46717
34240
52828
32005
29583
36602
37489
52716
26423
44424
46243
46696
27417
14645
10428
52526
30959
9395
22117
7248
47966
36895
7717
34279
37795
38884
32281
279
1080
7582
53686
2899
20869
40885
9281
19866
44002
36582
19546
6819
19599
1125
9839
5346
29128
19639
1127
37241
15752
17732
2939
42207
23155
22175
28745
1865
16894
49688
51356
7481
20690
18994
574
47771
6189
11022
52408
6500
6522
35819
49701
34079
18108
20655
4329
39202
18213
1719
6830
6377
40970
23064
18906
29691
45040
43912
23376
33831
28691
35560
24315
50415
45811
38727
23394
36709
42974
53772
3007
38706
46297
46174
49888
6573
29601
32318
45993
52787
23665
19390
51371
22044
43679
5325
33905
43096
44381
15935
36848
51246
18988
22338
15943
19423
20846
15938
14230
6085
599
36631
29491
28062
32278
1360
50779
18183
50705
3057
39682
51421
41328
40075
33579
19292
28958
30911
36598
7196
31621
43692
43965
10403
25647
27971
4696
19894
17528
34865
14553
36732
40849
41930
51565
42065
21036
32033
34498
22987
27928
52375
17763
7500
331
52460
20896
1193
46745
19443
7567
37768
32466
51777
43077
41426
8854
8483
49415
53749
26159
41421
15877
36419
52543
23197
34050
30314
42201
29790
1186
51074
15022
32376
12240
38865
40063
39780
37894
4634
47428
37275
28843
46556
34712
14539
24928
4530
34935
22236
52881
10368
43802
8133
23020
38268
20051
50478
52406
47701
30238
46456
1442
41579
29938
22055
40118
43581
43916
24439
24265
34901
45854
5978
14714
28835
20010
21178
4318
29729
49136
42556
20231
39143
12008
24674
273
9096
36854
945
5813
14223
52157
20459
20556
19226
40174
9213
26527
24281
31222
6266
34940
36891
1684
33611
47550
23299
31469
