22395
24695
18206
15497
20898
6899
25220
19999
23102
4778
39654
9073
31705
30886
38877
13403
2027
20621
28547
20292
36253
7819
18115
36237
298
22544
6011
36438
1205
29669
25328
22189
9155
30035
40400
7108
37843
13954
26470
5432
26962
29675
36925
24860
32390
28659
15727
6817
33165
17878
40780
1582
7711
13335
5525
18172
12964
34203
14089
35857
7105
32357
20384
26993
30291
12314
26323
19932
21129
34377
18738
22226
33799
9559
19938
23611
23991
21626
11368
27690
32850
30107
27005
3674
26748
2827
20086
2402
31107
15159
16884
37468
7289
34740
6304
13629
40794
24993
2701
1268
36612
30908
10422
36662
21984
32805
4205
16667
28032
14026
39328
26768
18222
12112
24133
34729
20531
9330
13528
20785
36173
131
38521
2645
6447
22569
4874
18255
11834
11869
11028
32165
14130
12754
15201
21892
29468
31026
3416
21648
4247
14877
14676
3378
4563
28538
14085
40273
21587
5396
40233
25042
40127
425
31585
18778
35006
6908
10844
34066
16665
38988
13354
40558
14018
9150
27527
12445
2636
6625
33895
11905
38462
21848
3410
27368
18234
34276
8454
23314
13940
6316
28838
37354
11388
4801
3224
40205
25880
118
65
18263
2166
29144
40617
19984
30607
38165
4872
24827
14081
28
344
19696
14322
21356
22610
3984
20400
34289
18917
11140
16834
25045
18095
9598
26525
4067
33085
14141
20579
6744
13263
21783
9223
609
1390
20011
32184
1573
26083
7852
3059
17275
38356
17612
11988
10332
20457
14220
22746
34172
4946
38607
21688
30727
30271
33596
11138
35606
20628
8494
24216
4612
27183
36981
22386
16888
10469
24716
4759
1139
2369
18313
16521
1755
14731
871
22737
16400
10892
26761
34654
17321
36040
12685
18506
40384
35978
13961
27556
13721
32341
17623
2202
33520
12829
35575
28852
956
17807
24611
33797
25912
3722
4774
5213
21207
28770
29243
6507
18678
17657
18152
37168
32347
34252
3790
14479
36228
9249
8542
6654
23575
14764
766
18981
14223
11826
15283
37551
19090
7270
18819
29009
37225
26038
17281
18214
35390
27493
19097
18573
18844
36200
32928
35797
30229
11282
27553
19119
10405
13439
10007
18442
14419
13286
37737
11277
6045
26929
22465
3239
32650
3282
7038
33148
31567
33618
17407
20159
27749
28355
23972
19134
37288
2865
38554
12828
15204
32034
13641
17966
39002
5389
13788
1869
636
34207
38125
19995
37313
38962
33288
8448
9009
168
1440
33057
10504
12276
26339
32256
9462
23323
17698
14623
5395
15168
20690
14466
30230
14893
39476
36136
34886
8489
35185
38883
23667
17414
31879
32535
34735
19372
670
33686
6607
1424
40372
380
15850
517
13368
31527
31748
39117
23862
36514
11565
38855
24791
5341
7032
8235
21452
26933
35961
16976
29877
971
31597
4345
11981
31365
26795
17980
4299
31647
31226
35783
40668
39504
3702
18289
15576
24787
18891
22863
40810
5598
28385
9581
5652
34148
34965
7672
7991
12248
12912
29133
3980
9240
164
35492
1464
10971
23576
24628
9927
16053
24114
31202
38354
22173
26380
10721
17975
36815
28582
19519
24018
5696
26442
4040
21418
19924
19619
3371
35830
8807
30313
26620
18191
39769
35342
35343
22983
14105
6843
24254
8919
6730
38035
40683
4314
14238
38663
27887
16523
2826
6841
30070
6101
36571
12675
16311
134
22026
36445
9485
35115
28948
7950
38941
34156
13379
6780
19394
25578
28431
22986
24693
3506
39623
31517
5685
37911
6563
20398
19081
29068
14157
30871
28855
9740
10238
5475
5854
40230
23277
16575
12978
8010
33456
33283
37399
39810
35883
468
19488
26292
12161
16498
12525
20302
12090
7540
27803
22643
21705
2758
18051
26256
1822
37788
14451
4987
24516
30725
11108
35960
16058
17045
9575
13461
685
4952
1678
10398
37013
30041
8333
20317
30177
26018
23394
12009
19704
2850
30467
33586
20987
11241
36315
39640
30798
248
16997
7524
33987
6729
21101
4836
8163
25982
22984
521
3021
36267
17638
23296
16014
87
8221
14847
31942
6826
27498
39169
6720
29264
34591
33689
8354
30893
6229
14120
22547
20212
1493
23592
3459
5709
18493
39409
27397
3514
7657
20907
11449
14696
604
35698
27883
34689
32969
7595
13014
23830
534
25949
29929
33006
19169
4765
16392
3807
6758
20764
37081
11116
14411
33241
16865
37003
24505
27692
12144
15719
4581
38124
34027
7511
12610
34506
18477
33756
4180
10577
524
30807
4377
25726
30900
39436
23336
21008
32243
22211
28689
27914
28947
38508
27733
13958
10735
32213
15821
8197
28626
12298
13670
3312
6664
8174
32981
29680
4398
18343
35032
16562
1265
18508
27432
1851
17053
14944
34589
23186
9814
1601
24236
26696
23054
5664
23623
37723
3118
7213
11483
3436
18120
32102
21575
8990
7446
9993
27768
38680
31539
36428
36861
37365
25916
17260
19952
32025
17562
30381
35505
15369
19928
17929
37715
38203
23568
9363
35349
40610
15351
3449
39031
33682
37990
31763
11494
7169
13008
32092
18858
1359
2995
26697
40355
18774
15281
39894
1793
33053
9407
22576
18408
20081
37880
27021
5550
5535
3913
9895
25460
28360
20279
6233
12315
4144
30838
14020
3866
40229
13607
17615
6348
27889
10759
994
39299
27540
2718
23941
19854
33880
25452
17154
31473
12993
16581
292
32596
30166
11115
26804
21302
15067
36387
17665
7820
35851
140
37649
18449
18681
26068
2839
13055
9733
14606
22140
28542
16479
33609
3275
15075
11603
18281
34626
8704
153
22271
40724
14794
20129
23673
37151
11271
28301
21436
25322
19745
14156
30665
23936
11742
13936
28778
22320
14035
3176
33234
12640
27658
11361
1064
1729
36740
38319
21456
24225
39498
28214
23832
23315
37953
19677
16264
33719
29166
20563
6290
31582
33004
38133
37188
28356
40295
9665
28361
21189
29500
13701
22345
28661
27433
36712
14613
14488
33336
36493
31098
26630
29408
13288
36516
32354
26989
19482
235
1612
23923
7597
40159
19925
37340
36681
8573
8510
11918
14226
8321
36937
17666
1506
1855
10109
22285
14159
40636
5637
34538
32088
7772
30218
40751
29952
25001
25597
4867
629
5204
18048
3112
40601
27755
911
7185
22088
3161
13718
2278
29054
12287
7894
25199
39847
20734
7025
16109
8424
17877
27265
19623
1116
29317
3108
19933
31946
17642
24772
9599
32747
14803
25991
15839
34013
21955
15142
8933
21910
36938
39081
26621
4310
9582
3203
17668
28814
38713
36044
3036
6306
14727
13656
30189
8650
11364
3049
17199
15086
36915
1066
6247
39172
25755
4980
19572
14241
14055
22586
22820
30919
15413
37694
9029
14174
6976
28117
12614
16427
35504
30941
36144
21412
36322
21893
38346
10815
25395
39561
23778
21366
11171
10564
34623
3947
9472
4088
25866
33257
15116
17629
402
3581
30876
10729
8278
24954
4914
27053
312
12615
20721
29600
28406
6678
8895
16431
35000
2953
38483
28835
24183
34643
28065
40557
25533
1773
2189
8083
12909
14583
3635
10352
26839
19644
25542
20265
26212
31875
1317
39284
18578
37388
29077
27251
39560
37704
1190
19295
15654
34014
7467
7396
14771
15946
22723
11386
29115
18419
203
33349
1681
9782
422
19174
15670
13558
32020
24417
12440
20270
33896
26
30696
10312
18373
40187
33531
34925
14527
24358
26006
26088
3254
37932
9625
12595
23912
10290
24061
27281
10365
40465
38701
5584
28206
12503
38989
19015
36962
5893
31286
37159
2056
9613
35383
36050
18123
5604
8780
6400
15010
6611
40183
4994
29793
25015
35345
10454
3067
39251
15585
37619
61
37568
27974
12352
6920
38813
28799
30851
3953
4124
32201
14355
21840
39323
38257
7261
22355
7712
18149
9764
25132
19185
31867
2951
15268
23187
13888
15531
16289
20738
13184
6469
36378
8966
24881
13405
33562
8296
10289
24973
29595
23628
12502
3183
37755
17736
28633
15982
5216
13397
3895
26327
28549
11221
36924
40383
29377
6820
34836
11059
30557
3995
22237
22277
6104
14298
39368
19685
1430
23844
29943
30051
32645
1341
31897
12702
28940
35195
26507
4135
21806
21917
30509
18205
30364
31050
8513
1078
40133
24309
19236
30244
35949
9996
33021
37769
15961
6279
162
31681
22846
5747
1663
16301
10929
23747
4859
12899
23261
37699
2206
4973
20352
23987
12926
5325
31292
28098
7512
24560
27382
31756
19735
3993
8067
30451
28253
4193
35721
2188
16707
12457
9074
9241
15573
2899
18594
7004
13
6716
34174
24401
33998
8759
7652
23971
8903
26120
24656
17465
17231
37107
29937
18595
22517
34675
19173
13880
2796
23548
15049
34966
22324
27101
18735
4767
579
24574
25875
1395
26919
8131
12980
10590
31431
3716
7157
24831
11596
28923
6931
38279
18816
15300
3715
3427
886
37414
25474
1406
12083
9902
35043
11097
28484
7312
26657
14288
9084
4698
27293
29861
28676
5607
14648
7724
33036
18912
11550
7142
4312
19088
35889
29244
5546
595
18645
12622
31155
27955
8027
28959
25852
11695
2136
18914
40438
29306
13137
6112
4418
24754
15390
20653
6857
16970
5435
38892
4486
37163
16358
17732
33037
11865
34695
24129
27903
21028
19101
25107
19909
31307
11785
27342
35945
22255
13660
16278
18302
22418
9855
29733
28671
39878
34451
23779
17178
1007
26407
24848
35356
36663
11870
11218
25824
23426
26263
11591
2918
29334
5626
34081
16708
39034
21324
20477
26255
22221
14775
32937
2114
20393
19983
38943
21170
8584
12000
24933
17808
7874
1084
40448
29995
33471
20224
30733
36430
28955
10010
27158
36863
27314
9942
423
36944
26365
11799
26901
29841
17995
8184
38316
37523
23397
35943
2472
26067
15941
3417
34841
25461
7171
17375
5492
22741
17659
35596
22607
4724
24453
14078
26686
31632
10393
1994
2997
40723
15699
27235
2954
22245
1606
9316
30843
3009
22938
34236
6519
30842
18888
13431
12571
10508
23815
27365
18697
37607
19943
14227
11717
14541
26547
13365
35447
10757
35338
18741
21470
35419
18443
25827
27965
23880
16129
37232
17126
3828
13278
25913
27319
25249
25467
7134
7788
9626
34540
5253
27880
26879
770
38187
14707
27622
28584
40407
15126
3848
25528
7095
4030
9622
24967
25470
3119
25232
19416
9349
12335
9356
36346
1465
26430
22693
22626
35445
28712
7442
28700
13124
30368
3710
8392
1326
39471
25290
4798
17201
1494
33868
19920
28402
40298
15013
34105
8401
27313
29895
30903
38498
21081
24576
2388
37150
32763
9769
24959
27855
32254
13811
22964
2022
4704
34046
15722
40735
33387
1512
19084
4497
40409
17102
14301
21827
621
20494
19181
17936
15677
12605
35249
32903
9332
24929
36887
17583
39426
35167
6773
6285
7787
25596
39698
35232
30632
26674
9024
26123
16945
35947
30519
40603
21920
35416
38277
31810
22903
37080
15464
2191
20257
38099
2528
19388
39801
40577
6517
3260
11421
34854
39632
8087
14265
32029
16426
19918
21084
36511
4452
14990
36041
18511
35911
37949
9864
9367
40441
23154
39194
4625
28233
19339
24978
10434
9842
7593
15335
5159
22146
20870
23994
32395
39976
22322
27384
17867
39395
23202
35251
11447
2153
38296
15154
35466
12200
5414
15903
22478
13059
33056
28785
37927
24006
24238
30621
37687
18946
33201
5721
4046
36130
37585
27181
38236
7221
18218
3867
7136
18817
30543
22685
34799
10941
3319
11466
19957
37243
9112
1887
28997
30907
26456
31103
38622
35615
27750
13345
21804
16536
28041
3180
5073
17299
20354
13239
1106
31830
37810
36775
40417
28153
25342
28670
34542
22181
18939
39452
10366
20776
10510
26889
13010
36694
35655
11215
12519
24310
15392
38468
16530
13749
25671
24242
27292
10486
21710
26652
20590
22441
7611
20359
13878
9672
3520
38080
19048
21982
6660
3219
6411
30968
37553
20256
7876
27272
28003
18549
17558
25035
3234
37727
16546
29181
16375
2229
683
31837
28614
20176
25049
28646
407
37787
23626
23232
34462
2794
2010
3292
9486
32849
30086
32804
14375
3261
35008
26847
20918
8205
12258
1339
19284
7789
1442
37961
30077
9146
10828
35898
37509
14941
16017
29660
14197
7598
8133
3852
36296
12654
27488
7253
39940
21887
81
24135
29902
15507
5723
2082
10655
5380
40038
38434
12212
11970
27208
35853
21085
12931
32703
12837
13250
28831
15349
8490
18644
10836
9956
310
2976
18383
15365
20284
32860
33922
19824
5075
33203
19395
30638
1113
31185
34594
38303
27670
15180
22952
38565
24090
32332
7887
34592
5677
24276
39103
931
8386
10032
3534
3689
25958
21230
39451
29231
20092
3657
35518
4223
15664
26030
17306
275
19417
13409
6500
32559
38806
27107
26111
34927
10723
13160
32807
13579
14665
3693
17463
2866
11444
15811
5857
10055
30535
10744
32866
4684
32588
40102
18471
14973
1187
39086
17065
12730
6183
17924
993
8057
7030
28252
27177
37912
14406
29470
6656
11989
10204
33908
30310
6615
12376
14543
4052
17511
29029
31443
20921
13415
1486
38868
31725
40608
7857
19227
17861
17033
22462
13394
36656
10346
18083
39499
30282
17248
3787
14014
16279
37668
12300
11856
38049
4897
20892
31613
32672
4655
25899
26394
27102
32801
40653
73
32122
1022
34914
32657
20678
28805
10402
25534
28792
32439
5661
10933
39260
15271
6428
13970
30933
21712
10038
24155
31660
32988
25361
30116
6280
4502
34743
27451
20194
5830
22760
26679
29024
24813
9335
29635
11145
30009
6665
15762
16989
14948
28604
8832
4474
22389
28114
35430
20110
31385
40058
16648
39761
5633
28521
5109
38738
25490
30278
21586
7974
37451
11792
19203
19773
5130
962
32434
3047
11563
12387
12870
11234
36380
27374
7854
30810
2064
23027
14891
1483
39927
193
29196
35676
13272
23610
26576
22777
4461
18661
34170
32767
40529
3264
40671
2182
13630
7916
13856
16966
18429
5221
40625
6026
9307
27455
3494
10646
32833
12020
13136
5704
40350
23900
40246
7280
13696
4164
20413
25692
39186
2295
3241
20544
7534
35413
28632
28803
9319
28468
1689
17037
19936
9403
40599
19300
20353
36823
39741
25079
31781
17101
38377
39574
23857
29036
31869
37227
7416
17726
4455
39719
10913
35991
10870
33449
7476
3300
12199
19264
39857
14783
38866
2019
16742
30195
19788
17110
19034
21178
38731
38396
23312
20399
8408
9314
7241
18679
14611
21162
30471
29132
895
38071
19507
11352
11382
21684
17607
16227
37762
38673
14837
4587
35229
18121
37054
30163
21758
19012
8419
5779
31704
34815
13036
32304
322
28760
5457
37353
18221
23917
10824
29443
38115
12998
33762
25506
28798
1147
2530
29665
30682
2505
4170
15988
38643
6373
19178
24439
14524
2688
25783
7824
39178
19874
3616
12202
8970
39057
35633
4949
20971
23913
14146
1458
39402
16735
13114
20235
13330
13596
29040
24893
5566
13509
7814
9879
18993
16284
1081
11210
983
9274
7677
28967
21778
35626
21692
19162
17978
30064
36257
19194
22319
20394
7348
10687
1231
7889
8281
1603
40138
8064
21284
7716
6547
23949
40742
17301
5261
40260
13378
10802
24808
36582
20655
18380
4341
26567
36827
6552
38907
11478
29934
25046
21285
34205
26063
11595
40631
4075
3949
17517
7558
25357
18325
33741
35018
18158
10161
21815
14165
11427
39770
4186
2234
36029
28791
9495
21216
15487
9125
26486
14311
14631
8779
15148
26605
19764
40408
12393
14656
19036
17594
24321
14989
13215
21933
3393
37244
21304
1567
15741
16468
8477
23959
34577
20996
18304
11103
40664
29774
38659
25300
39366
31796
39216
31243
19650
40090
7708
30184
39312
18385
4708
15981
12637
33226
35745
2610
4066
14709
3565
17132
13257
27394
14070
9428
89
39655
38335
3440
40619
10733
5524
30132
33469
4635
982
32314
9564
25711
24923
40621
7794
17252
23527
20382
20654
38240
1702
39975
35460
33841
18841
30388
30067
34746
32322
15883
15238
20980
26864
7601
20889
16967
34037
38109
15879
12549
33388
13483
8540
14835
30273
4277
18245
18979
4440
38197
39463
16573
38435
750
18795
7477
37579
16010
31746
29324
39905
4516
11628
4511
9532
36051
38234
33903
12746
22391
39762
14983
8245
321
30491
14485
25282
23449
4646
20309
3834
30587
38668
27564
10788
16046
40835
19528
2910
20779
10474
33881
22655
12068
31427
25717
36807
225
1223
20657
463
24205
27326
20681
7399
29597
7337
28705
2239
25065
10241
8500
17644
38305
25743
17875
4061
34457
11440
18848
3785
24165
8590
29201
7574
32006
13064
14364
37959
14869
12062
2014
20392
18364
30045
9958
4922
6919
4006
27375
2040
23633
32913
19872
30962
3846
27590
4108
37772
14464
11514
13803
8611
23372
35815
12514
20868
37805
28982
20481
15050
39850
6978
17108
38340
31358
20830
31405
2816
39425
26913
25769
24794
14446
26654
26606
14155
35514
33601
16568
26952
331
15843
2603
29878
6232
8181
17041
16736
4315
21940
24437
15003
39460
19898
35204
12711
35459
5033
24144
36326
35785
30254
20327
15478
28682
16057
7184
33401
38635
13636
36027
37972
37474
26355
10611
18453
34702
13056
3942
23885
16476
24761
33462
13370
8091
21782
28276
868
2879
32086
19997
14092
33775
10453
12869
13584
28660
23405
25854
10783
18354
9820
22456
36555
13800
32479
26342
33669
8443
33122
1200
22308
28687
31651
26603
26240
36931
838
37767
3717
30144
40388
27431
13030
14895
5628
650
12474
30059
19907
2079
33480
9811
27963
20225
25108
31287
35308
10345
1614
30056
1744
34021
30708
16217
16795
22370
16093
20018
16698
5990
9801
26290
40606
31997
11458
12305
7070
20521
17570
830
10669
18007
39231
28231
29910
1303
23134
9514
33589
14657
26449
31109
3215
3573
22882
3976
26202
4679
28973
16084
13060
1651
40477
19109
26648
15911
38796
8349
40240
1861
22083
36851
2398
21971
33129
11468
27216
8742
5671
32458
29206
29208
13391
19146
11877
24450
6127
25252
31774
40057
40329
20340
39029
18925
9721
26790
15593
1034
7754
9516
38909
40022
28049
20099
8885
38684
10243
28874
8109
22278
31317
35270
11061
31053
26594
31758
29999
24448
19552
18864
27357
3248
25654
22921
8346
33919
29295
28819
38867
11186
18878
19139
2268
26887
38037
16995
19498
46
19436
23085
7842
7122
17109
23751
25149
21996
28143
12226
8493
20271
20824
12323
19405
38403
15323
29102
26573
21003
35935
2218
988
8395
2964
22060
19117
27008
15098
36090
2260
36285
4508
1356
40007
6408
13007
20105
10761
2103
17082
37270
22108
37429
35108
35827
24920
9469
627
20248
2042
35104
18881
17071
395
5486
8077
28533
35546
35678
39998
8556
14107
37022
34549
18106
21303
1940
16112
14954
40002
6459
2978
11684
2615
34165
36738
33506
30297
21413
20486
8782
18207
34423
30006
40108
22045
30730
1063
8502
23519
19164
29319
6420
27977
34243
14469
28479
37988
24982
32551
35702
28734
36146
19607
40713
12780
38986
16569
17455
4539
27824
24774
19157
14323
27565
4475
17028
30881
29275
12476
23267
14939
40839
38059
6106
5289
9696
32780
28047
3213
16192
11902
4217
5323
6923
21404
27711
15611
25005
6536
31331
19456
17287
15138
33059
28242
34239
28744
19358
20850
10607
7977
24447
38023
28139
25338
27066
13270
18974
36167
37540
26653
1281
10787
36231
12995
28278
36529
10996
496
1563
4045
20891
15032
29681
14743
17127
37895
22876
3740
8488
29512
16285
7634
26792
36107
25
40234
10690
39656
29633
27062
11246
20747
25347
18430
32176
33308
1032
852
33714
36994
17494
22152
23355
10160
11632
33267
40018
34331
39011
12625
385
11644
11650
23034
21542
3801
24179
10959
39962
33334
3065
26710
10768
11882
7174
26055
2320
8297
13027
6608
20240
9272
9404
27580
7145
1896
12391
11666
8293
278
4998
18963
32993
26629
28086
31768
30341
13810
2542
14984
22022
4438
36114
15840
24080
19975
28411
23387
21927
3843
19553
4469
26753
39660
35997
32625
741
2939
25153
18996
2261
8915
12176
4832
14420
14746
33726
36647
36137
5798
35710
38086
20361
17239
40302
35124
6055
6554
3626
12145
8315
25362
2316
5357
35214
26197
23554
8154
31072
20383
35313
28535
5179
15828
843
6433
35501
3908
33293
5489
26312
26556
37208
27050
36364
26568
16331
12058
34738
9123
13819
37640
39618
8357
22533
27814
5745
40526
23445
31674
6867
19961
38402
21870
20289
33318
31736
36120
35916
36890
10756
2955
30378
10438
31602
21187
21113
39545
19707
12578
897
29428
32472
10672
14889
8182
22066
9752
3473
6036
4032
11048
30115
10214
22520
24498
19407
33808
13332
141
15411
18312
36576
3669
20160
10052
29067
12496
10975
1123
39843
14549
18662
15183
14976
40375
28199
32970
25686
14049
30169
39222
0
11913
20861
11407
25847
20913
40139
6928
39295
21672
13922
23756
25977
4784
5305
35587
33166
16277
11924
40730
18417
12177
27745
4287
30317
20142
15053
22016
33550
13078
16987
38642
20743
38879
18575
2495
13422
37808
16867
35283
14043
788
34507
1827
29802
7420
23056
29410
27823
20829
16111
21565
33390
9779
13352
16270
3100
32994
13303
30470
36719
22848
14074
20141
22500
35077
10026
17907
6851
31741
8435
18861
15686
21347
40118
1905
32526
23057
6736
14119
3043
11729
821
27782
37753
22873
23865
11393
16746
16772
23489
3186
9868
28225
38641
27927
27186
34531
34820
7314
32564
31889
39091
11479
1349
4207
18628
19676
37492
26041
1256
7999
16917
32582
4187
3097
11472
19369
37979
11081
23075
7981
40039
39319
38520
26857
15007
13061
33311
26986
4919
4570
13053
4433
33054
33910
14022
34737
10426
34910
27098
31162
22793
22179
26194
12125
21372
24756
38338
27613
7800
34461
18557
6255
32605
25850
28241
8146
22552
14718
18431
28939
20085
24714
26302
29502
11986
8317
16346
38733
2711
23313
28141
5401
2138
33608
15528
12107
7622
9377
11571
30187
14247
1645
14292
13846
28887
39895
11117
2956
6793
28512
45
34017
15119
32687
11456
15993
9170
30757
13128
16237
31392
22819
38702
27954
40630
29073
39648
21559
564
1930
38882
29105
16999
1292
7907
20182
6090
16810
9661
35256
25289
15602
19779
19350
5842
6726
15717
14921
1523
21335
13113
9787
15387
36987
37245
22843
40767
10558
36286
29475
1085
29916
33585
6968
38588
15945
37620
3563
23346
16140
22167
5927
1559
28902
38525
30000
3216
9561
21375
7612
26830
4350
5776
9897
22669
38487
2992
8694
9191
22700
13019
1138
31985
37859
25155
31675
9893
19385
19028
14812
10753
30489
23861
30179
37297
37763
35525
23491
20516
15970
1012
39689
39740
22755
4468
1622
33632
36086
8151
15824
19167
19001
27318
14279
12748
1534
13279
27477
29719
36350
35838
31325
40111
16590
6798
38366
26260
33362
22864
25423
28449
3389
12541
22266
4848
12692
30822
29616
38919
27145
32616
5665
9607
28493
38429
2293
18532
19729
33901
30137
1751
18025
37294
4335
40045
14635
35934
24839
25532
27605
33829
24418
25385
32380
18675
33772
3642
125
8169
23431
22120
2589
37743
39020
34710
40516
28138
4976
7140
11476
18003
29151
30892
34309
9110
33216
29989
28371
9380
21248
23483
38220
9524
12390
31251
14051
12546
24511
9635
24533
8186
15928
24322
2860
4168
822
18280
24889
29968
1327
38849
39697
28101
31222
10526
6309
24785
9044
7266
39711
5631
28424
31363
6832
26384
7573
11489
23421
26274
25698
32359
30627
26985
8413
35689
22839
28679
7519
25013
6287
7410
16831
19652
31411
9651
31013
30436
17518
25720
33180
35201
37836
14264
30010
25877
2967
5533
12935
6539
28867
6044
13543
32795
36733
38729
19183
32710
13258
29487
27702
4334
3777
4633
28475
15841
13003
33792
6153
2481
15499
12241
9989
10481
9192
19689
17544
40029
20614
17601
22397
31620
36673
26957
39039
27754
14953
12512
13044
38705
31980
18733
27651
22485
13709
38847
18582
27837
26273
10198
11391
14757
23471
39209
34891
37825
7765
7367
19669
31537
32074
10584
25029
33135
36908
38502
22323
24912
25381
4094
8836
9716
25817
18497
29757
40547
25606
32234
40485
10132
35168
18495
5072
7486
406
2699
39870
19359
14614
33235
32734
25184
21654
4530
18666
2231
30618
19301
15131
7307
16343
39411
11267
15800
1658
24319
8016
38159
24587
35291
33551
25731
34722
31898
30940
9756
34669
11137
16153
13955
4538
1767
7733
25649
11530
13947
727
2601
35837
13822
20896
38140
27827
38534
31101
15243
8295
34335
5439
27111
18368
28910
35866
40710
29167
5060
13088
24394
32094
34713
9295
19754
9925
21123
21605
39708
18853
39896
26943
35337
31102
40661
19324
18503
40153
16768
13519
28969
34869
19418
12458
5708
28392
7147
33331
28883
1438
32309
15683
25440
30712
2676
35760
34688
7912
27037
27796
15275
34109
2753
39676
20278
5740
30270
26221
7963
16434
19837
3294
36833
31531
26157
9355
13450
39849
38327
2335
7037
11593
5531
16791
17934
33007
9354
40805
18307
3567
8343
14863
6242
35923
4224
18585
7060
22539
10087
16310
40575
1133
11660
36960
6965
39330
24887
40500
40648
24968
40224
6650
4388
16889
19156
21987
23119
24614
38112
35086
38566
20562
13377
22618
21154
1967
18287
19271
31387
13820
33967
35009
22448
6048
26383
884
16447
9410
30478
27916
38661
5308
2059
13649
2986
37678
20174
36678
25359
37798
22913
20587
37371
40171
23828
31957
13527
29139
32977
27295
36159
22763
9949
27296
28794
37312
9254
38773
13474
10278
5259
8713
19518
13418
11609
35038
28736
26191
22771
39199
1471
33157
16955
11817
2477
23227
12478
28985
28781
39637
6610
6876
40063
19014
20831
35450
39141
9634
23670
25484
36841
24651
2209
28915
14857
1166
5485
21059
31186
30566
1480
26427
23423
21929
21257
23690
17373
32329
38558
1580
23618
19087
26238
3522
2098
7350
21261
27726
16072
36312
23503
1617
9258
10695
20184
17259
27612
25094
8285
20287
1449
25404
30409
29974
40640
15764
4058
12494
4546
40044
18760
10002
25558
35362
28443
17255
2480
28663
38805
21394
34494
37120
22697
35864
14414
29779
36692
27950
19694
25843
28944
2904
24152
11631
31586
31724
12045
16662
18731
24343
11445
5753
2611
1485
14086
7315
40820
39536
11733
10475
8776
33422
21523
18057
23701
39099
18082
15510
34249
3068
29170
1101
4053
28110
17847
16518
21956
24055
6436
28739
17390
32826
11868
4981
33776
16899
33827
33040
22314
22361
11556
24682
17835
15743
37735
26216
16499
18673
21392
11614
28156
27258
1499
5106
1746
2619
18299
19731
2499
4414
33026
545
37158
25150
23849
17229
32614
16203
33232
39631
26531
4870
20192
21538
9033
35553
30982
37840
32199
39709
37670
299
433
2379
7065
35747
17007
4550
4835
14772
17662
22490
35036
12631
29248
34599
21913
23438
11074
2074
13762
40789
35260
4110
7969
28016
681
35924
29785
21588
35325
9734
8803
31568
34452
9836
1807
24713
23422
13058
9968
6239
10466
30089
25555
8415
34416
40690
26908
12919
35755
33958
6745
1587
409
11279
34347
23126
35564
29142
36610
15732
10511
20195
22623
5431
6605
12515
26717
17951
1325
8361
14815
38818
40538
17254
21136
10094
20514
33034
21476
19765
14880
16103
34025
14856
19743
32386
24029
30125
14336
14673
31468
11728
25270
11174
30130
17115
1542
2203
24779
23223
3271
36755
14963
39959
28320
24811
4369
7195
4522
38241
40712
36148
20748
24911
26262
40680
31126
37193
24758
23293
26206
36014
26155
8020
2173
2682
40759
12888
37219
7110
16367
30920
39392
21089
18658
21649
14318
14483
33877
20804
12402
38609
20463
17030
4967
17478
5069
27460
6215
2506
25417
8640
29216
29883
7178
39680
25918
17606
25612
3586
34637
29111
9253
5950
17236
15433
24610
25373
32353
17699
9281
20644
22364
40744
17687
16550
3769
29056
8166
34974
9946
30721
25480
30529
25785
1492
40519
30973
39185
8214
23620
26972
27654
37252
4422
24176
7589
27411
22872
32414
22059
21531
29253
9082
20254
8984
11783
11339
1913
15916
23995
11239
8512
18347
7613
6226
20632
31100
20845
40155
34400
30525
14683
5266
10276
33175
38293
38822
16540
24503
29361
1837
22616
16941
12548
18286
17826
6974
10459
32739
34955
33078
2798
7908
33863
11438
10461
39750
36392
11823
25964
10302
15151
12453
21581
7071
24222
4073
23870
37580
27015
16514
23836
26765
13423
26910
23641
40733
19866
2550
27435
32448
15207
2288
16771
31472
33253
24763
30527
9966
32670
40579
30720
31825
23663
37047
38189
27130
11301
25981
11759
18047
35039
15060
10637
4792
1551
23976
785
21265
37460
6575
3012
19916
30323
15927
13980
16640
7186
25418
40546
6658
19075
32205
1638
34225
28384
9243
39501
34173
745
25450
4121
12742
16903
18558
12059
24619
25313
39674
22414
3423
6524
38378
9641
30046
33494
14025
36049
29368
18328
29531
20489
23966
14093
3939
4413
11452
5147
27794
11112
38546
27274
17099
743
43
6437
9954
35406
9965
22625
30293
14892
1109
38006
27077
6350
33116
12645
3778
38734
14918
33475
17820
34101
2847
882
19145
3397
27161
18652
26916
21902
39116
12465
22143
4857
26895
15881
37532
37652
38914
24732
16308
36230
13125
5358
16686
38815
37621
29168
2609
21336
19317
18617
26121
40771
36718
3645
37497
21228
5311
2515
27944
35135
34055
5347
14392
1435
3753
6486
32929
17358
25148
31883
39492
11023
40445
36473
31321
5309
31560
3718
4703
39790
5035
14799
2236
16419
17427
29460
19210
4492
38033
2028
20504
21739
24992
14096
13309
6612
16854
16823
30330
24105
28996
27529
3243
4252
2069
25019
24177
35631
33428
7994
8570
13570
22803
6543
7481
17915
6274
17141
20524
9394
7119
19415
8564
15715
4476
21145
26446
13227
440
15630
25909
35172
22301
6213
32048
23922
19802
9960
6487
27724
32995
12064
11219
29278
37957
29905
36186
2588
30875
2085
31888
32752
10688
16324
11044
16054
38707
38283
28892
11176
34237
25081
31703
36324
15490
6243
15519
26936
25092
6365
38230
17881
30644
33856
430
23838
15702
35121
8044
7610
29509
16604
23730
19060
7697
21935
12382
13416
4768
9649
24284
13548
22137
38749
760
35188
37155
20583
23420
11045
14425
32634
31401
22150
2248
29104
40545
18935
37060
10509
35577
35281
27170
18587
31950
16442
484
31730
33571
10574
7075
22672
10297
34846
40304
38944
10465
27853
15143
17675
18042
19424
29398
34386
24488
22409
20297
28029
8177
18244
194
15938
5801
7338
21267
16051
28312
18965
9473
17765
22995
39331
36005
26777
4796
21740
2573
36052
39375
25151
37397
14269
16702
7111
5119
39934
3643
5321
19880
29882
9770
26494
35778
9841
29292
23155
24098
12722
14701
598
29743
13688
1092
40475
13273
460
33994
4118
39361
7760
32364
30911
7438
88
904
9686
3003
29632
29772
28532
37010
22161
36791
27381
40004
10333
2996
27806
20887
20763
8771
37094
18231
32214
1904
21104
35618
40156
22128
36247
11443
26701
19810
15716
21884
33269
5419
20432
36848
27943
9275
16221
27758
18061
29809
13260
24014
1652
801
30336
19863
22238
33086
37289
28797
34002
24053
21603
35714
36451
22131
36371
32783
12516
19542
16316
10604
18676
3555
6917
30540
40571
13401
1030
19370
10362
22291
35605
13173
781
9088
26052
28972
17214
11189
35847
11240
20545
13331
10596
37129
8749
27171
4649
12973
40594
7742
3923
5254
34114
39528
39248
38239
8575
1842
19986
14300
21188
35799
24461
4905
24770
28574
11007
39302
13185
32049
22013
6804
38026
21937
35725
8960
20133
1259
37967
2016
21869
39624
4042
28195
15845
34600
33846
23660
27027
11847
14710
8580
19252
6835
37182
37789
4012
23754
32822
26107
8716
24001
21911
6674
40279
27189
6001
26114
13104
26475
25016
2500
3594
4257
19132
32189
27226
28329
39077
39832
36583
13667
1808
5340
29807
15350
26401
22800
11205
31205
37055
12122
7861
22969
33003
37221
36946
20992
29070
29787
26012
36426
22014
11432
23074
35437
23810
10927
22343
2700
25951
11258
22479
26463
17879
17452
34263
12224
22522
617
34941
14409
1501
6570
690
26747
20846
24481
495
8692
3914
35327
34121
22807
29394
7036
4261
14587
28718
8117
22752
9417
31606
30237
7996
32830
15436
34079
25235
19258
19083
15596
16
1671
3240
10281
2051
16706
36995
28654
14640
33302
20362
3822
30773
840
24647
32216
35452
39383
5993
40320
9476
12815
35340
29701
2830
32323
24078
8264
36601
22525
36866
37628
33339
37476
21673
36016
26932
4244
24140
14357
3590
21121
1879
37901
36508
30432
2149
1539
555
25501
26001
24789
16486
22424
27273
31873
32372
20137
25394
18680
26961
29776
14945
9876
12575
4882
1756
38457
20669
28729
2510
6626
7156
20059
174
20207
18918
36155
36258
21961
14582
5925
33128
9803
9384
20405
5564
13861
24633
1924
12310
11319
3770
31379
18112
40471
9799
40259
35235
20200
24661
5499
2087
26694
23374
10294
15704
37440
32990
14672
3104
31559
9425
16515
38933
39531
8218
398
9156
431
26217
30066
37756
4361
13937
36826
22220
16988
25172
31653
31721
28796
3747
19435
12884
2433
9041
360
28953
3509
30705
17342
6004
20373
19234
6972
28664
10119
39089
15924
16460
33247
8733
1789
32802
38454
1443
23274
24970
7081
21546
8003
27144
38484
26535
8579
4689
16263
18395
31807
3658
27570
5487
2350
17882
33330
10020
5091
569
31500
35180
40020
19514
14007
8889
16991
1086
38123
12427
33080
28840
2744
27771
7336
9511
25766
3074
19406
33300
16680
33913
40741
34221
24709
37171
17288
12277
15854
28722
17669
29698
34587
10187
34043
39793
8439
40392
6689
27159
16934
16796
5502
22213
17317
1816
20701
40482
36073
4578
13850
19291
40517
38445
14324
2783
19716
30078
17456
6712
29499
21317
26533
30318
5218
3661
23081
36859
16472
32368
33328
13859
9923
12149
6986
20556
20646
26210
27688
664
4195
40670
17718
25214
40170
30154
20844
7016
32797
36507
27876
16048
40395
21400
40095
27868
31435
33454
11063
5755
24555
15082
4851
20536
3421
16582
26635
32546
40536
2058
14126
21969
37608
35365
304
16744
2194
39946
11980
720
3868
5736
25922
32132
12894
14080
25477
26903
1152
30520
11160
38278
335
5015
13896
19373
28526
23023
18229
29837
22664
10016
23209
30367
14951
487
27446
28291
27848
5272
10183
35537
7585
13219
30275
20367
17941
7085
21268
8695
32829
16836
16731
3301
11141
34456
38614
1453
29648
3765
34088
34736
1469
13689
7422
26225
29136
382
40112
24509
39546
17075
850
5895
19757
7183
10341
33739
11056
24586
33532
5710
31206
1121
14646
21197
14550
18049
18294
38491
39842
25707
35584
8048
5354
1859
15816
31135
31692
28541
38459
21425
26782
24937
6955
21426
27261
18907
11639
33294
14382
8426
13948
24816
543
32337
18050
21707
32105
24900
28534
34611
26513
10850
2648
23714
39909
39343
15825
28980
36068
32501
28207
18770
36164
17529
38028
17411
15404
40651
7398
18928
2455
35751
13457
7579
27019
14928
30658
20546
21147
36796
255
15498
36731
29265
20685
11257
38057
10599
33556
24812
37381
35789
25842
6752
6887
28954
2008
36855
26925
20799
2584
31445
11690
32961
29873
29821
5713
30717
27742
17969
40704
19232
767
31499
5568
13780
13336
22879
20864
15375
30702
38573
33640
31090
32065
1257
34003
9994
21388
27594
18125
22459
18855
18217
13758
30192
3305
9737
40700
40369
7503
5592
36548
15054
34009
36269
28737
2771
30421
38352
37345
2211
7242
10089
38633
38895
23139
29315
34596
39846
32296
13976
270
37491
32709
38753
8429
40467
20542
15063
13768
9050
25520
1555
6997
18418
37115
3518
5974
6783
11866
32262
31841
876
25505
21973
4238
910
32689
14645
23367
25077
13794
12407
32078
5200
5513
40357
28548
10840
36594
14560
27297
12337
19414
15767
19860
4622
32251
18829
923
21721
20947
10652
23461
27631
7541
39473
39662
36268
23130
20714
7620
18416
18714
18539
24750
19532
33666
32671
23845
31281
32055
27953
5384
347
18062
34882
24258
26510
40221
35122
3743
6740
4974
24021
24504
34843
36134
37865
7707
36388
37578
3838
24903
22099
36545
9021
10395
7209
4656
453
17747
29237
40614
39275
31785
13096
37084
24548
35534
6949
11000
21411
25901
1211
11655
1643
26497
18142
6166
20836
24354
12253
10067
35763
17686
31372
23996
36839
37781
11229
596
6164
38836
35571
16842
18561
24526
35063
16502
37633
17781
11575
26317
19477
24679
32039
38881
1963
30017
16340
24299
16786
9831
6951
3033
24162
6849
29927
28124
26268
39647
12937
34618
17825
31461
6190
6996
32037
13328
20391
15065
12247
10291
14934
10499
2738
2501
35067
32794
20807
4815
16039
29753
7163
13172
10724
11600
10865
10546
6585
31161
25226
20801
31904
38503
10955
21143
16844
3018
1102
36340
5529
18571
15312
8939
5422
1227
28334
39566
31040
9570
15996
25438
31882
18447
22147
39735
24841
3584
34470
20630
7577
33812
22399
2294
40394
25810
22732
12103
38233
11410
1419
6977
18052
37816
24161
39124
20901
11719
17678
15273
9270
23258
3484
17080
22705
198
15124
8345
20343
37431
39954
28962
7721
5519
17603
15834
9265
25367
15489
25166
28401
2571
1457
19123
10360
32095
13815
12194
20365
32514
5078
27287
23868
2724
2697
38889
6397
17883
18288
20796
36067
13031
27188
25818
34792
12063
37242
32440
10075
33414
14145
36442
1984
7057
14024
31552
26244
13506
17391
20376
34889
20985
3855
3105
35822
2272
13773
14904
32157
21748
109
24712
10906
26580
27424
30449
39123
16396
4975
6673
13855
489
22967
20136
29199
17939
30482
6392
31603
12710
35234
12204
28730
18291
22484
4518
18331
4419
7973
20338
39951
3073
26588
7258
24788
35335
39953
32483
38486
7599
26000
4913
21909
989
19713
28886
10571
31611
19910
34358
2625
15990
13602
37951
38538
35082
23735
29017
40827
17477
11288
20989
20283
8375
16724
15171
27327
1862
38869
27191
7543
12559
21134
12491
9728
9766
11018
24660
30960
13540
3368
32631
31496
4641
15974
25237
23643
25508
7715
24360
33162
10037
40147
38350
27784
17434
21362
31039
20397
20638
4667
16887
13442
14986
18267
38511
5287
14748
6146
2457
35344
8006
10338
14335
38924
2416
39300
28550
8322
19785
8227
17203
32185
11333
21346
6584
40228
17383
2180
2887
25445
30759
38911
28786
33479
18643
20450
30844
15272
32491
38148
35770
19208
15469
3783
22106
31923
15282
8817
914
18668
18657
11253
22747
28779
11067
36904
21524
30122
24296
34489
27108
8252
19737
23327
9517
17854
23564
3463
37285
12050
19659
20873
1002
16939
15534
36934
16644
22656
20916
11954
11791
10830
37987
37570
33843
2508
33683
30536
27896
23582
2817
33291
23999
5878
40239
12621
14161
26409
20280
38188
39716
31195
4196
22671
25014
13067
36584
22493
14344
34026
32459
7428
34916
15583
31657
40591
5817
16363
13459
23502
34692
16255
29869
265
6990
34829
39691
30486
14850
35481
35471
2246
19799
436
796
10077
37984
33472
14354
22049
14286
31309
38463
36341
22031
24801
17937
4501
26786
38427
13679
2243
23092
11669
16163
58
40563
10300
25414
30631
21822
2934
3409
2134
36966
25547
26540
30353
32272
12756
13373
34939
40753
34766
14594
11764
30983
31406
5477
20111
19618
17174
40464
6684
10065
5552
29010
7164
10726
19235
29075
6496
5501
12413
17688
34890
24566
19352
10795
3490
148
14595
39363
8711
4227
9974
26200
10340
15363
34284
34074
15789
6227
3962
21082
36035
18754
16389
37416
4352
1461
29001
38936
18605
38000
35852
38964
3039
9680
28995
35049
39486
11809
20581
35212
35878
39345
2897
230
99
25705
12533
34646
26649
6167
12946
21141
16338
12689
2034
775
23637
30628
4062
12452
14115
39111
36098
9812
8941
14590
23138
4027
8768
28620
28002
3861
14255
21382
39552
30399
13699
40829
16154
38865
19715
12156
35255
2466
26815
18261
32878
16411
40533
22942
33539
20321
31423
34268
3268
34104
5429
23285
39493
40213
15356
16190
23105
34706
1320
19270
8371
36683
25409
21788
9257
13639
38119
30751
15520
16694
1289
580
29605
5695
17523
2539
34222
21560
12477
36788
10113
36812
37216
34312
27881
38318
15400
4888
21508
66
20541
26011
28116
36766
8867
18527
38611
10449
17341
1936
35225
40811
37605
20818
36015
23787
32381
34287
10118
16405
9931
35258
23624
7879
40019
37048
22311
30664
2581
34453
31327
1009
2680
4405
23375
33305
1711
24054
9372
20301
34901
8430
571
36892
38952
39384
14899
7496
19672
14868
9725
31422
20216
25168
9466
14060
23702
30057
11754
953
11679
13908
7591
19759
35154
31894
36022
8398
33496
12394
64
6479
32608
40318
17919
37591
2608
7710
18189
1965
18998
12900
32391
20465
35443
27157
34619
23551
7630
11083
4304
24059
6806
27489
18474
30411
24355
12543
2907
1171
6468
8352
39807
10229
5547
4282
23016
33668
16963
625
22708
26386
27042
17031
36119
10236
29637
7770
29108
19013
9048
3974
14416
18510
39836
23557
26406
7673
27659
32858
6069
30568
30620
15685
28390
27581
40580
11958
4031
13158
29548
29778
9977
26515
17352
14440
6000
34745
11683
1017
3405
8555
3430
28249
27454
30090
28255
26888
27079
17268
648
33358
14468
40306
20143
21923
37098
6943
36532
40564
16080
33871
3058
5198
5851
2041
39386
38578
32217
28575
19568
1527
37887
40574
16929
37646
26521
29610
24663
19620
30215
11151
23191
3559
34019
5678
3314
17524
29455
30329
34893
17142
7455
16002
24145
6418
2806
10058
31895
36092
10296
40481
14231
23695
22621
16115
9501
19461
24463
37545
25979
23013
13554
38328
4831
21659
13413
2714
23193
4927
6451
30008
22770
21584
24684
7560
9933
10886
14950
30782
39643
2492
23646
1743
28344
13644
32264
2871
24459
38300
25990
35379
5804
105
12765
11932
39907
6134
15173
35440
19197
18387
37420
28321
34573
20649
29429
25156
11142
21765
29834
24295
16766
27393
6346
16535
15025
5988
25836
38966
34385
40196
19122
25466
20941
34473
15877
4142
11796
14968
22728
27200
37738
27440
12097
39494
24956
32291
33561
2991
23211
9049
38245
2979
8035
35021
16685
8574
26432
34747
37350
5516
39277
5446
12633
40466
32727
11260
2181
36486
37813
8173
38226
22663
6283
30814
16133
38981
18283
33898
2762
2554
25751
29988
13538
32646
23283
31031
7678
32714
8232
39933
38016
38423
22831
16366
12785
18648
20348
16256
32019
27351
12861
37329
31345
4481
12320
23174
20496
19150
5724
26992
15889
9556
17971
36989
8372
28274
14426
7629
29095
11035
13488
21757
21159
29336
34262
21899
3796
22438
18616
8514
29353
13142
9668
24142
18236
554
12694
7689
11336
39458
24079
114
37660
7686
2053
18892
6558
28764
262
29365
18300
36194
20843
21491
22822
14052
16020
30212
16552
1361
8672
24432
18031
21843
19734
977
27826
30681
32148
5972
32465
20325
38414
30953
20047
23356
22842
27980
6791
28688
9381
2677
40220
37692
25945
8125
1322
31794
36900
25485
13029
36497
30689
32223
4080
8543
13592
7135
40773
4275
16185
103
345
30718
35299
30497
746
32545
32168
21867
40754
14073
3392
29246
28125
30075
10551
2488
1184
22527
20948
6407
16314
13598
12436
7773
37030
13813
36675
24847
3970
38545
18089
5913
6691
6878
39981
10559
4472
24403
38362
20849
24564
27874
37396
39249
28470
5212
35986
29177
16624
19421
19068
37135
8000
3360
22204
18366
29972
14239
11293
39702
14506
15072
24668
28905
14484
28055
24861
3835
35329
25604
16852
2545
21367
1426
29872
4560
23096
32781
8702
9551
26417
18372
26259
2670
39607
5252
29659
36513
36082
34924
13016
7106
38008
4959
33935
2818
40135
16433
32182
30233
38076
29749
25837
34546
22630
9094
20774
2395
18459
18564
12939
7785
9366
13469
15242
31134
14967
3358
33112
23282
33623
32865
39287
36401
16173
39030
10126
5207
3461
29840
32680
32726
14027
27913
11735
1377
33782
27835
29534
4706
5196
2162
1053
17752
6596
37198
5792
13511
24771
172
24846
29554
229
34432
36158
37867
6246
23587
26070
35474
24778
20805
40718
29657
1997
7930
13043
20488
35642
36671
9689
4666
33944
11453
11898
32363
21792
1042
5165
39727
17973
27971
27010
6042
11501
15650
35380
24945
8810
1818
8026
21925
18466
31285
18237
7243
3242
31334
28742
8969
28946
19361
7454
9032
30877
36398
33019
39433
21635
20765
15484
14653
28864
26802
21865
14337
21036
10653
11646
32754
34359
7758
13927
29285
23233
32778
30745
18016
3977
7154
9467
33999
29084
23884
19828
15517
11566
31868
18919
7535
32869
36927
12246
25807
18529
15153
27049
20598
24117
10893
9938
15568
20094
34512
6454
16168
10770
31297
9131
30901
10878
26186
1243
25560
3662
11310
608
33
23495
1189
33090
10722
15929
570
11295
19811
33042
26553
27345
12851
15729
10924
31000
2078
3297
22794
29179
17901
15125
15219
8618
34852
24259
4595
40503
17988
34433
11862
3869
20997
26851
38382
10267
771
25732
28780
10680
39809
35634
15798
15544
12091
14490
7260
28817
31456
5297
23026
31710
6929
19086
13710
38798
27938
16902
557
8262
31745
12141
40521
15208
2634
37783
10944
15736
23654
30853
15639
6994
38359
13796
12508
7331
31865
22093
7990
26749
28525
30836
39336
6556
24979
3836
30936
40588
13608
31259
36873
24543
8755
11499
20675
23580
21066
32717
3583
28653
1670
5780
7473
27496
33565
11910
39092
20151
38586
25768
5247
5371
11265
22688
38172
737
1100
20084
8932
17556
12782
16699
4733
8667
24030
8170
242
34595
20419
26579
29880
7222
7187
3579
22587
20822
94
15687
4926
15338
23181
23689
28919
36672
32461
32760
22325
25947
5071
27358
31051
30791
20926
32278
6111
13042
34132
2291
26037
1571
6250
20908
4024
39488
16478
5985
23416
35937
39670
3839
33890
13876
33753
14887
32701
4068
40204
21556
31124
9692
28501
35114
481
4065
789
12384
12237
4779
24116
18040
22413
8183
791
39290
33754
24531
10790
31087
31769
23816
1021
24257
4842
15120
14972
38977
8025
9701
17810
3099
29979
319
19953
13276
36635
2846
6252
36061
26593
10851
7141
13462
13098
13429
40255
39065
32142
39610
8948
40396
15817
17976
25610
25194
1939
527
25057
15371
14367
12264
34459
6639
4609
33264
20841
11841
34402
38368
13590
4109
38309
17676
6839
35385
24035
12270
5275
7572
37960
27760
4577
22515
15842
924
39633
19988
10845
12188
36338
1867
14579
10957
8639
23766
37190
20806
16905
17188
23036
29709
9558
18119
4648
33716
27560
121
11082
32922
17076
7919
4340
24832
2981
10099
6364
27361
25255
21591
15456
6395
10334
16193
33355
36260
21299
21387
10677
10025
35989
37444
32899
2456
40037
16846
11022
22376
16410
38560
32715
40195
15256
7480
29158
32024
19133
39587
6522
15695
14974
16714
29360
31828
14844
36161
23508
1710
37435
16790
826
11243
15690
34192
28608
14476
3727
13023
35284
24009
20166
6130
28866
12256
38038
5702
12395
26898
36961
6357
32844
3094
8492
7203
23717
27763
21579
5887
35141
15607
2394
17824
29674
10424
12157
13637
27243
16157
23506
20780
40844
4380
18632
14289
21667
1846
29702
9338
23219
17441
39352
39960
4482
2094
7899
5837
16104
40698
35149
5567
4571
2373
21273
24199
38825
35832
39279
24034
2030
31658
10256
12786
7282
758
1952
19007
22172
3411
20933
3578
21311
21258
3556
1108
11908
20766
28767
2658
28264
17812
2280
640
14415
23248
9259
23192
18916
11498
13390
6621
33120
9554
6071
20276
20088
13801
29304
35370
39055
37853
21030
15421
29849
26938
15011
15140
37535
6644
25147
12438
16172
30202
24249
38506
3542
21900
14151
33155
37681
28335
7727
25763
10322
15225
10307
10206
12076
33160
11348
26115
32735
1099
37424
30423
4610
25302
38122
29207
9119
8501
36104
11414
27808
33236
4525
13745
14293
9470
15015
29110
30200
25681
9858
9916
36356
30958
12569
27752
15562
30018
4423
28495
38834
39512
5796
4520
36330
34352
40340
10246
30890
27597
13581
20819
24275
39668
14021
14539
24965
40050
19762
20013
29794
19784
7783
39700
38231
40348
37833
24953
19525
37403
23067
790
14762
9587
2265
9252
18730
23864
9373
28473
27312
25563
6879
38817
21357
5609
7063
30492
28598
12472
27514
30797
27804
14862
15915
22509
3561
5703
17745
29416
21590
6446
24781
37024
33295
23982
23040
25860
32221
19660
23526
26881
26841
31905
24443
32219
12121
40803
18277
9614
22130
29404
4762
2989
10049
7349
37710
33119
17122
26118
27593
35431
8036
15645
9567
19209
6831
23326
13517
30465
23226
39902
9303
31949
15586
39203
5369
4678
18921
17566
10532
27364
15514
6907
333
33041
36536
25513
17815
17645
20869
40415
5509
245
30373
16059
11013
1957
16703
23544
11049
3329
11031
13176
9346
29395
37732
7322
8171
17155
26829
10567
29481
29568
14118
34374
8679
29664
39911
22339
18118
38290
2970
4
24554
28769
20030
34698
35272
39991
34933
21297
27569
15017
18374
18
20173
6089
32126
38799
40627
7191
34060
18137
15132
23306
257
38020
19155
39114
5336
4018
12695
40168
30928
9553
26190
36291
15833
36449
31546
26995
32592
15600
31711
34320
17972
28180
36021
35841
3656
25097
26203
24612
36147
2148
19326
21636
35586
6794
631
27339
7469
24281
21291
11588
28215
27920
2595
18803
6526
26205
19030
26060
33658
13350
24963
38271
26954
26935
39274
19228
34255
30063
1687
12830
21438
12373
15043
25231
20057
36774
34277
1174
12437
6253
2844
24680
35930
5469
8233
28441
21863
9114
17018
33737
39278
26438
16200
15803
12232
38252
23429
28269
30761
40592
28745
5823
20586
8951
34048
6303
7562
40270
4521
17149
13622
38075
13265
21009
11182
18196
9594
27290
5758
77
11828
10755
10999
4322
4740
7910
1764
7483
16195
14399
24237
14368
6801
17137
3307
19991
13984
38737
4235
37315
8661
26477
30362
38900
19273
32438
22858
37517
21088
8921
4003
32115
36244
31160
22829
1215
12916
19963
40692
33755
32116
5450
9336
30128
16583
30375
40714
459
29423
31008
31217
27051
9454
4928
34582
17551
8134
435
39165
26104
34065
36653
8409
31453
23059
7128
12295
8563
34336
8743
36658
33708
16088
20452
28731
18509
11525
700
9704
5456
21877
39704
32002
37473
937
28179
32215
4958
2564
1995
5578
13476
20742
16904
3990
197
28488
39538
22463
4669
40432
31033
464
14163
13162
494
9374
33117
15957
14229
17148
22051
11950
1208
12977
23264
15553
5749
5286
17097
21519
38504
7750
25955
2812
28292
17057
24151
37926
12379
26708
2498
35066
1761
992
20770
28011
17530
37917
11175
21465
38144
26610
1943
450
30127
4411
5735
823
2163
28824
19177
40709
26164
29012
2980
13824
23185
19647
10357
27117
30104
32768
27022
1264
32861
17931
31518
34076
29530
18879
3167
32030
34346
36923
32186
19964
32163
13249
36540
23378
1770
29307
19658
25998
7522
3992
6930
28340
20547
13873
20070
3354
7311
36973
34970
2249
35381
21110
38540
12690
15062
19582
34946
30670
19931
29609
19480
27120
32198
9219
11978
35398
10518
6609
40010
12466
296
36453
37941
5482
9158
39630
14554
10239
1799
4263
36688
23045
26955
32700
12158
725
10048
26366
14711
34682
30457
28079
40645
27891
38431
33789
34063
22811
31023
35371
2613
35230
9492
32746
6234
31695
13556
715
15185
36422
7818
31088
17265
26994
5651
3091
11767
10747
39852
2312
20741
29515
13179
15552
8765
2675
5544
15769
23984
12698
15549
27892
19009
40620
7956
28644
38447
35506
22960
4756
7366
38600
26420
4599
31663
32816
24699
37584
20049
39781
27298
16804
39151
28669
5589
24023
24430
30285
25994
29896
19882
4407
449
5500
9362
25570
27087
27723
39208
22216
39283
21185
1074
8092
35835
4451
33781
20589
34113
4410
13237
15537
3023
25992
33717
27932
4270
40641
24980
28040
26689
34767
18807
10061
4566
19905
33860
34535
36564
34734
34135
26453
32677
23078
3007
16312
28853
23086
7557
34598
33936
15094
37079
21359
28708
8979
8881
10819
15508
3972
21834
8815
18794
28668
11025
36277
29405
21511
28281
33793
31963
21604
6508
37740
13532
8082
27334
24329
35990
17640
11341
5876
14332
31821
25808
28001
26742
8942
26344
9019
6404
23975
16293
1562
32495
20878
33961
40505
16765
1866
21665
25253
8652
23786
24338
30898
29949
39851
14734
11625
18303
12845
32056
8645
15029
12814
30659
15557
14396
5044
39019
40667
2489
26960
35171
7552
28612
6430
5826
34283
9399
33290
16759
31332
33237
40151
33089
23082
23676
34555
28409
24045
26770
25618
6583
36187
8912
20756
27016
32090
33383
33371
18975
25761
34244
30767
29526
11983
4494
16183
15206
7682
34686
20424
5962
22259
12656
4397
4752
3485
25384
4604
2630
29818
32667
26801
40148
191
4748
25053
11586
6333
7
30776
27426
11703
8084
19798
40149
20055
28427
1161
10833
30012
40532
17602
28362
32613
9910
782
2240
25020
17516
37914
32400
11053
444
26784
38474
33389
16755
1279
19993
34167
6533
36630
24563
2418
19102
33280
3390
1854
21718
7865
8327
28223
23712
20728
1586
37950
39341
33429
35941
2255
15416
1153
32149
15921
1380
17790
20627
14457
35567
33287
21128
36279
20028
34673
26086
30675
32580
15022
4805
9238
31937
33968
36685
22098
15509
32920
34231
39321
34528
6079
22071
35787
23724
37178
29091
18866
8865
36897
29
29940
8216
8491
18938
23648
40573
1496
12835
37807
22632
7671
31426
13366
959
834
36236
17557
7356
22368
11629
9177
2374
23246
15190
4368
26422
26891
18219
2160
1414
11536
15244
4552
30416
18804
24655
15807
26619
9121
7387
9869
7139
33554
20267
14164
31515
15069
16510
13399
16300
17983
27212
12968
18748
6335
15139
3644
12530
13028
25309
4285
516
38372
37864
27140
34178
18671
14287
19917
23413
17711
25365
10100
9794
29604
37400
7520
33365
12357
27254
8805
38770
21218
34813
13852
5411
25632
4544
7049
27739
9982
39590
35384
1733
13612
6128
27727
31912
26187
22713
12796
14428
2511
2493
8536
17761
39393
33123
37112
10460
22865
17074
1199
17672
6475
10811
23492
35895
1353
33636
5629
9304
14933
31726
8681
525
28827
14515
32910
4589
9387
36418
28188
19044
14205
17413
25777
37711
22317
40613
8366
33249
11130
9793
20485
33861
369
31979
7177
30173
36572
27430
35588
23294
34848
11371
36001
4834
32344
34834
34344
7761
2126
17401
34559
23297
33559
33778
222
25920
28987
40364
1857
23656
8201
29189
3940
20493
561
13619
19944
30835
24955
9723
9628
39794
30191
9577
34090
14084
24221
34639
17958
39861
4529
36406
10060
4077
8124
22654
27172
21894
13266
18990
2730
10
20635
22789
39282
25363
18763
33340
7318
6032
23918
21499
34325
19465
1489
30852
31270
15860
10887
258
21041
23485
35673
32042
16631
19408
3884
2572
25885
25771
36304
29947
10314
1961
27554
18592
25952
479
14017
27811
39800
38108
10940
29765
3524
36745
27568
8953
40203
30743
33381
5571
14005
16180
20834
13549
6257
2031
20919
21289
35793
14445
18664
35486
5906
22489
651
11424
23196
19438
35794
37
6427
35177
38284
39071
7933
20095
40752
32218
27199
40740
28415
5449
30279
33017
27744
8850
15550
24157
23827
40703
35849
38238
18633
817
14386
35589
12003
22531
32170
39986
1408
23109
3095
38312
37394
31093
13567
16992
17649
6223
39746
18179
27113
8286
30363
31062
20012
1613
35798
17194
33633
24271
1725
7323
5608
13835
28070
38404
6535
23577
20244
10586
20074
3419
3768
14873
10400
2201
31922
12755
28637
5412
35404
31377
21090
39791
31584
9391
9545
13147
15846
17233
19466
40486
12733
1813
38085
34498
35765
28811
28337
29060
12704
23598
40311
2386
3996
26478
18415
8859
39503
12714
40344
33767
34850
163
38091
8284
19403
18967
36440
6559
36585
33296
16261
31644
8841
4400
13657
7905
17959
5214
22415
32980
24462
8949
28289
34198
28531
30472
22149
35819
39021
39135
21760
5421
36595
29796
4935
20368
4753
35174
39401
36252
15382
15080
3816
28224
5070
36982
12269
26319
1977
18783
23024
9859
9405
22888
6467
21184
26117
13123
13308
29184
35681
33099
1214
34396
10098
18170
27332
26296
22231
35707
28097
3960
36891
24836
24398
933
21947
27383
34375
25988
35085
18567
22313
12044
28935
15795
12192
16830
946
37736
4942
12791
29951
30121
26917
26358
9632
8843
7250
24495
17510
17984
39102
15342
33088
22519
11543
7744
35520
20100
11840
32525
36466
8423
16272
11107
12772
15418
4173
27310
1550
27852
10001
5132
3558
29676
15332
37327
1204
10581
5616
33842
38268
22568
28349
31412
13897
26926
19330
35112
23570
5090
19550
29209
39074
30874
3257
17515
39609
24733
33313
7182
37829
22157
34985
4169
10588
4367
16494
32348
6692
15122
33177
2305
9979
36344
28599
34340
755
8111
12164
26698
31403
30304
38344
4603
27641
7901
40444
28280
2359
19029
21517
5481
30288
17183
33862
40104
34401
40431
34967
8838
5278
6435
23804
17624
30390
28367
39464
40458
2712
7257
279
3093
11916
40275
28806
23447
39327
1379
12933
5208
22422
26684
9676
5444
20686
22193
38223
16838
38162
35899
27068
35442
14682
11032
19219
29618
36410
26321
3476
29727
14888
31152
23079
14508
38676
13281
31887
21529
23908
4661
21518
34560
16778
1010
14956
4900
24573
3298
26058
23711
26950
26017
33614
5151
6788
2557
5464
26915
38568
1893
39160
24917
34390
1131
31241
40675
33375
6115
38510
22432
21332
38744
26443
27762
21762
6947
31795
36879
15620
34928
5624
24607
16128
35663
36238
36714
39626
8789
18034
12876
12155
26897
24052
30597
10348
30662
26092
6748
38610
13535
27545
30630
35022
20203
20324
29302
2384
24918
12239
28364
6523
35092
27735
40201
19817
5984
13435
13304
28204
25416
18942
28642
29217
16204
5773
5291
13256
2377
14222
17156
12804
22175
5886
16055
11298
25962
29639
29051
774
18887
8775
14116
32529
13317
20037
10642
6957
35203
37731
9278
27800
34630
3937
36618
25007
7582
16171
20931
6623
24997
38229
18351
9263
36223
7848
13561
26867
25873
18193
19452
20960
26378
34137
5809
537
21571
26329
15250
30327
31368
31054
1321
3698
35829
16198
33483
20588
25680
9370
27136
27133
30048
14442
1972
40435
13174
10269
20077
37705
31388
505
40184
40027
31671
33977
23953
5061
15299
20817
33369
23640
25601
22295
16601
6288
2139
24253
14491
21681
9301
2931
10628
8005
39559
4686
4251
35464
15765
8336
17476
13180
11674
24047
9600
13798
9193
412
35717
38543
12719
12555
14770
5898
38417
39720
31738
544
20293
11014
24946
38170
7347
38482
8602
3422
2862
3355
17864
40440
28795
10937
2719
38465
18954
36329
12624
39272
15857
27663
14632
33543
21551
32263
3499
24344
5601
19398
31953
19104
31797
32129
28904
37852
30054
24552
28316
9052
6052
30523
29759
13144
10619
3664
11328
7638
24022
12257
22683
8943
27204
16586
37469
40134
1224
39822
14977
8720
17823
25401
35549
14137
4336
24971
3803
26230
28934
6731
23955
396
11303
18027
37262
5271
1328
37452
34620
11187
28601
24924
24324
27248
13349
27645
11934
21979
4002
20453
17323
18489
24990
22570
9658
3233
15737
36792
28020
3062
4382
8412
5866
8176
9749
5158
29233
23140
18473
8397
18534
23811
20935
33521
5155
31737
21624
28929
19223
24088
34177
9684
32895
12775
20019
11852
5688
31484
13475
26968
20717
12712
28556
35193
25141
9100
9682
19072
37291
36243
11968
31261
9854
17472
6325
30337
12787
38005
33607
32375
23011
21570
40493
8103
20458
23249
28889
863
33694
7751
37952
39868
14432
34108
36845
3690
18686
23141
16946
40616
33693
9839
17303
35959
8934
13743
26519
14274
15574
28075
11923
13280
31012
9618
21034
3500
1313
11106
36519
8019
3505
14964
16672
688
10045
35802
35635
38902
21813
24960
32711
10441
27884
35890
9368
33905
26788
23345
6294
613
277
30889
23725
12485
14208
13751
23606
38244
37103
9583
4360
26752
24687
40748
25140
22069
16134
6484
32230
24484
18127
17870
20346
24829
13830
16481
37311
13083
22406
17365
24601
12106
17336
8290
39797
8353
1301
25693
11805
30259
5000
33639
30984
28897
12969
1640
5523
35250
36743
28834
5741
35942
256
39978
3677
5100
20967
8276
1819
39877
18669
6548
28309
34919
25963
22038
12039
20879
1996
11552
16870
1565
18621
917
33033
5770
12680
37925
5372
26126
22634
27164
8458
9713
25009
11156
20387
40498
36339
28230
17910
32610
15985
30562
11721
5897
31306
26873
33538
14736
16542
1826
16169
10963
15361
28404
12604
14501
37724
24410
343
2145
9042
16322
14361
7271
2503
7200
6546
26978
32431
38363
15358
30199
9630
13362
8962
34129
17313
5763
1355
19922
4624
26980
22327
20566
39048
17902
23934
9224
34979
14465
10651
33924
35473
27277
779
31777
12617
29852
15196
6264
24599
24475
2580
35377
10712
24803
12065
11976
32013
34083
4160
4158
23488
3373
21741
34201
32387
3535
39376
5012
33252
101
5728
10354
24383
39898
15564
1235
37220
39268
22192
23247
39082
35420
34943
28460
34959
9997
36011
841
13530
32909
6238
5539
37943
38727
26270
22085
38968
31535
12934
39315
17364
8271
36332
39377
21773
38044
33875
29781
31598
9943
803
8811
32713
24821
15876
6958
31943
18608
14305
36281
11034
6120
27958
13046
13301
22930
4819
38637
16602
29255
13289
12432
23591
40115
21389
13995
624
14482
6848
18428
33051
6217
2873
17913
13529
33934
5058
7159
18538
21249
5373
8707
858
13479
13560
13734
4493
33274
28581
14600
4485
18753
7656
2870
27512
10797
14378
4389
38130
26360
38024
23330
26109
24005
33268
32939
39831
21663
11903
37307
21735
23418
16000
26789
40492
15031
36599
34739
22274
241
27344
38807
33403
23520
37074
5440
17111
7343
20000
18445
26644
9184
37733
23398
35623
9111
17628
25337
18145
33130
19470
16732
38276
32654
17337
9269
16446
22585
23769
10636
24374
23651
39802
11851
17250
30325
14919
11008
22264
20577
7873
3844
644
35294
9909
36009
7133
7931
4379
15136
2590
16519
30508
29758
29684
3444
11948
17008
23468
32502
17948
17202
21633
13821
1240
39563
24768
36221
33198
26125
24869
12180
25210
30152
22151
36941
24251
19914
236
40180
17497
25048
3918
2036
2824
23881
20736
4208
10456
9785
5904
21580
33975
20128
7015
29418
17310
3438
5413
227
38514
20163
26336
24365
11883
25894
38788
11400
30038
23133
34521
36311
16354
17153
25003
34460
27994
27024
27599
1941
19776
40787
3374
38255
33548
22464
26364
15468
28888
20642
36534
36402
34012
9247
12193
17347
13231
27696
24469
2974
9028
9327
34229
9390
27030
38528
8583
4259
6431
20515
39263
10609
16553
31719
39026
31514
1141
23882
9678
4515
7325
40663
13188
8211
12883
31801
36581
27069
17451
15129
38859
26991
23597
31169
9653
6671
32706
36503
34279
29437
26124
14663
13252
30153
21447
28751
2768
17316
29703
3451
9708
8076
3929
37341
7713
25350
16993
24316
19604
17647
2108
38777
8308
32509
37663
2219
19732
18980
40817
4948
38666
912
34687
33446
35561
32222
28559
4292
21441
11222
34481
429
21312
35612
27151
25531
6679
8217
24575
14002
30993
6772
30112
889
15156
2111
25473
14923
9135
29976
34572
1920
36384
10495
27504
26078
35671
34851
34034
38168
17228
4029
1955
13097
19449
14980
30444
29801
19709
28500
28587
21449
22012
11144
8438
33188
12721
13765
19544
35555
34568
3414
4401
21492
2151
20335
21409
21061
18187
3154
28494
26412
5195
26844
35472
20976
8751
5934
40109
14067
39764
17421
11346
26005
2872
22385
10170
17339
37006
20927
28684
8302
38587
11626
21945
32759
13364
987
38132
40581
4881
1110
11412
14100
17574
8822
33943
16618
40263
20672
16060
28307
2005
2198
6197
4231
19744
2861
16465
19833
8061
31836
25734
26662
4460
16639
27946
31967
25024
35200
1498
13291
14121
34485
32834
4891
28023
22620
9256
5077
630
7294
1747
22475
35733
32325
27246
22138
3675
38436
6893
21986
13383
19968
30403
34516
12035
3332
24243
9930
713
8517
26228
40552
26161
33493
27114
20082
36343
27420
26119
20412
17655
3152
31591
29623
25161
38581
11285
1217
2853
8673
31248
16206
28882
13445
18590
234
27399
19979
5914
38215
16290
32771
34662
12015
37392
239
6394
22145
285
4812
8316
36450
32555
3340
33675
23030
24512
18951
985
31720
7342
23348
31200
18129
34206
11793
4230
38569
13525
18249
18455
31740
32108
16464
24621
16847
4025
24188
2717
33814
2353
16049
11477
20020
15459
18226
20639
32536
19000
3443
22310
7645
17039
11726
25327
18637
17977
35737
13041
12495
8011
25973
10006
15735
24423
26181
31466
3587
11380
23182
18537
5674
25797
6273
38039
6094
11054
31610
40299
21983
14418
33783
21732
28815
29249
36464
11558
34496
40405
17859
1517
38945
26612
25721
5648
28807
32732
21229
9845
6588
6172
17592
38280
9790
21599
18845
39666
21858
15751
27675
32407
32959
21771
15720
8558
36936
29202
5794
573
7805
17904
29323
31091
37374
32429
32765
36919
15649
39397
12902
33455
30987
7490
1185
28387
25422
9644
12602
24493
31661
30517
22280
24578
3217
31020
30821
10615
21702
10862
10447
11892
17692
4822
15347
12891
572
40715
20839
17850
5417
39880
37686
40242
10112
15543
15859
18865
20866
1741
13045
28571
19125
3943
33424
10427
27668
32721
39522
29425
27562
25620
29137
30301
29671
27222
20833
754
26131
19945
19774
17276
31881
6823
26781
6984
5183
10043
24332
25710
35405
18856
34896
13840
2100
12594
26602
35540
36951
2929
1647
21194
7681
36869
7698
22915
30827
2464
22970
2772
30586
17837
1500
23563
32200
13020
28952
3055
38765
29710
27987
26523
37557
38596
401
22636
4673
39465
37971
32814
29312
20560
23588
10221
17143
27325
33641
8819
14452
16975
19343
31698
6345
17017
22504
32628
11194
7718
27230
18987
5224
29791
12987
35994
31018
16599
20520
8546
1083
12046
16532
10627
5756
5689
387
32843
39446
1945
1097
7092
36644
14878
2408
33178
6646
14202
24202
26905
20258
37761
38081
4484
2684
20374
16960
34551
7035
15560
12172
15748
36391
23647
37045
20464
34032
29271
9615
16306
26982
25037
37065
35647
25047
37940
22735
37796
1474
14294
26845
11066
22174
15460
38949
12872
10440
12461
29435
8185
2274
9732
29159
23111
15698
11332
23072
427
10473
7179
14688
32963
40352
40842
25932
1922
25869
20208
8686
17234
1779
34775
5657
32369
36494
18572
30593
33316
5939
13022
18301
39243
1468
3228
6756
12666
28009
2949
4479
22878
38074
4886
37503
18435
5605
9299
5656
16876
5172
29169
40728
13049
24396
13901
15691
3126
5634
17838
26139
31767
30369
10181
8495
29549
1604
15799
16794
32606
12411
21856
31252
4255
8487
14761
31009
26489
25931
31312
2593
23469
27618
7390
15104
26721
27444
25399
9166
31706
3168
14924
24888
9483
38630
30641
13094
23901
22508
26876
36853
16657
21463
39753
40343
24969
20615
37896
19294
6511
28976
37802
25770
17458
6222
36347
1695
20329
21164
4194
20633
10376
33436
35712
20837
32436
12904
37928
14610
12201
39692
9035
5725
17760
40066
22103
11043
33813
19051
10576
20917
4811
35585
20909
23035
26455
28894
752
10589
16012
18839
38800
36549
3707
25723
20015
25809
12165
1230
10650
27201
18999
16232
24287
28837
19487
701
599
3290
31799
36217
4478
6391
15158
21093
40238
38249
710
34281
1334
24767
16454
35800
20618
2356
9286
37966
12627
31208
1158
9118
30383
24147
10265
14519
39789
11457
10782
24540
16497
2471
3694
15554
30488
20912
22707
1363
24075
6179
36818
24246
39184
7851
27146
17500
36028
25673
23414
28610
4906
6618
8715
2096
17596
39276
30709
28931
36926
20956
2439
15084
3291
23255
5738
11490
27648
29497
10517
15092
14800
8460
31970
20591
29382
25217
13931
37942
8763
3905
18900
12607
4787
36917
2994
37869
10403
29950
29308
28589
30929
25233
16937
16077
38559
22836
35554
19453
13018
19927
27611
10429
23279
13818
6926
24486
1662
37304
11576
14965
14620
39347
22365
4467
16033
22633
33918
3306
16930
12914
15905
27419
10831
27531
6419
20575
40016
16403
9718
2196
31356
14627
16439
9521
11706
16302
19495
37654
32231
39537
6690
15976
26778
29145
9805
15493
4554
36700
13964
10947
31057
12879
27731
21977
17793
20977
28942
2792
9020
37305
35148
5966
11408
19670
17773
14003
16249
2867
33677
7089
38440
6393
5956
34408
38957
20222
33972
16636
5244
8406
37923
3232
32308
9891
35095
25070
29594
27250
3140
36309
4390
4585
16675
23448
26759
17437
28725
17619
19805
40604
24742
28476
18694
11712
35436
1432
15179
25180
14987
17327
29005
20848
36543
15474
25996
9424
36023
14831
6476
21754
22894
16571
25805
9687
31996
30240
2650
24942
25098
14472
1404
24412
28595
22062
22246
24042
36278
27577
32114
33914
2292
22917
21960
29993
16907
36139
13187
23649
25336
33156
945
28380
33663
4846
16126
22121
35812
39040
16500
6161
30716
14172
8311
9867
4355
15458
9945
26243
13753
23266
19559
35147
1429
34942
35926
38875
4329
40551
8756
38616
14210
7807
17322
7623
34039
4448
25795
26812
34235
22119
27931
393
12641
18636
26128
1366
15936
40082
20782
14510
25113
3008
40618
17151
5994
31376
20988
35677
23860
26424
9079
16773
39580
35326
33834
36008
38325
19011
5255
13972
8140
7767
32623
28773
443
20229
11641
29303
17263
23631
12536
34930
11091
24164
16062
9834
28234
19976
6201
2811
29287
3040
30198
35099
3703
3267
2525
979
16125
7532
37306
20326
29203
6295
29335
10237
30426
8545
23988
19578
15058
35186
4087
20495
20380
40770
24194
31112
27530
38294
39600
9502
19926
38313
26819
7082
34371
5332
29459
3767
11235
37577
38069
32249
7453
8603
266
38090
7100
14906
36512
25946
29236
14503
33176
10110
15214
24894
27882
19577
25874
7460
20035
33917
18044
19280
9808
36666
2761
32528
26066
2728
34185
29865
14751
25415
39042
39439
30592
30954
17920
4331
2958
18323
39550
32464
13971
15652
34479
26524
12331
33354
24914
26062
38787
15059
7813
30914
12249
34393
20854
12481
37238
13663
20953
10093
17926
5452
29925
16982
26565
17172
29771
12218
25257
11939
19206
20900
8367
300
37792
34652
26831
35594
37298
39737
26574
14715
13727
22976
31791
10648
20955
2532
1306
13093
1029
16450
17440
23729
6865
13213
16933
1978
8904
8703
30339
15331
19758
13677
22118
20582
38054
31163
11516
28296
14372
22340
29205
11442
29564
10644
13271
12367
18835
10171
17727
13155
2685
36183
26892
10230
14339
37494
25447
31168
28545
23652
18952
25004
7441
25663
10492
27928
32181
9311
24211
25933
4617
11541
5944
6682
28299
36860
33464
25221
32068
15872
17129
6194
14438
12389
27352
40479
22420
35064
3665
25196
27231
5063
37561
3270
29874
40507
24792
23322
2905
21383
35033
28750
28448
2583
16559
18469
24060
31481
35438
16274
8530
34381
30865
25639
17858
5105
21803
9217
30588
23765
2726
37881
18274
25780
3932
36996
17954
1399
21881
18705
35547
36116
14695
7706
5917
11622
26385
39273
18290
26460
22572
21611
22076
15784
38863
25006
39598
18199
22712
24497
10696
34839
24424
1382
6870
7964
35106
40136
10318
5280
18871
658
26160
15558
38015
4619
675
39862
10932
17428
26894
13372
2033
6170
32017
38011
2048
1829
25688
34395
38830
16603
4241
32958
7730
1340
23630
23957
33529
2747
1929
3882
24932
14033
23808
9572
31440
13161
17496
40085
35231
1365
13197
3134
14851
10943
10464
30949
24131
6927
24345
29280
9911
8918
31697
16611
27586
37985
13300
29030
17639
34648
31310
20341
14836
37683
28960
10784
38304
23706
26557
4559
17004
39943
29345
27064
36667
5399
28149
10837
40292
32972
24631
3933
5098
25655
21025
26387
3708
253
25171
34645
39434
36547
11227
9474
24585
5556
23876
34674
23795
38314
11548
1046
24261
7290
39344
39204
8812
11675
21853
23479
6342
22090
39385
20120
26042
4728
40197
2315
1267
39259
19033
3971
7226
40005
4969
17963
2851
24180
28096
32543
3191
17207
37283
25462
10480
2328
15556
22914
7740
3399
5317
6013
28343
14395
10353
19967
31381
22455
23001
38330
19543
25186
21208
39820
37780
36397
17381
17293
12776
27303
186
33786
1954
25133
8384
9164
39866
23201
38064
22196
9157
18439
17486
40707
1532
28536
35475
34020
39078
35306
19253
24230
7935
32125
9416
14088
10410
28455
10420
30088
22850
8920
11974
33497
34833
27347
40406
12802
34122
30819
11020
39489
24399
38101
13862
1502
39874
37643
30654
4983
15782
18410
37645
13224
21338
19516
15747
35275
29693
36495
10091
20053
7228
29134
16063
33170
9208
23316
1160
20027
1016
11716
31787
38638
15760
37212
14759
1991
8572
12070
7723
28800
2621
18257
6293
40333
39254
26095
8697
32121
5577
33722
7234
17240
11324
8433
9440
3352
11250
12760
38287
36019
7121
20395
20983
10397
24400
37730
29149
22371
5300
6417
19239
34691
14053
33219
19168
24025
12139
8470
33005
8012
30870
40254
18994
38088
33359
29650
34636
24696
17682
14160
36342
16155
29724
27109
13823
38306
34541
37428
24755
35297
20483
30370
8107
12127
37530
30585
16438
18961
28859
17106
21500
7985
28650
29588
38873
38371
31541
25653
28911
31900
9221
10742
13057
36912
35544
28459
35199
18033
11926
22716
16738
32100
11739
24247
14652
39136
17740
38185
38395
26687
19592
23872
35905
12852
10602
5836
30495
7702
20883
20712
25310
31383
17112
18178
1061
11820
34042
12636
40801
15944
14615
1263
21077
37237
15249
13274
37360
37177
4011
14495
34515
4344
11342
39671
1950
11879
6981
34548
1454
20637
29415
748
21612
17898
25868
30872
38697
7762
26551
37361
3287
9216
22941
22040
36669
18800
10218
14039
24745
34356
8250
15265
11193
35879
19423
28586
34522
17304
30032
14188
6967
21214
9061
13181
29875
3628
31448
40410
37137
18523
1942
22425
19032
32481
5108
31003
28331
9961
2404
27544
35593
5296
28578
34518
33487
15186
31080
5157
28868
7971
27166
27851
19225
13825
14059
27084
28844
33803
25907
16194
12646
16709
18292
9776
29096
4044
37493
23334
3627
40385
32315
33873
4264
31355
2389
13400
3820
2451
36207
39100
18559
30382
16001
14480
16428
6168
38265
2157
36949
18076
22113
40411
7563
12027
17992
32571
24683
24805
34004
31096
37147
14175
15337
35867
6514
5774
7844
19626
13766
5497
38030
3474
20842
14429
3175
7267
40024
6975
17224
40062
20508
19990
6416
10883
39988
7392
15588
38400
32601
12099
969
10254
25713
32665
1478
24859
29356
28121
9015
35132
26096
23662
25625
24433
20460
32107
39652
30415
33569
6757
39443
23262
25063
12975
9987
32935
26199
8105
18591
15858
7886
11247
23540
5242
6902
4190
25215
35423
27253
17957
16811
104
27142
15077
7000
13245
28122
9129
6188
39060
30694
13165
14312
14839
35868
36065
23843
36844
22037
32225
19875
37890
16182
4534
21676
11334
21399
19609
31775
7220
12560
19474
18639
15775
36127
17166
27636
11284
12773
9017
40840
21602
17103
37358
21816
8873
7553
22498
4395
5517
31835
29697
3083
19739
21050
1491
26328
26418
18433
13942
13683
15419
38341
14577
6904
9815
37776
19198
21753
28095
11280
2169
6704
1557
8355
23636
33499
25036
40361
14257
4427
20529
10326
5915
5875
8129
25456
40006
15613
26813
20500
3845
7131
30736
6863
20540
27684
33276
11676
23178
40001
13885
39090
24496
31324
5844
18475
18192
38808
19891
12790
28766
13725
32926
15627
20789
6148
26656
32927
10457
12134
14957
1554
19080
5360
6696
10096
3529
12831
14686
19454
2823
20138
30136
4471
31948
30468
36884
21596
37778
16878
35287
15036
8809
6018
30635
13211
23629
9284
32803
16116
23393
13781
457
10841
32367
33061
20038
1821
36004
20014
37323
31935
21714
33822
39625
6577
7810
2765
29212
35280
34304
10679
38682
13672
31209
3705
3775
28177
39516
23825
19789
6212
17507
8158
33938
31288
616
32507
10280
33392
39041
26922
29712
21841
27677
10754
30629
19631
1428
29893
35246
9347
22838
18641
20884
12421
18758
29607
27267
18806
1212
24966
703
19825
12657
14048
23638
3488
32612
32349
11601
29645
14557
10918
10923
18518
20298
26665
6695
10482
34224
11509
8280
32478
30034
14389
21646
5737
4807
40682
4459
38225
6940
14207
23309
18516
18977
957
2674
3244
16231
20922
4289
12056
38552
5881
39221
18022
23451
2224
9953
20468
9585
16896
9090
10231
35925
28927
16081
30847
2215
23444
26865
37624
20492
27676
26999
2690
27596
1393
8362
19231
8791
20024
12862
7812
36888
22786
22362
40535
32887
16622
34973
13864
23407
38509
24456
15925
28497
19941
32281
13887
36336
7012
33159
22857
30691
3272
4598
5393
36793
27844
8792
1685
7196
7509
37809
3888
10024
4725
28194
36325
27081
32242
4934
39427
17767
36482
29496
19539
10630
39923
23547
34517
26451
28511
38725
14036
37965
4715
21079
6544
8056
18543
19481
15444
24676
40587
26097
92
31289
12928
34744
2729
26539
23770
37247
32718
14959
3492
9648
29550
39218
26113
16023
2750
3931
26688
16326
28675
13095
11358
29223
8466
6092
22337
14404
25383
19826
29559
23746
31143
30217
21601
6464
1008
37854
8887
9102
32083
12948
6969
363
26087
22356
39705
6619
6959
11724
32449
31464
3054
40033
29263
1145
37436
2393
10467
5102
1163
32675
3478
9203
9186
7403
6710
22900
27082
2840
40425
147
39058
6889
27877
22907
30651
18085
16275
31778
21092
27110
32796
12807
7494
16565
19736
2112
12740
23455
8254
3599
25067
12154
33688
18576
21437
16090
35850
25314
6669
18424
30186
17499
26276
23697
20199
40212
28846
2660
27523
2083
23357
32799
37611
15289
9018
15878
9623
27427
5585
25938
39639
33510
26798
24224
24402
9664
10921
7288
2387
17092
26609
10142
40469
27812
36229
10279
25431
20725
38899
9872
40461
7394
39219
24688
40523
24710
24624
31551
10355
813
39069
5270
4863
35792
15385
20853
17811
19366
11839
7774
9154
1338
17244
25208
6444
24567
29651
16387
3760
16437
24936
30400
11647
36376
23136
10773
16131
35178
8021
5294
7859
23952
3605
21691
37446
2289
11587
8587
30917
20543
23257
30280
11935
25339
1876
38874
6384
2930
18923
7891
10384
16683
11113
1703
13232
31082
17908
20306
33981
18381
40202
16451
34376
11510
33378
34490
37832
38789
16687
13779
23851
30031
35394
8609
12892
18863
16757
28324
21475
11220
19053
18097
24126
28966
1273
21221
24743
31914
5606
36018
31140
5983
25830
13035
7498
15097
15511
40650
17865
16210
12966
8808
39348
26165
40360
29582
40278
34650
35488
8954
10801
25102
6047
11636
32247
5281
11170
17739
8135
27598
17888
40252
15004
31344
5973
34275
31410
21122
27632
27537
26172
272
19959
6815
16638
38190
39130
32066
39155
6140
8612
34622
5521
17813
1618
28854
40322
28777
28622
5064
40537
30939
13359
21377
27902
32553
16482
17771
8869
23877
26796
4593
1894
33761
8864
39723
31936
10914
24996
24434
31782
10890
40199
3138
2283
3076
3090
38603
29580
9671
14910
34964
4072
14649
26467
5134
21109
8060
35484
32517
19700
37708
21376
32179
14929
21310
22674
6681
39418
30445
1068
9214
20140
513
15902
27211
27789
4754
19022
31216
4420
26236
1583
6035
9520
4453
10224
36643
13015
22260
11830
706
9624
34302
6987
11294
33523
34082
18340
30506
24618
16614
7757
9874
34699
17714
4734
3481
18338
14691
23308
9932
17495
6108
32269
21785
26941
23683
13742
26145
39350
33285
27646
33662
22284
3320
3805
23434
16533
35637
6187
10846
30977
29222
27056
32751
3821
35788
30205
11289
32598
8313
36124
19536
23738
34077
2641
39006
33527
2514
5619
18105
5947
31398
2752
17222
34802
37995
7615
13692
16355
37437
10364
11433
13210
6677
36809
29694
34704
27269
32776
11656
666
27699
22261
8043
5599
6118
5746
23044
10299
22443
13882
38556
2892
31228
27759
23158
19919
18525
21428
8968
31006
9218
31318
18235
12375
9465
39756
19693
13426
37801
11822
18423
19229
27895
37463
5465
25353
18151
28914
1753
5953
10548
19362
33491
17435
36781
26272
39817
3729
36720
16390
35052
6396
26027
6450
35988
20552
7018
8689
15470
39915
25689
26166
25279
26421
10463
18550
24557
3592
17755
15366
39747
8581
10549
33795
16537
21573
1206
8014
35776
37754
23532
25574
37512
32888
2925
26613
25975
20561
18250
33504
26065
13844
9329
2513
37170
6494
31872
16882
22782
10377
21533
6717
16420
3351
25725
38250
21888
36396
17543
17025
17024
13306
1332
10125
23373
21796
19877
708
2813
34676
30292
23584
8653
22535
20032
1237
11515
5112
10804
17176
31236
34755
20377
27392
4700
28466
16787
926
31254
4272
7333
19529
7054
34051
20962
8405
23089
21967
17817
11125
11713
36883
25419
27003
33417
12676
20952
33093
35364
23221
17744
21836
26488
33680
6599
31920
40145
7904
25675
24086
10592
7238
2067
6624
31433
4592
36998
35042
15452
29156
37390
4966
37407
3328
35412
21023
9300
37088
4963
37549
11273
31400
1576
9116
445
26281
4894
29059
13924
18360
25642
9918
11343
38134
4671
14343
2607
17193
13719
29598
9267
40335
3496
23175
31519
16653
5777
37021
35224
38193
28374
32233
15594
11971
5227
4923
37827
36505
14927
3367
14618
29585
27893
34219
39001
32640
18706
29784
19540
12296
39969
37888
6193
28323
1495
18227
1112
8141
3135
25863
21453
25541
10260
1836
1629
12985
3865
11012
26920
27990
17349
340
12286
17107
26756
7925
32244
15926
8427
15157
29955
22670
11511
9795
15802
16159
35636
12105
20164
38594
34029
24515
5123
5945
17768
31607
3348
22009
7756
13618
19649
21048
39524
5754
13611
24306
34343
17706
19666
18913
167
30065
36274
10263
16925
38608
4537
26325
22466
11771
16649
27672
19276
28699
6369
36808
22977
6657
2401
36287
37490
7058
23273
27576
2435
40569
26850
9226
4640
22439
8648
5676
7791
33749
31446
14270
35489
5610
23475
24219
12868
19746
34968
25767
40030
2309
17114
34711
5303
2490
14182
29113
9478
27400
22806
38164
15253
30793
28672
24922
1462
15348
32139
33621
10533
8977
33806
18063
33476
30531
31652
39247
1497
6412
29424
15682
12265
3924
8260
32621
6493
21071
14585
2076
19135
1463
11475
21563
33744
17410
14813
16424
14285
23954
29602
11524
6738
13432
575
40371
23549
10478
39681
15057
7984
18156
34664
38205
17360
8813
6124
7927
17264
32418
25838
8226
19665
31523
34444
38441
13605
21040
33940
122
10386
6661
1410
26440
9451
21930
39856
9277
33391
25804
6070
13355
20003
3526
31490
32662
210
14000
32523
15772
16234
21308
30676
34054
39017
5627
36993
19095
29028
28165
32756
31110
17088
36455
38107
8550
27604
18782
6368
1202
19200
34476
37582
14333
24002
20096
20815
25319
39763
38497
14132
7269
36215
23542
34748
10799
8878
5365
4829
6509
22105
8475
18536
30080
23395
11535
7227
4297
22082
16092
3129
21683
28407
34306
24652
313
371
1699
35885
10720
16587
5494
36404
16689
40071
10498
21180
38644
39326
26138
28690
11573
31042
7806
34951
10965
7155
38837
25306
32333
12580
35731
32740
39265
23462
11872
6993
15316
7736
19364
11699
3034
37658
32497
1815
14725
9818
32562
5436
33163
13615
29074
15295
10106
1848
28693
36551
30683
26241
21269
9442
26703
39113
29567
28085
6905
10323
1568
17869
26827
25413
22344
19506
14306
13845
5845
28200
37913
