4259
6431
20515
39263
10609
16553
31719
39026
31514
1141
23882
9678
4515
7325
40663
13188
8211
12883
31801
36581
27069
17451
15129
38859
26991
23597
31169
9653
6671
32706
36503
34279
29437
26124
14663
13252
30153
21447
28751
2768
17316
29703
3451
9708
8076
3929
37341
7713
25350
16993
24316
19604
17647
2108
38777
8308
32509
37663
2219
19732
18980
40817
4948
38666
912
34687
33446
35561
32222
28559
4292
21441
11222
34481
429
21312
35612
27151
25531
6679
8217
24575
14002
30993
6772
30112
889
15156
2111
25473
14923
9135
29976
34572
1920
36384
10495
27504
26078
35671
34851
34034
38168
17228
4029
1955
13097
19449
14980
30444
29801
19709
28500
28587
21449
22012
11144
8438
33188
12721
13765
19544
35555
34568
3414
4401
21492
2151
20335
21409
21061
18187
3154
28494
26412
5195
26844
35472
20976
8751
5934
40109
14067
39764
17421
11346
26005
2872
22385
10170
17339
37006
20927
28684
8302
38587
11626
21945
32759
13364
987
38132
40581
4881
1110
11412
14100
17574
8822
33943
16618
40263
20672
16060
28307
2005
2198
6197
4231
19744
2861
16465
19833
8061
31836
25734
26662
4460
16639
27946
31967
25024
35200
1498
13291
14121
34485
32834
4891
28023
22620
9256
5077
630
7294
1747
22475
35733
32325
27246
22138
3675
38436
6893
21986
13383
19968
30403
34516
12035
3332
24243
9930
713
8517
26228
40552
26161
33493
27114
20082
36343
27420
26119
20412
17655
3152
31591
29623
25161
38581
11285
1217
2853
8673
31248
16206
28882
13445
18590
234
27399
19979
5914
38215
16290
32771
34662
12015
37392
239
6394
22145
285
4812
8316
36450
32555
3340
33675
23030
24512
18951
985
31720
7342
23348
31200
18129
34206
11793
4230
38569
13525
18249
18455
31740
32108
16464
24621
16847
4025
24188
2717
33814
2353
16049
11477
20020
15459
18226
20639
32536
19000
3443
22310
7645
17039
11726
25327
18637
17977
35737
13041
12495
8011
25973
10006
15735
24423
26181
31466
3587
11380
23182
18537
5674
25797
6273
38039
6094
11054
31610
40299
21983
14418
33783
21732
28815
29249
36464
11558
34496
40405
17859
1517
38945
26612
25721
5648
28807
32732
21229
9845
6588
6172
17592
38280
9790
21599
18845
39666
21858
15751
27675
32407
32959
21771
15720
8558
36936
29202
5794
573
7805
17904
29323
31091
37374
32429
32765
36919
15649
39397
12902
33455
30987
7490
1185
28387
25422
9644
12602
24493
31661
30517
22280
24578
3217
31020
30821
10615
21702
10862
10447
11892
17692
4822
15347
12891
572
40715
20839
17850
5417
39880
37686
40242
10112
15543
15859
18865
20866
1741
13045
28571
19125
3943
33424
10427
27668
32721
39522
29425
27562
25620
29137
30301
29671
27222
20833
754
26131
19945
19774
17276
31881
6823
26781
6984
5183
10043
24332
25710
35405
18856
34896
13840
2100
12594
26602
35540
36951
2929
1647
21194
7681
36869
7698
22915
30827
2464
22970
2772
30586
17837
1500
23563
32200
13020
28952
3055
38765
29710
27987
26523
37557
38596
401
22636
4673
39465
37971
32814
29312
20560
23588
10221
17143
27325
33641
8819
14452
16975
19343
31698
6345
17017
22504
32628
11194
7718
27230
18987
5224
29791
12987
35994
31018
16599
20520
8546
1083
12046
16532
10627
5756
5689
387
32843
39446
1945
1097
7092
36644
14878
2408
33178
6646
14202
24202
26905
20258
37761
38081
4484
2684
20374
16960
34551
7035
15560
12172
15748
36391
23647
37045
20464
34032
29271
9615
16306
26982
25037
37065
35647
25047
37940
22735
37796
1474
14294
26845
11066
22174
15460
38949
12872
10440
12461
29435
8185
2274
9732
29159
23111
15698
11332
23072
427
10473
7179
14688
32963
40352
40842
25932
1922
25869
20208
8686
17234
1779
34775
5657
32369
36494
18572
30593
33316
5939
13022
18301
39243
1468
3228
6756
12666
28009
2949
4479
22878
38074
4886
37503
18435
5605
9299
5656
16876
5172
29169
40728
13049
24396
13901
15691
3126
5634
17838
26139
31767
30369
10181
8495
29549
1604
15799
16794
32606
12411
21856
31252
4255
8487
14761
31009
26489
25931
31312
2593
23469
27618
7390
15104
26721
27444
25399
9166
31706
3168
14924
24888
9483
38630
30641
13094
23901
22508
26876
36853
16657
21463
39753
40343
24969
20615
37896
19294
6511
28976
37802
25770
17458
6222
36347
1695
20329
21164
4194
20633
10376
33436
35712
20837
32436
12904
37928
14610
12201
39692
9035
5725
17760
40066
22103
11043
33813
19051
10576
20917
4811
35585
20909
23035
26455
28894
752
10589
16012
18839
38800
36549
3707
25723
20015
25809
12165
1230
10650
27201
18999
16232
24287
28837
19487
701
599
3290
31799
36217
4478
6391
15158
21093
40238
38249
710
34281
1334
24767
16454
35800
20618
2356
9286
37966
12627
31208
1158
9118
30383
24147
10265
14519
39789
11457
10782
24540
16497
2471
3694
15554
30488
20912
22707
1363
24075
6179
36818
24246
39184
7851
27146
17500
36028
25673
23414
28610
4906
6618
8715
2096
17596
39276
30709
28931
36926
20956
2439
15084
3291
23255
5738
11490
27648
29497
10517
15092
14800
8460
31970
20591
29382
25217
13931
37942
8763
3905
18900
12607
4787
36917
2994
37869
10403
29950
29308
28589
30929
25233
16937
16077
38559
22836
35554
19453
13018
19927
27611
10429
23279
13818
6926
24486
1662
37304
11576
14965
14620
39347
22365
4467
16033
22633
33918
3306
16930
12914
15905
27419
10831
27531
6419
20575
40016
16403
9718
2196
31356
14627
16439
9521
11706
16302
19495
37654
32231
39537
6690
15976
26778
29145
9805
15493
4554
36700
13964
10947
31057
12879
27731
21977
17793
20977
28942
2792
9020
37305
35148
5966
11408
19670
17773
14003
16249
2867
33677
7089
38440
6393
5956
34408
38957
20222
33972
16636
5244
8406
37923
3232
32308
9891
35095
25070
29594
27250
3140
36309
4390
4585
16675
23448
26759
17437
28725
17619
19805
40604
24742
28476
18694
11712
35436
1432
15179
25180
14987
17327
29005
20848
36543
15474
25996
9424
36023
14831
6476
21754
22894
16571
25805
9687
31996
30240
2650
24942
25098
14472
1404
24412
28595
22062
22246
24042
36278
27577
32114
33914
2292
22917
21960
29993
16907
36139
13187
23649
25336
33156
945
28380
33663
4846
16126
22121
35812
39040
16500
6161
30716
14172
8311
9867
4355
15458
9945
26243
13753
23266
19559
35147
1429
34942
35926
38875
4329
40551
8756
38616
14210
7807
17322
7623
34039
4448
25795
26812
34235
22119
27931
393
12641
18636
26128
1366
15936
40082
20782
14510
25113
3008
40618
17151
5994
31376
20988
35677
23860
26424
9079
16773
39580
35326
33834
36008
38325
19011
5255
13972
8140
7767
32623
28773
443
20229
11641
29303
17263
23631
12536
34930
11091
24164
16062
9834
28234
19976
6201
2811
29287
3040
30198
35099
3703
3267
2525
979
16125
7532
37306
20326
29203
6295
29335
10237
30426
8545
23988
19578
15058
35186
4087
20495
20380
40770
24194
31112
27530
38294
39600
9502
19926
38313
26819
7082
34371
5332
29459
3767
11235
37577
38069
32249
7453
8603
266
38090
7100
14906
36512
25946
29236
14503
33176
10110
15214
24894
27882
19577
25874
7460
20035
33917
18044
19280
9808
36666
2761
32528
26066
2728
34185
29865
14751
25415
39042
39439
30592
30954
17920
4331
2958
18323
39550
32464
13971
15652
34479
26524
12331
33354
24914
26062
38787
15059
7813
30914
12249
34393
20854
12481
37238
13663
20953
10093
17926
5452
29925
16982
26565
17172
29771
12218
25257
11939
19206
20900
8367
300
37792
34652
26831
35594
37298
39737
26574
14715
13727
22976
31791
10648
20955
2532
1306
13093
1029
16450
17440
23729
6865
13213
16933
1978
8904
8703
30339
15331
19758
13677
22118
20582
38054
31163
11516
28296
14372
22340
29205
11442
29564
10644
13271
12367
18835
10171
17727
13155
2685
36183
26892
10230
14339
37494
25447
31168
28545
23652
18952
25004
7441
25663
10492
27928
32181
9311
24211
25933
4617
11541
5944
6682
28299
36860
33464
25221
32068
15872
17129
6194
14438
12389
27352
40479
22420
35064
3665
25196
27231
5063
37561
3270
29874
40507
24792
23322
2905
21383
35033
28750
28448
2583
16559
18469
24060
31481
35438
16274
8530
34381
30865
25639
17858
5105
21803
9217
30588
23765
2726
37881
18274
25780
3932
36996
17954
1399
21881
18705
35547
36116
14695
7706
5917
11622
26385
39273
18290
26460
22572
21611
22076
15784
38863
25006
39598
18199
22712
24497
10696
34839
24424
1382
6870
7964
35106
40136
10318
5280
18871
658
26160
15558
38015
4619
675
39862
10932
17428
26894
13372
2033
6170
32017
38011
2048
1829
25688
34395
38830
16603
4241
32958
7730
1340
23630
23957
33529
2747
1929
3882
24932
14033
23808
9572
31440
13161
17496
40085
35231
1365
13197
3134
14851
10943
10464
30949
24131
6927
24345
29280
9911
8918
31697
16611
27586
37985
13300
29030
17639
34648
31310
20341
14836
37683
28960
10784
38304
23706
26557
4559
17004
39943
29345
27064
36667
5399
28149
10837
40292
32972
24631
3933
5098
25655
21025
26387
3708
253
25171
34645
39434
36547
11227
9474
24585
5556
23876
34674
23795
38314
11548
1046
24261
7290
39344
39204
8812
11675
21853
23479
6342
22090
39385
20120
26042
4728
40197
2315
1267
39259
19033
3971
7226
40005
4969
17963
2851
24180
28096
32543
3191
17207
37283
25462
10480
2328
15556
22914
7740
3399
5317
6013
28343
14395
10353
19967
31381
22455
23001
38330
19543
25186
21208
39820
37780
36397
17381
17293
12776
27303
186
33786
1954
25133
8384
9164
39866
23201
38064
22196
9157
18439
17486
40707
1532
28536
35475
34020
39078
35306
19253
24230
7935
32125
9416
14088
10410
28455
10420
30088
22850
8920
11974
33497
34833
27347
40406
12802
34122
30819
11020
39489
24399
38101
13862
1502
39874
37643
30654
4983
15782
18410
37645
13224
21338
19516
15747
35275
29693
36495
10091
20053
7228
29134
16063
33170
9208
23316
1160
20027
1016
11716
31787
38638
15760
37212
14759
1991
8572
12070
7723
28800
2621
18257
6293
40333
39254
26095
8697
32121
5577
33722
7234
17240
11324
8433
9440
3352
11250
12760
38287
36019
7121
20395
20983
10397
24400
37730
29149
22371
5300
6417
19239
34691
14053
33219
19168
24025
12139
8470
33005
8012
30870
40254
18994
38088
33359
29650
34636
24696
17682
14160
36342
16155
29724
27109
13823
38306
34541
37428
24755
35297
20483
30370
8107
12127
37530
30585
16438
18961
28859
17106
21500
7985
28650
29588
38873
38371
31541
25653
28911
31900
9221
10742
13057
36912
35544
28459
35199
18033
11926
22716
16738
32100
11739
24247
14652
39136
17740
38185
38395
26687
19592
23872
35905
12852
10602
5836
30495
7702
20883
20712
25310
31383
17112
18178
1061
11820
34042
12636
40801
15944
14615
1263
21077
37237
15249
13274
37360
37177
4011
14495
34515
4344
11342
39671
1950
11879
6981
34548
1454
20637
29415
748
21612
17898
25868
30872
38697
7762
26551
37361
3287
9216
22941
22040
36669
18800
10218
14039
24745
34356
8250
15265
11193
35879
19423
28586
34522
17304
30032
14188
6967
21214
9061
13181
29875
3628
31448
40410
37137
18523
1942
22425
19032
32481
5108
31003
28331
9961
2404
27544
35593
5296
28578
34518
33487
15186
31080
5157
28868
7971
27166
27851
19225
13825
14059
27084
28844
33803
25907
16194
12646
16709
18292
9776
29096
4044
37493
23334
3627
40385
32315
33873
4264
31355
2389
13400
3820
2451
36207
39100
18559
30382
16001
14480
16428
6168
38265
2157
36949
18076
22113
40411
7563
12027
17992
32571
24683
24805
34004
31096
37147
14175
15337
35867
6514
5774
7844
19626
13766
5497
38030
3474
20842
14429
3175
7267
40024
6975
17224
40062
20508
19990
6416
10883
39988
7392
15588
38400
32601
12099
969
10254
25713
32665
1478
24859
29356
28121
9015
35132
26096
23662
25625
24433
20460
32107
39652
30415
33569
6757
39443
23262
25063
12975
9987
32935
26199
8105
18591
15858
7886
11247
23540
5242
6902
4190
25215
35423
27253
17957
16811
104
27142
15077
7000
13245
28122
9129
6188
39060
30694
13165
14312
14839
35868
36065
23843
36844
22037
32225
19875
37890
16182
4534
21676
11334
21399
19609
31775
7220
12560
19474
18639
15775
36127
17166
27636
11284
12773
9017
40840
21602
17103
37358
21816
8873
7553
22498
4395
5517
31835
29697
3083
19739
21050
1491
26328
26418
18433
13942
13683
15419
38341
14577
6904
9815
37776
19198
21753
28095
11280
2169
6704
1557
8355
23636
33499
25036
40361
14257
4427
20529
10326
5915
5875
8129
25456
40006
15613
26813
20500
3845
7131
30736
6863
20540
27684
33276
11676
23178
40001
13885
39090
24496
31324
5844
18475
18192
38808
19891
12790
28766
13725
32926
15627
20789
6148
26656
32927
10457
12134
14957
1554
19080
5360
6696
10096
3529
12831
14686
19454
2823
20138
30136
4471
31948
30468
36884
21596
37778
16878
35287
15036
8809
6018
30635
13211
23629
9284
32803
16116
23393
13781
457
10841
32367
33061
20038
1821
36004
20014
37323
31935
21714
33822
39625
6577
7810
2765
29212
35280
34304
10679
38682
13672
31209
3705
3775
28177
39516
23825
19789
6212
17507
8158
33938
31288
616
32507
10280
33392
39041
26922
29712
21841
27677
10754
30629
19631
1428
29893
35246
9347
22838
18641
20884
12421
18758
29607
27267
18806
1212
24966
703
19825
12657
14048
23638
3488
32612
32349
11601
29645
14557
10918
10923
18518
20298
26665
6695
10482
34224
11509
8280
32478
30034
14389
21646
5737
4807
40682
4459
38225
6940
14207
23309
18516
18977
957
2674
3244
16231
20922
4289
12056
38552
5881
39221
18022
23451
2224
9953
20468
9585
16896
9090
10231
35925
28927
16081
30847
2215
23444
26865
37624
20492
27676
26999
2690
27596
1393
8362
19231
8791
20024
12862
7812
36888
22786
22362
40535
32887
16622
34973
13864
23407
38509
24456
15925
28497
19941
32281
13887
36336
7012
33159
22857
30691
3272
4598
5393
36793
27844
8792
1685
7196
7509
37809
3888
10024
4725
28194
36325
27081
32242
4934
39427
17767
36482
29496
19539
10630
39923
23547
34517
26451
28511
38725
14036
37965
4715
21079
6544
8056
18543
19481
15444
24676
40587
26097
92
31289
12928
34744
2729
26539
23770
37247
32718
14959
3492
9648
29550
39218
26113
16023
2750
3931
26688
16326
28675
13095
11358
29223
8466
6092
22337
14404
25383
19826
29559
23746
31143
30217
21601
6464
1008
37854
8887
9102
32083
12948
6969
363
26087
22356
39705
6619
6959
11724
32449
31464
3054
40033
29263
1145
37436
2393
10467
5102
1163
32675
3478
9203
9186
7403
6710
22900
27082
2840
40425
147
39058
6889
27877
22907
30651
18085
16275
31778
21092
27110
32796
12807
7494
16565
19736
2112
12740
23455
8254
3599
25067
12154
33688
18576
21437
16090
35850
25314
6669
18424
30186
17499
26276
23697
20199
40212
28846
2660
27523
2083
23357
32799
37611
15289
9018
15878
9623
27427
5585
25938
39639
33510
26798
24224
24402
9664
10921
7288
2387
17092
26609
10142
40469
27812
36229
10279
25431
20725
38899
9872
40461
7394
39219
24688
40523
24710
24624
31551
10355
813
39069
5270
4863
35792
15385
20853
17811
19366
11839
7774
9154
1338
17244
25208
6444
24567
29651
16387
3760
16437
24936
30400
11647
36376
23136
10773
16131
35178
8021
5294
7859
23952
3605
21691
37446
2289
11587
8587
30917
20543
23257
30280
11935
25339
1876
38874
6384
2930
18923
7891
10384
16683
11113
1703
13232
31082
17908
20306
33981
18381
40202
16451
34376
11510
33378
34490
37832
38789
16687
13779
23851
30031
35394
8609
12892
18863
16757
28324
21475
11220
19053
18097
24126
28966
1273
21221
24743
31914
5606
36018
31140
5983
25830
13035
7498
15097
15511
40650
17865
16210
12966
8808
39348
26165
40360
29582
40278
34650
35488
8954
10801
25102
6047
11636
32247
5281
11170
17739
8135
27598
17888
40252
15004
31344
5973
34275
31410
21122
27632
27537
26172
272
19959
6815
16638
38190
39130
32066
39155
6140
8612
34622
5521
17813
1618
28854
40322
28777
28622
5064
40537
30939
13359
21377
27902
32553
16482
17771
8869
23877
26796
4593
1894
33761
8864
39723
31936
10914
24996
24434
31782
10890
40199
3138
2283
3076
3090
38603
29580
9671
14910
34964
4072
14649
26467
5134
21109
8060
35484
32517
19700
37708
21376
32179
14929
21310
22674
6681
39418
30445
1068
9214
20140
513
15902
27211
27789
4754
19022
31216
4420
26236
1583
6035
9520
4453
10224
36643
13015
22260
11830
706
9624
34302
6987
11294
33523
34082
18340
30506
24618
16614
7757
9874
34699
17714
4734
3481
18338
14691
23308
9932
17495
6108
32269
21785
26941
23683
13742
26145
39350
33285
27646
33662
22284
3320
3805
23434
16533
35637
6187
10846
30977
29222
27056
32751
3821
35788
30205
11289
32598
8313
36124
19536
23738
34077
2641
39006
33527
2514
5619
18105
5947
31398
2752
17222
34802
37995
7615
13692
16355
37437
10364
11433
13210
6677
36809
29694
34704
27269
32776
11656
666
27699
22261
8043
5599
6118
5746
23044
10299
22443
13882
38556
2892
31228
27759
23158
19919
18525
21428
8968
31006
9218
31318
18235
12375
9465
39756
19693
13426
37801
11822
18423
19229
27895
37463
5465
25353
18151
28914
1753
5953
10548
19362
33491
17435
36781
26272
39817
3729
36720
16390
35052
6396
26027
6450
35988
20552
7018
8689
15470
39915
25689
26166
25279
26421
10463
18550
24557
3592
17755
15366
39747
8581
10549
33795
16537
21573
1206
8014
35776
37754
23532
25574
37512
32888
2925
26613
25975
20561
18250
33504
26065
13844
9329
2513
37170
6494
31872
16882
22782
10377
21533
6717
16420
3351
25725
38250
21888
36396
17543
17025
17024
13306
1332
10125
23373
21796
19877
708
2813
34676
30292
23584
8653
22535
20032
1237
11515
5112
10804
17176
31236
34755
20377
27392
4700
28466
16787
926
31254
4272
7333
19529
7054
34051
20962
8405
23089
21967
17817
11125
11713
36883
25419
27003
33417
12676
20952
33093
35364
23221
17744
21836
26488
33680
6599
31920
40145
7904
25675
24086
10592
7238
2067
6624
31433
4592
36998
35042
15452
29156
37390
4966
37407
3328
35412
21023
9300
37088
4963
37549
11273
31400
1576
9116
445
26281
4894
29059
13924
18360
25642
9918
11343
38134
4671
14343
2607
17193
13719
29598
9267
40335
3496
23175
31519
16653
5777
37021
35224
38193
28374
32233
15594
11971
5227
4923
37827
36505
14927
3367
14618
29585
27893
34219
39001
32640
18706
29784
19540
12296
39969
37888
6193
28323
1495
18227
1112
8141
3135
25863
21453
25541
10260
1836
1629
12985
3865
11012
26920
27990
17349
340
12286
17107
26756
7925
32244
15926
8427
15157
29955
22670
11511
9795
15802
16159
35636
12105
20164
38594
34029
24515
5123
5945
17768
31607
3348
22009
7756
13618
19649
21048
39524
5754
13611
24306
34343
17706
19666
18913
167
30065
36274
10263
16925
38608
4537
26325
22466
11771
16649
27672
19276
28699
6369
36808
22977
6657
2401
36287
37490
7058
23273
27576
2435
40569
26850
9226
4640
22439
8648
5676
7791
33749
31446
14270
35489
5610
23475
24219
12868
19746
34968
25767
40030
2309
17114
34711
5303
2490
14182
29113
9478
27400
22806
38164
15253
30793
28672
24922
1462
15348
32139
33621
10533
8977
33806
18063
33476
30531
31652
39247
1497
6412
29424
15682
12265
3924
8260
32621
6493
21071
14585
2076
19135
1463
11475
21563
33744
17410
14813
16424
14285
23954
29602
11524
6738
13432
575
40371
23549
10478
39681
15057
7984
18156
34664
38205
17360
8813
6124
7927
17264
32418
25838
8226
19665
31523
34444
38441
13605
21040
33940
122
10386
6661
1410
26440
9451
21930
39856
9277
33391
25804
6070
13355
20003
3526
31490
32662
210
14000
32523
15772
16234
21308
30676
34054
39017
5627
36993
19095
29028
28165
32756
31110
17088
36455
38107
8550
27604
18782
6368
1202
19200
34476
37582
14333
24002
20096
20815
25319
39763
38497
14132
7269
36215
23542
34748
10799
8878
5365
4829
6509
22105
8475
18536
30080
23395
11535
7227
4297
22082
16092
3129
21683
28407
34306
24652
313
371
1699
35885
10720
16587
5494
36404
16689
40071
10498
21180
38644
39326
26138
28690
11573
31042
7806
34951
10965
7155
38837
25306
32333
12580
35731
32740
39265
23462
11872
6993
15316
7736
19364
11699
3034
37658
32497
1815
14725
9818
32562
5436
33163
13615
29074
15295
10106
1848
28693
36551
30683
26241
21269
9442
26703
39113
29567
28085
6905
10323
1568
17869
26827
25413
22344
19506
14306
13845
5845
28200
37913
