38248
39705
15843
6121
14285
23481
4881
5790
15547
36762
33432
38736
21217
604
37313
7396
4152
7989
17933
10963
17727
21768
18243
1529
14399
821
34172
14752
12561
981
15828
15695
40393
36867
31264
30594
36072
6732
9609
26064
25170
36626
9129
36370
40052
24816
8191
17911
31849
1476
39114
11643
11845
37171
19455
6926
15537
27482
8431
31661
30929
13271
11833
2559
25717
14742
32785
27385
29735
26559
14581
1742
2095
4819
38768
4946
38373
19155
20030
13766
24650
1033
3803
14504
12550
15152
38541
20157
40696
27821
20803
15592
17345
8376
16926
13833
22478
23111
9005
21579
25039
4889
7071
34365
29107
17027
2562
40560
31386
6206
23040
15988
35840
39984
2384
26213
4666
8902
36228
21700
23525
29926
4025
12894
23303
7047
6144
37761
25043
19002
25952
16812
24927
37090
34987
24212
34943
30279
25319
11476
19056
18436
23627
11962
24158
28554
16678
12502
9236
39617
18542
37529
8084
9796
35715
29281
20281
22801
39659
3730
33257
22849
21493
29988
3104
38474
2583
12704
27231
25002
14454
31795
29809
5757
33589
2856
29165
1561
40592
475
3611
17959
21070
29532
13152
40323
17605
30798
5915
11623
16295
9154
35282
13481
36569
21128
30477
2182
20504
16173
9971
21099
19788
34446
13202
25589
16414
1652
18189
6107
1934
38511
17330
22324
17673
6658
21347
10354
25146
3289
5453
21331
23330
32928
12207
10072
18744
6954
31876
4592
1833
34614
8306
716
37046
15286
14912
22841
22687
7121
2706
27580
39549
25020
23062
34927
13657
950
22359
6127
28639
31751
21034
1733
38158
10909
28366
34148
26941
23536
30431
40352
37647
15582
29501
6220
17514
38136
37500
3834
29012
38282
5580
32843
36375
40653
29064
20591
26975
2498
40557
24809
12522
27987
2860
25869
1091
29246
39680
36233
38892
4083
5065
336
5655
40294
14682
7696
32514
256
1079
15979
40383
34969
6267
9917
13582
27892
35649
24973
27555
23970
21992
38878
1788
27517
23805
14306
20239
26413
34819
6234
16065
38593
28870
10551
20742
1722
37181
8497
6881
26515
31396
3802
40581
38372
35044
31325
7880
25395
14690
35793
19438
15804
6194
3463
448
36215
18664
12721
4446
13824
15819
13302
32621
23822
7917
33136
24241
32725
32412
33186
18587
1678
13654
2976
33510
5707
7598
16761
3884
39515
39488
18980
16485
24230
26930
31495
37656
19084
17510
6546
5123
36247
5190
22969
5031
22208
23209
9539
17724
23539
7761
37020
30350
33749
11689
9346
2063
25067
18548
27391
38421
6929
11385
28233
25637
28757
3590
31403
4419
31662
34841
17618
10958
24862
31447
26179
27685
10336
26311
11040
3495
21251
8461
12105
5736
13965
16082
35606
10872
18031
7132
39401
28036
9768
24418
6606
19804
4038
17912
38998
1337
26489
33389
13270
27075
9315
9821
37360
23156
1828
9352
13104
16919
4128
37736
35922
1799
35827
27659
33244
37001
11097
14482
22051
25707
2120
3757
3201
35382
1148
9090
37067
24870
7595
25327
40391
17360
10944
27663
20857
15554
26535
18353
7814
29102
9207
15609
38378
32946
148
32505
11934
32506
4650
5518
5147
11992
12359
8529
18748
1702
8675
61
26041
16053
34260
24567
24690
10764
26043
15244
20181
33975
57
10997
7264
26519
32589
26140
39008
5223
21591
20012
15343
3671
4652
37589
34022
11026
27512
9805
38151
15175
27070
38569
17258
18596
4791
20848
30345
11862
33977
8910
13724
7570
24706
18800
31189
34893
14406
29299
12741
33842
9070
38615
39699
31741
22829
32903
29672
5525
22387
34229
38099
23604
10242
8940
31968
33695
19288
38389
5622
33391
7889
2670
7193
21538
3296
40095
35643
31541
24317
17878
9051
10789
10725
31137
12069
3071
18875
18178
31788
16515
22632
13806
27571
13169
37384
27225
13239
4751
31
4700
7791
850
27248
18851
9867
4726
28989
26061
23760
22471
30457
544
21831
12065
15818
6199
21449
24405
17048
29909
36384
7533
35486
26650
3481
23081
19100
230
130
18963
36979
31974
19414
22424
6047
35924
19230
29007
26259
37558
30463
36600
12012
40397
4034
1482
36371
25554
37516
1158
40515
6572
20791
13856
7073
38419
13417
5371
7745
7837
23298
24987
27714
4941
8033
14519
38410
22338
9191
11424
33394
29088
33045
8262
35547
1166
4365
39703
21210
28702
7368
5410
36263
30243
13619
32829
22141
7499
36827
1735
24357
35489
14694
35510
12041
888
39136
21966
17561
10247
24275
34275
31682
23331
31817
25822
40026
23202
2937
5132
37934
31269
33911
34978
269
39145
7215
17080
1921
17030
34291
31014
17761
8934
12607
6155
38794
12186
20540
10332
37463
30188
11329
11543
36759
3882
24959
21724
5406
18616
39978
28038
745
12490
19181
13787
131
25306
25864
2956
4204
30150
11730
3341
24630
4734
17219
39907
15561
22284
14144
9742
17241
39729
30852
36714
6873
33463
25339
31223
22267
21009
36904
23695
7328
36000
12973
11652
35215
39215
4771
3593
28677
35065
6055
26822
11601
16387
1240
18077
35174
17585
20301
31402
11509
27158
4519
6850
4261
740
8014
5417
38785
14812
36163
40639
34922
13074
23492
30392
37549
27199
32955
23014
39162
21058
27064
40012
15382
11287
20944
35651
7446
15829
34403
19477
10474
39711
22256
29996
14336
40311
20628
6071
3581
7784
6586
27553
38663
13206
30121
29238
25958
5963
19098
3783
14054
22724
26117
9112
15927
9596
9137
8158
27946
38877
40829
16337
4253
30623
38599
25949
2050
1083
32770
28372
28092
35832
31420
27143
13562
34671
38857
30449
11976
4988
35273
35445
21179
37717
234
37158
19713
16388
7897
25763
27492
6233
37522
8814
23327
37848
17132
17657
17389
40596
25054
36839
19703
31733
4024
23749
33027
31093
33324
16657
40681
10282
31021
22586
11800
40104
6841
8742
27803
33479
26394
1267
34474
36748
24425
3876
9198
38205
10021
13541
31301
26451
20372
22377
23968
40757
628
38962
12998
16571
16106
2719
3051
24210
39928
26687
3554
25701
14986
12421
15578
16660
17513
5441
27795
11837
22083
30792
28125
2010
4885
11949
11386
37150
29496
24398
18656
40387
9187
1345
38460
4267
37768
17969
39061
21318
31224
33941
23375
5817
24088
24229
30607
5962
16389
10537
20307
8834
12015
28311
18844
2008
30415
14632
37440
35281
18621
12870
18474
30785
3492
36283
34574
36017
19132
626
10893
18579
9152
27858
7112
34661
22934
24071
3398
33770
24075
852
3305
155
38082
25468
37435
33035
14654
3430
12599
6646
12930
39834
23555
24259
12218
13107
25649
3108
23028
26374
36808
3063
14544
4683
36763
21817
31373
20589
13113
36779
941
25782
2575
2862
33886
28850
12045
21529
1432
32443
12196
5227
15596
5584
23984
24784
24293
5709
39009
19417
24044
1904
534
23237
35504
19361
30155
32012
36539
8965
2457
29682
21349
27437
19637
6202
20989
305
34543
24967
3134
17979
24801
14737
25507
27820
17688
140
3954
204
22842
16492
18117
40143
40775
32208
27825
17056
20219
35923
15586
25536
24654
28506
21953
3222
34557
29387
27688
33232
20195
31529
2043
37902
14962
31806
5286
18290
11673
35949
33511
9958
11261
12558
22240
29816
25541
886
15558
32650
35473
20873
19053
39708
15931
40214
35333
39066
14653
32262
28388
28226
5605
35940
25894
16724
1947
7364
16114
33224
37683
27353
35217
10453
40037
16994
17
26889
23337
16839
15906
11361
23546
11970
23313
8960
21938
32259
21561
6669
12516
33390
22770
34385
39228
22547
19027
9347
23049
26478
24022
10574
36796
15302
22508
22956
4633
32846
6910
39069
28017
39000
6255
35754
36096
33379
32742
36556
40786
9545
8411
35575
28168
33154
39598
20325
23459
19396
14927
36553
37990
18518
16689
22879
21745
31973
33342
14599
5697
19528
34460
35375
37197
38015
29786
36156
8586
5965
36473
26670
34447
33402
15603
29486
34866
32870
39920
12294
656
11540
29098
371
26749
29977
28322
1997
30265
16842
14322
8813
6778
34395
14196
35973
10553
20473
3574
3917
4347
31923
5838
22368
33128
24081
26200
30843
2564
7637
27498
6605
29646
21360
25811
34299
20777
20972
7767
21098
8767
1465
21067
35127
9674
39766
26390
19485
12572
9359
36679
22991
36222
39141
34599
20057
22417
2208
29942
1081
15184
20070
13572
19702
25232
38939
14749
543
36057
37062
19909
489
33947
8987
12320
1574
26911
4887
30720
20397
6813
22109
1635
16836
34651
32645
24853
347
1526
18254
26528
38707
19254
11950
33222
6628
658
39386
639
20763
40160
14108
28141
32081
7108
329
7990
36675
20259
18217
21997
21208
38302
25323
25450
13949
16606
9724
16112
31372
1346
26015
20632
20130
23673
39888
26411
19684
10023
12702
3667
10371
2267
28286
16465
4171
14469
19671
3392
5287
32672
23775
15827
16791
37716
1142
38810
16399
4348
27833
31385
29706
271
12940
14531
24499
2879
13995
20095
1954
37061
8076
24090
9375
5240
35869
2546
7122
36479
17284
21244
19367
13381
12957
13718
27290
30904
9020
37153
5688
35645
18336
39561
23659
25660
4501
37823
12701
11074
5391
25221
10155
23703
21907
40149
19862
14715
25995
31225
15198
21198
24907
16060
40199
20723
11067
9770
38668
11498
74
20529
21238
24900
36916
12235
15095
27601
13986
1745
6529
29868
33354
28788
20329
11610
9309
13094
4753
12175
7341
32871
7123
16453
20285
19172
8374
6537
18321
28266
31995
12241
27415
36315
13791
30849
34381
25715
4682
33187
16299
32084
27289
883
5601
38319
34517
5416
10054
25807
1849
30292
4767
16379
25609
4099
35016
2303
25899
32129
28814
34907
18685
35418
30139
35328
23721
15209
12738
9774
38542
16064
3530
4892
11446
6930
5947
27731
40593
15067
12382
19148
2200
15011
3704
23240
13871
16136
16982
9954
31381
16572
29698
34082
28615
12595
36053
39421
21260
15555
32395
26125
22016
35220
21860
3433
27619
34709
34628
21119
2162
30636
10143
10842
20189
8927
39311
12876
10025
32581
25402
2180
20854
37467
23883
38680
1242
17815
34005
1622
10509
12224
28611
24789
31469
14554
33570
9697
1238
3410
31969
8991
8305
15836
15057
21813
25257
548
21791
9691
2080
5316
27891
10221
20293
31161
11695
38358
17695
34910
9662
8673
6814
6046
38407
2997
14420
7749
33348
20977
23864
30717
35137
36612
28936
2705
24778
2585
34532
35106
6648
2275
18416
19442
25490
37250
33330
12300
15992
27058
40590
37245
7949
4779
5511
17093
20579
23779
