21796
51731
87790
95375
65823
86228
90633
54110
32048
32078
56679
19658
91740
54117
19742
43764
20415
16045
90469
89068
17240
85036
46294
25282
15364
39293
13897
81663
23425
28675
13732
19766
36099
9440
6974
66328
84490
91290
56299
49736
11862
34595
11660
18295
17702
86899
41723
23630
46665
30710
23270
27706
38874
58864
31884
25747
77047
59118
51266
860
66500
75425
88058
58505
15387
51968
34745
94915
92092
19122
14223
53936
85946
79730
7491
66820
18602
95977
39795
50572
82013
5317
34873
23294
8209
82691
82357
93542
90578
11069
78364
67097
76340
43511
22230
88248
91112
88631
34723
83680
21990
43981
9092
2447
7122
38324
96679
50434
76943
2199
12414
31318
90371
29610
61750
47648
69260
34714
7028
4476
43138
79312
36937
32643
20731
69355
23193
56153
35691
78465
42704
58287
54020
35830
33892
17170
65454
87118
11369
62153
25535
73967
51249
25812
66941
28660
93430
27642
31019
11583
89030
34549
61652
30397
51981
95729
37856
10795
74552
59890
58924
52393
12859
52189
92074
33311
95652
36063
31874
58081
68500
54556
8838
64484
36061
85856
94495
51422
75345
40221
94360
97829
61081
57162
26940
92394
96500
31664
175
730
52664
1213
7728
61023
64406
27924
59922
92766
71477
31455
22673
82169
41796
40756
20207
86854
23367
72295
53353
67629
27431
85386
86728
71573
48611
85189
82862
35605
28646
89798
60075
12004
72729
48810
95626
72701
7061
81269
594
32783
80553
11260
78674
27224
81449
40045
40769
12631
33339
87718
30653
73844
66429
7864
33096
91893
76935
87711
1244
18959
96481
19835
93340
15859
5094
70475
85754
61204
85000
22184
12431
29733
19531
76702
12939
75343
9459
95225
15947
57425
45635
81378
77314
49147
56059
53885
68219
93291
49160
5981
45699
71474
97685
4887
36566
85901
11931
70453
47341
3361
21708
15688
85850
76734
829
8251
45460
4655
62370
45583
93336
80308
52919
15416
53075
66926
71900
69088
20551
16453
83234
86049
53745
65664
29148
97161
50808
15806
46489
59943
88405
44885
55655
6751
15072
19458
233
22478
94370
93721
93591
27188
17989
13741
67303
79815
83216
89630
72627
78945
36429
77557
27973
19826
23267
49108
54426
81864
86286
46658
36668
38869
13485
47506
48519
75270
5846
24721
66110
72449
36782
71995
79578
97574
70135
58328
46361
98060
12685
29941
57033
30047
22558
85952
58003
68007
50971
41638
27229
75482
66068
4545
57645
3111
51194
32743
22651
21065
84292
38823
12935
20200
86042
76090
65256
57972
23604
21604
5056
92321
63449
5952
50772
91292
69637
2573
96689
85080
80373
54530
23594
76850
59868
61014
89963
38820
82963
77623
10691
6394
2607
52011
88825
86421
33767
18809
52699
94676
79865
18492
35462
95366
9651
62919
81811
8451
39400
47340
16276
18418
10350
9232
24759
2677
83257
44118
63822
76013
37775
43081
33121
82560
12029
95632
63844
23323
88258
42963
29612
69613
94808
47662
92673
54447
77699
89690
76824
11837
20366
16950
41695
10765
30362
74048
67127
89018
23971
59542
57680
49896
92552
62965
20492
15684
70488
62974
3344
38640
75817
62434
17132
41727
60725
34413
43759
65866
4456
88905
22773
68868
92213
52674
73390
88340
70815
49565
96129
95224
73887
33831
52390
88439
25024
80013
35226
30080
82726
70292
79331
56817
86112
84706
70195
78068
16520
55241
78023
63838
73759
63026
3989
91201
46073
83849
84467
6634
41096
93903
84763
70545
63166
28676
73418
25985
72816
22397
29316
24841
84305
47312
3974
72187
87901
13548
1937
46248
82450
26550
27773
86453
16895
23929
16124
94211
32759
76498
85699
46475
70355
91911
92967
79213
15123
23732
22140
68625
72637
76585
33858
90086
10215
5426
65862
47477
95782
37641
16483
36664
10390
46652
12636
64087
21639
38580
1277
306
69483
39066
36916
50755
71940
51169
60891
7377
24830
69546
61710
1338
10865
41356
36126
86548
79829
12517
17242
61035
58747
97464
96762
71172
47818
69604
87035
61312
63385
29042
62219
88387
58466
66426
54395
22268
53622
74398
19580
77704
50940
71120
72900
64082
81228
47416
63388
881
61465
86796
10690
73055
13215
13650
75115
19041
80712
77095
44452
44862
18345
36207
81593
65220
7142
24150
96267
6589
65980
78989
47850
12395
34011
52314
96931
96532
22525
55994
19316
27658
79647
12363
43496
87878
39410
32410
55793
78198
11128
76233
52642
88006
25597
61225
7132
26186
42905
93405
45259
75106
47834
84618
70401
16083
37545
42736
29948
15274
37225
47285
25061
69024
24177
51895
12944
84947
77148
29024
31211
4365
29429
70258
91270
73436
36554
7548
7504
95985
70607
79795
4472
62650
45401
89078
44744
6507
17931
81061
70987
7888
7458
29711
20336
94285
37911
48836
80145
57502
40601
44973
28940
79294
18668
63083
3907
26318
69304
3848
5608
23899
95051
43215
23101
44043
53948
22229
87931
40391
9845
66197
56879
46992
76028
49863
87974
35616
60897
72569
26208
13623
60202
83737
85418
97496
12191
55556
54409
57085
7886
5827
82927
42993
6314
60569
39490
30757
7145
42524
49546
72055
70013
26643
16315
4169
14479
94159
46281
27892
37649
96384
11870
22208
19320
53895
12512
6789
95794
4101
22315
60750
64179
84827
96806
1202
43946
8777
539
37789
89526
42692
16954
30471
63425
4969
68712
59032
89161
18561
13951
5950
11120
74358
92706
82160
68974
94864
46195
4968
79907
57124
16931
1655
39694
67765
65382
98075
30218
47127
35185
83252
47716
1991
41146
94732
82591
684
1473
82868
34296
36679
33748
78790
51813
25413
29078
23935
82732
53040
75380
15609
11145
82248
58715
54616
34620
72455
32077
7503
41795
12694
25683
78046
6473
95035
41043
88684
40396
63956
97573
63100
11791
67724
97331
32890
17111
6380
86105
42577
31120
57096
33009
44257
9032
87807
52410
29263
84889
86227
9511
96166
51820
83156
11374
28753
25721
9154
33456
13656
59103
40568
2361
91923
59266
92336
12258
79931
8444
24851
957
54765
42532
91000
44611
71570
25354
84245
68416
63774
9586
35901
89539
41395
21953
40537
16505
45889
48317
76208
37069
18934
51191
68843
35220
46435
46559
50833
23006
82931
8456
32765
61946
31592
6199
59669
19228
88246
36188
6666
83806
24304
18118
22313
15421
16611
47266
67833
6071
63037
84813
56667
2147
32424
50901
22109
71014
73813
42238
31751
32163
28797
83520
5166
75420
9364
86250
88192
86757
40613
47142
53321
36803
4623
33190
68687
89300
87093
76205
53702
8641
14793
62218
18349
14304
97771
40842
4923
33692
87474
57632
50554
9776
55654
63428
80128
8916
55429
23547
136
57150
15097
4418
52117
15423
62846
82724
64016
68762
60682
90114
16706
15196
73178
67700
8271
33820
4578
37332
92497
83805
20744
43243
27425
51310
59317
64697
46865
56967
12757
72268
84991
27819
69864
77091
44672
46947
36409
51103
59115
47111
91216
21234
10175
28058
15851
48881
30131
77138
96546
56033
43059
65741
80957
96826
74424
86746
56287
2875
74463
90526
59536
39431
17445
43964
8487
75729
1501
68962
87252
3391
95330
92722
76929
37040
97840
84683
97512
11620
82661
97847
4568
78009
37031
4135
70221
43751
12335
51485
5452
48610
91952
33306
17836
92006
64309
63232
38630
44299
22541
47299
81562
57611
9673
83966
86996
180
31117
35662
90651
44441
82548
39779
683
14776
75605
7747
39405
42289
26863
45479
59298
62741
62029
38489
28719
39376
5945
64067
73421
81248
73743
46228
44721
7162
83980
12876
73408
16949
19039
82123
54542
2194
68362
62793
23949
807
28462
26660
48630
41843
3231
12569
24662
6449
46190
13720
96315
61047
7711
39025
25674
23198
46301
24463
8950
54153
43904
96407
56349
8803
27699
15953
54593
27829
31200
53151
5371
94621
72321
39615
84965
59405
45125
40865
35551
52750
76566
59279
69656
42033
38137
323
4497
38689
29158
60380
74847
57880
55368
77293
14837
84907
78559
9710
64828
37330
72618
96430
29469
79918
41422
18839
42863
39240
65651
34881
91130
16861
57840
76006
18482
20514
52326
74053
19125
83460
39502
73432
16387
94794
54643
23299
38590
74496
11532
59599
29505
56130
86506
84985
71720
89123
35104
29840
962
58717
74084
89902
12912
55438
5353
33469
95182
53098
49287
67382
93447
71534
47137
66966
35699
55974
77402
9536
82132
2498
23888
4118
71578
95263
21393
4228
62236
24208
28793
81998
27688
18963
56164
17223
90211
31986
45558
79506
20763
86915
32970
92757
41697
18397
96341
46961
91531
80189
67729
73022
66755
78538
84516
42270
49306
28743
64545
11795
78351
27187
63962
40475
63312
33586
204
14721
4686
5219
24339
17376
26273
25808
21536
50606
69080
21873
86793
95477
2509
21741
54770
58179
7929
39970
56397
89205
35765
63958
88426
56684
65613
64622
97826
6284
95031
24513
62083
13097
8968
52780
77520
60799
51458
785
1809
12031
70256
70283
60263
2989
23765
7118
29870
16531
33330
36671
31995
9572
11705
77309
84748
23974
74981
36756
19704
59100
86174
87709
43826
63018
87062
85608
21598
50557
96895
71177
60036
70900
53941
81713
55150
63979
22334
37370
88522
78310
68201
267
5460
42671
15182
16256
20109
81079
10384
54713
74326
40062
23186
35040
40826
68658
15283
27399
67860
81140
32838
7168
55880
93808
67418
44673
9374
92114
96765
78125
5125
78807
45554
47778
75633
18633
1975
94632
93412
96241
12276
85908
18186
81957
91304
17402
92560
53481
86404
40364
62239
94391
43413
45939
28480
28803
86434
42081
9983
48209
2518
92580
92208
4001
77816
67233
8466
75344
59547
86649
18019
66390
50284
5739
18672
89349
82652
65162
76646
16524
7326
77681
81545
1984
15822
34899
20907
26304
29896
54868
47525
42445
19152
52034
953
32081
76618
10208
83626
70104
18198
17538
13522
50047
24430
18570
35636
29760
68820
64758
86078
53022
53597
75798
43353
85336
94227
61727
17954
91046
89842
51634
34135
53896
36182
51903
25579
78452
82269
44907
5362
74420
27637
82983
89914
36904
69135
75691
15997
28928
54502
26161
19246
61605
41533
48030
44711
79694
19357
84876
13592
56544
50417
38230
12127
75324
74621
82007
24714
27100
3932
28398
85193
69523
21718
59025
39993
87025
23776
9129
90128
50779
16001
88275
66138
96655
35358
17438
37699
48326
18928
15570
12649
2824
82406
29801
79816
10129
45559
4308
76425
92209
31442
36877
42881
47455
51965
77467
89046
44663
76534
63047
38668
23439
43989
96290
448
89105
14340
30658
63114
63601
17646
97576
86564
42173
57221
92889
16964
64010
2832
36546
96483
3870
31174
41249
44966
77417
20815
28873
35442
7231
80981
22634
47162
35454
23665
23542
95317
47697
20947
22205
47695
20301
85248
52565
19681
82738
83167
18938
1296
65701
50882
73583
20325
93491
90450
41715
61006
53831
63202
8832
7358
81087
81275
97162
29573
88875
37845
31601
7214
86194
71979
67331
15229
27467
72824
93380
74990
33221
6294
94666
50351
27990
97422
50379
13783
97203
88579
47864
23441
73060
96779
80011
94831
22347
21088
96148
72208
74662
2796
11488
31294
45926
75246
97110
37921
84751
12161
517
27383
32447
49143
10750
31057
25779
79300
60019
54990
21977
34224
5559
80493
60536
43925
94183
77588
46134
65122
24203
60614
39366
39759
74237
57392
49727
66231
72695
52291
33798
94325
61492
4886
89757
48582
84668
11503
47413
5201
46288
38147
83048
85043
3753
66650
80790
48959
28635
56987
31350
10370
69762
80944
89641
27006
42268
8536
97525
97215
90396
47848
72348
29037
29157
49114
15506
51341
80337
51461
51271
89813
91826
51065
24151
79620
64129
28929
30197
35989
68826
23943
52409
49082
44017
63191
18336
57007
33310
23753
98171
47872
72018
15890
88958
32655
60521
29457
81023
3073
16497
23752
46099
85382
61614
15466
94530
57480
21738
43313
43639
49224
75250
61796
1857
79373
65877
81768
86412
51937
72663
81659
45206
85575
50254
29114
16566
48263
4466
19497
28174
63798
47241
75514
58490
12049
29123
81721
89465
88986
3125
47528
14194
25337
94482
73823
61142
5539
7352
12919
78515
14636
21505
86398
20493
33267
12579
97950
63516
75098
27490
16451
51921
26387
48137
6969
87455
12909
41063
66588
49739
76483
39038
68437
12828
25365
27825
18601
49655
28585
51373
91093
79388
73483
48036
86231
51817
36244
41013
40949
69566
93873
72100
85364
17064
8582
36193
11533
76971
83538
79539
69927
5694
78259
29239
688
47012
31196
52506
56643
28405
5203
92900
48329
39793
74599
67926
71531
4746
34735
68668
15872
72782
70577
56042
16743
47427
29755
68363
76952
13325
18040
7697
21053
41144
39305
13365
330
84321
13667
47678
22443
5934
55023
50953
28600
4541
11196
66162
69388
18844
71611
49508
81764
41051
19519
6931
89739
14305
42583
96594
13441
23768
47710
52225
64587
36785
84963
42647
33568
35593
19825
20448
49536
81124
83684
76023
39665
51371
62922
74196
39553
83471
17042
97683
31525
21343
2678
93074
7288
12854
74388
92501
92230
44374
8914
62858
79200
6726
20833
95139
90593
73194
37333
61761
76085
91173
83403
61933
37868
30244
18183
49164
26846
83019
1146
4412
87181
39611
56789
65040
63895
79032
40720
64336
27475
10100
4884
74262
73160
26618
7278
76234
31206
74703
54015
78482
94312
49775
34007
17461
54630
74629
13013
68292
24273
28856
79896
45091
31099
27314
7843
36587
80263
20781
92708
34023
37117
79092
38897
64699
39080
68998
38572
26740
5300
41000
41332
28509
21227
22700
56128
21833
42484
45445
88263
46298
53133
96852
34736
44098
16293
82742
89606
69469
5911
38648
23892
67119
2755
16391
93910
1570
26694
75336
37812
45565
67935
40386
36266
15183
51057
23756
46441
5698
27853
34680
97977
78460
77311
89379
70001
17221
6200
83700
78362
71246
49397
14290
67754
14959
73514
16629
279
64234
96303
9793
55348
73879
88523
28132
17576
81943
38309
47849
71560
75971
83350
52344
57730
75367
74786
55104
73110
79133
77713
68874
3810
9981
19000
78374
40344
3728
17362
35318
25184
85205
20923
20170
88207
17668
67618
37116
3785
25473
8151
55638
42703
2997
66049
73721
69616
25400
64083
34032
16122
39185
42893
23366
55921
63792
83749
82048
6588
4270
42016
56430
27083
59196
69342
60765
7172
29452
97966
12963
57088
88843
97502
79367
97610
9013
57893
60386
39053
21543
66535
74037
36998
18779
82122
80229
10137
44632
49054
95591
66717
62378
14360
6775
61515
63296
33322
67098
15311
82656
84294
34876
68301
29310
38839
47250
72214
588
15906
49079
20983
28290
14850
13141
84541
60506
54410
67105
28020
40014
20659
77171
57762
72188
94340
71504
86865
55821
97908
39112
89727
16189
81738
96314
57500
165
23127
69295
84432
89566
56185
22999
81617
13946
63169
70480
79592
96369
14276
49018
27413
91366
43167
58909
21866
74505
38539
83726
83360
94862
56845
96428
6324
85635
19029
91889
29574
17437
73693
81339
64018
59343
49181
61692
10991
8762
80270
38330
32002
29842
45429
56957
90317
58032
28944
16912
33233
59304
51950
14576
40999
4880
75569
79627
98219
29509
82051
19401
62313
37359
43770
32582
42804
55769
58234
42554
76999
26468
84241
11141
30744
67749
32136
40151
50344
29130
36010
5519
22533
91018
75885
13290
31861
24805
35452
53709
74691
60945
3959
34266
26484
13107
78263
81873
91015
7464
72371
10762
46270
35619
16200
52918
67045
14594
2098
65310
62131
28951
25237
64438
96375
7740
20739
22804
60742
54566
11035
84302
79422
31564
41456
67844
11923
58664
33181
58112
79169
57462
66953
57909
78948
84036
66945
35857
75766
26738
4410
65895
33422
24637
89128
65477
89339
15349
25222
27342
71047
87143
4815
65985
4717
12559
79782
64886
66065
3862
84945
4820
75559
63852
50440
55824
78509
48826
878
94474
66994
92274
29357
86365
56530
48086
31114
82702
35093
65868
90007
84867
85381
71333
63615
90113
54396
72524
39832
23426
92442
3071
83875
88508
22177
32445
79995
28371
6836
9150
97890
40889
74983
12437
25086
69832
85773
35706
15523
55787
20465
34706
37149
38081
60239
66925
75563
2720
76782
21857
53770
74778
13028
46229
43701
30406
90537
98008
54624
96749
77560
39010
88702
18172
83043
16428
63686
9834
33148
1534
30570
58670
86621
32965
196
60968
13799
79798
14681
7779
74571
38066
41889
51492
75716
45749
28636
65673
23924
1748
45378
1439
16498
18224
69770
84195
36484
76152
93131
25114
65447
78535
92904
70930
90723
27417
18615
11224
63456
13861
47204
69988
82576
39749
49578
26800
33100
35191
57278
32044
10570
79692
94307
94514
86572
20618
2788
50293
59086
43790
34535
33008
44920
80946
78770
84742
89793
8976
8605
8801
60816
73631
46602
5001
54825
97423
15019
3284
2924
26989
36147
95676
9267
26514
80547
98107
94664
76932
82107
67864
19597
67740
91024
26077
18916
50466
40584
24083
91126
33989
60098
62118
34088
46277
18344
59602
88959
50452
28663
38550
38679
79265
10560
82150
70829
86640
62810
10620
81923
917
42625
87818
89386
37147
69825
56822
51878
67379
53118
26562
73170
50632
23490
78785
13179
54947
40293
96411
8307
29338
18314
22272
55875
4423
3700
3445
5461
64919
10930
54307
61594
4361
14283
63577
71857
40637
13954
44105
49138
33957
8413
53055
83004
47494
12361
30638
96092
13742
42219
67314
24368
39102
16390
20870
12384
25487
14651
26605
84273
65882
825
68079
60401
25498
29735
53793
6886
46326
25202
58094
45443
36413
49602
37027
5256
54559
45472
7479
81245
30835
85694
8996
92464
91583
13457
37933
16925
37888
79329
10314
30516
90974
38153
87976
73181
65353
13140
31050
88595
69273
7506
71162
97838
5931
81309
32232
74264
24860
88929
17994
17392
85559
77188
72262
11193
11323
78511
92075
31985
29244
5581
86994
20349
34903
55692
60000
80916
55187
29270
16462
76314
16212
66576
37008
46331
96197
80746
33278
84077
51221
2971
36796
6243
81977
64778
76405
37686
68860
14202
9020
80325
36564
66362
77562
54772
38391
54991
12892
33117
75802
64086
18878
28560
75736
31361
52173
65074
93517
97786
4766
47787
50794
44474
69417
10034
69385
51822
53901
78256
89141
6712
63666
10743
43705
62297
19764
19568
25922
16547
24269
93256
81403
27639
64256
6977
74820
92294
87224
90048
40266
5040
32894
56247
21843
71300
38101
62303
43290
7715
9942
15059
70680
80215
44288
49293
10547
58342
33123
45880
86046
94024
77166
14076
19307
91010
64986
22674
76953
39437
14794
39740
42764
78228
51920
4753
65621
28652
29258
70773
6864
49005
51765
59160
47487
25920
94021
4762
91773
78729
93670
44426
63012
6904
91686
98079
67703
95080
17484
45248
27018
14494
98243
32729
54830
81706
91796
50752
43154
65779
84941
85168
34716
55364
41586
5699
43038
1927
18204
91081
94782
43450
65300
39004
36948
53335
12086
54454
53502
14766
86936
90403
71493
24649
96353
67949
58460
30678
64754
43402
9451
36224
97894
7969
64225
529
78204
55715
89555
336
96860
8558
9696
92893
53096
72236
36805
40377
80672
5528
67850
8109
57158
50020
87979
49075
89715
29426
90177
73888
16250
36397
96953
46596
43200
54032
79941
36759
12894
18609
97011
86542
65579
35604
72956
8997
7950
32312
84773
12278
5734
33688
16294
16962
12600
2976
1549
1860
93550
50206
25571
41430
62172
84110
93849
45433
1476
65464
63653
52334
38322
14244
88485
58668
3389
809
84178
22228
86485
88982
24791
65900
483
57079
97732
59340
73097
60134
98250
15824
30356
37327
22452
77586
82208
85273
93212
27621
70919
81216
80085
34713
65034
82936
52985
7343
4141
63472
76637
87488
68203
95403
4081
39975
2019
52036
60482
97758
60679
89860
96842
68195
66289
5644
14355
21512
33274
83245
93751
42614
13182
86530
33615
37452
32233
69673
22499
68753
33777
65505
52946
1892
97712
68206
12350
8611
32286
12099
70686
71865
87746
42422
30154
64032
15112
12005
57686
17269
76337
44726
10340
71412
7802
15133
42757
70435
75388
19280
25495
79178
8229
72088
6578
19398
76624
41912
65537
41454
29251
14832
51033
74269
63351
96951
46345
15598
62431
85950
20787
52322
10051
55992
15064
33529
84397
40809
70699
93335
55109
64036
38339
72841
9757
17154
65252
82670
52294
96894
12190
62881
51907
55858
24086
62389
83417
28921
64666
5429
34904
65206
79356
91698
31387
31300
16394
55727
6929
577
57524
83971
50350
37030
28757
4730
6515
84293
10187
65104
28731
40787
92873
61202
70715
6132
52250
48772
80935
84789
13298
5535
51496
76914
92558
37318
13850
4538
25700
42214
32579
46158
73765
155
42054
34349
34339
13878
21571
1560
59437
30496
16373
76269
69147
58089
2591
81338
39208
59497
5124
46774
5487
63827
62491
17508
94120
76842
38650
9288
66993
57707
7752
6722
84371
64275
17913
76885
36122
50211
9670
35794
68559
89820
49563
27366
61715
7793
16337
37489
35805
40130
62653
3890
47366
9839
2515
23191
81558
4454
84582
6822
29417
96250
6503
50228
58076
44629
85851
38732
74179
27373
60773
83233
23567
21010
83055
96724
64853
61196
3147
83655
37780
25937
48743
44609
60702
91056
71821
39129
64630
26841
46173
11134
42114
70400
62730
59484
24042
96457
1472
10081
79102
78242
64818
73899
34763
59819
74118
28913
9948
2216
52603
7319
6565
90171
7408
59466
11672
76553
45099
69168
60690
51700
75334
4368
61016
27511
33542
33927
86669
20832
9894
34627
51687
38805
24753
79734
52661
22613
3537
87257
52159
60670
3051
49908
37457
38053
27458
78334
19678
21613
8500
50063
73310
82645
39705
19409
70175
13018
85470
75365
48602
5039
88574
81585
91910
16957
68166
80724
61940
82171
27703
32572
72719
68546
4133
89998
76011
35177
2235
91720
49047
72576
26035
51653
12382
71874
55877
58731
45059
57678
86971
57076
56694
3688
15264
98197
87692
68903
75725
55832
61432
14814
7314
10405
21058
14788
83506
53270
26308
17099
81933
17288
65515
62697
50080
64385
32605
91065
17459
53643
14867
73592
24244
90699
27690
82470
73882
91039
61912
53297
24107
94460
95602
82849
68442
69698
30706
39542
39196
22151
40234
97404
77479
62742
54488
77152
20360
52196
3332
67208
11047
82381
48732
30410
8158
48572
19640
22340
71870
11604
29871
55944
81924
82787
91338
10696
56184
3863
57338
34193
78875
19665
51938
17939
93956
15249
48685
65876
75567
75107
55167
96732
45536
70526
87690
26930
1552
76322
41772
77612
87279
97983
18351
13288
46836
84175
55454
87469
61445
28387
8435
51656
8841
75499
21452
52123
55642
60787
43185
71910
10148
17228
83570
42058
77689
25988
83553
95450
59287
23288
33952
9235
10274
53537
22819
74806
53131
10878
61475
57971
53962
36619
1593
97561
28027
7611
6010
34334
5301
80791
72462
59028
34552
51758
63759
73108
23390
42256
2157
79160
5914
61224
28621
27275
45923
17168
2148
49167
15400
17641
44345
14927
14502
88932
82131
21201
13439
29000
11491
65250
47152
74546
37347
37361
69126
95732
94906
2523
74140
35971
48586
94369
59810
77449
95041
85240
76245
72306
95072
92627
87660
13657
32578
21059
49740
89708
46486
46314
54691
70189
22829
36675
65047
73494
37162
43573
94630
50438
87641
76281
25590
41666
5057
46511
70869
2787
55606
73417
88969
68444
52824
37852
75758
16064
22778
76562
87065
87240
86980
38841
28314
44653
68051
52408
45144
61963
49455
23014
88070
71660
84488
89003
30247
84069
14632
17382
8415
4086
69620
95904
30754
20326
49540
52078
57843
51866
15727
46501
78595
70853
55500
33031
92736
1189
63941
61642
14989
15368
27730
45370
66411
20143
15161
41107
96580
35062
8350
5556
89553
16968
53568
45062
47955
5708
46814
82964
27485
37664
55911
32264
277
7147
9953
67508
97004
254
76655
13772
48648
56437
86863
5450
34787
28723
7753
49307
29904
8989
71216
97070
5381
34752
51427
21036
74919
61424
26737
59581
77944
92596
26710
1977
15016
66225
93945
6581
40778
44860
32716
83375
91672
57299
3376
56398
63491
76455
68904
6333
93696
91929
12274
31897
74740
48355
47747
96592
23823
92061
21279
63240
66406
41957
56804
86510
25442
64297
50162
86025
8416
81929
46985
89277
20963
79078
11480
17353
43515
30449
24754
23129
58571
39000
76677
74309
79086
69568
83475
48244
5112
66883
21754
59498
97534
70438
87738
51660
44681
8393
82657
73416
9385
43
85071
72435
44229
94562
54337
69377
85101
39341
68486
31819
50134
93676
34157
85909
85657
26012
6352
22060
58219
59723
43586
37645
2303
26088
58778
60437
44215
77870
45834
82116
68275
39200
8748
39641
79717
34966
22801
50579
24019
85511
11518
80956
67825
4267
28468
6580
11034
88726
62576
62040
25945
30870
84669
81671
50781
95624
37051
15411
50057
58258
47031
87779
24206
38389
32192
20429
87921
23523
25763
25429
67201
67689
73342
11028
90768
12318
46526
72001
3379
6444
38989
53041
98174
814
5551
59416
44845
57475
8897
57694
52032
934
58495
46138
93608
27967
62035
92731
4718
90910
86507
71507
41885
25015
63156
17624
77770
61746
33084
36762
16284
1778
68491
78128
32042
79507
81765
73138
15619
66559
67360
29305
23999
30188
84743
29500
53753
86452
12491
46721
12896
5503
26474
9070
79343
40164
83000
58765
14872
6254
95629
36635
25714
2237
21980
82117
19812
64730
84979
76787
6871
95718
63272
25223
85812
55113
39253
48963
78528
95907
36112
84829
33668
81533
35826
36210
19370
44892
2331
46818
48978
78751
67355
55657
27423
10204
11932
20016
50768
36777
44260
64495
67512
37794
75341
62761
17460
27059
1852
36585
90184
56591
36053
68549
63317
89415
63311
95270
47200
68104
58879
72520
41126
32239
80696
51218
21913
81171
96810
71889
44767
87149
98169
95380
41269
18988
8731
9607
78060
9957
72844
2953
3501
56188
22037
88
36321
61217
2251
88108
96862
34074
31889
80541
46097
62367
6989
26293
35849
91343
28896
48353
96144
87760
1455
52848
25026
67369
59899
74606
66877
78531
61179
35203
85270
4216
59282
60143
50069
87968
11846
3400
27725
45509
11106
85380
47368
75986
58701
49531
52091
85319
81148
16661
27791
19689
61593
10923
48291
52044
51395
61495
41836
93490
76591
32862
29995
50356
92375
6493
57037
48238
17248
14593
71735
90514
46736
63745
87866
5752
70865
69258
94389
55310
26944
44384
70269
22000
84421
93458
10523
93231
33243
96910
50788
97166
35320
2243
58887
18894
42934
621
34341
29782
56533
33618
42758
95889
29930
93689
13479
13508
38706
42161
4998
50778
59395
88813
56208
56729
37429
13117
18366
21935
90239
79021
23524
89245
24185
84613
23184
58542
25001
24807
17692
32426
38022
73010
90411
24626
63204
74006
859
69969
81809
37737
72493
13227
65232
50696
95560
7113
75507
50813
84485
7748
5990
65486
34065
62036
22766
21437
67748
76912
45780
27522
689
41002
54588
90030
49404
46449
92898
29662
52424
95304
97239
30640
32393
57044
94877
81683
21969
40042
33891
97845
90611
77346
63458
76792
82059
25616
81080
43404
84
80932
31018
49097
36833
82913
92179
78685
32096
51099
1454
44472
50974
44259
76034
14106
3524
29386
84312
15044
26506
37590
7811
45534
74303
94156
39912
74980
64157
36211
42940
58024
96386
43713
82814
7982
90122
16502
74876
48892
40952
84777
71758
79833
13632
95897
14962
75038
68536
9986
33032
32889
90485
50769
27814
72057
59989
37114
51489
45502
49504
88011
62190
90638
63785
83790
76958
82230
91728
24033
28645
82847
91428
48201
33583
45105
59316
86819
37583
73806
39070
7923
63239
52981
64588
70761
1145
93337
43229
6891
30646
15441
47095
83145
3958
53992
15409
27361
63896
16576
30424
52634
60764
71489
88051
2166
79905
49774
57896
6233
91097
94253
41881
46512
946
14686
27845
9596
46110
73602
6955
20719
43273
44756
54366
93622
76352
77044
58896
71958
72927
77827
90066
14902
80891
71461
44930
10831
83406
36669
12867
21771
42192
65318
30418
57357
87768
62619
90034
24571
15371
59917
78705
54973
34213
93143
55030
27617
773
6202
96229
43447
77810
93660
29455
62335
44954
63154
15499
27636
64084
85991
3514
54163
34469
68187
3095
59748
74775
431
56828
26503
36457
7571
15122
75144
68014
69639
83934
74412
46569
14941
85624
9805
55950
20622
74186
9605
45526
98295
66725
58491
25031
43725
31351
55744
75561
68986
60514
25591
12313
28568
28657
280
52101
70036
82293
76239
64867
75426
115
15809
71281
62521
39895
96861
50566
16764
48795
48965
32641
30840
24408
89805
78725
37965
73703
34941
54839
29359
90138
63670
42004
73939
92647
85640
8090
91288
65551
70100
51590
68237
35914
15431
78574
94548
53416
21599
51236
33695
7523
90010
26963
66766
21513
70160
18408
19858
86896
36949
60492
50291
47961
94352
58235
88189
73032
53506
79533
23587
58369
13391
65123
80367
19075
77513
16074
21562
67002
81273
32501
6823
22081
79084
22548
39076
40142
52915
92188
54665
75269
30680
91905
38771
21477
77946
15866
61425
45897
86465
56990
25196
4404
95775
91419
29451
91341
4883
49993
21162
73404
75430
94759
90332
94589
85714
8025
32381
58511
29052
95226
48157
14143
49561
70467
63721
8018
58953
30704
14839
45228
76626
131
42006
11121
57252
73458
85108
35290
57693
45340
72155
75376
92452
35079
74380
71292
12328
1685
4096
28106
86236
41034
32656
30395
72791
9570
15361
33901
25632
36715
43983
81901
60347
92496
34825
35494
64293
93342
89930
22628
71079
64534
47063
64365
67103
10728
19698
44470
31718
80012
95858
26287
1044
75467
83978
86300
13562
57062
54285
31054
25076
32540
97638
66212
82884
51333
32422
17139
9229
66276
13882
22292
75174
65146
35044
38333
32602
46802
47663
5769
25214
77350
15578
48429
11802
30586
473
20892
79083
56065
96330
10270
26238
17065
77763
47203
87743
53915
23998
52436
65620
30728
7253
29907
48900
68579
1967
64966
93904
20838
78733
24713
9134
54355
43489
63196
40915
56958
83187
8900
6788
70041
85213
88176
27155
33076
61463
2797
79067
52151
4439
69086
80527
20144
54315
55574
11769
51238
70560
3078
22863
5636
22001
45148
70787
82818
66748
44379
80114
79463
43712
20099
95265
65478
36240
66625
48792
65004
21178
58911
66787
87574
17964
8257
71061
89992
93495
23627
94694
92517
74393
47446
92186
15908
9664
35169
97670
68160
46276
71352
31110
75486
63155
36579
55095
88286
81898
8819
2242
37009
41805
85220
13787
72501
9309
76494
59310
11180
81555
76918
59872
61649
62162
21908
73126
15420
54626
64163
56306
12620
18789
29987
12888
24795
53964
63877
75782
18128
44724
22135
24327
37368
76265
14858
33324
75975
47658
1669
21351
36690
45729
757
86088
78832
6021
60323
9848
73749
89257
41479
28625
66680
11403
57327
9703
93455
1091
43134
8813
87996
22407
83087
71161
84882
61751
17504
86081
14785
65983
10578
89029
14675
78297
82986
59007
81821
53488
88919
6571
54224
56780
30773
83008
19427
56519
14397
61956
33987
89478
86044
85969
23016
23778
50854
64750
309
16903
79258
9110
2382
19381
29473
71800
11742
26766
18401
91626
43736
31921
59956
96266
62403
16126
79649
26406
49311
47883
14475
86148
34294
86269
67644
9342
94605
3783
25386
90966
22245
40210
14915
48994
48499
4235
9863
71556
90986
91668
22597
24846
30174
79077
46766
97195
97492
54103
92914
54608
28419
63629
49190
16297
61959
20987
50033
74986
63217
11909
72026
49425
22192
81294
76323
44506
91553
55570
60846
50691
5591
39864
76403
24329
89787
2473
15198
66130
60189
24670
14135
43205
77368
25662
76538
34460
80535
84548
22143
73543
17395
94029
87021
30372
54083
9034
49364
97065
79811
6300
17253
93093
70588
45291
10685
65713
52212
53751
71098
1869
84492
33214
95107
64272
59710
69606
44492
81630
29203
80687
91548
26752
26381
95231
5042
3041
94063
55719
94264
37240
36972
45819
28758
88558
94047
26920
44594
39798
52242
21642
600
56691
9047
11945
50226
81435
9220
26803
29849
7882
91446
18943
25532
5290
29659
40995
89067
51314
2568
18922
81891
6577
44877
30217
67483
72251
18037
89301
35851
41470
43344
58035
42438
56543
12077
8371
96948
1068
82137
61569
35968
12469
54133
61571
82468
28542
65695
93732
84790
26796
74099
68468
85015
14891
327
15510
12523
58962
61026
40257
60124
49866
77589
93415
79848
13444
16148
17359
81640
70952
68955
82866
39096
62285
66798
75187
45430
35714
49026
4344
65799
85682
31372
74070
61487
25449
88715
63201
51488
67826
61433
16222
81976
42858
12044
5140
20430
33368
73069
77925
55708
2412
875
63674
29922
46837
13232
3188
48402
65668
83614
71187
73728
26594
31345
56060
51619
14148
27536
84344
15644
14097
67651
18803
79785
3542
88424
2434
14183
13038
22592
30090
15434
77465
10746
45574
58954
54778
14588
53366
53945
21984
52903
54000
40559
49974
73198
46950
66974
51684
36606
47195
68855
35139
32502
56689
58233
30015
97176
62828
91489
51424
12635
76311
28982
54613
92816
97249
22654
69422
17233
16656
66859
67857
33756
30841
61794
93526
68230
93141
13190
23600
144
9119
45893
6277
69301
78476
49158
33445
16177
80094
39395
12565
12622
64380
95495
28844
70415
82043
75591
24680
89941
48214
89501
78769
45301
70387
25293
95736
30858
80053
57110
3047
21133
1962
65543
181
23536
43858
16607
63477
77959
40040
78163
82393
63997
59816
8272
34297
8089
86449
56177
92314
36654
26603
76298
61291
16569
23504
69324
80347
68189
9045
24461
15803
22291
38387
45498
23068
75327
9715
81567
10535
80289
22944
5949
31306
72577
27185
28324
36400
63567
29085
22676
28620
48246
33793
87331
55506
32705
62316
76485
54229
52425
84916
23355
63133
93123
19830
55807
90185
33003
9009
92945
48216
6833
11842
33118
14994
40390
75772
93124
63356
49146
116
3834
98287
5029
93480
562
3290
32767
82762
44799
93152
63692
45572
69076
41668
39249
19429
2101
62585
70673
66792
8694
59918
98292
80034
74684
47169
26331
53880
6351
34212
2828
6301
71428
30988
15199
33549
52284
18555
19124
39420
27530
73341
69709
24767
45250
66796
24950
60943
83163
75785
68895
82890
96835
23731
76358
9977
50349
16467
36985
17491
94689
73536
59495
65185
46676
65384
12118
14703
10333
26907
89949
40240
37414
91177
59861
40643
6166
36460
12646
96068
69197
61004
24202
52307
68264
66124
18039
93914
88527
647
9634
14948
66812
18829
19957
48535
35350
43664
66880
427
57334
72240
53379
96560
39497
4290
5999
49140
25134
95354
14324
7589
4561
81868
33153
57018
60684
49553
38017
76676
85088
24211
97294
38811
14385
41598
57310
72193
31875
94042
43078
7119
82902
52685
64671
52027
38740
75835
94870
703
21634
79237
31037
10731
23225
41565
20800
42513
55910
34329
65401
22543
53496
19192
58034
65160
59454
6078
25318
97951
13764
14318
17946
54844
5506
82245
71158
55584
53583
42324
40800
52688
61099
33302
30812
86663
28492
32650
91383
65528
69901
46503
44295
68345
4336
821
14310
41594
78974
27406
33613
85003
4008
23589
4738
89603
85027
66661
75296
71481
86050
34370
3251
5382
82227
14601
14943
85695
8804
28998
38942
901
86173
76957
61881
81544
43455
96039
64544
91919
52150
19602
18718
56435
32847
7533
26451
27031
84374
71287
64914
61300
30518
40579
49324
33771
17016
19899
19160
91014
92246
59812
37731
41699
70589
29514
81997
20074
18625
72995
386
31281
41028
70500
86517
69491
9249
73064
97823
31164
5061
27643
41950
74289
3099
78998
61807
42131
23244
63222
16357
64475
7603
8540
79126
92631
53241
75389
73305
53606
49808
26295
2191
41557
11351
82347
18006
75168
72158
44112
86694
2920
97252
81054
89510
65351
28061
59108
43727
84284
234
77073
60196
974
44842
4388
79215
70083
23384
43012
35327
72920
55977
32416
29326
79009
55916
16710
86207
36319
46970
61165
43130
91299
15335
38901
51980
28240
4114
8585
1911
13476
21840
58964
77142
10166
76238
44305
67950
31381
36530
71757
31360
79151
59069
27285
65488
27476
64733
79171
14501
25017
22535
94829
30261
81729
92487
78645
1349
25580
90023
69166
77620
79765
3128
85774
67947
91693
90342
50294
77837
14821
38905
34820
24971
57233
49067
6426
60476
18927
31447
35524
51795
30926
46063
33678
94876
40430
4492
17225
67707
61608
53375
50623
84981
54003
1036
13407
8615
97500
79315
62517
12687
59745
67882
14816
10515
41449
81335
42461
38385
98133
47593
97762
10380
6470
4137
70390
39047
78609
70157
53656
72334
53370
40594
31395
19057
60216
41181
11877
5268
46898
72527
24181
94795
44038
37204
6512
21299
3842
31585
24487
42538
69212
39130
79890
75570
11825
63998
97504
48715
20045
50861
50460
56460
12108
74213
8041
30526
85722
28878
8281
96226
17622
36385
3919
55142
59675
23565
36029
74319
71605
54187
51944
60452
11497
12788
74290
91716
11845
94065
54681
19694
13617
65548
90190
89831
82066
21087
33030
7058
84147
88467
53324
87041
48874
92387
92123
31439
72536
20813
68144
83288
77539
38889
3474
81614
26560
70798
58463
60234
61734
12199
17024
90407
94430
72402
27514
34203
29790
45072
53879
60240
73555
48049
17743
47983
5077
92854
37615
39095
59805
85966
15478
31329
50645
8295
36459
13930
37949
78094
68754
39936
57023
14635
14191
20556
57306
65356
25436
88640
23452
77322
7972
91362
5209
32066
11056
72669
72619
19049
93050
84084
63817
79950
67817
72273
77632
23569
906
70180
79352
67915
41890
78496
44254
13208
77794
13209
90001
55251
97522
18001
3197
88012
43552
43191
92011
92728
81027
43766
69325
19688
25741
82612
7895
84565
44664
35686
12119
80473
28328
16018
79302
89361
97238
61418
648
54393
38199
27641
80656
75273
79553
78611
8640
12996
26741
51251
71978
19792
64854
10729
67226
59469
38186
65756
1361
51592
53652
77633
75939
70328
52058
92438
16345
69935
45525
7040
76909
1958
6686
67954
75832
62423
9636
28666
48710
79093
43871
10873
6035
276
54192
89563
10961
62408
89423
83387
18012
50534
8556
42450
5191
68587
20418
25934
39976
95674
32313
7781
94659
60714
70385
73791
15332
58208
80907
6040
31228
13915
90512
26355
54098
2014
61847
50560
58095
87301
27929
95356
13540
46498
94141
38725
56203
20252
56788
95684
32406
42855
36945
7915
85885
10532
2244
89675
59518
83887
96515
2316
22488
81631
57514
68732
66019
66961
55635
21635
59420
42770
88197
32951
16307
3936
30295
41532
39969
77497
18525
43246
94225
32961
21802
17792
28807
2079
29964
54017
2023
43088
48230
55258
96142
23737
64136
3033
27180
23826
54349
60066
69310
78343
81775
75686
63025
45587
27396
31785
90743
24009
20073
56926
8252
86312
34129
25490
41800
93071
12059
82147
48773
57919
39659
11700
8228
58387
29409
31285
11736
28739
34847
47798
16089
63564
7807
8117
43898
73575
52777
94693
50002
21748
85582
41117
81740
86318
69151
74492
54699
30091
40652
20743
48159
26083
90630
75005
58056
39631
25226
42598
31892
2734
86795
7065
56765
48014
3289
15655
64489
29511
60073
38458
28131
1627
35770
2502
69906
86202
49830
96041
39630
16285
45096
95439
18130
48371
90540
33161
8478
96947
92304
82054
5643
14173
79176
11817
56183
82763
34991
4243
68277
7689
11608
91908
51922
93453
68440
22787
74338
2504
30686
17485
69334
4115
41614
29483
58771
21651
46333
63226
4756
78620
33609
55799
45703
14735
76747
64940
71778
38228
12563
14668
67854
24133
43967
56380
17295
20824
62401
68257
53839
71315
97822
44898
37793
21679
55846
73172
6903
61532
57082
77153
65929
75449
10876
77136
56959
87787
35109
35298
97084
54470
93611
77228
70201
47324
16128
18919
65303
89718
70232
2445
1197
78075
11204
10573
47897
15060
96340
31426
78636
57174
92504
76094
71016
1846
48813
13830
70727
88877
66789
19574
46764
34644
37819
74353
37795
6966
66574
73538
74155
2200
87893
23714
86484
52181
18434
98017
44012
88412
27942
97169
20579
24428
87940
8992
59409
5794
85536
62390
79832
3105
85843
4396
25128
5149
4863
59157
86255
33160
67745
80303
38328
74476
54435
73717
22680
31504
52676
87192
55239
90697
87828
20280
69886
69382
35415
56100
1360
3464
8187
86457
17875
70305
23645
19371
73189
86541
36365
72010
51415
23417
96106
76083
91635
76334
48311
1505
3052
87809
77172
58047
38268
19988
82543
90715
17969
77133
4077
77701
97475
19248
38654
43398
67237
11822
48985
24809
8179
1631
42798
36806
39493
28962
49870
53953
22161
94296
71777
19723
69902
43176
52336
94858
61824
56704
2458
49089
72456
43816
89391
84692
19584
45868
87919
7626
46342
33182
25881
73354
81149
45779
26226
18725
7412
56464
9892
13116
31775
33930
29488
16389
17285
26607
88606
24330
88175
5586
90476
95092
32164
16626
13002
89852
1218
16556
8360
73196
68098
42509
41578
9050
4792
35114
85293
41380
14532
84782
21206
5815
67705
82401
34320
5660
81365
33643
49131
29401
92772
2155
86055
93126
33677
57671
92071
68993
84410
32692
81306
12735
95710
40445
48423
40101
456
23197
30454
66236
9420
41264
9781
65584
90058
88728
37054
86628
40976
96191
51259
25529
55096
90251
80677
7557
314
46897
1276
72019
86784
30020
27593
47041
29512
8817
33149
47349
28007
74967
81146
89895
89922
92566
8917
46834
6231
43190
62732
64859
46176
74282
87367
61811
682
76548
87144
67280
71499
86550
65417
54414
37409
36433
10054
41273
23532
23403
39289
52975
65498
47846
84043
81925
7051
80460
34043
90415
39903
10188
67943
49962
43239
46227
34253
84139
96138
28279
18787
82571
20392
3650
8155
81419
57705
20948
54291
35082
28501
48404
96160
59699
79410
8935
62545
35232
11895
20117
40887
53776
40946
92292
98229
34970
88407
88004
46627
15126
6087
2037
78869
1226
85918
53000
68485
6812
22144
32118
5173
23241
74626
4016
19488
57774
12443
83752
43735
58659
36167
60842
83086
16886
27440
79639
29628
39590
35094
23611
18908
65639
61254
62606
11212
30275
80538
52714
84385
63412
44438
35311
18147
41619
49915
51990
91617
15912
64702
96425
93310
67216
55581
83064
44320
27168
78093
95115
33797
56831
65124
31497
76495
84460
85284
38954
25227
67183
53603
76600
61473
72545
73020
29062
25713
40853
86409
68278
24168
79144
64145
52562
80641
26076
56744
24353
6780
60627
89800
28326
54784
38705
31597
55474
97870
18831
97586
8559
96333
96585
77753
68833
42995
2653
13256
38207
30591
2024
84899
42909
67391
54097
13789
46583
40607
11815
69781
75723
30034
30022
13143
66589
24756
74197
55314
67718
68131
60520
63864
65546
94251
90896
74311
89518
58602
25622
28796
42913
81355
28344
43945
61191
51787
76928
13268
94927
21994
94438
28595
41974
38644
72008
670
34622
65916
91368
73008
65446
76199
75745
85379
83296
44123
9584
7238
94540
8143
39685
19299
28554
88259
86492
13935
2104
20644
5141
97925
86123
84971
83354
51416
51614
83301
33208
78377
82326
1438
53257
88158
92907
67255
77271
82561
78709
40504
33805
88530
33159
71369
73520
91781
12141
48938
61682
84075
77742
29976
33483
85373
56424
4197
95873
9564
8079
51391
54115
53968
97086
2948
17149
41682
98088
33253
31396
66064
58422
47711
1014
35870
83462
77844
70808
30842
57072
712
68000
53164
40067
17135
19659
83370
65951
32444
61800
9028
81570
40317
94301
7056
70265
27741
33223
25461
17289
88150
82438
81133
18278
29537
43247
19006
39015
72713
58087
74671
64094
87673
94976
28898
28875
98065
39786
34091
40515
53147
26064
85227
91816
37877
10318
2035
75969
48739
77512
39477
37109
42455
96676
32834
3420
20449
93518
62311
89626
68954
55686
22950
9883
44063
14292
3868
90235
28427
20864
58806
83120
58920
79345
15427
75520
31847
33263
13276
6228
52916
18080
53119
92519
10287
46892
13408
39277
30550
81753
8139
89427
65168
62084
56372
17297
44809
39966
37470
35340
55286
27241
28300
62818
97972
69106
14459
79082
372
80984
4881
56171
16211
27300
19138
6677
97588
35428
47034
37252
77043
19820
20217
19718
33335
47888
54330
53097
9774
54822
48920
47502
75675
78793
63080
51577
8236
75415
40597
77459
32899
51935
63897
24439
52293
70721
74219
88091
49209
45717
82273
67989
40528
90973
91521
47216
90947
46484
1727
23646
5342
68300
65275
33205
83511
20499
6659
67439
57161
13364
21986
49485
86411
19070
79624
51397
87645
86321
17071
26633
3326
28495
24601
46052
85461
87465
90349
50238
21503
55940
38962
35280
65176
34788
98150
25500
70207
96542
32972
76843
2982
84458
76440
78137
81118
62449
69201
48883
82258
83099
33341
19647
73959
32101
72066
58029
42507
18108
213
13795
33199
17574
29327
96282
78229
92167
46881
4401
41285
97064
65395
93646
33694
90293
54782
44732
221
12901
28017
92137
75968
699
82292
41813
62813
6248
88888
24325
63473
36310
48174
64960
47601
85934
46454
50296
76789
19415
16545
18636
87747
15297
21439
3533
26195
16430
62989
96551
67277
55134
94314
66045
44170
74249
16130
64204
77169
35966
45809
32875
50114
64590
61548
92406
80589
64197
21932
3825
11169
63643
74944
65227
35410
84272
31642
21522
90024
74241
39176
23877
78089
3103
2119
94888
15144
17590
43787
4319
25707
66562
87545
35480
31355
45782
10269
71840
17715
1383
25742
72899
73015
8384
49305
62129
36519
14282
47558
49352
58705
61340
51548
54538
34284
20771
64004
94328
89490
36232
57855
4063
71238
24692
70973
42252
83369
44154
37338
45925
20732
83243
3761
19162
58384
43987
35055
9913
90769
97615
90495
46103
25940
59993
2288
53218
11433
25538
71999
23815
31648
62599
49271
4080
88904
84334
64514
59324
32294
48812
64571
35743
80061
73248
34250
25406
52004
6747
15052
49498
39056
62224
65007
53789
97998
94546
68210
80874
13180
33361
86294
1625
5630
82068
79087
2143
68817
78542
68036
75188
37749
13607
60857
25554
7524
44277
29237
75615
71853
25091
87234
18303
87186
24927
33582
28073
3044
87312
31047
94959
95521
35735
12273
57145
93339
68957
56064
76077
51828
86592
66295
52227
11543
20984
61013
82141
21950
81241
22425
49384
13112
75452
94587
45243
36886
50796
31158
20158
3416
24735
91804
68961
34983
6939
13749
40585
53149
41770
73768
68773
59176
76791
52323
59232
40630
10457
12097
85821
9890
3133
24652
2381
37581
58977
72320
27647
47122
36218
17277
83789
16668
16464
73936
68373
96656
80471
68567
7912
56014
80820
4413
7176
69444
24978
87207
97242
37750
55168
54821
97119
86718
78378
64581
28052
12472
66062
22626
79629
13785
3017
40753
84926
93544
4177
441
92310
48758
53116
736
74330
16188
28730
22542
19760
66003
58897
47661
63526
82649
58488
29159
52597
54394
70268
20723
66151
93993
53304
26021
93626
50954
23593
45128
9779
29804
20653
81021
86381
44706
77821
28765
52942
32901
6911
12934
34977
76303
26249
43612
92676
94735
41444
65158
96827
68242
29104
97605
24204
95247
32760
53829
17209
82709
40551
82062
47011
64453
16320
80178
62827
10977
8707
20523
40569
95398
55147
9528
17184
2735
63252
52426
6460
25270
3285
67159
11693
32430
79062
42177
7845
58567
69811
58468
61435
69625
90584
96811
88347
29332
94642
78359
60141
2598
48456
54685
96253
70508
76181
35637
10486
25118
11311
41476
58275
35590
76462
59703
26773
58156
33975
62638
77218
75434
53129
33417
17332
23004
74605
72452
33350
15315
55781
30793
59728
75418
80924
64903
80166
97277
39959
75454
44795
14326
68785
70421
77480
32089
75927
53668
85539
50458
52609
12853
19976
3228
29436
35979
6337
84309
11646
7282
97781
53526
38163
96619
31789
29478
32243
44950
38075
86076
47318
18306
72067
86658
59245
10149
8447
50039
830
59465
85529
15095
2586
74324
67577
3036
24768
6683
28429
76925
4920
48666
90165
93715
51385
7475
86494
43547
55976
77033
47417
1729
60103
55810
12940
53705
63563
91042
94434
3873
94900
77630
21972
13434
18347
66415
26322
65552
67044
51188
88999
72828
14606
32166
89243
30802
75824
49742
35324
48897
93388
36331
55169
58939
67756
93367
70966
23631
95589
88056
91318
96837
48296
19081
10437
74819
69277
26669
15320
5654
63090
44952
61559
87300
13583
31746
62450
58427
12574
17534
93114
81288
93493
7769
71826
66929
25515
13420
5848
65578
16894
53463
55377
88547
84034
57822
52860
67146
94124
73775
79783
50865
58130
75987
65706
16086
37635
3255
26416
84085
78252
61884
82767
7416
34431
14127
72905
37289
95290
89050
89830
453
96307
95061
32629
39028
31536
91721
42543
61543
40614
54417
67284
64561
44783
35414
56733
45074
86026
4603
45612
3186
69303
58365
81566
17555
52364
62414
91378
70148
90205
3934
50782
39309
24316
67939
30736
51069
72968
94909
39045
77728
77503
70158
90646
477
72278
54706
94017
92971
32272
19903
25703
64014
90731
97521
84670
3280
12394
27764
94119
88015
6520
51972
18099
10675
52521
63544
42061
66882
61970
51366
16780
83250
88891
55404
49010
45576
80163
82040
81560
20043
80175
30212
93062
77306
16369
90668
69096
70029
44236
9849
57928
45480
11977
73627
33416
70216
9646
3942
43584
25716
68161
77983
54072
24566
30037
75263
89107
30679
87036
30105
57794
47440
62405
40576
10095
31570
79946
65118
93290
305
24103
52616
21751
78178
1318
14457
27516
83625
15649
55650
15924
43597
35154
44025
56897
11123
62667
77192
83140
95005
38411
639
7210
55391
44490
18146
83988
53326
56922
77625
15461
95124
55031
54480
52309
37611
57419
35756
61108
96355
51786
17381
38958
6500
85968
33387
24981
40543
69243
5277
79742
51868
68537
64149
30540
42675
61656
65325
50132
95703
66999
29206
74528
74005
86420
83814
28955
86737
28876
92462
7955
33194
24267
76779
33040
86540
38690
83865
82588
84723
15546
47163
1895
69853
5
44209
57105
45686
10946
7704
22722
72344
30068
85740
7284
40882
44508
72525
50961
76103
83764
96569
89531
85838
42322
3871
77743
88886
74091
54815
30250
60342
18598
18676
40350
17762
4419
65357
70043
69659
54007
95954
70875
22560
38252
28045
68049
88612
80853
85618
369
8014
79481
32287
63829
78425
38795
50941
23010
18812
67499
8511
33871
30264
82747
66542
24367
55064
82766
20973
54610
45097
40586
27676
75082
68693
88126
59483
84095
38638
4356
12250
64813
48103
71823
19945
91337
92396
79330
69768
41818
55644
89201
65080
7048
24191
30563
36772
89088
74293
9368
93193
54267
90608
27099
33995
40157
41665
77759
42260
78391
14230
61089
93979
8324
11949
74978
4975
18801
7157
73075
26306
51688
78586
23213
27034
29583
67239
80091
79158
56997
14266
89587
50426
3573
78486
20267
86810
88289
28
25656
23083
7507
869
22215
47503
88996
17121
5258
72846
65065
34124
91411
98246
13901
31532
6403
43843
81625
61838
45164
63766
3287
70891
71236
57951
72930
19912
69241
87795
73955
38496
52433
87164
23110
37651
74007
53048
215
1816
79255
42217
9054
75650
47928
46387
30278
77719
3129
67924
92669
77556
57968
5816
18177
43528
50089
31574
54060
5161
34943
55865
38779
53641
47967
12703
90533
45492
21607
62242
5599
39536
38925
49070
31014
45436
95816
36493
12515
49335
45751
62684
31578
11329
50028
33138
82443
94779
79640
55649
16803
84196
89020
91351
93421
63978
24026
34449
29912
89517
29561
77240
9124
40688
12762
28271
87428
59539
23428
52563
25814
27251
89738
44462
81404
96389
46384
77846
95580
26988
2450
3135
45513
70827
65889
95297
25107
51117
14535
1488
55127
45187
64062
32630
21940
89080
60928
63174
68436
53853
1375
95193
15554
97941
83377
89259
54146
32587
63214
69048
3744
92395
26357
6372
32687
51073
50573
79468
15055
17449
72965
72704
71983
30157
10969
58151
68011
14503
26814
58644
82089
96072
24508
25817
8825
41106
18939
46609
49520
62870
43962
10584
10781
13651
11938
53884
58333
68979
27117
48765
65472
26891
63
43465
97080
11378
42053
58774
41392
19195
37591
29914
30354
15203
8759
98220
49124
45138
66738
40817
70807
22788
46372
56576
14274
23476
79466
33499
6011
25391
22396
36994
7318
89816
26252
42132
85228
93287
56298
96169
47644
65511
47170
34634
46109
41377
5982
61675
4952
27660
21744
87275
91897
30331
6076
31495
71667
64345
58917
73050
79296
28063
54716
51190
90129
55670
91096
65311
75464
93084
55685
65570
62148
14836
6034
68849
12040
59208
87704
58598
5359
3640
9561
87311
56102
55561
2151
88833
2561
56089
4024
41952
178
30436
78842
7931
17106
19916
76588
88084
50389
7901
39636
68441
60135
69608
64174
68644
77080
47606
68172
11908
85440
34638
38847
2786
7327
89659
32618
57196
46137
11610
97580
91240
19940
62354
71015
96061
94903
14122
96246
93378
24750
2134
83984
67865
96094
29581
20919
75709
67674
59682
37963
44435
71639
82736
58573
25708
72249
61907
34513
80759
77492
50378
7342
42496
73919
58679
80371
91253
21463
30993
89519
71551
24551
17527
95292
35769
23333
56081
91879
76845
28031
36544
58750
65324
40327
4774
86585
23211
87798
91532
79895
1682
68387
66518
16465
22933
88966
52203
77991
68503
24178
36192
72831
5240
50108
47729
5855
11359
92645
15316
65649
48405
43451
24910
42929
94406
85202
78059
74200
52380
31630
202
73399
51113
39350
31547
36491
43244
58134
57920
8191
57008
5346
32288
74231
48140
92765
54978
90164
58550
86326
13513
88653
17776
61197
70760
74998
96013
32125
89704
93628
37123
17026
64465
77421
92026
16879
75433
7530
21429
45014
25300
79555
16161
14631
83940
52717
39133
42182
27547
2565
31258
25150
41527
93513
67088
14298
32255
73673
16359
37607
35125
89430
79528
58591
66101
66126
8889
32914
80917
71429
51557
80804
58356
80723
54892
41550
50923
60298
34555
45981
89574
62056
62504
73512
45759
50827
19674
18960
84592
90572
39709
96283
26620
6646
12412
95281
743
33845
49867
67476
63523
85255
39398
45427
78039
91546
36219
24904
87534
67977
7363
6567
23054
6757
68828
41009
31657
75170
3692
71899
18399
93621
17658
56026
65829
41462
57101
76315
3418
27085
84496
97898
83331
67051
35002
62345
54075
57595
31928
33782
68540
78766
55154
74114
67424
31088
24398
86359
16053
16463
92619
25723
43562
10443
37002
1103
44072
40983
95425
70879
47706
16538
69391
83637
23981
32117
1759
15438
4400
74908
95550
45019
25200
96764
6527
14338
45312
72772
46247
78804
78681
61655
48410
2373
89977
50843
88198
53501
29339
20268
31213
76997
91924
55930
73961
54445
97747
45653
5357
52019
91281
47565
5722
20814
54054
87151
40222
14018
55975
21859
4515
77050
88913
85585
98217
68164
78658
1929
45501
63180
24522
57456
43919
94258
51269
39210
62388
96821
90664
9815
91423
2359
43599
91087
47634
54663
83348
89302
84961
68291
77471
95362
72606
84544
58131
4212
54908
626
5724
88731
20859
94701
19565
51477
49644
47906
13109
57743
36486
66246
36181
82276
73045
87159
24729
19740
52668
77879
98209
77858
62734
15169
97572
95416
91310
72345
5152
6754
70587
96298
91503
48798
36251
11020
7141
70566
45957
2089
63030
90870
28432
49776
7280
37449
62341
2627
6994
49244
80104
89649
47498
68808
96448
10678
48966
97323
40624
90624
71700
91493
79224
43574
54464
65024
10177
89677
97686
23808
59969
66183
13300
5170
60007
96838
24769
65751
37346
92858
77180
56690
74222
5017
31020
61707
13786
34452
44235
23601
30667
93434
67554
18153
50451
95525
82348
80548
4450
54041
3406
76256
36478
2113
43986
67531
59387
13849
83399
9698
43338
12285
23352
63040
19599
54178
36002
22015
80977
34099
96825
22100
65205
68809
6595
36464
69827
36923
91268
83868
43357
11574
93308
36209
86211
8744
93260
3629
82042
49256
18359
31481
64059
42060
59722
81141
46776
69374
55969
84132
56276
26445
49002
64740
72191
29202
35847
68607
14575
73146
56671
28089
88112
5074
92463
82462
28762
43445
89190
4757
82012
52353
66139
23940
87947
76346
28565
39503
95181
44103
8719
30266
44493
18293
14312
33303
2056
30035
61831
42306
81399
77407
7494
54987
21783
4122
63127
51059
75565
32355
38016
67505
8869
12098
72261
93949
28237
64460
86848
89778
82669
96715
69753
58010
5097
57317
75450
64107
83006
43760
10290
40244
82539
68420
11228
89534
88821
95183
85135
62831
58932
50279
83451
34162
75585
54211
70027
63543
75579
34458
35423
7322
39596
32728
34377
43477
22862
8657
52622
61511
29071
89694
83093
86375
96642
12045
23959
30405
31513
98112
38482
19372
34182
92849
3443
30734
49964
59642
26834
34325
51421
72422
63719
84906
36680
39194
66198
34169
84186
96833
33931
49468
49484
85123
6109
51120
73725
65005
84269
849
80993
6548
96302
91263
79867
50012
47685
6383
64435
84207
21658
10353
25765
60856
540
73908
27351
54346
58593
52926
25826
84177
47293
62211
25174
9106
91652
1981
24279
26221
11101
27407
39131
58574
14184
46921
86611
70196
97134
17040
35528
91231
37771
17706
23546
76277
56131
96176
31639
54206
33637
40002
21650
66938
60230
91431
76253
27780
90815
98170
19675
9808
93962
80357
91542
96049
70089
46426
11022
9788
48529
45375
37575
3075
14179
7129
96379
91691
13066
42634
92193
11920
92043
36795
18852
61619
93012
70728
58399
5513
35168
20901
32095
23025
43991
61837
46265
91452
33606
17907
73192
53381
35894
36616
47205
44290
67889
4223
15729
44068
51365
18245
39197
30732
30762
32686
56062
75071
22882
9504
83825
22953
5278
42653
22825
48126
24373
48950
12183
6576
55235
87479
43884
53373
68692
35576
20705
65770
70943
98192
38453
73628
2637
54773
23801
9810
25522
31577
11603
8462
4391
85873
47757
91958
82716
74704
86653
89117
74442
87587
80444
54283
71017
32167
19738
78537
50392
59558
56843
26455
86467
31440
23678
19232
41597
17387
46800
23012
44627
21600
9934
94505
12740
72038
38276
21375
37610
82049
62233
74910
93416
85922
93948
67481
62474
88222
14216
11520
74529
69114
49831
6705
82207
28745
88625
24449
21457
94457
23638
4231
50461
28341
35722
56912
2915
52825
2979
64504
29120
8010
18461
14514
82623
88933
22409
44829
73348
93341
951
53425
17482
75508
52188
19449
92809
39640
67400
91508
42522
46738
57775
95011
47728
91683
63732
46060
68746
80268
75911
12177
72377
90276
67603
46597
75536
4698
97285
34086
13925
75694
59605
25439
84968
23719
23168
94525
10711
49088
30426
52175
46411
14109
65253
19483
93000
53406
13576
45542
88901
76673
53303
24710
66247
46240
15362
98019
58163
37751
1381
50084
5717
23895
78258
56156
52659
46112
57336
26636
89298
49786
14579
36757
13871
88120
38608
91891
25697
89454
48816
87522
63578
58079
22875
72429
11560
95137
6088
39867
44466
53676
31961
68695
16628
12910
88392
29918
40898
59227
39585
71798
15079
76423
77921
22009
34138
55597
90901
41197
25063
82895
34671
58860
90789
16280
53784
75350
25801
60863
96173
34275
15903
37500
77184
1548
43293
61858
77413
12826
83500
58070
24335
12958
70218
67509
87829
65692
54089
22707
467
73760
16279
95455
59879
83766
73185
52211
41136
8392
96475
20189
96268
63806
30896
46035
12660
85632
64024
55639
26534
23733
97917
17254
48551
65289
11304
40310
585
34260
24948
81126
43598
88417
29369
71858
11264
62680
33510
67723
45642
62410
84076
32764
80081
3544
31242
31498
18767
88988
29213
87557
31876
84691
86279
97788
14138
91008
9021
43654
84527
12332
5622
20749
2969
88395
73700
72792
18586
18484
67793
79190
58740
95148
91593
54498
7169
15790
97687
68315
49316
53011
18466
64631
71934
76062
86939
45188
44251
8849
85016
40188
23438
17733
64905
53487
69807
21461
54260
5214
57191
44449
37748
5022
52541
95101
23483
91152
30355
39435
5373
39090
96296
54501
37513
41564
6745
77137
13274
35591
72730
30784
28893
78113
35500
82265
40013
12231
43785
69577
68641
15659
55345
59147
26869
73452
56868
26376
88136
41165
59896
39649
79047
10420
79980
91404
24480
2721
96230
39362
39980
39540
25857
4638
23612
32824
57881
40005
21563
41937
21269
31090
61939
35013
70411
66568
95322
81371
11667
65182
7739
9294
96988
33429
79885
84725
54301
96262
30288
47975
41736
49456
39884
32739
93596
88511
5379
6013
75312
55780
10463
61174
27736
30711
5051
19289
50814
7549
71076
5171
5807
24937
50880
29134
89220
69412
35486
56096
79376
87308
6941
63679
25378
39209
56302
47100
43262
46582
70890
12232
32221
23134
1733
48219
4726
43265
50427
42239
89699
30621
97748
85250
21300
37033
21068
51621
93889
63319
57525
15690
1767
28335
68862
82035
4487
40409
74873
81381
23037
46991
31348
69670
88930
7239
82650
59407
72805
55495
6768
44982
86556
89597
867
83982
47807
29466
96772
49066
57871
58744
75371
50225
20544
28850
95189
85863
10407
79425
39744
94236
9305
45441
94284
19800
49017
80576
12613
28484
31452
21689
31979
2438
86303
59845
5416
63944
20957
51381
20682
69737
45245
94793
90051
1909
82321
50287
49296
11163
18272
78338
48097
14854
59128
21492
26132
244
61644
13638
71819
75679
82330
34972
60393
32064
61501
50647
48245
22158
79748
46376
5805
51580
65547
35943
67262
62825
48915
12761
73249
70510
91819
39602
91954
88727
43395
74071
69282
11716
44674
41763
39421
86248
89947
70953
6145
43304
61691
56444
54262
22027
72868
71774
64877
42317
23049
49625
74302
5592
77173
97658
49141
20165
67569
13524
16831
209
50230
12516
80698
21692
29757
86108
95267
31912
89109
42568
5960
78622
84657
14934
27015
59052
79165
85279
29844
88649
73179
63077
78653
78469
68114
87892
45743
64368
40179
35536
10072
72725
54807
27887
76172
35164
61536
49720
79341
11524
27345
32265
96963
96326
10197
30539
62590
51664
50441
60018
63092
64429
72179
81568
91478
89151
84815
87881
62706
71922
12508
81855
29951
44004
62929
23117
30610
49710
76476
76593
70047
10202
15630
95094
97990
55367
11190
51209
92173
79944
41478
62181
1896
88623
73093
63594
81583
12886
97227
35921
28683
16218
25040
94193
36180
71856
74979
63326
22526
51744
52166
88863
26307
53307
20805
41140
75672
69423
51606
71803
12704
2444
65776
53184
87383
54084
64792
15853
47274
53855
27169
4845
29538
23268
95253
56556
95496
64617
92358
18981
35349
46051
51445
18832
81074
5033
51942
13681
89320
1965
12452
78527
76278
61324
50104
24521
91376
50145
76464
91597
7653
21217
93236
7916
51050
33201
35145
51587
89293
58327
98028
6529
15257
36166
23036
33276
6271
64962
35960
63710
22879
5004
41403
44575
64022
60278
9194
22120
55516
69100
75472
56076
50124
51865
74003
90074
87771
69589
45770
23065
94475
42122
18799
65352
33860
95939
19236
55616
6274
25379
94698
10734
52329
47405
45026
33718
57886
75241
23750
51286
54363
62034
89209
50848
32350
4618
70172
86770
90850
32185
83741
37655
89951
84519
93663
61306
64140
30846
76418
31784
17752
40511
2757
8219
13303
96817
21083
29178
20616
7642
55545
14309
19886
87716
40866
7838
25357
92520
70098
13996
64546
72454
68225
61005
84819
6636
23204
12178
43263
48411
96915
76196
53348
4306
39317
90109
49821
37402
40750
98185
40565
94096
61949
97750
66630
1951
21976
24832
13497
17351
26213
13073
38685
76168
84786
11953
60530
73044
64266
87261
90236
49842
91857
91473
21663
13467
6920
41410
28319
85612
58691
54118
80141
27564
64298
47933
61232
21787
59152
55907
70203
52109
21073
9619
80419
69191
63846
39724
18677
23171
26007
6806
83414
54130
93980
47156
71860
19958
8847
28914
79678
7778
3719
86701
71655
59110
63645
2126
96683
10543
38554
42721
49632
19724
14308
83720
74224
94719
79456
61021
70924
29479
9205
13078
89064
70213
46979
33080
96595
51611
73162
89192
82173
7063
58432
93312
27159
58082
44050
41162
84038
36588
24983
6188
62677
24380
43629
84716
4379
28644
24727
75511
49178
7558
8150
54568
6573
20316
11762
19818
43077
63964
56887
78808
49150
51649
2537
73582
47979
51553
66434
39149
45005
32895
30799
42480
13898
58858
19108
22168
93840
61289
72030
79038
38305
73755
5557
25755
49023
45154
26072
52568
57605
59811
59568
64880
14456
41621
83703
41489
44823
74133
84401
71360
2032
2380
5263
29034
55621
64939
39673
40412
88476
58011
33574
96378
32969
59184
95784
38215
71895
10666
92767
21398
8766
70003
44372
76539
89648
33087
59907
74578
69292
78028
84054
82346
94733
92612
64592
4353
9563
57057
65276
57899
11880
92107
2559
84103
6004
6234
62052
53744
59142
17293
25159
82014
32966
87722
35088
9285
48394
15847
76974
92083
89413
27921
80378
30310
68071
93334
79274
30616
22604
61104
90133
30156
55409
47054
55177
18182
5680
79615
85358
68792
13889
42066
417
76291
32143
26327
90604
11826
84201
25316
55571
522
14387
45029
88609
94136
12323
63219
62392
61284
68174
79443
12878
54023
82508
83366
95642
77026
44455
57165
74357
45687
62070
61592
18199
92490
40036
42689
27950
70057
13481
18903
33773
32471
26112
85396
74708
95370
95078
36849
63814
61159
53310
5963
53171
86183
46868
65892
35695
18605
41641
24734
86285
34831
25653
66973
82972
52247
46291
21821
56491
61688
93939
29462
5602
49954
47339
10552
19608
56152
72718
6894
62966
29959
2264
37684
43937
75557
30815
81064
60354
394
36189
18575
72723
2863
48220
11539
32964
35010
41572
67870
61713
50616
11402
8979
66826
57285
46767
81443
88622
74072
5441
86471
83652
8599
3327
18626
16512
70030
24256
30168
89611
42717
26688
77086
12064
36453
26190
61637
15471
37181
42899
62376
56581
10090
46148
9602
88642
54468
94491
48056
59006
52057
25731
27505
47350
26870
71049
55041
90127
55694
8449
76401
1453
35257
62377
40001
22675
31340
11332
63137
44375
34491
51711
85017
835
18289
47182
90347
8140
18346
2576
30856
31448
75779
20467
77256
15338
92826
83175
67221
77646
83788
80165
22306
83618
1252
96443
3429
68899
94440
28406
22366
78238
49580
95223
62417
84832
26876
88078
44713
96056
41342
28190
5062
4744
65474
29051
48500
32695
44529
21905
49589
66133
10209
63321
38549
94742
51123
86544
31101
8426
78120
22977
9046
80570
92041
84402
22155
51737
46403
76402
61049
17389
11198
73267
57859
40365
23220
49972
7987
10207
31596
54748
3548
89408
39530
20752
75488
90644
25581
58623
80716
68236
39246
50791
8941
7934
57410
80162
39087
16336
57854
95337
37463
12752
85110
94349
3905
87914
18634
53634
7137
42024
88720
68200
72529
42615
56874
48111
11397
64187
27605
92149
73658
4473
7681
43542
53424
1116
66269
90413
6735
97209
76450
20334
49922
64404
66591
58637
19666
16774
58289
3265
97380
20765
92588
27310
83585
18719
44442
25330
4639
48783
37696
39946
51673
1621
14737
57249
40717
51799
13416
81158
3588
75819
47516
48998
73453
6809
74298
17500
23215
76555
37214
87400
34517
10942
72949
14937
40761
46322
23277
18825
90360
54321
26599
68424
48415
4155
25690
70689
31557
41306
88016
50821
51273
46451
83595
39768
5605
50883
76184
26014
76777
5614
13706
74158
10875
91572
70477
53032
92390
44939
54141
53135
19470
26031
58669
41318
67596
91154
81460
32518
12835
795
3973
26194
93007
75164
55804
36693
86952
67887
37288
51746
78432
54048
41633
75160
7759
90555
88743
72608
7770
29741
20634
4312
67471
52477
14126
68602
40749
79587
22166
11914
24321
52331
75319
31250
18455
44537
62286
65071
630
62662
57097
17867
8523
65765
3603
4333
6041
38607
20162
19867
33627
95552
6280
2475
39339
66431
69837
74776
71142
10025
95413
30800
26883
8033
47615
55569
67666
9473
48839
69332
40596
56406
10981
39228
92481
14378
16339
77294
51838
50184
8189
33052
26565
57607
75757
77429
75019
21396
23718
10383
36236
77135
1192
34872
93128
87446
75631
61318
34093
598
91681
56309
89218
11147
57512
4529
52727
65691
68296
45214
33906
21218
10036
82317
27549
7604
23094
65966
75796
68885
52686
3840
90366
63850
3808
66694
87056
49793
28935
25269
77443
42727
81495
86327
20269
75034
34454
8845
12047
19045
95920
70045
32276
20934
23393
87780
38763
5303
96050
18116
31712
42563
40546
41547
7294
71336
4659
38233
20095
24205
78789
91995
57587
14083
28395
4670
95843
14851
24492
29182
44343
31786
88081
59278
52517
68069
69395
60828
68294
46262
94648
75636
19703
83442
42039
5970
9523
24848
18124
15004
83919
15087
81825
75300
87321
35833
67511
40590
48457
74737
56517
63264
58266
45047
64123
523
16528
6472
6935
19207
80600
45283
83173
1409
27947
678
92891
53400
93184
24020
58355
39120
31845
5229
76055
94728
35554
53101
61431
34993
80482
82722
75497
81302
20120
7335
262
362
4189
97595
75061
91708
84400
511
59239
19506
21419
94983
36980
46846
34459
80568
35815
43276
5797
3062
63632
20993
42821
50675
50939
5471
65191
71683
4350
37932
20295
2553
94613
46476
39736
95902
5224
61863
35961
55706
46172
41692
28705
16134
32308
49848
91951
39681
27217
46025
93897
86497
81053
94797
12673
72104
2873
26324
69376
37223
35262
60274
28533
36667
4090
67312
87695
92909
62903
1566
38613
15005
25238
57637
16100
80974
77796
15588
21305
30538
31103
85075
62522
2388
67398
79591
81256
70340
51014
75749
71065
88921
70594
79002
21519
50863
34783
92912
76797
25317
29096
39473
78402
17643
19060
51518
54040
11090
70392
66142
59774
40404
80093
95467
70946
55620
3227
67799
89195
70303
2990
50640
33119
53742
65120
80596
45754
9889
89853
32305
69481
1315
38877
29176
96164
77056
36707
51325
1576
29218
93356
42639
77045
58703
24293
97286
50721
13507
92954
4040
84065
65919
41882
19237
27766
92418
76982
63990
77676
32162
14059
37600
97631
79928
9728
48728
12063
39646
1246
18660
80448
86178
35507
14894
20286
48440
52858
65416
52478
37028
51095
31553
56773
36204
85152
5310
60329
16312
62920
67675
4878
41211
10559
36577
82530
94929
40890
31017
58676
40699
26898
36878
38027
36760
40795
71083
4929
30
25828
60203
66137
28066
48686
30837
5589
71109
36056
34777
32688
21153
70032
59676
13346
10178
14516
59575
67313
10829
66918
29375
94057
97373
65907
12080
61003
74103
26144
55456
6263
77115
94986
58518
28069
61103
48290
97811
7400
44080
97361
9199
48870
3106
58018
83959
88484
54284
73437
59651
19291
33544
63748
6369
23251
65918
40405
84083
56709
38376
61277
97568
2904
21506
80138
61126
40903
73245
7789
61404
60696
55081
56138
74472
48052
20855
56003
60609
72850
18716
49222
88828
55366
36178
1739
27649
49845
67437
76872
38947
85718
2334
66515
84864
81658
67816
63525
73454
87385
59792
5679
39654
59534
49319
57121
2111
84469
94988
44778
74207
76737
16585
6197
53590
27024
75760
23995
67788
80098
27733
17644
32328
76037
76746
16442
30545
71063
22055
22117
77266
54466
81415
44035
75875
77325
87935
39965
22217
59413
91084
84648
13172
26479
9276
32682
5187
23111
28547
55213
78499
32562
41424
76705
54649
51732
54322
21480
64054
43010
83957
42843
30164
24012
37979
53529
58135
51332
19620
12478
63394
97509
16069
12698
20881
79817
61809
7536
73255
74267
16781
49805
43090
98089
57979
64639
38636
72769
19475
90325
66036
41694
63535
3096
81160
34636
64598
28270
63642
4699
73175
50243
36811
66223
57985
70125
53663
32127
30159
96301
71586
35556
39020
93381
85727
78449
58775
64264
44027
93468
27189
21105
54737
83096
59604
11830
92180
6625
85957
86519
62152
2986
20128
24825
15817
68282
61033
25806
67813
53178
84771
2173
82824
88941
18597
12964
57981
9565
98257
88305
18539
95814
17166
1152
75877
13
26163
95021
7927
82294
29700
5002
77476
12549
96020
15996
68053
13175
46389
79017
21482
9628
47602
4411
35360
45910
66670
38461
24392
62926
35126
27815
87490
71253
31335
97920
38968
13413
78127
10074
30152
84174
8620
514
70367
35791
41623
13206
85547
94633
97243
49320
56144
23181
22641
70456
32214
46407
90666
28295
71179
14220
80884
92702
18304
86715
14705
5018
78119
19397
94172
48756
70235
32492
52852
530
76838
52834
68803
72950
38117
53981
64611
27869
78732
75249
61744
58250
43005
95615
47291
84031
81541
1947
90479
26908
80931
77626
26476
91379
36083
44588
38867
62939
8465
97426
2418
60934
49510
27932
54354
17881
56927
23979
45873
73733
74405
9301
37822
32291
47690
41385
76936
82879
37993
67264
30223
17396
70963
69493
14768
59976
66996
91987
60699
93273
46142
17081
62912
80250
45308
15086
52911
39368
11898
34337
72203
34312
79223
18547
18355
17826
84262
34113
76663
13165
98127
25231
68943
42319
20470
65657
9008
82349
83706
17275
2156
9862
90076
83642
60176
64605
60411
45742
57298
16120
66376
50425
23779
66791
7680
82689
69622
76708
54564
58272
48641
32632
57137
75322
51948
19928
93585
8760
1783
70693
69726
28391
56434
51357
82239
80361
67912
86947
23145
7917
93261
83289
13246
50856
5988
75432
80475
38556
33012
85417
67388
12020
80409
76061
4402
11690
58172
16769
55143
13506
55157
56604
27788
87160
83479
47664
94348
72308
19985
4901
84843
37818
92870
80719
6723
91886
71454
11285
24494
8973
26923
87413
48571
61539
59535
72427
68661
92486
37278
39344
38606
13405
38870
9917
58244
22327
53976
71661
91255
58415
61333
95127
33378
5222
36305
98136
14499
35240
95984
97366
41956
43004
40884
12967
64856
54899
48460
35679
9875
14042
53176
9885
6716
50625
30097
36148
25927
88639
88789
28165
7773
27061
34190
7185
80927
64990
18292
33334
73862
43034
4723
27204
21354
39213
73134
73895
84311
2342
27405
13852
83298
96017
20036
13295
55312
36692
5959
57344
65987
63144
21817
56239
81574
72283
22308
68853
41895
56083
60517
94550
40272
60448
64553
92373
60724
70957
94612
71490
74130
1357
54095
88518
54476
96510
81231
27434
68880
27098
33022
63878
25846
77197
47519
15515
63038
69500
84342
74867
21792
40347
85039
53748
40816
65890
60579
73980
92792
92015
69975
71052
10628
9088
70606
61305
464
8899
80855
93187
56953
55946
89411
66569
69549
6099
97923
28843
70093
76210
69278
26606
44802
57969
22855
64081
22794
61635
17586
36581
63849
81358
70752
21248
3898
88466
26921
38396
61558
90990
93759
54415
58188
10826
52113
45410
66355
45173
45535
94343
42067
18432
54123
91261
31227
35660
68393
25847
35618
51467
37520
33064
97047
72393
98116
59307
91657
4021
48684
36373
19146
23908
57309
25065
19504
22030
36714
5943
6073
85942
64879
28289
60339
30963
19288
31837
92091
54959
87813
54923
37387
44880
63032
73734
61521
33563
27213
21154
75648
63303
37494
4597
79902
73415
59055
81285
48156
79025
42825
19052
3250
44335
60826
2614
3164
34871
73894
91348
97372
13972
24270
54591
55970
18564
64523
36543
31376
36087
67960
76316
85825
89437
55066
30398
85287
91964
66351
65739
39899
14761
66582
58374
29743
62462
92316
18653
47347
51987
66413
63424
22474
73216
49628
82522
86840
58870
83170
31935
70483
4834
66288
76457
72351
77860
2115
5424
47638
57833
48873
72583
16753
74212
71637
3162
41936
20767
50859
52172
88161
58071
1897
82918
42591
65722
65339
15276
91676
52854
84966
6185
85296
74645
63770
8671
84146
87253
69861
82355
19962
20030
86774
92629
97388
74624
75306
8491
87444
33608
21116
30593
94164
76577
1740
91587
72176
10379
20879
70429
121
22701
70986
29289
8779
89188
32485
92750
26724
12700
19074
30609
16209
70372
96735
41135
59417
71059
80690
59992
75535
74363
70889
6533
53921
64865
26496
87365
78262
21766
17021
54919
40106
21281
50723
96820
59932
39177
83424
98241
26250
34038
56264
57321
84844
44184
36018
26401
86762
88451
86189
43410
2910
63336
68968
78406
81130
30344
58421
3350
26552
88598
72789
73500
26074
74110
7329
11935
31466
1830
84567
71111
11408
71729
17145
37800
98074
11745
76219
96781
91700
49378
86806
71847
56178
76992
80839
34548
13093
41958
86281
50139
91996
19151
69955
44568
87135
5577
78191
50240
46701
89249
45320
28041
47529
42278
31650
79740
37616
62532
3249
11376
53683
59627
55565
83294
26038
10992
29049
12330
53703
52689
61634
25577
27250
35602
30042
54132
81528
33057
22391
56946
17124
65593
35980
91519
71138
5448
90006
58770
79579
36742
15298
72470
29236
76851
38408
32190
70858
80858
67983
71868
62951
96942
49732
28721
6244
78170
25142
96285
57131
87069
75272
66532
2848
68515
20071
48995
29808
16230
15826
60330
85878
59875
86197
52936
1137
1572
92175
61213
20441
31996
18313
34842
78598
60698
49308
20495
16219
37837
53034
97857
69479
71199
82797
9526
69765
35243
80274
55681
76369
36355
59014
10038
28183
47057
23095
30299
92287
91328
11078
22012
27995
12778
68496
50877
84936
1419
25486
14925
16819
8512
29640
28640
79035
12615
1987
94132
67017
3729
20918
36296
2144
57599
5803
75573
72878
53443
37981
83664
16274
73617
78234
10152
55543
81734
7610
96650
8736
8457
80157
88441
14677
54342
92539
11600
44601
34798
60433
81892
29744
91885
1632
21864
2950
40277
34673
20480
79239
31725
82482
27328
35498
31922
3026
25290
47773
24340
75880
2488
12385
94696
55771
3626
53239
34760
80624
50567
49133
7404
65953
17307
48019
42889
93644
44246
11005
96566
9971
3896
45450
78758
59771
5791
8024
97741
24650
45792
60447
3990
59929
59566
91944
53445
8394
19661
33607
68976
83802
5510
42195
71818
49744
764
29059
95687
63769
91807
84173
16350
3854
83972
52847
35354
77441
92498
7268
78771
59236
28969
10657
39283
74537
24892
80016
40305
49118
49130
52663
33428
19582
54185
79921
53244
9784
5927
4958
21109
8806
65419
295
39338
27182
41005
97717
30546
6661
22918
39187
90427
33903
80692
55446
91102
90417
80727
56111
84937
76759
25706
66544
69471
86764
42824
6395
62983
96682
46864
5338
88281
56175
38263
78583
7245
91073
50787
67866
76187
80316
7325
86074
86985
79707
58316
11993
79828
94242
60371
55065
89588
766
94853
63406
54246
52598
69808
39556
39775
10821
81579
16257
97024
59585
59393
42668
37158
51853
93140
11170
87246
7298
40303
25028
89145
5279
58754
84767
91091
72486
50998
51544
35621
72957
30399
86755
57651
32103
23401
85587
6608
49538
22199
42346
69718
72693
24594
55330
15977
9987
8132
64897
80705
11930
2593
7226
85432
29227
46952
23360
97066
15177
37597
86614
94690
36865
57872
86063
782
25969
2645
58221
9323
49091
23874
47459
4842
55647
85302
22848
10185
5573
8878
9653
65144
46492
22460
25394
15994
26645
73606
80276
93374
27161
85138
88893
52236
444
89790
83721
16846
57432
69259
75618
47450
97591
19614
9416
70504
22072
33226
39399
14861
31917
35705
71112
79071
61581
57010
22757
94964
36351
4039
59381
622
64331
79821
66092
64189
62064
28720
37159
34982
37679
53480
87658
86581
43241
97141
74190
9056
44280
8310
1251
20611
74251
89833
612
79452
57089
1207
40099
27118
4029
36717
28849
60958
14838
36713
35543
2084
91146
9647
48192
78183
60549
27753
36106
11419
5814
26736
94569
632
2435
52272
60181
77859
70333
14462
15751
31968
53347
56870
47412
13827
44541
58162
76329
8240
3428
91670
87567
41655
51111
22137
76209
26178
1517
88077
75132
26755
66190
89271
86426
15952
45229
60061
75882
63900
32710
79197
54171
22813
54173
66473
80043
72294
85764
61893
51724
14504
39091
53355
54961
70554
64517
68674
58027
63426
57459
48333
29336
27375
61406
21525
58861
67551
30777
72040
11596
11897
19888
56488
58106
93631
21334
16681
53866
27669
20198
48210
56993
22583
15625
49651
10904
19161
52014
44113
92402
41382
24147
34640
20485
24424
65379
94912
30581
3908
10525
53456
85713
40845
59471
56353
34522
22169
43119
65941
95312
40812
52646
19145
4875
33553
31791
17235
60420
11849
65027
11238
12999
4109
77403
30568
72991
34890
65451
86322
15140
85352
43914
2937
34328
67617
69427
7682
39920
134
96468
54639
95047
25948
40111
7071
66421
60120
78187
63854
43531
71867
83846
19933
85452
24058
76865
19911
15572
32179
95397
41104
92593
21901
97439
28258
76429
6424
49926
83635
12171
20764
5670
39043
93508
87605
90809
70663
78676
34959
4547
70099
1845
29579
72818
50503
15350
45646
4072
16928
76817
47947
48314
20541
9311
76540
76410
10344
38809
56407
44331
96703
11129
80222
59806
59033
36326
42936
93554
62013
42783
25261
91906
78635
23803
80910
14121
49457
11622
59386
44735
36967
69727
65624
71303
51025
81551
53671
72509
46657
52749
6629
63660
43478
75678
54606
25044
63277
63754
97785
86224
40905
14676
66414
45496
46184
2520
66032
89057
33540
79868
48165
58441
2808
78396
66462
28827
9051
65184
2688
75554
6149
27139
93583
21290
48747
71121
28681
35734
11036
48905
27968
7813
91918
20968
55633
8178
86441
37150
54372
80771
67530
72047
48215
9274
36363
46552
46147
33577
57847
13137
63724
9295
408
92112
29125
90238
46651
46530
55879
43715
25844
70511
25272
13294
27269
21815
46891
1263
40571
3900
66161
77695
35915
5721
48293
28095
17107
36302
14762
63194
62670
5146
26319
37383
5472
89756
71644
65128
66116
17010
15579
39252
84002
71524
60402
75841
39446
69204
91314
32860
78717
18231
71824
29025
13138
85176
12772
81085
67204
58315
57851
11033
54592
37746
50713
92764
16275
80686
76795
50773
66635
69396
85546
13345
78781
70463
93957
77802
17001
5936
76021
77420
61533
80528
9389
69897
79088
33411
8044
9941
92802
88216
30878
6397
39369
47733
24135
35555
30210
32349
62069
41195
38105
39156
57653
67158
77774
48252
60065
70071
58713
90231
20850
32943
81359
22753
1350
2751
19396
36809
51208
26512
744
8880
35333
23856
85651
84507
75984
66330
31073
32054
16397
28205
13135
13920
36580
48497
53271
37064
47211
56193
73413
66681
61905
69269
42242
20369
60623
68834
55918
77042
41877
90119
85674
91271
91694
63676
49430
1596
98
76911
63295
11653
73851
42999
32390
53774
19773
34236
2978
23296
41649
87589
82494
18057
52675
35846
16690
73696
67253
82772
8319
22616
94291
34270
79053
17477
28497
30524
23195
38090
21880
90434
82853
21628
95689
29121
45682
29422
57867
39257
50106
80627
7002
83899
29266
74356
4277
66528
77446
54797
52120
91921
91066
71393
74869
39135
72589
37215
59137
71339
30584
87943
93647
57583
52427
71598
18772
90761
74714
75205
60170
97952
57020
25585
17431
39580
71206
22447
72768
28123
75523
63045
68532
87539
58805
67741
27659
53758
88771
40505
33364
4634
77280
41074
38277
57291
34679
71647
93070
11798
47713
42126
12672
68001
73441
34332
22123
7046
33885
28168
30389
10748
75099
67698
48491
58938
78066
51452
39261
55949
73531
20572
9790
29833
9978
8122
50744
60328
88723
79260
91347
60343
57176
54938
61460
87397
88498
81910
45960
20013
19964
82536
60869
33109
75255
42368
48270
83105
50155
73662
74419
17748
40945
11364
44203
69107
49459
43847
60229
43827
60413
30246
84838
28464
63478
30660
80803
69519
40152
58904
37284
46018
91225
14065
74972
69464
22165
58585
83589
18308
24079
23903
51694
36735
36191
94680
10181
38791
69742
51533
1717
2367
72399
6196
26983
5621
36235
17057
6906
40658
13591
43356
83127
82792
97289
18428
44979
22128
6491
7767
87371
91687
95700
21661
3312
18995
8881
17669
50586
38279
41343
23448
35674
23377
46588
74655
11576
46457
8578
19691
81292
33682
25752
87128
83932
81296
55309
32206
6104
51174
66603
7407
7924
21318
87941
77978
58881
10140
60026
7986
74136
69822
47878
56259
96677
86921
83268
10357
37276
43282
20032
59684
21719
79059
68886
36870
42188
46791
36093
88014
32950
34448
90025
48731
86786
28449
87264
5370
36790
80214
39531
27822
48514
35231
87497
74265
79834
5686
8216
24305
46614
96981
75661
39507
26706
58693
69552
16225
53786
44150
84831
63802
25390
50087
10484
60144
63835
74731
16213
47336
61999
34540
26102
72414
5777
20199
65207
22876
36925
38249
47151
32433
23873
4997
89290
19679
65820
48866
90301
85
45632
60398
38201
19717
81750
1150
44734
87551
21528
62681
11772
28082
64231
76460
1615
11721
32648
71252
59259
37258
38726
36835
49507
35665
5876
96498
15023
28626
83556
76895
50807
38142
61176
35047
3536
93817
91903
32055
71337
9974
49750
77872
91192
35704
68330
91450
60982
96926
45186
43935
44797
84788
50952
12252
9824
40641
36674
72153
39595
26750
89613
35760
46456
8183
85930
31554
42561
24772
24903
67008
5186
17331
71610
26244
19612
44507
93719
84718
62566
9680
74815
89819
28338
94917
2319
62575
31082
78308
20599
58073
30729
17666
2213
30269
50404
96707
63887
64601
62141
51462
68796
89053
83287
47591
67440
18499
84632
35569
44419
74159
53557
19238
65147
70168
9062
12140
47420
9378
31675
76266
16489
92789
4615
36406
31848
76185
62946
44680
43035
72834
28662
52812
71282
68837
46786
30522
42610
76636
55917
15277
89121
52119
22888
38110
59996
83911
86301
53046
22877
50320
71165
89483
47419
409
42515
36620
78755
16627
37512
4154
590
10607
38826
41650
8750
95355
10224
35898
70004
15757
13251
65609
94713
95548
96306
58238
9223
39881
34979
93929
57590
13333
34438
78830
18071
60010
55003
15118
93730
23825
12885
59237
68061
13049
4259
56572
30508
62644
67297
92778
48624
21271
7271
62140
9581
46712
87593
63501
64240
60993
39574
60287
89235
61848
71574
69850
54316
17977
14778
85400
20089
74567
93343
447
23710
69801
52108
14548
91369
79131
42392
58226
40197
16419
87172
71890
95930
22376
7392
23644
16009
54016
90806
90377
64901
50159
54508
77823
73558
89433
5178
58317
43632
78956
49487
19440
26101
96427
12463
9312
81056
6051
9539
56850
51241
5753
11277
83760
18407
16473
18047
79453
36221
39041
47736
26277
51812
76000
94946
76561
26768
88866
4433
45519
86210
6557
50943
59625
93907
80477
26747
67160
24241
84418
40218
12815
18213
29622
94273
89829
72779
82822
13939
88233
17811
32613
44473
4888
39984
10545
86699
56853
30305
3736
31474
13153
45846
12678
80123
67056
92484
46629
3595
79370
87047
6435
78971
40751
35485
80793
63112
68499
19749
90981
66484
72389
41678
75527
46120
36127
87029
54732
27870
28466
24995
97185
85155
87963
62001
70122
30342
96488
34902
43044
21768
86678
35335
68940
41477
70330
72914
97051
27685
6796
45856
26119
31205
71614
60055
15575
96612
88482
3915
28890
82056
7112
46312
34239
28519
39193
59474
81374
68869
57290
32623
47357
14015
4214
28416
41192
74194
79601
88867
68527
90551
18505
10934
24544
62775
15668
26973
32169
19712
51312
24531
15930
8506
60707
15967
27991
80415
4588
70703
31477
37436
89132
18054
92191
16534
4745
90363
63136
86844
55024
89892
1639
26601
11393
19587
76557
19308
54413
93587
17547
86948
8780
62763
64044
36931
83694
48256
87417
57180
48639
59172
82345
34264
89200
43726
42687
67795
35719
54385
58332
16975
34019
54850
27882
12946
90437
62174
1985
4921
70844
25795
77452
97985
1881
51874
95472
75663
79136
27962
37435
48202
69062
31161
25147
19498
23573
61607
10799
7303
38981
79441
78291
87932
30533
71226
9672
27948
36673
44051
96409
71143
1575
40530
36452
66471
57134
94660
92636
50292
29978
36194
40311
90056
73133
77458
59867
47653
44130
56880
33500
86623
64026
94992
13891
45594
66980
77308
11963
51631
11973
65060
50956
93533
77894
46694
17546
59953
48217
4773
22385
85106
10686
54570
44114
32362
46309
91353
89851
36934
84989
83647
3579
27949
66224
64871
40792
28553
12001
50268
80991
20243
86495
61116
35682
59744
82886
39839
23418
61679
54510
77063
10291
70010
45762
55090
90441
79753
2315
74831
39009
42348
91059
21896
25788
37976
10646
30676
61389
1725
67188
9074
84746
72676
19672
60326
10016
91967
10941
24866
51941
84056
87429
16251
67589
60658
1328
40464
91844
17163
74020
83469
26683
19333
4363
94178
91294
22013
14058
7887
55022
90300
85053
27625
25722
33848
51362
24129
12460
78363
93997
43614
75260
42399
51741
84001
52735
8697
75444
84804
23741
59013
53787
31877
11186
84129
66776
43952
24709
95656
423
14410
76582
17465
19540
50544
13817
61684
40070
72698
425
89431
59441
55684
55819
18383
81193
70327
36645
74929
52619
27473
71417
85659
36532
12114
80235
51334
25025
69630
75457
20329
11199
90865
79313
92031
61531
95248
33997
52374
22885
88704
77380
14117
38302
18678
45201
13937
70797
49406
49121
72227
25567
51206
57714
37925
34833
71203
56132
90503
48208
975
4143
36704
51772
77323
58777
47238
53600
5216
56900
74209
68571
59629
23636
18646
24828
67812
31809
26402
77891
45027
97143
52375
64638
4051
40170
20302
17678
73166
12538
7510
34215
51344
58216
93973
85001
51363
90388
56093
13653
6697
40661
18765
10555
28101
86577
58117
30388
56474
72130
62269
87538
11347
54296
31579
46715
77971
87762
32005
56449
73985
90859
19887
1674
44965
60481
48166
44869
72804
38445
26968
38945
81942
92537
14695
3236
33620
51358
72885
24488
43604
4320
18449
93014
73778
30537
63023
71939
85276
34220
49541
12818
61110
9228
11998
52747
536
79769
49754
50205
3606
70154
61665
93747
1971
45857
69849
43777
66004
95717
38758
95713
18010
22045
38597
50148
66345
91827
80816
5782
80312
43213
6914
87362
9471
14008
19870
49849
51442
80950
74798
87750
81445
31023
94624
65249
9487
58758
36765
71861
72212
65434
42503
67411
22571
28879
29876
17303
39575
15767
97296
67824
72874
96747
34406
57592
23280
60938
45544
40909
43982
32736
45282
51674
37977
7351
85387
15225
38639
15840
17580
91779
48325
93561
53516
54933
70131
76342
58072
89944
91689
42074
67597
5505
18806
19662
30205
36815
84007
17142
49084
33213
75620
25032
96787
5761
44867
26762
78746
43087
79764
65115
91148
41257
4430
80594
80831
55430
89668
71221
76581
81187
23615
13237
29192
9612
55759
28872
79567
78159
93933
69074
32133
11354
94244
11979
19948
83415
27237
78033
98255
85521
68003
4213
79462
20676
37632
89044
16206
66711
1792
10591
1659
48088
17755
76001
51336
22767
16702
26452
10478
90607
41907
43659
18481
47144
20576
3743
76546
56769
49764
94563
95501
94953
24799
89802
62426
11489
82090
76831
32300
68323
19219
86999
72317
93520
34520
38122
43638
35518
50763
35138
98141
19073
57849
11559
79470
92479
70543
96233
65134
84330
80802
70994
35369
26390
96641
72279
33721
96940
4716
65366
35073
65079
63042
17489
14972
54979
39441
12556
60074
21212
45053
44550
31008
94961
75596
64133
76424
78655
52456
97258
29467
4813
59371
96711
42264
68524
32094
12275
95165
25306
73875
4371
60676
92286
61917
40080
3455
73072
40968
48032
45870
50058
20002
94756
17119
53573
83687
15875
70350
3049
83214
32359
14949
28315
27745
43332
31885
11521
18297
85687
94305
84049
46570
6267
86448
86839
6680
85383
78373
50116
17363
20593
1106
94668
46494
59596
7306
32487
68479
68523
29677
80752
19526
29729
2439
15709
34780
55319
24098
72979
45374
92823
5567
12956
72953
96934
24725
41761
40901
37395
34489
78794
5932
81175
87328
25611
40542
25621
16517
49262
4657
32774
23909
39504
60042
95033
78101
76583
50891
93671
70654
62323
48181
11642
46106
41830
22147
50403
36190
79236
47520
19018
9184
24114
76761
62466
42373
9755
77523
80850
58176
6511
11112
82142
53997
56415
45824
71188
11509
39931
57724
86222
70015
84826
33667
88052
44255
26823
2323
75466
83297
43111
60224
21739
87087
55447
87844
25921
1170
29413
88421
45151
16812
2146
85441
87619
396
70445
57041
28809
79490
3373
79344
6291
51975
41953
86652
15214
67978
42744
41148
26815
74532
82528
72778
82830
32815
34436
92815
14089
82005
57394
38529
11411
80459
56303
2625
27666
13443
29703
61061
70266
93023
4786
87729
94265
84078
97090
63121
93115
34488
80962
70733
60130
61757
52237
12085
63192
77584
93242
12985
55766
36362
12870
75248
44708
12222
88116
22867
55442
36921
37875
58261
50574
33195
94938
41627
54942
44830
79292
5938
75279
26978
3030
98094
70811
40803
83571
45886
19038
23496
56846
46300
1162
5866
71093
30892
56745
53289
90983
50867
18115
29742
91274
46922
25019
73705
14029
52989
17423
43218
21962
59579
63939
94655
77654
97121
4979
90650
97971
79605
12957
50978
90279
30913
23937
9186
25393
63177
28171
30649
54191
753
40336
78007
22485
48134
5326
63073
26892
2030
69769
61348
2894
94960
229
24582
29145
82322
14609
77687
68352
63605
11166
4785
88557
34450
10763
31370
36243
49887
31153
83357
22538
97449
22414
57050
52475
8058
86505
78501
30227
54271
90535
96111
50423
73954
43406
47992
38285
93895
39638
82429
44483
65632
41970
66862
47960
38887
52009
1347
4278
23813
38814
63841
88994
82593
90252
95391
95205
85232
72059
45555
66967
25756
44147
46273
53433
82686
90015
33720
12215
29137
67363
51030
25876
57799
76057
81233
64358
96743
58796
69778
86364
75954
33354
44070
61993
69676
29294
97954
66907
91588
6113
79045
33960
80911
6504
16443
89653
53555
7800
35641
29642
65599
93060
27158
45365
87393
27799
40
44221
27976
94290
79687
48877
79334
24362
65989
53389
38410
19171
73289
28457
78714
89769
59202
38451
68340
67059
45249
18148
17018
40679
199
83828
8709
39735
10587
77498
18431
53905
83897
53352
9590
8028
29324
58288
31799
35726
20959
61517
68680
77912
73603
59487
22922
9901
50967
38312
54894
57155
360
60494
67910
35205
68482
60515
21995
78561
57911
84388
66076
59400
44736
94950
54809
30135
97427
46182
11513
38533
51978
28023
84847
97660
65761
15312
40265
86314
19111
23224
28526
69020
27988
79925
55306
77278
85268
67576
55735
60054
61623
75866
75604
10402
91980
21527
60815
54111
35532
23185
26436
57876
52219
81609
64095
97814
10631
20602
42760
68310
78672
50198
3117
64373
20642
51183
21323
5016
25476
82676
73142
9865
17563
86692
32588
42733
38994
40814
14463
33603
31400
57312
45978
27850
28947
64119
20457
6422
48793
90140
92008
21583
51199
91848
70114
38619
77980
22833
74467
24425
59541
67375
72413
34793
84839
55653
18681
24409
960
52630
8406
49187
74168
27724
11677
4382
28093
33351
18873
56339
64190
73671
32997
5435
76432
72548
82215
21376
93884
90872
32226
94629
94510
71872
7000
27184
57863
9244
51719
81329
8011
3108
75902
72614
57173
46101
86513
64599
12619
87629
66520
45161
35276
85939
30444
3952
97864
36255
44055
23837
31878
31731
89028
11836
79020
26676
3520
90288
68040
3925
27381
85895
15240
18972
84616
35780
77674
74119
1084
60333
69793
23175
52499
74261
36748
50023
51507
55749
73125
13743
12553
57742
39192
1544
993
48200
28046
69266
14743
88045
3765
23977
88868
34538
89558
9655
50227
28573
1253
76167
34882
83565
83615
41910
42944
7577
34590
97918
74387
79924
84873
78521
29264
26211
1134
61662
8542
61554
57817
51116
50876
26393
34176
38525
76176
51652
73014
59947
70246
77426
52332
44380
28924
70239
89333
0
81131
22126
70078
42124
8614
58286
63974
50912
2765
91697
47891
38528
3261
89917
95479
41840
27060
24416
90013
28838
78560
30284
44870
64621
71651
63832
48531
86115
83973
96201
14993
65979
21245
91915
3434
53422
14316
42148
11375
84203
77060
72197
14627
776
36473
80585
37253
87788
16859
23274
33261
43312
83545
63488
54854
27254
26099
88794
9674
74759
59477
52872
71668
41875
39922
3240
57492
25533
63371
32525
38037
23688
67923
96376
46824
68337
55057
9192
80722
5132
16164
56161
66204
57566
91940
18302
5681
24546
76017
96032
36971
88897
20730
68198
10761
36839
92393
91517
12459
79967
54169
9346
53228
94112
76397
6392
53754
69578
53450
27400
64142
46610
93804
83915
66851
75616
21853
2198
11492
14556
11843
39951
97797
14963
1582
5951
70822
56419
56612
65241
9369
75070
28388
3222
63663
26002
13453
5792
3615
61121
95117
83685
71383
19530
78530
7518
27199
28261
29971
23516
60513
1613
81384
70137
22257
85259
60463
68721
92831
62873
69821
64694
15455
48277
97144
3949
89666
56833
31782
96629
58236
2416
66196
79970
86185
94697
68743
22567
94356
10514
85703
29939
78328
31232
75384
72255
29256
23114
28733
84164
33956
77466
58563
29234
49700
79333
26597
26903
32183
71018
39676
29224
30933
8383
40895
16342
35974
71789
67338
23922
95196
53944
43079
82162
71548
87588
34518
31290
69124
23303
9360
2494
88268
70959
84259
2689
93705
93580
27449
56330
65373
23113
61002
27282
36276
2959
22255
50521
94747
26549
46104
75603
43601
56891
88236
92992
4066
84591
2448
15246
29831
67542
52365
44900
3139
70884
30265
5451
34272
9513
67171
61860
16055
1415
13826
86637
38006
31531
42844
32333
49303
44949
7437
73898
77657
5904
899
96131
36212
31453
94896
78040
81510
81888
45004
35764
37248
66149
43658
86958
168
54312
49394
87464
51474
77975
91041
3405
14534
38778
48594
88762
7639
6389
51930
67684
84240
74068
54230
15475
3069
60917
6169
88416
46880
49380
71435
69695
17782
14763
22528
9660
41811
32102
55980
47980
93333
97775
73076
66046
71225
74468
87052
86512
8824
11242
88943
64530
18970
37764
10972
67942
3217
16376
97261
37619
51045
42987
4935
77099
63132
71849
85879
36763
15213
2729
40798
61412
71355
40708
82285
48431
31338
48973
35763
95627
76357
53586
52731
23472
73863
86503
11173
1164
10956
87376
54182
19979
46535
64239
25733
66191
53867
83713
53808
79278
20941
85680
54382
91169
44563
82748
94028
21284
62543
94832
85490
71773
33447
22643
65405
62657
65260
45321
12331
60388
29354
28619
44986
44524
21752
6440
60907
52084
71133
64048
88696
20359
39287
94091
28767
84775
62280
69717
2417
85448
3072
87870
9308
98172
39310
84192
32809
82967
32762
78920
39945
18262
89710
19030
19275
74898
3797
95540
47923
18184
57539
73137
20826
10049
68623
59401
3102
44096
43223
12820
74779
65925
97690
95799
6607
41733
570
2414
80964
60901
48986
39508
48186
94110
85392
94809
51020
66456
78114
12849
37257
35222
2263
13213
17722
41127
5251
95597
24631
23785
85032
76394
42310
95349
12404
59472
56867
97019
60760
46796
70224
28471
18805
37090
3933
61908
71975
81115
67830
80684
18628
38190
35548
50295
36485
48496
43865
21618
29968
13755
72936
34246
50777
58078
23125
82077
93654
16530
6772
85061
63695
9947
21285
73136
98018
37928
67607
71624
7694
50076
26461
30292
47088
77190
74729
36358
59424
51170
41170
64921
21301
64906
73313
81235
35716
43029
1707
98177
27998
95372
53693
7246
81454
57669
79926
26305
78840
52271
79718
6257
52461
49376
75910
7085
2429
58855
87556
62336
11135
20898
88826
20663
37510
28119
21653
25163
20364
21106
44028
21368
95856
33250
24247
63287
75931
83564
72446
33684
35778
2584
73276
61844
62666
29043
79800
65479
53779
1656
79474
57936
88463
57845
42356
35964
47968
63452
34161
58826
20274
32110
90471
3880
82181
41371
90866
27661
34345
3611
17883
14108
65322
76915
57421
96165
7505
5811
85340
18056
26857
12338
95291
12724
94637
599
14187
81270
10128
8377
84459
6985
42117
61547
13296
27424
66620
26090
26610
25451
28213
51751
34715
56713
2544
42255
21251
82743
38364
76870
45494
71201
42981
30782
38106
45818
90550
23212
34573
30693
95894
53931
89812
77022
25970
46637
78726
54085
87259
16694
82556
81013
23505
49738
96200
37084
72814
26604
16959
10519
29682
61944
20713
4438
2351
10015
681
2345
94066
22871
19363
23133
76607
22691
58280
93098
8278
95161
22758
20738
2657
36392
40934
95070
73730
23061
87265
64183
76657
94353
54293
10975
58601
80427
37997
148
65126
6279
68234
93235
39181
18645
86284
97707
46075
41938
43666
71752
25738
52779
64426
89536
38514
66416
92930
91012
44503
50888
64780
61508
1265
76465
40987
62418
10999
91504
71340
94840
87430
75027
17177
32188
38063
16288
4650
82488
9640
44751
11723
48906
87929
66678
50979
7946
43403
1624
41209
90481
49210
44353
51015
88208
90724
80602
73563
89786
1688
4009
31632
34390
92425
55831
36152
97435
12279
98093
76156
3317
96399
77486
40985
52255
60301
11505
89065
39086
79060
13403
63752
17863
93581
83611
23261
8245
31993
73094
78594
98232
4232
21438
68466
13480
55334
83678
32189
51114
77853
67467
8943
29786
87170
25572
60822
90703
81860
95558
59116
89216
65912
29590
8928
65019
12602
61839
18098
26413
59777
65365
41083
87895
79923
15948
30566
14478
32927
18230
9778
62061
98182
13499
3632
45524
14092
13523
13791
68521
65317
61829
88174
674
28355
11327
38076
55211
72795
56842
23579
31833
73788
13214
41353
20012
56925
19123
6930
18111
2941
66111
67138
3766
44316
80469
62812
71350
29346
6459
30325
1818
56840
33489
46622
84901
76650
75390
91864
93166
27737
71304
88411
24674
77798
90100
6382
96444
64259
11739
71505
50003
56609
95695
44660
55460
13238
6210
89424
86778
76594
19808
64984
22236
75956
49184
15713
53711
74680
1664
74221
74355
73639
5398
96884
81346
43364
437
41919
13974
84340
62801
8906
43434
46632
48334
48279
39680
93846
59615
91538
79170
21287
38603
98251
21070
13253
42292
80457
40420
79143
40149
6761
16790
3502
47777
55355
88024
74522
46810
23962
78829
57723
43249
33279
49721
90156
76813
62886
96823
88406
17311
77679
56288
33819
23157
17229
23703
85083
19434
17435
86159
73896
56512
53955
66099
22776
12856
45911
85706
82344
5865
53115
38553
8855
19448
1676
60446
71362
16573
60918
38853
5005
57902
9132
83728
15403
60255
56875
85519
45313
27021
93806
3516
72660
61138
13000
2031
2073
62209
