54234
22794
5799
70892
67715
70976
10306
5140
39552
1782
72572
33210
74205
27840
64041
41989
35551
60461
42282
76184
36543
53487
35168
80501
93508
77506
93912
89551
78050
12915
25584
3223
37915
5989
53093
37320
14220
95796
63660
55198
88177
8054
9758
20705
72936
84246
61949
25149
91739
41649
88394
10055
14816
167
31855
41114
34871
64945
93080
68380
37821
80655
63907
39401
23419
58835
68664
62445
25028
10325
81755
70175
74970
23415
43755
43014
69258
69830
43594
10192
61117
49556
39630
11728
22270
58588
43536
30372
10906
60616
93223
39587
51800
93569
55197
56665
94398
93821
11148
91395
57415
91112
68019
49809
43419
45553
78202
90147
42368
61924
56637
70518
49300
39853
44121
65619
19910
59797
61548
97572
29239
62422
51027
28685
1258
1408
686
35591
29334
6662
37480
3620
13720
47093
18417
55617
68120
13808
21446
54307
5141
95863
57583
92203
68277
87052
41228
91204
40558
80829
86919
76664
78364
96885
69685
72628
81851
50379
25282
32807
28771
62432
58564
50557
124
45966
23551
48418
31626
10552
6177
65964
42492
9393
16481
61687
38496
19678
34137
63998
55221
27006
41285
48069
63507
84032
53799
80697
73642
16693
44271
43474
22691
87291
1014
50403
94020
26960
74707
74675
25568
96877
81545
2525
14113
18653
24141
10365
93980
31428
7681
47356
58502
70422
83205
28764
72928
10945
57194
50035
8576
96896
792
7886
10734
18134
65137
1873
3773
44924
37476
68142
40226
65809
78535
84576
62775
66102
413
49062
86028
50741
16618
92769
27142
19558
84796
28626
62202
30269
38573
73108
16169
76637
78268
90258
60526
33447
37804
45679
90505
42260
29116
28783
46106
62128
39295
11055
56822
67783
53840
17960
68865
52347
47153
58523
44194
13202
12636
35202
30856
73270
22749
96748
94222
83371
49652
72977
57913
9065
94758
98074
9365
94100
63844
42004
61466
73900
43550
61481
40203
90355
72061
75998
30526
31043
21200
10266
22657
40241
3376
45133
24898
27072
54232
36144
6172
42760
67337
65092
74351
175
34584
30795
14051
83884
23296
11193
33020
50440
77122
678
82744
79301
94146
25464
95771
44676
8982
6450
40286
90354
88534
64462
54421
94655
56757
78400
15261
97268
60759
67460
1904
13311
68766
23509
74421
94715
3854
25627
12865
6443
62962
29181
67381
75837
19964
22789
77561
23734
20304
95296
53980
12870
36804
39415
57569
93937
69047
19271
12808
97504
45310
54450
64449
79811
5840
48030
4434
12028
4837
68864
65211
28565
2951
85108
68262
85088
22485
64922
80666
70762
57085
17762
65758
62420
51629
94374
63933
33515
48730
77677
49978
49999
33114
30116
37586
36581
36409
92484
97186
9751
65142
76619
77356
59564
71504
24304
64635
73568
91044
41584
88997
34325
78205
69420
48377
61410
24730
61875
59787
70116
64972
74455
57263
82521
40127
44028
13967
39063
32997
91920
45072
4208
67496
53157
19424
61695
93995
9535
74678
27389
75885
6474
18998
56738
64143
57101
7371
20756
55011
64265
88173
36256
147
63903
89127
80279
28349
18257
73741
57524
79032
8604
24772
7567
3391
57054
53234
14954
11646
15376
69064
19281
51216
66276
66944
24173
40573
16678
65266
53163
79784
94838
2434
46451
78903
76562
6086
53918
84611
8949
97417
39797
76044
6251
46994
15487
66481
75536
50780
62740
72650
78129
6574
96051
89329
33563
92716
26531
88756
93285
96907
43079
52499
988
20779
17267
83888
10543
6996
34740
2923
29109
48050
16509
13063
74417
37921
80400
80740
72204
32404
17719
70975
78235
74297
21421
75042
36049
90859
60519
45006
14287
58314
82860
67928
62308
22688
90602
36601
76612
9446
86126
2350
54850
66581
20190
1678
62102
92931
19915
66256
40608
3967
66477
87201
60204
88053
28670
78792
3233
73196
67473
46374
36191
55513
22168
51104
30373
73567
8173
76917
64753
81458
34571
32808
78952
36606
87172
33426
1443
25512
46849
31505
55353
4161
63517
68131
14895
9973
75863
80095
64483
86789
86519
40375
32238
78299
98111
68889
89056
62635
75690
43881
66600
24533
65832
87673
45843
10781
68046
72278
74024
54990
49880
6501
49089
62417
3021
31642
96661
36290
66446
90138
8721
59612
73145
6318
88454
5438
53293
17209
62932
41001
41525
48363
50041
3344
44474
9014
5527
69744
30296
58819
6394
74654
11523
22397
64437
82107
77414
13956
27450
61071
24728
73824
13328
84696
68984
15791
72344
89601
72882
14145
86106
13293
31714
80001
65079
68876
90303
72908
21084
87994
75449
43192
79567
28129
82799
83582
78304
1903
52360
30380
80433
54621
84991
44867
19530
68914
96553
61241
1318
1947
14452
87189
59216
50783
3974
68453
13759
57124
13775
85592
17126
76789
49840
13148
48684
81493
48101
67623
42755
24150
54996
86818
82139
51908
1636
24804
58965
29300
89277
72237
37859
38314
62861
92610
14628
14600
2113
4947
57703
16906
93701
24433
27810
47208
36267
45940
33119
50053
73280
23908
49411
42922
39286
58512
22279
97401
50586
34923
45504
61474
5460
11033
46402
5113
84827
88982
94845
93850
59946
73904
45195
4043
21999
33312
54076
30828
90532
33085
24248
31930
4870
47487
21315
81311
95831
37781
30615
63811
6098
25862
94560
10125
82771
71781
4854
91529
41503
27855
35183
83906
59939
49230
17108
32027
19381
28942
15272
13092
36700
12466
27372
61751
47899
65561
56671
86736
16186
96318
1163
50768
49540
29703
68528
13305
15607
98271
30570
32854
98219
87379
37417
65402
47170
89854
82178
21308
78198
64800
73036
84485
32445
51336
80781
28666
77095
9591
38477
86347
37372
49238
64485
83643
51691
64051
48229
40320
25965
54510
57454
7775
73534
59432
69638
35145
64176
53790
62988
93469
31475
60675
8886
77832
83439
40929
79852
70676
41184
93245
92651
16130
2233
46542
39978
72774
43901
19325
83755
34421
40045
33427
78301
69572
30222
29066
97490
59327
7129
17672
6638
94150
7834
1680
72835
78259
86923
79416
42247
42600
12982
44942
48352
69734
23522
43120
5064
55372
57882
13850
3643
85306
73200
89134
78754
58661
1946
1154
51855
48917
22394
76691
59356
23723
83272
17072
42509
20189
59650
982
47652
9064
22516
25772
8836
54813
20471
92386
44586
67093
52957
85388
27454
3368
82818
58136
96329
22584
16778
79124
7273
82096
69958
88295
95943
84444
69432
95590
94818
73147
92452
42970
59039
74833
56704
81292
2145
38245
56477
65912
92707
20945
96395
76376
8783
56688
52664
288
50600
27377
51436
78272
25425
56044
45908
76185
56433
88522
53425
22335
65058
53984
65156
25063
4338
82531
7245
34720
89684
89621
34323
937
48836
55977
62360
1065
10978
11196
65753
83798
51418
25009
13560
37874
89983
78396
71891
87598
18943
4817
9837
43531
37792
1411
81826
39897
72462
29048
20511
4342
74861
51306
11384
57605
30375
74490
2867
67227
52724
10357
98112
46025
4317
2992
65264
87920
63165
86858
33988
94327
73885
88432
10922
18678
40075
42744
59637
88572
78053
32033
70455
65900
87522
10518
85713
13325
10738
7779
69350
75787
33669
56596
83035
2441
41077
74049
49826
75940
12207
43698
87593
93162
59461
19657
66209
9057
90507
41657
61219
66698
34415
865
83493
36532
62191
9244
94632
39538
17026
28736
96800
96231
30618
95533
85183
15562
28069
67020
55482
30966
58196
21447
42357
36972
79676
31005
864
21515
31646
21555
47205
98255
18128
90671
436
43027
12556
91722
83551
8272
30601
43629
40002
21970
71987
10668
45924
24006
80948
10762
31492
25405
78590
66404
87767
85530
75142
13908
27883
96186
65970
95632
7696
22818
91358
83851
21291
75594
18468
93359
2637
66389
3922
21843
75492
93983
87695
87067
15701
65187
85989
52942
79109
96226
72507
61065
60543
68462
95855
12526
79712
7246
65015
91562
51255
9722
20594
8711
81058
66441
53658
59102
74545
38778
4267
1602
39334
30974
88098
43114
37456
20842
63093
73859
13011
98198
11740
82103
91909
66034
68235
34063
22585
90985
23584
68751
30777
24356
5646
79061
72999
40273
27112
10503
62039
77809
15463
74783
6257
88978
12061
86623
1184
81935
71995
74171
34608
50936
81807
58559
44657
20264
37602
24251
5762
72234
62238
37074
62497
28183
3608
55412
66718
20483
1939
3935
52132
57611
6781
16098
22674
21892
74532
58749
94738
53085
15985
4983
60971
84922
50230
11777
26343
16800
66172
17049
78994
74712
64441
64017
27106
87969
67487
73381
78308
12384
95692
12938
76112
19649
96548
23743
26061
62977
6202
36646
40471
62423
50163
79971
79334
19904
70712
47739
46059
63744
262
98143
26963
44607
47437
35172
56682
55157
14098
8052
93222
94800
58994
44025
36629
55552
41254
4277
32082
32748
26989
45628
87510
63129
35635
12855
94406
26331
86092
27555
54581
13583
40936
5769
77714
79898
81104
13196
72689
11556
60145
3777
98295
49469
23774
35886
65831
20492
69417
57357
21319
86458
47727
83620
65052
3191
30450
16412
97117
53322
59479
50289
90640
14542
15341
19744
29888
81171
38260
41092
12689
24322
75107
29487
54722
27714
90111
68993
83627
60969
21204
80663
13428
29713
34736
1860
62098
63938
47757
68935
383
32773
2141
52871
82777
75670
55997
47092
77422
51560
77557
89326
97326
46515
36638
80325
28922
62038
70410
14553
89506
87122
80969
31584
91750
2153
16099
7367
11331
52658
14728
8697
60214
44582
22200
78369
60958
25935
35322
84960
70153
11680
61825
54002
22541
70504
36815
77626
86457
33088
4390
22316
83817
5080
45526
69021
61371
96044
205
58173
76329
73089
82354
13892
13998
672
63232
40553
22539
35205
35907
73125
7692
25363
19363
27449
27857
10027
42020
45716
30168
93748
486
81595
48881
3889
4658
71158
85187
47137
55676
52138
32696
56748
68302
50350
97025
31834
23530
84843
37104
76431
86084
22692
35744
27415
85616
87602
52477
49210
36004
63434
89585
65702
38997
44692
67897
89493
95693
28454
28738
78368
87061
65196
1657
4731
56854
53374
82949
7341
60528
87240
84204
55840
36660
90587
20733
54507
42268
59608
71048
48982
30005
13344
2091
73098
77283
13233
24345
17323
18698
81760
25715
69805
39156
44023
68850
44740
78699
5258
82731
44059
73015
74136
37683
11042
34606
82646
16631
46467
56285
50719
39899
32233
82258
76925
76333
36008
21908
48624
74471
64169
61597
17702
25804
32554
14450
58999
45317
52801
50242
83588
59026
53292
97996
35927
21737
18333
44384
83861
41508
58147
28610
95044
56317
54740
6672
35030
15145
26723
5305
31602
9790
43815
95531
70887
97139
96032
26701
22029
35500
33285
57607
91368
45122
20934
83130
98230
59532
97064
21052
41719
39729
20185
42710
83549
12618
42832
71173
48152
11449
24055
67709
734
87026
63803
36501
36379
53569
35581
48779
20613
85166
12682
97659
13794
72408
39410
89007
90247
6810
29720
12522
49070
69614
49665
25571
48925
9870
5414
38163
98239
32903
95922
54884
26240
4599
93236
11877
41576
60685
75977
4144
45355
35746
56009
48521
89718
14987
70459
39255
59282
85940
62300
32331
7555
32548
10678
8464
13260
40399
28486
22943
91132
97643
14029
90604
77152
84117
64405
24218
33609
59771
1676
84935
34996
45407
52587
32664
9443
75659
32761
16469
32508
77118
96046
27717
56339
23215
35741
37057
94463
94242
57947
7922
16746
35064
88354
14300
15065
97462
62126
83254
75
66045
12046
19165
28976
59613
3512
37662
64640
64346
46931
38779
89073
46853
42886
26097
49060
43278
48679
72317
50093
35565
55261
42248
66987
42920
52877
5550
60003
50642
17902
83420
92418
22652
21358
97374
88004
24299
48320
26813
45406
82681
91371
2653
14310
35523
64790
74198
46755
50276
59831
59943
36802
63326
74732
62503
89028
48490
59572
70848
8101
13182
96200
2623
14208
61877
60405
80942
42531
12754
33585
45836
64724
74436
21955
40922
65002
95912
25961
80895
26643
61
9926
68668
59806
86857
85640
63167
66758
14234
24910
3487
88980
25828
37345
37200
5604
38823
10040
33419
64585
2281
1982
83774
22032
95732
98174
4130
2093
50398
96628
48291
55927
55505
68048
70530
63113
11243
85604
45839
90924
44170
95228
50770
76905
22484
25632
1057
1770
5721
47333
8774
27360
53905
15075
74737
79335
11808
21993
32994
8300
19217
1049
33363
19508
296
66497
60821
89123
55769
60884
96817
55239
34074
53267
19350
1355
80103
82128
11695
54905
74453
21377
75524
22241
11098
53701
4489
95649
38053
55434
62625
42657
37912
38761
79288
59027
28520
49906
29575
89365
94703
31533
85360
16283
24213
8534
38276
8023
38525
9025
64766
76556
53006
29958
69382
56183
17785
30362
54576
9692
24976
46376
31704
57917
85709
15180
3179
30542
39408
54613
55349
78930
23937
4663
50337
46070
74893
27680
93777
26947
18726
89659
79889
88407
76296
48070
17706
72041
10379
38242
17789
93383
10344
75173
17516
95448
36370
22476
2508
9442
73277
58149
51991
23032
16437
51472
37109
16988
41532
76632
44127
40038
64127
25355
65845
9953
69164
10691
83642
47264
72622
95978
47867
49524
89574
91555
46569
17294
53814
49775
73061
82348
11803
6830
87726
86979
68490
55895
30790
71125
74265
5569
56524
25221
79772
62340
2302
4646
39773
55660
95176
65604
43110
42280
20358
52029
18442
53664
16004
65219
3626
74906
51904
92063
47146
77104
24926
52803
90421
9277
69388
67700
48312
96931
5524
88140
43070
55798
85527
18787
70274
24284
15656
84695
81834
65344
22016
73972
11037
86500
70536
18985
49409
41
12898
64379
93689
53030
77534
73584
82623
48916
2053
98286
45755
31619
39515
52049
3411
61043
38233
79873
94346
45096
95261
96825
91816
49867
22117
3083
40515
33834
55817
6390
15200
73120
59168
13954
53209
50647
71199
26825
92096
3451
18461
90642
13018
38804
27026
13438
61013
33344
22510
21779
86941
35678
25097
67573
34712
17688
63077
15933
67933
79000
72888
92350
42545
64243
81313
22974
55406
43047
76352
19497
79815
63511
52653
7615
81501
32765
58268
30798
87307
68134
76372
72500
17490
11501
92932
85240
67824
67177
57122
18903
24571
51373
17170
58733
8924
14296
96993
31779
32147
21826
46623
45733
77646
42195
30882
29540
8372
88641
71138
16840
56711
25686
34627
4720
97935
64205
88655
32437
74483
48827
10141
2147
66360
63543
54278
9500
50143
30285
67963
47592
58731
9523
44160
42261
85695
24453
10651
9670
25277
92928
95256
51172
31853
26524
77394
61905
52346
43744
82509
57261
47785
33500
62946
40561
69991
626
78448
13096
68968
34374
36586
86952
90026
86608
76999
72588
53702
96095
56504
75764
77063
34203
30637
86560
17102
94674
74949
12488
98181
97691
27064
42316
8929
37746
16566
5295
36725
8402
45214
29798
47287
73259
59029
79847
24116
52990
35166
64065
10208
27311
4656
28664
32357
84334
87314
70161
88876
29771
88848
87076
78005
39756
78179
65470
62336
43643
12335
57055
59916
32058
78434
61326
18381
42971
87114
58172
48947
87180
15208
84736
859
32925
48892
81211
9551
47324
23911
54747
4857
54950
11439
21124
20602
73194
88870
58135
91521
70782
83697
63772
68761
88009
92242
36130
12533
35360
63615
79360
86364
21875
74957
13153
1859
93297
16561
14083
88195
27130
60109
73870
64646
24335
1347
228
43580
53454
65657
77276
15415
50755
21969
79998
72646
41910
47743
56973
75212
54641
88505
3537
22131
64364
80365
27070
93940
48473
67780
96586
60022
78119
42126
44774
56259
91146
62513
55632
32544
33125
88122
53838
2003
2633
87259
16373
90709
7180
24341
18506
84004
40430
23913
49503
68634
40285
43638
68373
81294
87515
46386
29988
39221
91927
94466
87264
63464
15509
2561
94160
58475
46957
15633
75397
81455
39872
61246
28707
66749
80162
19724
56630
70962
82956
46901
59538
59233
35182
35851
11025
61821
76129
30287
11257
66662
8320
31499
77720
75249
13551
89640
24805
61430
79599
51484
48086
74936
9928
91339
38041
41324
6263
19878
59081
95497
71911
76777
25057
12319
43304
19999
46318
32539
50303
67228
88277
22870
25811
40933
14242
65715
6837
44284
10069
31737
26731
16736
59605
95451
20773
93012
36771
44695
95419
68088
63706
83307
3312
3709
9083
14492
45645
83506
69717
11224
49260
32922
44247
36963
48843
74871
66763
2274
9092
97428
18346
54598
7431
83141
30493
76321
58556
27186
9219
44950
77695
60781
92474
82772
73621
76509
34095
72450
80515
30167
65314
30211
96335
2004
34019
72946
60708
37406
31745
26318
26774
74111
34007
22103
62731
80931
39457
49624
34008
62008
27932
19454
23965
28470
4981
7665
42783
1361
66443
80899
57243
26044
67699
37173
9315
78330
88637
53679
20741
98228
29165
31565
29844
69163
2445
28581
52372
25997
93582
2182
64627
30727
75347
21799
75701
45805
81824
40789
33682
45890
83229
71807
92381
46309
5654
88996
53244
46418
75122
14311
9527
71447
28185
8337
88557
48446
42940
78890
33079
32090
13404
65240
38091
74980
77372
61762
81661
80821
14563
58672
49363
34998
22404
82091
18820
46844
4365
25689
92622
56760
92232
13006
80869
92336
64512
3834
25408
66557
45845
27300
47054
94159
43639
47436
56158
36213
75855
7622
6155
77560
22000
19218
4499
94801
76756
32094
25073
87049
49750
23481
816
1398
8612
71936
68891
44944
40696
29040
45304
45584
68244
19785
31510
53656
56037
11727
51509
4723
41894
18004
16446
15837
29114
41954
23077
24980
57535
37140
33920
57011
69376
27092
42222
3143
62230
75780
8441
5005
75114
56638
60706
62732
88902
72934
31106
53672
53901
60279
92357
18266
4673
58945
32
33625
28362
68312
82390
33755
22158
50204
33431
77296
87599
11120
86854
56465
17249
46075
40508
49192
73877
93351
95537
1103
40655
21378
13375
87016
63203
68012
91638
76341
55314
90272
67364
71625
14976
19911
19899
49319
1344
49342
42632
61076
8400
60424
60522
16185
42696
58427
45390
8786
33555
65089
54770
87913
38058
49561
35165
37609
68534
4624
3549
54184
27392
97308
79781
60168
92666
79881
5284
68912
53916
12347
71981
20485
33483
54724
34069
83386
57137
62091
66567
80751
25223
95494
62219
48180
55949
37956
64094
24488
90497
2404
69749
66438
17158
65104
65112
78561
41447
55719
80146
82341
25266
39698
20218
65390
15628
75632
15185
46127
11594
2163
93936
37409
65589
2122
92599
97610
16242
51980
3485
45604
60676
76047
44468
92749
15735
11933
13984
79258
22636
33251
58664
8810
38306
24520
44485
7331
65950
75553
4203
44752
44650
63304
48429
18557
64190
89316
92269
69811
54196
35754
74587
22232
62902
80711
12502
92453
98063
11811
14661
24913
20229
64759
38486
25765
25758
35660
43286
80055
88054
37901
52935
2890
93349
16066
22969
7652
37661
73299
18876
79559
3595
51423
84477
95237
59433
78283
33320
15346
55054
65351
30158
8277
23330
86530
38473
19828
42236
17286
33306
40412
23932
62608
63351
42510
58958
30272
97919
79717
92230
32059
42389
91795
80089
23078
13265
11156
32192
19702
76767
37580
14001
20877
61593
42770
279
89548
37427
79133
37565
8725
89761
37484
70767
30473
87096
63721
16427
85017
6199
81618
92723
16191
17755
57876
48835
61240
86436
30690
4169
33629
95436
38737
32175
44045
82070
85712
89512
1564
71054
62715
46520
33054
17543
62370
72676
26194
85267
16296
68916
85069
61372
63728
11466
18110
68161
44743
911
26357
93157
92825
28052
62852
80523
42722
71892
83938
4539
87988
80110
76712
77345
20460
36715
52945
78115
11620
61786
46899
67482
96774
79093
41308
17007
48910
46438
4271
67391
3570
42638
56836
84269
32181
20332
96204
53807
45911
38405
94353
86543
85608
92988
66748
54489
73541
35529
74468
967
43694
1111
61644
94350
85373
21363
29519
89646
89755
27686
10127
1721
95273
4361
78697
21563
63485
72719
80018
95471
58782
1301
88125
50506
58113
44688
96616
85912
79505
65143
9955
55890
37428
16035
91852
17243
27540
21532
95479
60667
36578
41206
16032
66892
43451
7311
7208
40518
5098
63106
97797
6445
5077
96695
47917
13739
86982
80229
89789
67331
50393
44195
10626
42031
28501
67213
12279
67344
18034
56986
1126
26601
10364
97004
64754
44689
39227
79446
92740
600
42130
28890
47683
56454
31548
50381
45974
49820
1905
12138
36148
70834
33376
80722
18143
81068
67195
69266
89596
78809
9089
17341
8504
44639
61531
27870
91366
14323
48845
57626
2975
15394
11222
11693
48958
75834
71225
72281
8934
55191
26132
32848
44503
6404
27502
66147
33526
77701
30515
93692
21094
89582
72007
45757
94449
70605
35763
40189
14095
41477
41432
67311
75032
64171
9109
45812
62613
81496
72467
90849
24954
22380
5492
95566
97714
39095
94003
77596
50060
38788
73067
28004
28088
27813
98093
9920
92346
10962
93588
84476
13331
60224
80776
14981
41948
80305
48868
14271
45093
51723
64555
91353
95866
21028
13606
36084
39724
80044
89544
46667
28111
27221
23443
38755
25852
19055
81059
68637
13993
46355
65164
27605
5501
13743
41366
33203
51173
87722
67752
48234
76289
13787
60999
10850
12372
11922
42057
85181
84394
28293
85284
87690
88239
63024
1211
60673
15345
7530
19176
96646
21197
86027
15543
52754
18757
56807
82351
71035
65852
10183
89549
36947
6959
49773
17370
63576
69469
84605
41466
26232
50931
76360
13480
79019
72667
54723
2352
23988
6219
27949
64584
47190
18951
52054
97984
37142
391
80652
61744
14539
32465
9763
17337
54994
83154
45610
31623
18789
87159
97894
5217
49814
75188
27595
45792
38476
708
27653
93647
74174
27535
86613
5450
74178
26823
40826
8989
60508
74282
84529
9276
82291
89479
77920
80456
9741
22747
89442
23840
47651
43855
76342
38401
42115
87099
97181
77954
74264
7447
72805
47584
948
54561
47424
54631
31457
46035
41677
7766
98003
2317
85224
14837
4471
97897
37335
84344
82299
34856
46210
68744
57818
96927
93644
79077
45496
14279
47653
86000
94620
42487
28493
9260
47716
79514
70927
55788
39400
18460
46630
95652
61967
55486
85938
57282
98162
73312
12651
23069
17861
4992
29998
37699
27453
89849
31786
94584
91151
11972
88013
88650
56602
76196
83467
79601
35727
45031
86795
23783
3631
15839
2870
81418
35237
62573
36595
20960
58152
28
48634
59177
77272
72295
43715
81670
89437
55596
69349
29784
37236
92172
15530
52099
29455
35846
53300
95519
47220
43368
69402
77460
87094
21944
29902
91363
27796
25322
73996
64503
80382
7712
52965
28126
50338
54493
57498
84385
14073
71893
4780
51993
9467
33766
69690
35531
94848
24777
62319
31923
40255
5842
7186
60765
74682
52456
76227
37186
24680
71255
85075
20915
92650
460
26675
21080
58905
37680
68690
97499
25121
54791
84128
13752
26102
18044
82562
89919
2293
69002
32733
12012
8058
75857
33057
25466
6581
41336
36449
40637
41216
94065
73977
60064
96068
7059
44940
20186
7090
36346
28355
59976
28452
76096
27617
32472
73860
12925
6928
94051
59896
84981
17825
41410
82887
21469
51742
27005
2285
34207
12301
55306
46636
3690
35964
35865
13682
65539
2038
46699
16927
54283
28095
27628
8509
93631
50995
83571
24002
80213
60987
80907
88616
55317
8688
1660
37149
70008
64760
85778
12239
95890
12926
54886
96964
48422
4099
39367
75305
45060
64155
45323
45941
41766
85452
93858
47639
90770
83111
23357
71068
72991
49832
21558
59586
36752
33225
71368
97068
80167
51580
69103
82918
63389
62207
74347
80812
87191
47267
10804
1294
18354
25538
17838
4453
60882
64224
24269
74104
13650
59497
59702
94521
35419
23839
57552
66061
80099
65933
15857
55083
77908
64416
69202
78189
83387
82842
29070
36216
94092
67748
49550
56782
75568
57766
26490
23190
23844
42788
41039
81345
90447
70594
13609
15858
90348
37171
22063
33634
92504
21658
58178
59512
2167
3405
18975
29596
46686
47658
2085
63711
35986
93584
68834
80790
56621
27841
59205
22928
61287
86761
82150
24176
78832
59834
19729
58320
19536
13095
38572
89730
25257
52601
31839
61791
63116
15741
52560
32674
81751
84084
97507
92419
62785
96517
23821
13485
18321
21285
3964
94483
47052
19220
46850
53802
94510
18454
13959
50359
39955
82330
2291
77176
32447
82643
1459
85439
64500
23295
28461
71667
55978
1034
7709
86116
49687
79415
58562
63030
92406
76966
36548
22199
15882
42582
40804
87852
87774
76499
56052
52315
11473
65701
4077
22784
55429
27547
31877
49658
18124
22189
74881
89066
16556
76891
41338
76124
84837
24587
95059
7832
6217
45042
7763
67156
96747
47627
98125
73242
36188
47100
62683
77467
42191
78045
88915
40963
84029
5948
70377
32688
5790
2429
89908
69273
75786
48744
26013
86725
54130
64543
14408
4440
53948
48216
33093
44531
21490
8178
9766
22056
8267
93006
57279
73144
19551
57296
86838
27822
45529
71555
1182
22024
22959
85945
92953
9904
5352
89884
44796
53580
92431
32222
97533
32030
52083
62901
2356
4921
9235
58446
21643
26330
44405
23179
3421
94172
67754
36177
82383
15372
96912
19157
56553
38197
80354
40693
25488
57285
21429
72433
67168
29289
86499
28203
71778
45786
540
80602
14361
2671
43236
71899
66692
87779
45740
70710
96585
41724
70012
15678
45862
30505
24129
81250
20052
71523
16757
32872
78782
88689
4728
66774
21441
22768
48481
94296
69099
18311
61492
96251
75494
58360
7821
37466
50553
22258
19750
23327
84607
45990
11964
97110
65544
55368
72276
74882
69458
43071
61608
63261
41553
64853
67041
97439
54190
69635
51265
63880
6518
10487
2472
42616
10163
26284
22965
83816
55680
45239
26724
81053
24470
2544
49865
17656
75381
91761
27525
45877
34616
61783
57387
20904
32801
53159
7405
91791
68248
41223
69046
68077
66528
24036
96610
84819
81638
11819
51280
26000
80079
37790
84351
90417
49943
92067
5019
13637
95072
90594
51884
73639
35532
75292
14041
82405
34888
44413
55031
46659
47862
69259
47421
55640
58785
17483
1172
40464
79561
4880
68066
43561
69655
44931
65962
13737
25643
31271
77735
3283
82433
13852
40532
35346
998
42903
67867
22068
29402
20869
3597
80487
43167
32130
79496
49000
56979
70534
85724
57816
97575
56403
48714
12192
69147
71741
18009
83033
8765
45724
40328
16986
3503
93347
9294
30649
79332
15977
38127
90237
48642
2229
36444
28510
90936
73253
48308
6757
96427
73438
20315
27741
77595
97130
75707
70814
79068
82548
70702
28400
5075
40251
68608
6766
86015
15071
58919
71791
71652
47809
22127
85286
24380
72301
7005
30031
70974
45560
64720
53491
1311
19646
27817
69629
79901
66682
79498
97826
56242
45904
65233
74941
90732
86636
40562
93775
97981
45180
25056
47241
65393
21842
64235
93055
58246
91981
80496
19116
75847
44912
66591
8289
15588
38357
56570
37806
77367
36830
81854
9191
23197
81075
23321
12408
5168
61016
77849
72747
72693
94196
87990
16093
15722
89580
8398
15799
62556
35665
98157
97193
80771
59931
67741
39137
59134
53170
69803
76005
86607
14340
52220
66646
34713
17347
27959
79231
69955
62361
33691
97034
4244
34483
11529
91626
60335
10870
48784
96272
87171
72745
2194
13066
25580
70419
34824
17247
81305
58646
81780
71578
43214
77510
67677
13799
69365
51085
81712
89174
37384
52528
40171
41326
39744
35212
53689
75633
69166
55307
72474
54423
33416
89954
93660
50964
3266
12946
3621
62593
54455
22253
18888
70852
91696
30980
63897
55686
34347
35620
27126
80756
78187
84952
46437
7003
4987
37534
91923
73480
34416
76241
16536
62064
95779
91242
93931
78515
49893
70033
44167
37443
48278
25760
33958
71088
96215
94526
13667
89774
1736
85433
53271
87702
1663
61260
41448
33332
38307
49822
21014
47601
85396
42164
10883
27819
69857
63788
73586
13403
55900
16202
3712
32418
30834
58976
33429
10982
46434
44913
32597
33014
42561
74137
12690
76093
36093
51817
7360
18926
46947
1785
22837
43438
14862
20687
14558
8478
80786
82066
72916
11480
50121
20125
59434
56117
59217
49399
89046
50907
12327
84341
76362
90175
22248
38614
49706
84472
1070
69236
85550
91312
32746
79451
8395
52270
64632
31318
67074
88169
68371
50788
97602
40542
12575
91334
44735
97446
31368
36592
91573
86917
60514
25687
11375
92217
91822
211
60281
57785
65666
29436
63544
29756
93158
34317
66929
93379
97409
26327
4016
56082
3260
4066
74694
96922
87036
86734
85711
54389
26521
286
22100
27785
39306
95784
6623
5932
44499
88372
84019
9006
3734
53750
96161
64133
30823
28134
56067
84450
6521
24771
15433
16622
52648
73444
21448
25317
31495
16582
51895
79100
69171
6753
80546
89816
54578
3972
93355
53611
40484
94182
59922
35327
36223
22893
40208
49063
64300
82564
12955
60440
24735
69799
62026
29808
52119
50191
82551
63099
6497
94389
48551
68201
54917
21290
44340
96528
80707
93321
19166
79026
34902
59880
38482
11021
6128
24906
3691
83713
5008
36807
66945
47923
47544
25196
20762
78837
74716
91480
42339
18464
92091
981
52520
1781
11934
34842
79738
87220
39887
78589
89487
37552
67323
93412
15046
88536
68991
29434
26333
55572
91375
36243
54163
18794
56350
11407
70043
96762
43573
56545
58025
27987
63448
32979
87634
3471
12341
86509
25593
93768
55119
36176
73926
58015
32348
617
65365
5662
7516
80953
3319
93890
84928
56404
63219
89558
13423
89436
30731
1264
92125
70693
16306
48632
66716
70716
27431
23037
90349
55451
85864
14859
62568
50941
51657
43811
81786
2201
24046
4970
1964
76253
32495
53059
50244
79628
96595
54326
50764
70378
29229
6478
61514
92361
39248
90702
50705
26710
78703
80257
88112
79487
89111
18944
86825
70659
81733
17223
93649
93684
91097
5208
38285
33786
61064
47032
13796
62818
62993
85553
6224
2968
69463
43289
77041
22105
33528
21757
14512
11241
79949
30316
89765
96289
37343
56902
13232
86639
51453
32502
38960
15316
24807
40204
69342
88349
47877
78399
58531
69032
77449
50918
13885
84121
83372
61987
63989
83063
77253
25889
66884
95645
96734
35582
10367
11204
89240
47040
11401
10516
13948
70336
57737
66048
18872
58526
32683
41875
81990
87032
72633
38483
669
16240
74305
37386
60974
11729
16011
58224
71458
91475
80445
43676
78333
2941
80288
39779
12475
6967
43983
80264
48036
26659
40178
77300
84832
30379
77804
81036
20903
27061
84507
38425
51907
26201
72242
97394
10363
84905
63423
78553
68501
83971
38034
69860
37446
84716
7707
4292
15161
90097
36528
3585
2134
94330
76697
85593
36430
7593
6789
65203
44872
1348
49024
54571
55580
15412
95183
41291
7855
84849
83360
3230
94401
10712
30310
14700
16634
38563
19317
29314
66812
11463
37986
82991
4274
12743
29662
18220
66797
9963
44558
65400
53313
78323
94133
40111
31932
63007
13323
73202
97665
35910
63808
92153
40487
43262
46206
98136
88358
25861
48221
90734
9340
30192
62053
18857
73193
14230
10921
20432
62500
25365
52685
80106
61740
92579
18429
55392
96805
17530
45325
76116
7345
8854
67855
67743
94169
58864
31163
54468
68208
60096
9226
96282
14630
38296
94793
57504
8709
56821
71519
41423
54995
23645
17831
54220
7024
2662
313
7944
14250
23798
56288
27226
66308
20484
19971
88329
62036
92802
90799
81083
26089
55297
31894
38112
17467
93596
42645
4677
61536
63331
28135
15055
95036
85764
27095
27251
88449
28743
53153
51157
23689
38438
85068
60129
57018
32336
30729
21148
91818
61058
73207
83702
56689
43690
62005
87930
5211
15511
87652
23963
16698
51023
66010
63780
5968
11153
58129
95599
69897
14485
17360
60126
96174
9401
17561
13702
30899
75357
90766
87568
62354
79530
12131
35929
22704
95220
74338
4239
62366
81246
52021
78683
3078
8947
78672
82691
71121
28164
85770
24258
33839
74666
76426
94842
28859
34603
43177
90157
8203
19132
10097
6276
9264
52327
57317
23048
7735
51250
25611
10524
56855
84759
58290
78247
20420
52889
3802
53297
40855
67185
82143
80926
95154
77387
26469
40089
34772
35525
95687
23073
2228
92601
14672
45246
19569
55645
3193
69457
77969
16635
88825
1737
87175
70840
92241
97848
56442
48029
18647
43735
84085
14455
18832
21211
68673
53543
64256
62739
3412
53272
97709
28516
84891
82462
60660
31345
90252
26810
13041
83013
59614
71162
57237
92831
13986
78114
58159
20767
90361
40386
77237
29085
14778
26802
60604
46979
75488
21244
4937
14388
76682
64521
66988
95430
14127
69313
11080
37988
78840
68249
25399
42730
55858
8205
10242
78438
89421
59402
68434
67995
22676
26541
73501
59377
22955
97681
355
55194
22350
26970
14297
28863
68448
90151
79477
70330
898
63332
58964
46818
61673
89811
75891
40130
80397
51499
83544
87639
97286
35743
23977
86768
32184
21221
18935
84416
56942
94763
30144
48135
12410
17257
42851
87231
48055
81137
46331
61226
94326
39461
98232
77986
45209
1965
24312
50155
6400
9359
85031
90864
49096
41575
50438
77725
60385
31209
56103
81105
36926
44955
55138
62908
31633
21003
79391
30986
13610
5562
43208
84946
47485
85685
39754
35060
81207
62082
84776
7190
25291
49174
77845
47055
13322
18502
47072
54829
83806
90339
61651
44934
39768
32257
63230
75579
71963
27352
72506
75647
95051
33551
39910
62313
33575
82495
36275
96381
7528
60714
87397
13396
41140
75683
13662
56709
96873
44092
80078
86893
18005
93118
25958
37563
23173
34707
57793
17458
12099
91009
86148
61033
21675
19410
94819
7819
33091
93434
39091
67961
59181
26306
9952
46464
39163
21756
4977
75848
1668
69647
1152
11366
36600
40568
67815
20508
54295
63404
77754
61001
69308
42106
91796
45423
92899
35937
18314
26311
57280
57830
91747
91902
83807
8512
29480
77793
4858
93298
50872
84
58007
53150
34138
46417
17829
46794
40571
48627
70365
76755
22150
97847
93986
86798
61649
27611
19303
39084
8111
4152
34012
40901
8904
54727
35915
37605
79346
63098
34866
82656
65733
71968
54564
14308
3477
19937
5337
49296
352
38883
30680
18230
45132
3958
31607
96973
35550
10299
65374
91729
19499
31825
40462
37460
67297
88542
5725
85095
65166
47538
17402
49781
42827
65775
46597
21261
61817
37102
22215
12097
85638
44792
20240
12821
22283
3916
15375
7705
41865
78328
24609
12402
26369
71645
90480
857
41698
4439
36643
91868
90042
66665
52430
33450
90663
5507
65361
91213
5938
95512
48461
89413
64919
93842
32834
84255
21299
77590
41506
39246
69488
34240
56461
59720
27888
61077
90611
45261
62798
85427
66027
66855
27543
49418
62165
27985
26101
97214
36806
39730
21375
35990
18828
1356
70749
87564
32287
9202
14701
93286
890
14178
33253
48138
56841
29413
88441
44601
51136
58069
50221
81926
62830
82499
44058
54188
36248
12416
1927
36450
9671
9786
34299
2241
39002
63581
69848
12145
72228
33171
97225
84240
91707
31391
19570
7187
92645
33950
12509
2146
9999
46563
91438
19992
66036
89057
67563
5006
29098
81859
57904
22378
41226
78216
23638
15566
31214
9317
52792
10514
96386
77782
78059
20620
94419
3509
30628
81227
32680
71529
95905
37549
7958
62448
71942
76943
5158
43096
20653
16002
15982
31521
45630
20423
68805
66562
54748
28716
29149
66543
23877
49638
83222
47065
68109
57806
27778
51919
1828
48591
65443
23768
91313
47988
3250
91879
13933
30402
56271
44202
44584
19029
80428
4652
61126
96860
45436
62923
62268
9996
25805
43007
55165
17164
85915
12261
65231
19675
95712
58740
13630
6876
51805
35697
94533
28208
37772
87263
51337
41276
58689
82810
26534
55366
39844
15334
94034
83048
55804
12665
24174
62208
21569
738
14345
27257
29221
24399
66574
72104
26038
15763
52447
20165
42691
33510
7884
7844
78597
12385
96992
25506
60079
69074
70014
54792
26846
21607
91519
82672
55974
88761
63693
30461
794
77464
7521
25860
72801
40905
1035
37789
60318
32234
48786
2012
57499
56416
49256
21883
56691
30809
89635
77299
57690
83402
36264
69193
60034
13697
15233
69683
60463
60001
72219
41560
75879
21157
39676
18200
284
94216
91744
55064
20505
56529
53663
66838
57621
19576
35260
63679
22667
61471
8676
50685
49367
11635
4794
7429
62729
78954
8067
26400
90273
21621
30382
97010
22722
56645
74614
57306
96283
20448
66216
81321
89566
20676
37145
47132
95735
55761
19097
35573
75036
65498
12792
30098
97517
32852
57103
44915
17720
1340
47291
65748
50128
49672
28600
95074
79670
66458
66590
32618
23999
70229
84378
89379
72938
82687
71933
60553
12763
67907
70758
65376
18528
12058
81133
4327
28305
36484
55557
28245
48890
90393
50383
47050
42978
97217
28919
28253
66469
14481
15752
82606
39507
51
16453
4358
27175
91516
61847
81846
96401
6991
47892
65708
46638
36787
52272
16788
50125
77443
37433
80645
49392
87537
16042
95697
78354
74395
14845
60029
90757
90119
30712
35894
69949
28878
61986
97358
673
74197
42868
77060
20039
81723
53912
17396
43111
44708
93843
60536
90526
39169
25125
43347
33476
74083
5114
49484
56376
9041
6158
59917
69003
9216
54247
39968
71994
98051
14138
31497
63570
263
45608
29353
96310
72469
50055
52734
63358
25462
4522
95097
47428
86733
35086
34497
69045
73865
17940
97997
94138
21798
72967
59561
63366
2329
64713
14903
71827
56983
46250
20652
55107
56842
46746
53280
55587
36302
91943
56941
55341
23039
41006
400
64162
91209
43046
42229
31887
22188
31181
37281
43674
36925
18085
40536
31313
11881
68649
50299
59264
70781
66907
750
81721
27255
77556
31480
9989
7491
7598
36388
68198
83685
72717
26820
16547
45797
26297
70973
86103
31502
54680
44362
50291
6821
76570
79225
36749
72488
31927
38489
87282
92088
49451
29955
41491
11336
73647
50609
59336
79596
29023
87331
95928
75427
28687
80081
27451
22670
8230
32485
15247
94778
60045
28676
3532
83290
39421
85676
84787
69387
16820
31131
30306
87543
62904
58090
38763
4644
36206
47361
51761
87648
52266
56247
55706
38982
79469
55252
15295
60354
52847
97251
63895
8898
45581
64514
12582
30929
33351
66877
75415
62388
74125
63325
53835
92264
45075
15021
79123
80990
89098
38318
36593
41847
59066
16525
14564
5761
52325
83336
12896
72642
37376
6853
59116
19504
71536
28936
3398
3552
74152
75961
41217
28043
95884
19095
76644
90414
8141
41664
60626
29359
82260
52479
55952
92598
16043
21301
20860
84659
86698
78040
47034
6702
21800
38263
12589
75059
18970
96979
42358
83061
19882
76126
96295
46289
27861
19205
46792
38608
54125
16760
65667
22325
8536
51447
50824
98223
50577
40625
43146
43955
72454
38214
85868
22454
85230
78746
13596
10203
1109
42778
85032
81907
31591
50132
88045
7406
41551
83404
13117
33123
9513
19069
12404
4946
94064
2177
67307
82285
20497
69855
38521
70447
93079
31983
31340
28328
57297
1485
27715
22259
33275
15614
52086
53563
82890
51999
17391
8996
61648
15262
70158
59944
11606
35609
80819
90953
8872
84677
6384
89155
12567
91866
52051
74665
35732
33131
77628
95816
58735
52433
68050
74377
62891
9756
51481
86603
30841
18706
69425
66088
76675
91710
60493
1997
26156
44809
46986
79535
71163
58337
47804
69228
77189
25202
33985
35615
33681
81146
52323
79098
74114
47718
41907
27482
17260
96409
4302
83579
47816
33758
56863
59930
85076
8977
58580
65004
25373
87116
95702
91083
17754
64896
53294
91452
25054
57275
15725
73209
23392
81938
5977
57822
52948
18801
293
58833
98008
19892
29692
93872
58953
70056
15855
55757
68679
64436
7586
59611
84615
67002
92024
4577
4886
24831
40850
58767
80979
72632
19817
40417
43546
75372
16661
81666
22890
56556
30621
21935
4113
48855
57502
84129
30499
55488
87293
83031
58816
21551
24382
29651
35124
36406
21464
33857
70342
97576
88453
65654
85917
82510
23640
31290
44494
49292
17273
52802
65922
81875
9937
41296
52010
87443
7297
67459
17482
32386
27479
95650
47949
66144
68429
87521
58151
61550
73026
24674
7651
23382
6970
48832
94017
47163
14616
2276
75835
77799
41932
75196
86886
23185
55240
25699
57116
97135
76578
50168
18742
94711
42610
93600
83275
28210
50603
12683
55717
61357
16305
58534
52588
6492
10760
77481
49843
1517
63970
63027
32120
45144
23140
19736
66109
27500
23922
94399
55498
82963
58829
52227
62265
31933
54954
39770
78692
94612
70090
52171
94634
59875
88299
25473
23598
23145
91565
74998
97785
90544
78568
57843
23152
63708
54667
37338
35879
73056
60856
71694
54124
10310
28559
48243
76579
39394
31478
25552
34670
29850
72770
41017
91841
3222
8077
44973
12944
27915
92300
52692
36151
51664
83539
51996
6104
6253
10052
53930
7133
67289
59923
24424
3346
70464
84976
19933
28777
80971
69000
29205
56234
29437
66132
25503
1628
70832
82846
6332
74567
12021
30906
44222
47183
3999
30551
56914
79448
83064
42767
80478
71697
6137
36180
70066
97018
37494
76591
22923
97635
71473
70246
20014
88532
14486
48668
3305
4214
85392
98213
54642
90183
31266
65111
4569
95892
26855
82401
525
39127
24157
37659
93730
11304
79748
92918
63268
52328
14438
76172
56932
80128
72364
41286
48981
79324
16499
55432
93042
34895
65859
24028
18116
41950
58536
44787
18701
19283
49908
45294
81942
92565
23265
7888
68705
33455
19279
37905
95889
88879
26128
84248
61140
61137
8510
65105
71576
12458
89985
46719
50057
72101
44524
60898
91038
59600
71493
70726
1650
30954
58319
85072
19245
80268
97436
69494
20277
97618
52701
90387
44066
28133
64134
43450
43155
51038
94868
56497
11462
21316
34698
14855
3846
49712
39537
69091
62976
3338
38115
58890
5950
59149
90981
21286
47546
66802
28628
59835
40406
632
31394
35985
77407
8556
85021
51258
29281
28611
90103
22084
71469
52285
86291
29874
73715
78213
96433
78529
21869
90736
18494
43163
58799
65221
18905
63565
73282
62175
39316
64649
49807
97535
54941
9301
61174
64336
38096
88815
32363
12340
68555
54318
12917
92029
82423
19455
62648
90290
76359
48728
2953
66247
26619
757
38289
15407
20855
28663
37977
92185
7247
14807
9234
69073
49562
64818
118
15685
34505
75168
85104
12981
56956
64352
73249
9152
47557
47512
759
9978
44087
68913
82572
37312
83840
74246
13209
78769
85367
88828
19007
58615
63608
55456
23824
26973
84596
93676
26108
73401
78204
55539
86309
36491
43808
36745
73062
63010
23476
14475
60581
18864
85310
54400
74250
36324
18178
66053
3965
36000
29438
26853
50110
82324
50999
81050
75164
8833
40887
20704
46474
86180
70180
9409
47250
49118
9959
91770
44987
51266
12272
33521
82040
4846
330
81529
27994
51927
25534
32466
56164
75916
90952
28683
30188
39113
52265
10327
54175
22874
16923
47046
3839
97624
60551
77436
30206
24059
1730
87418
59120
43717
34540
17583
8817
8712
75344
32170
2620
9684
4552
18238
51531
61734
32488
18079
59468
70657
24285
21270
9555
94128
2688
4350
45817
34588
60277
16273
28780
9536
4268
10290
38182
61103
58430
15846
58186
55593
62892
32117
48801
90186
8037
32555
72984
47569
64136
37075
98202
36230
14086
25135
5482
86548
66156
79821
70801
61445
15827
53858
61255
95178
55337
25489
40108
89269
47654
57249
414
22340
43139
9779
76261
86501
80677
73576
8136
12878
36955
21530
66181
50224
71538
92778
63583
25048
86996
79185
43726
66431
13839
84051
57106
29472
57075
75172
75732
47931
61475
33871
59382
6946
5814
90521
56756
92544
72749
94759
15883
51451
21268
69506
57374
68285
98292
19041
15439
59811
90059
93114
11671
39266
33359
26512
89108
35021
23201
94950
52373
8751
21089
96206
15023
68129
10301
94475
82244
11164
40666
73856
90481
64797
4660
81081
66622
33949
52829
31957
28023
94244
85253
73342
11086
12107
80336
24544
80901
29118
78480
73599
42003
2016
7361
22500
19484
45057
95180
94558
22405
71902
44681
57705
43941
26809
97327
68410
2206
30331
61332
33773
54914
766
68768
73186
66196
69946
48543
61670
42824
42324
33080
16069
52681
93488
12008
47266
16317
63183
60094
44305
3075
40050
15350
36895
70487
32876
76625
52273
56964
62851
68212
36408
35239
53463
4438
63151
96652
42798
61735
63477
17113
88337
23275
44557
43849
37684
31754
9073
46191
78359
66911
37156
71929
9810
30815
82670
74958
63873
69845
65927
93845
85023
44078
80671
21602
6656
63060
67242
15658
97519
65699
95593
27971
39144
76651
64772
76288
18107
23742
50535
52492
79929
11924
28660
15032
56138
22897
98058
90666
10580
21614
53527
39102
52728
57063
20766
89283
34758
72691
73560
67387
9762
13244
86959
7455
50219
2334
29855
28140
96360
41896
15518
74745
93761
96468
24659
32739
70568
27712
82305
72684
54516
15481
43087
3789
76554
91449
75728
68473
93824
56644
37974
59444
62293
19278
54000
27645
5784
54848
67720
11144
1213
35639
10507
802
62994
83565
33185
56695
53894
93838
95316
11147
56430
49649
8421
29190
53852
34564
76046
43001
16397
24481
53324
91201
25600
2231
66959
25302
43427
16254
97648
94607
98131
66116
2422
63471
40199
93411
47219
19552
75183
95851
3096
69317
76390
52150
69283
82252
78296
77175
44218
19755
83997
40535
65131
3202
56281
42032
20008
62446
78206
85362
35025
76655
10977
18269
7301
65920
31532
18549
95795
67122
53181
76024
52898
1080
96430
14448
63548
90267
20984
14089
54004
42581
41542
50503
81489
72397
20924
69260
35997
128
20221
82608
65571
9101
53781
14759
62950
87866
70082
35628
51747
82685
29078
27523
68817
63602
50679
72367
71597
60162
83132
58599
88625
78176
89876
42332
36047
37922
57825
31946
16428
35097
82162
23938
42158
66386
91846
72529
79747
28138
91330
94892
31545
16538
46368
68995
88994
5070
37676
33021
17622
77594
18702
32741
26560
27330
45256
85933
51542
73598
67299
85346
69662
91824
87170
74382
83331
77878
59623
39300
68871
58532
84462
1981
11087
26782
4176
88293
77997
1044
82849
21478
46735
8602
49660
89845
23103
97434
73661
92008
51785
66623
20376
60444
89186
96159
81375
79058
12010
75760
18574
30050
49221
47620
54015
55373
76428
61209
80263
4353
57891
35029
69705
30317
75563
35828
97841
35891
30646
1287
18421
60997
16280
77231
34065
63498
3722
40814
54603
93558
55389
527
52268
12054
39832
19721
32951
16832
66213
54178
51014
30511
77798
41388
55992
91926
74621
76680
81027
57738
7008
79316
91484
24049
5143
11020
68183
8899
57539
67298
28550
17606
3666
97475
21597
11309
11024
58440
57022
80682
83612
50969
22225
30126
69276
66508
24083
35425
51862
90030
81647
16606
15347
90550
63309
2719
73341
65276
63045
3544
53805
61115
23180
58344
18071
48526
1052
28720
59303
91699
25441
6596
28740
28882
32709
22631
15080
36184
53383
65482
97938
29501
94906
92653
66251
18507
96543
56884
30440
23344
12055
35655
75997
58317
93197
32411
43217
59145
16454
50042
35725
26140
94527
92607
5033
21893
44891
79877
50644
2673
39122
95171
89502
92896
48371
34173
98130
30220
79116
38648
44248
94940
85123
55249
48741
71010
83989
92147
61917
85174
70253
75194
86860
53156
5368
71182
38308
69077
81631
20372
66119
40502
76487
97020
18588
53058
2598
27582
71097
24792
70375
87339
3234
58479
83966
68788
68284
28276
87198
49884
28503
83777
13284
7595
26712
21967
54910
74466
58410
14721
46629
9508
78909
37767
67950
18290
25311
43003
19838
77912
64186
21071
53913
42843
1394
10107
80168
23409
11390
47135
83381
96446
11554
25502
23484
43582
44477
31725
17201
51331
13343
58468
79468
77643
52962
57870
46014
65709
53921
36014
54704
47761
9195
25667
34134
81946
81181
54803
66582
987
83736
75641
30859
15606
56140
85012
44814
24811
96625
36412
26171
13424
14737
44764
70468
94223
11965
71993
12049
51416
15863
78167
3534
90506
2306
98169
14268
53842
40953
84963
56460
82426
78347
78799
73910
49487
83148
41124
49955
44635
94590
22136
48033
93982
82808
91136
16865
81861
5444
82892
77150
30642
46639
86503
4110
60046
21400
3720
7056
70196
10975
77168
52179
15931
9154
22840
16399
6512
32837
61197
2395
56253
98250
37095
88688
87299
67300
10633
34140
60699
52761
51865
79760
83109
79820
13617
47035
24709
20804
24401
53745
43410
77260
89375
89818
12949
5349
30142
8999
30776
39009
74086
28585
18629
46968
51442
92347
33216
86654
59113
28979
5707
44805
25207
59158
23354
81881
38261
39450
75480
55919
64229
24178
60627
34529
63598
37289
90874
47364
60982
41082
89531
58941
88568
13391
41854
40146
78989
90845
62447
61179
71686
62474
59184
91845
6712
92114
11765
12639
29340
74038
63220
16292
75839
84435
70400
38356
67035
88995
81863
61015
19773
25661
83240
71298
62644
68737
90593
18171
89257
87054
50335
47564
50759
54359
84953
3794
77851
82925
33820
24817
86255
64184
11223
91429
79692
2960
81999
74667
33614
61724
28351
9403
88188
33716
70589
8494
79578
57143
18981
59380
39800
63399
22508
40123
28027
12156
45165
35892
11756
60599
16947
196
80739
36260
26762
26679
39276
26814
42861
28014
24245
41395
72721
50778
79261
79656
46549
19525
73832
30941
42833
11945
48113
8344
85767
20478
63301
55641
70188
50330
66687
46303
30040
62276
61399
98195
4325
40937
28912
8828
28446
44286
93554
26784
73517
71081
22185
68552
45293
60053
92660
74506
48237
63137
35431
47906
70426
76458
51128
44498
92136
30645
64987
35712
88070
47164
94954
22247
63008
71897
83577
27355
89796
28182
37753
19782
64378
53174
27321
28170
5701
84062
90078
45671
5293
1780
24358
33008
43678
80950
25548
46235
29354
26666
85582
60437
26429
66413
95300
8740
70722
71506
14731
93767
14491
53466
6844
49725
21719
72057
87024
88419
85576
3623
20050
71917
60560
80471
8617
53041
69757
60783
32964
10729
3576
23567
25299
25213
37069
73921
58212
74058
32500
11549
55907
37982
34602
27512
21972
10118
96373
39482
36039
84730
89467
8046
53097
54557
37421
76956
34677
97101
36512
94832
2745
61195
96150
49736
29608
67960
49107
57307
86227
88010
24855
28751
34200
88115
85722
88108
95003
95375
73138
35980
53330
18836
88947
77988
70149
27472
78357
86635
751
3826
68442
48857
60352
69093
42566
95
43785
14915
40853
60470
2868
59020
47217
47522
43050
61845
91048
16041
65490
54934
18802
72800
50404
26293
54473
77430
2703
54471
33386
9642
4398
89448
42437
96545
5261
12511
8160
25487
24270
44015
44036
87298
34000
23142
29123
43719
68190
8278
72618
92240
96556
80729
62241
274
35514
36710
2097
50695
74076
15981
56850
69124
83733
19605
74748
95199
271
44598
89663
57378
39966
60156
4351
38607
39668
56096
59837
21512
27618
89692
80173
21346
19169
17915
95457
10237
23630
8672
66341
42624
18758
85733
47849
60240
17251
83407
42400
97813
34541
58281
95226
36258
90693
40443
61132
65564
16204
68062
87000
57246
52853
68701
55976
60381
87361
65879
80249
17165
22313
66228
6836
15458
62832
43749
86360
75026
65303
33487
40011
43464
