13042
5866
31122
35971
3167
18832
9180
33631
28045
13526
27099
27406
25338
16902
24045
38875
24519
11858
7448
34267
36612
30778
37423
16905
31319
6656
16974
29729
1249
13117
26914
29714
3135
7304
12888
20943
1205
32710
2593
5997
9266
30484
12326
39508
37431
6802
18731
36630
40669
5777
34893
23304
37904
15607
26763
24159
38067
11811
25817
30602
31998
24393
38342
24
25068
27360
34343
5704
4000
8252
10407
21652
20426
33892
32601
19859
14435
25006
34980
11534
30870
1923
3806
28236
34461
8413
10106
667
17193
34611
38111
6998
22289
9478
20369
24051
12938
24418
21232
1599
4699
27576
9778
27877
25357
6509
9659
17276
15193
35691
26280
1133
16276
12473
22011
33708
4411
10188
38046
39484
22554
23596
6751
6550
24997
35874
14581
29027
36083
33090
13606
35320
13071
23478
2518
27913
24833
17553
26596
13910
33362
39111
17251
5607
18005
18811
4374
11544
26743
8302
39596
28124
33682
11358
38197
13720
35157
21974
38083
685
19689
20665
1420
39726
23754
26031
25465
35260
32557
31807
29636
5112
5396
9807
40766
33792
11136
20442
26595
31499
983
33944
33809
19860
31959
14560
36341
31474
38035
2822
9485
38414
39708
25235
38452
24714
40851
10074
22222
4519
16687
36933
16886
19455
13580
827
40738
5319
10986
2978
40831
21698
37665
7747
30849
3831
28919
12616
30362
25936
35798
25922
2630
17712
15815
28666
38838
20637
8873
31363
5530
36437
39116
31171
38297
29672
25654
24487
2141
2048
2975
13938
24448
4812
8571
17656
28550
39535
26902
3222
28960
13281
8320
28122
27457
7189
18109
39709
6264
14035
28871
39300
27289
28402
33947
38556
6847
6928
10885
24740
26199
3844
19298
11374
32486
31423
12961
35993
4162
30540
19672
38370
29188
2922
32208
12518
20986
14244
26315
14226
17948
9505
32625
25472
8415
38948
4306
12290
10724
15887
5642
1651
12126
5015
9948
30890
38884
22870
19501
32368
19464
10781
38615
15996
613
40505
22994
6738
18498
39974
32740
40615
16005
20201
14688
21927
29834
15560
5934
8606
22613
17258
37451
27505
27743
20276
35647
18537
13275
27361
38809
32751
19245
19549
40432
12602
4681
2988
12457
25719
6
3263
8774
17390
15378
30056
9688
36269
14883
33677
36014
12291
30033
21767
33179
197
12569
20384
28741
10118
31671
22296
16521
27385
24352
29615
13392
16928
29617
37642
18898
3816
14720
31230
4943
3323
35060
6297
12824
38226
40707
23090
2582
13529
9514
22896
35587
13624
13888
4400
17534
10102
11257
8190
32945
33577
34805
32855
27370
17470
38268
26637
18776
16766
10502
30400
35833
15094
823
20219
26833
14429
23346
9344
14891
39237
3874
39544
29197
8357
39345
36173
502
8401
26559
32677
35052
16915
9665
24589
32889
23353
32033
32398
34571
36324
29821
39984
993
1919
10882
18810
7712
21861
6268
24244
5980
37769
7265
30847
32807
34293
20566
11315
19613
31538
2478
38557
32621
11426
18419
12969
26537
3594
1841
11043
28685
27079
15893
28227
24102
20966
33357
39903
27175
36051
40065
20285
12736
18888
3599
8652
33652
38560
38695
16466
23287
20657
28957
901
1894
16285
34700
5795
26470
4333
14382
31735
26986
14139
35793
27232
40637
3929
32423
27805
23362
29055
39675
21671
18592
21205
36350
29733
28534
31349
9411
14401
17956
11021
16215
11506
621
5223
15737
23561
15576
1338
35434
38530
33594
23509
28835
1665
4217
38
16186
34946
28738
40639
39727
25048
31283
29768
19139
25145
4898
39674
15537
30725
6522
12622
38665
15124
18322
4407
18923
19660
23984
14282
2038
23961
19699
14469
39147
31881
9295
5744
36672
30048
23701
36329
26018
6899
24973
55
9534
2928
34668
30215
40230
5732
17776
23326
5370
1260
3688
18544
27334
5830
11386
6783
9082
995
34168
38162
9581
22683
12297
35490
18760
23735
25190
15564
35196
39648
18886
15920
11111
19733
18913
29790
39368
14042
29933
29949
18140
2572
19332
9099
23784
13721
35718
10577
2041
3458
8023
4537
11514
25827
38535
2200
7965
31042
711
12105
17830
38256
14635
33836
24196
22337
36114
23738
871
31823
4425
10692
16085
38385
25022
37452
31859
19668
35099
31939
23036
3008
9340
1930
13435
12582
465
16129
36003
15823
28048
23786
4449
7504
20425
19439
40771
28991
36679
1017
7671
5713
10700
35590
7820
15803
26283
1671
21703
8328
26021
19510
17192
7775
36115
19398
31276
17749
2992
34651
14922
5916
32725
26427
3565
16656
35349
18384
1264
23789
2511
9166
34453
3182
15609
11648
31902
421
31915
26338
37254
18719
9416
30804
12469
6282
12978
17727
21972
34907
30893
31420
17084
24546
30339
3926
25533
35736
7302
6796
953
758
3936
12722
35462
12097
17718
3738
27328
37133
2757
31432
9251
11901
38225
4521
22546
22413
35087
20766
28740
25663
39569
31579
32704
29354
21164
14451
6823
28889
25150
38309
19573
29217
5444
32481
27747
26020
8212
24389
25680
40743
30450
12184
2143
26289
28688
19124
38463
34753
3367
17296
33505
15452
37172
2856
10163
25442
38118
10607
36952
32115
7964
10191
11954
314
26940
39668
23102
7838
38659
27920
19982
25809
24657
20913
37345
2732
13892
34074
710
17541
28298
31856
3001
28032
19936
16727
13561
2359
17937
28295
38236
939
15506
11446
28930
24437
18855
22397
17726
14825
21523
14344
9454
3609
40055
14193
24183
8655
32076
35421
19588
16570
5398
16638
34500
18280
21120
27715
2785
14639
38920
26357
13123
11296
14848
29990
29792
4548
25201
18599
24788
37157
36489
33005
19602
9123
33797
6045
513
18796
39805
9126
19558
31145
40128
38196
9865
28659
10422
24149
16
24210
9918
14092
14917
27767
38352
38655
17274
40047
7094
4274
38441
37031
12145
40064
5915
33448
7213
22213
4039
15091
16930
7145
3176
17378
39318
2971
31379
2919
11306
3925
20216
34510
4377
40492
18040
30917
5263
5531
28308
29184
26997
18242
28500
32042
27753
1536
33042
18611
12845
17999
34779
21584
7481
28616
7112
16852
4923
34472
1042
21453
5183
1967
20917
22821
23521
36928
23579
21084
38538
30820
8868
4571
2738
11485
21022
7618
6226
1963
14303
38085
16017
38274
20543
39703
10902
16197
29466
21110
36193
9202
23109
15669
10125
15946
37314
31676
4386
33518
15556
24641
32186
14611
17495
16338
8264
13570
40533
38813
27491
8251
9802
15187
40622
6975
7365
32411
33835
29782
2931
20235
7918
2490
6526
28014
22422
37494
23645
2736
31704
10370
27437
33364
38353
11501
13151
36968
35873
28965
22888
31013
24540
36264
12438
9894
654
34745
30537
12191
30907
31109
26962
9530
33917
3185
10096
11127
12028
15687
31353
38555
25662
12755
10316
40267
22024
23994
3584
18133
3467
34925
29788
25878
18588
36241
13355
13201
12943
32447
5053
28660
23389
853
2828
7580
24682
6184
1013
17104
8021
7751
6571
30368
32478
18398
7725
40321
29481
14432
13695
20617
7756
17452
31932
22480
2866
468
34040
17864
37683
5627
16789
23746
10629
27634
3091
33719
15480
12910
18168
35158
6682
2503
22943
24323
27517
8161
30353
16678
19905
36973
5420
40148
5383
34146
7854
4663
1880
28642
1100
28426
9364
18049
25668
39266
31118
40286
15063
37977
34959
2654
5947
7813
36783
34420
35946
12443
12695
22267
24651
36601
16452
26440
21629
20307
12752
25855
5106
12934
40806
27842
39513
10411
16922
35364
31950
1560
17074
28303
7085
11695
12580
26749
36839
36293
34183
24113
19105
33851
29117
25016
8429
10358
12286
13939
5588
11931
9293
2345
22904
40107
30997
33634
28089
31074
3641
15287
27
6606
196
12900
3744
15366
11512
6424
1933
6889
6209
11337
34605
4396
16383
28787
14689
36089
10833
8394
3214
25881
26013
11048
32832
9119
30759
34452
17318
33931
7477
23917
9753
32954
13055
6483
19489
36567
37195
33655
24958
33080
17291
39099
25164
26972
17284
15454
23838
16349
7519
11202
31466
231
8567
15593
24965
26760
40633
14403
11007
5165
36847
31404
13110
9541
40698
3552
27917
8270
4822
10470
25042
19337
33636
27462
31675
25532
4931
25314
35931
8336
25954
7720
26954
18979
21286
32345
4202
38518
13314
20319
22432
21063
20514
36707
33834
21122
37103
34010
29314
36253
31721
30079
33659
15125
17646
10252
24414
26176
10325
15520
609
39728
17842
13709
25376
23565
19461
11095
7875
40335
7330
14856
23453
12482
9791
17300
37861
27225
22895
3466
16418
5342
25167
38347
4974
34234
15653
2791
15826
12815
32491
35894
21517
19178
39323
9000
5421
38498
21897
3153
21564
9031
24616
30580
2755
31333
876
37414
35301
11097
6915
28153
20836
36655
37211
17907
29453
6782
14900
9594
26979
4408
28231
34555
12512
20082
26137
38879
25268
17287
18009
5233
2481
38110
28987
24397
2590
22669
24609
21790
12288
29757
10320
18870
18563
31880
15153
19151
5612
8036
20264
40643
10777
13487
36528
22956
12321
23162
21794
10388
10181
26841
35430
27796
13278
33977
29057
2168
25996
25513
6502
20895
5569
13385
35989
31314
574
33899
7585
34006
774
16318
10037
35510
1525
32130
7787
14412
24664
21109
4510
32664
2542
30627
18914
15585
19633
40710
572
34882
31631
2837
14472
40359
29533
12344
34020
33724
6225
6575
12798
31695
27270
5724
32859
11157
36654
31920
35885
37745
37041
7256
3841
14562
18503
11316
2749
35947
19466
11046
13227
6905
16552
37256
5678
6602
32922
21312
28681
17346
34741
4855
12644
17926
35650
38554
36084
22947
5953
40376
3119
15356
740
18966
9873
17697
20068
5857
10587
15540
33971
30676
31980
1072
27239
6032
25868
27872
13867
30738
15809
11521
27835
2588
31180
3772
5559
6729
19294
19544
9387
27878
35680
25721
39408
45
5108
30277
18015
34082
29383
11452
24246
5637
11851
27611
40126
16330
6484
2310
26667
9692
20458
11121
11882
23957
24768
24109
40582
40362
34467
8766
7505
22542
19438
6238
25466
8087
39192
14851
11601
39698
23286
21853
17442
17201
18149
12090
653
4182
1233
30078
37925
40440
33028
12409
20949
18430
3030
26773
19669
36100
23447
14441
33727
18656
39915
38837
9415
34193
18217
13479
27429
35879
2250
7169
23297
34511
27961
23577
22933
27097
23779
23710
3328
23532
3817
14388
25746
16176
24893
10093
33152
24395
23632
25547
25361
6534
14380
31092
3311
28336
18054
18016
16378
28974
34591
29234
19361
30839
14924
20192
8612
649
26087
17529
3871
40221
27132
17443
4345
16289
4028
8968
8984
26525
27690
36248
22501
11291
32206
19773
11412
12513
6976
6675
10280
17623
39003
22037
21519
15594
22245
2881
8045
25522
13468
31779
11483
432
36183
9455
1855
28360
26070
34609
22138
20806
37735
34100
32851
38509
15337
5349
1481
25897
38478
3228
9193
17357
6845
39492
39296
9489
539
9796
1891
32426
7609
36500
15357
9943
11411
29719
24345
40811
7249
15240
814
35898
31021
39255
13302
704
31495
14814
12148
27368
38982
27561
26030
19535
4654
7610
7113
34416
24889
29565
35698
40407
341
1395
34498
40249
933
2742
27027
9572
2620
2076
31872
7140
32215
30456
28621
18086
33311
15238
3144
35945
17817
25606
14478
5778
29986
34961
24726
6373
35246
14036
21471
9394
14439
1740
1251
93
27999
18678
40713
35794
16681
14887
1360
2491
18578
6421
12440
23548
34066
34096
35790
479
4388
26606
29092
13280
9233
29165
27091
37083
25171
32590
14016
38123
5738
24048
26446
27168
10798
2817
3697
32804
20578
3492
33303
30367
6514
15590
25276
1668
34034
26758
4338
30407
36334
32184
37399
8263
20268
14715
38174
13093
17486
23316
1482
20282
21956
30525
38649
2632
33561
29277
36677
22136
26696
19517
10113
22062
30581
16331
31719
370
7544
35209
8349
19499
7801
9023
39316
16850
37952
18668
35544
25372
33725
17872
30857
28362
39354
3696
24155
21859
33676
14651
24461
24086
26855
34390
31817
1480
16167
38237
33313
32351
26689
10971
36953
67
3028
1769
31992
33129
31052
13097
20435
1398
8997
6229
39501
1939
4825
1483
20100
19284
39593
1624
8940
2772
15215
30934
8932
34481
29364
29883
30567
30852
88
20649
4147
34941
37361
1810
26281
39923
37787
29264
27236
8854
38526
5068
19623
386
28130
14207
28384
24602
31038
11391
17967
18287
12141
26922
24977
7859
21831
22671
4939
27661
29309
19646
30293
30642
12590
22674
6046
37992
4291
26385
19219
23662
16775
26958
5038
14794
18677
26960
38041
3424
27095
37137
24953
4686
9639
28241
17885
13466
24062
9010
11568
8615
35198
12130
38071
15852
27627
30643
32112
12475
5243
39933
24147
17574
157
35700
1633
37865
31759
9468
40396
29320
40133
20774
19770
4887
18853
36121
5537
491
9736
12826
5687
3895
4594
4259
4744
29358
32326
31214
16370
29115
26870
14156
33264
30311
5860
6473
5854
36415
7023
21162
25445
30636
4506
31729
11530
7311
1067
9662
40770
34169
15413
10596
24742
35217
35610
8720
29265
25233
3337
11154
32093
18435
29847
26906
40094
33997
37634
11416
19146
28271
8198
36862
38127
1281
9946
3533
16133
17629
2847
37605
27752
14100
12527
26994
9386
11169
5873
24899
2111
30436
35379
31088
22156
33580
30800
27592
16088
8784
27989
5483
6732
36136
30503
14445
38868
1584
6692
19006
40741
36363
38179
25860
17333
36383
37334
24996
15158
16980
40841
33739
6658
25140
34947
14118
28206
28064
39686
20026
37463
15710
8886
17001
35589
40103
6807
17965
1127
538
20733
15445
15872
10099
24458
16705
6296
5003
38141
14196
19618
2133
21087
6922
3784
14693
18733
18981
15686
15795
33025
816
37335
11995
36315
5229
1904
39425
34211
26933
26488
15180
36718
34485
31391
5285
16470
17866
34509
17373
2789
10653
33966
22068
35553
3583
21310
26626
2642
9801
36888
5722
11743
23272
31446
28123
6941
9811
7163
7984
27058
10661
40296
3723
11051
14157
33051
34671
21073
28818
22880
21181
28946
24924
40579
25318
19943
7874
2583
36762
16485
2005
29157
12484
6387
17796
10512
2169
33625
5157
10666
1330
33401
12754
521
13014
31161
17635
23556
13715
30044
33300
36002
33248
35634
26578
26574
29425
4496
7536
5897
12534
11355
20829
38637
12162
11083
26506
28920
7695
31692
15126
36869
34460
25413
19622
39066
10180
18955
1699
11967
16739
11947
33734
30723
4586
22621
10287
20688
13445
6730
25946
25303
23617
16332
227
39705
8093
33365
14850
24914
10005
4466
35299
17716
35655
26555
5709
9424
95
12493
16505
18722
789
18625
879
11950
32674
4764
10990
35000
12451
40346
14399
14161
16351
6994
1603
29439
25749
7444
37822
31686
6695
7072
7405
15588
40780
4651
24409
17386
2157
10598
28182
6859
7779
16334
39340
1899
28937
23021
1743
22734
32262
22576
29246
3138
15563
39920
30916
27016
30471
36855
28767
37922
23323
18714
18834
22142
32272
38346
28050
10541
18261
3889
27653
15404
18533
35594
32232
10010
6236
34590
30940
14783
36127
23201
14975
2325
27948
30202
29995
20941
30898
35613
38263
26633
22436
12725
34396
5580
3649
31481
20174
3369
400
16927
11492
28838
36837
39689
15922
25630
39514
35314
17685
7398
25066
1308
16069
37225
28690
37171
24890
39591
26747
25841
13090
31791
8054
239
38404
20352
1635
37965
13628
3981
2256
24503
40238
13767
26845
6964
4715
17975
15859
32903
16142
16753
22065
2741
19224
34736
19880
34223
7903
2172
6213
25327
40769
9897
12977
34053
13752
35325
2171
19704
25853
32915
13202
11522
14209
8987
40294
35398
391
5730
9290
33388
26019
16166
1857
149
39811
31033
28504
16563
1934
18848
39034
8483
22184
13511
3386
10712
33234
34848
34230
35377
1084
23993
9845
30596
26989
17090
31030
29263
4023
10300
1234
30970
40178
28314
23194
24069
17598
27840
16911
13948
26132
36357
24560
9680
4902
31570
22026
17427
5244
19547
4785
19649
7603
28266
20715
12251
15789
35167
22372
33524
11068
23793
36162
20475
3740
14231
16253
18052
22651
27622
23044
14538
20449
2607
33528
6468
4164
17901
12946
29361
1879
32175
33155
14363
7700
2499
1557
9187
36215
35542
34126
26276
2912
11153
10337
7200
6930
11916
14027
16515
18645
3436
26670
286
29009
525
36828
28416
7760
35041
3601
32518
12704
7168
32675
8176
31133
26156
7238
17570
13518
7271
31373
37576
16816
15902
27820
30053
31737
11846
16531
14228
12921
24169
5231
29841
13620
11980
14098
28886
11517
18302
4446
1673
34681
11034
12058
6634
25210
8754
22265
11644
27801
38126
1180
9444
28357
24077
8123
6499
16609
20396
26273
14409
15509
16691
12740
483
7967
29231
3500
34338
7248
3098
9887
32597
1085
24584
34869
4326
275
30952
16951
1863
8718
25894
23822
26865
32393
37571
27349
19734
22391
18073
28866
9832
13232
40507
12347
2019
15221
27754
25926
24248
32464
4312
5247
24135
32578
20591
32960
32708
10619
6212
38354
8083
21437
21745
30092
15689
38427
11708
24992
4203
1231
636
26903
7853
16590
36702
17518
24158
38375
12623
2258
30445
11077
4934
10504
10403
17619
21191
7564
19940
15539
14815
17935
24072
31955
32499
15694
39239
13554
2994
21574
606
19295
39271
2569
19321
37161
11979
7538
40381
36417
21632
32458
13446
29694
14919
29914
25019
33316
22699
22987
33222
17250
16648
15868
28585
17431
26017
33494
27988
20446
9607
4363
19702
31182
21248
18967
15421
14067
11840
1271
25399
34757
22859
25484
16711
34225
37205
38063
1937
33435
28011
22329
8902
30999
15858
2245
35148
12014
28004
5849
14318
30876
38189
16431
1073
20044
13228
5584
21127
20520
26204
14928
22148
13604
10892
3090
12242
29697
7824
6000
14638
7259
35812
3461
11732
15155
15112
28219
11705
28322
36978
34310
35282
39988
16012
26186
7572
4043
19954
36780
37223
32312
25373
23282
30806
17472
12863
2480
3778
29707
1817
10391
32789
14940
2801
7416
2404
18062
31878
36678
13142
34786
27171
2449
13018
11186
33745
34022
317
8530
39091
8275
30949
40063
28785
4280
36909
3605
1876
22623
13418
35750
14495
28043
36422
30265
21954
5166
32074
7715
16247
7753
19148
4959
22419
22137
36860
34361
13162
19968
13220
31327
17166
4778
29017
18504
34532
21484
8574
33559
19104
27098
23332
11453
26516
1642
24336
32818
3972
4144
1978
17602
13872
30325
8213
39633
16259
23795
5894
31312
19189
1303
17322
6669
20232
31220
38969
21596
4912
10887
22729
31031
28306
10155
6009
31777
21133
20780
11924
27662
7973
15055
40268
12922
26719
12840
30485
26830
3729
10532
24188
36180
7372
33288
19342
24998
9988
29592
11936
13533
24160
19411
34526
21816
34720
13293
33428
22957
27802
35121
25330
30531
26089
30120
30140
24094
29147
36009
7273
28149
14753
14626
21284
39373
9168
18429
13438
30853
19585
40815
3707
31370
25885
2727
1118
15754
26448
15943
8244
12897
40701
19436
32958
16655
13356
17335
16949
35281
5670
31584
476
31453
12786
2711
35554
13885
16541
8573
36891
39798
34295
12853
3160
38925
9629
16193
6275
25191
4351
5132
29144
7239
17671
39174
7976
32063
1034
22218
5917
26752
18778
35360
11069
27549
1749
22054
39439
36477
8218
1345
21751
34854
37583
14218
11717
7121
36635
4520
15988
40057
20178
11359
22033
4866
1994
22920
30745
8017
2986
2246
22034
28391
21757
25097
36446
19208
39399
33463
29280
40510
28023
5107
20273
19647
2833
17513
29323
14918
18385
5600
37656
3021
34867
11431
40104
38601
35633
14597
5881
20822
20901
28594
9203
5063
6407
5790
34174
25516
15512
29910
5041
36321
19698
15308
2533
9606
12450
34766
36056
1613
33975
33499
32683
31672
8869
8887
34758
31371
6539
35614
24954
15464
30439
11478
3314
19226
1661
12727
16426
24794
20853
32781
38453
27997
38437
40056
27297
5533
13366
38331
630
35545
22229
10611
2740
3959
30785
37529
9533
1363
7334
7251
5768
548
16889
36403
37112
21842
4919
18867
37267
670
4809
33094
1955
10026
24468
40393
39121
19028
19724
36095
36440
5581
25982
25607
24610
18309
9651
1055
21659
1188
1091
25534
31731
24787
33037
4490
32031
28085
24917
781
31430
8426
38945
22972
8586
11872
28578
402
633
14513
2610
37840
28411
28197
23674
1837
15334
4458
39366
1063
27677
35393
38713
37489
33473
40400
30989
10142
8656
34762
40749
2040
40135
10486
11247
40545
9723
27389
38079
15700
15561
10281
13032
5498
15281
15603
34619
30360
1795
34919
31380
9346
7298
10154
24696
4913
7012
31628
28371
16523
27806
29669
725
3795
6529
33553
4777
40636
37308
4798
40020
30825
38308
3248
6242
12464
13581
36550
26004
28088
22348
38924
34910
36934
39853
18568
36853
36549
28376
3391
26027
38448
23374
36948
25748
17754
31338
35203
1917
22255
3942
19162
7761
22991
24229
40625
28999
24760
27980
34620
29465
27324
25324
27107
38030
6398
