281
31787
25502
29870
7701
7830
32121
5504
38114
40389
20547
13017
9058
597
25346
40822
24720
21959
26067
11081
37332
28191
18566
380
2209
17471
39717
21835
6091
20963
9212
647
26969
18205
21378
32754
4471
33650
8771
15415
927
9176
14186
30158
13016
24785
19888
17285
27673
18021
7096
20297
3200
24273
21911
29084
3870
23163
3985
28969
4915
26987
30333
20210
33437
11949
36227
20404
2386
30887
36634
37664
20242
15782
11892
33289
31131
3873
31063
35064
17267
16290
25637
18258
22879
9033
33408
38412
12256
7960
21644
12232
20335
36661
31751
16010
32515
21582
23830
5089
24199
2995
21590
17175
212
17783
14384
17612
2950
71
6323
6862
7686
16945
29759
23959
3146
22594
9924
29682
1683
37949
28547
21648
19308
2786
7799
19925
24548
37153
287
34795
4474
6227
11614
1742
20670
17301
38989
38840
40105
3529
1428
18169
32936
24398
21414
29215
26977
36158
39963
18414
29867
21797
33342
24205
25604
25253
2227
1405
29441
39763
37690
12957
32149
15224
19901
19771
11554
865
33991
11060
4148
38873
10710
23652
29801
14810
33406
20600
559
11706
24876
13144
19114
4024
32337
36745
1614
20254
6583
39789
22604
21754
6464
37699
25573
17929
30878
21928
7041
36726
38311
12692
18779
37659
5017
2291
14653
39956
33015
9569
39766
31022
13152
17
11000
6961
2710
8693
36505
30195
18065
2681
4526
22591
4462
40021
6235
25052
24614
31510
1654
3190
4614
8676
37315
14454
34376
16421
39055
39598
6515
19477
38577
3152
28433
18508
38897
19186
38607
28679
22052
36453
39021
8143
11913
40018
12262
28894
21884
32666
29531
10267
17304
20320
20691
20130
17167
32449
21559
40746
24500
13607
28620
4531
40602
22610
34811
5495
16190
5175
29486
12660
13229
7321
30223
34967
37251
23920
3083
38445
6674
26936
7091
25766
26884
30634
6947
14760
31768
35519
8709
25120
39536
18490
24860
14665
4897
3206
11845
1638
9476
31412
17877
3181
19995
39007
5609
18182
5367
4797
38940
8949
24968
12222
1867
32163
7260
14180
35605
31471
12027
40431
26480
32400
10464
20886
18193
9821
39981
28816
3061
1045
3401
11860
20077
40027
570
11737
14285
38943
1486
22134
33151
17699
37109
17802
38534
27509
683
10648
28712
37544
26382
11076
36887
35037
30153
2956
29625
23117
1813
21690
29253
274
32160
7088
21099
6677
15140
37106
34176
31252
36179
25717
37142
29484
3291
30860
34868
14522
39959
698
18247
25783
30566
9256
22592
744
40360
16445
10975
37671
22380
26746
7930
22169
40315
22922
38215
21289
1407
12031
12441
15960
3220
952
21111
1631
14684
23241
34770
8106
40850
35747
40751
19862
28795
12332
7739
20676
17189
18622
25343
12804
10085
13960
20420
1738
14206
30543
8131
31943
1815
7039
12620
30119
40504
26188
13312
25852
5127
30221
26978
26955
31509
6839
26852
13725
19290
34697
20816
1419
15562
35411
12675
9545
14752
15903
8563
25354
7207
13690
14596
7472
2570
20934
2539
31445
1148
29952
34374
24746
6593
38286
17005
16732
28750
5451
14663
4535
38853
2495
1782
7107
36330
5673
39725
15473
12113
3946
19073
29989
34846
7205
6747
21680
31734
31962
15822
40521
23850
21460
7155
18461
11595
4795
5146
22045
22177
26181
21993
8311
27285
34031
11998
35623
1527
25689
28883
2875
23198
7920
31313
40109
24372
7131
11764
30285
17066
20332
13346
23098
26930
30252
17982
20549
4550
32105
26853
20681
24067
13118
1213
26674
12799
40796
30437
8140
35319
29701
2376
31305
35934
17506
9140
35277
25311
20460
24580
9355
5177
12661
39407
7971
12165
39693
23849
37078
965
31160
18103
10825
15050
13267
19829
5447
3643
2639
17601
37293
17047
7223
11652
36071
39639
31479
7174
14957
11727
7985
13382
39605
23390
36531
10489
14219
6948
2488
34519
2163
33353
19949
26561
16271
27991
4109
35786
22942
3819
26509
14534
38524
5301
37257
4557
29523
38073
16328
23566
11258
120
36797
22482
40397
25557
16715
10828
6302
35362
34186
15650
9367
29882
34894
6028
15759
2879
37186
3034
30603
22196
40069
16544
39603
39609
37692
22119
34820
18331
12430
24099
1540
18770
32646
16071
14531
11509
35834
1122
30760
1008
3518
8642
24784
27687
33576
18241
17520
30675
12995
35461
10212
20881
38436
12626
33470
33021
9267
30551
38399
29936
40687
38334
31218
32383
26844
36463
28676
14741
6430
33064
37273
28205
17640
2212
10832
6438
26795
38415
40477
36016
16055
26579
34833
11220
33562
12366
24444
31816
37050
9599
8741
34457
28959
29540
16428
31629
2865
9335
27254
6517
39393
5578
21014
32731
17969
9733
36951
26389
27873
5636
36616
19038
36603
27265
26329
22292
15266
39672
23014
33444
26462
29305
32799
21177
27417
1469
32676
15216
1399
14132
14293
395
26162
872
25098
6247
38296
21081
18856
28372
18522
34829
38409
33038
15683
12670
11138
16660
9278
20128
29468
234
8323
30635
2330
38066
14486
1649
36985
20750
12483
7385
21070
13876
36592
28017
16644
36784
3751
36937
12540
10452
25808
7173
30465
5162
39094
8698
6178
21322
1244
9131
1658
5027
39731
30455
2339
11267
19463
36786
19885
2115
37548
3389
31820
13237
349
6476
36627
17790
26609
29053
36177
8463
14960
39459
12471
3274
24081
9928
27432
39488
10
36803
11364
13652
28449
2057
4165
26566
31293
6776
40716
7139
10271
5842
27822
19305
6836
10620
38971
40497
39985
31574
27401
40263
33154
13650
8284
39720
24228
17756
30042
3426
142
14657
38741
23243
22586
36841
1816
17157
4639
4563
36682
11217
13881
1178
39905
24704
21524
11971
2902
15166
26173
30007
21955
23426
856
30962
10543
6752
26000
33468
26318
25154
31919
40234
21947
22013
17076
30835
11806
26620
12647
33107
25593
39052
30321
19638
35184
7634
36546
19072
21235
26952
30838
40324
4095
19095
14082
20801
22497
17876
34196
13159
15959
32408
15596
2010
16966
5101
30084
37307
32356
18994
7565
11795
32359
30032
10693
31390
18459
7933
34341
14205
34549
17631
40697
7217
9284
5541
23068
9451
13687
21850
36090
22955
34663
10456
37362
792
39522
20930
2448
14672
27348
29954
31014
33097
18480
6589
30868
32465
18944
12273
2554
22317
26593
18225
39552
37118
13703
31973
20236
37707
4500
10389
27970
32815
34952
31429
6761
6267
5297
2196
31833
32108
40284
21543
21660
7851
5094
18456
4361
27623
29281
13976
28881
18320
38000
19133
9446
28961
32104
21325
22663
3908
11829
32244
20279
26800
30379
3338
2855
10814
12701
31190
36124
35381
2876
10636
17934
29766
14269
26881
26353
32957
14649
37155
13823
3735
11813
5100
2015
8827
23860
37606
3953
9862
27555
4565
28608
8165
20835
8058
16204
17848
18192
32586
39994
38155
31987
30155
30773
10186
24111
13523
38361
38532
26455
19481
9884
33383
40781
13027
16956
40500
16998
34086
15387
28464
2343
23725
30312
17812
39928
27243
9863
34950
17160
23445
18958
40563
11221
11422
13842
3918
36376
24597
17849
9822
353
31683
23730
29781
22768
10196
40787
1160
24497
9504
16203
2996
6562
25947
551
17247
3495
12190
27353
23524
17440
25765
15624
23261
30830
33853
25234
38421
40228
3905
20638
14162
35699
17764
7161
36221
25545
32872
14953
26665
17425
12659
10042
30065
35047
40684
40130
31568
33512
709
35311
15981
1224
3029
15317
27404
33832
38345
30381
4487
39631
13148
10864
39852
4501
12417
12033
21016
10044
1858
13238
40245
32746
19230
8062
30652
26485
11274
4038
38145
34479
1156
40799
16208
2821
19656
23446
40310
15649
40667
26564
1621
28703
11129
40072
17519
15933
36045
20817
28831
20925
8035
35066
31786
8063
25289
27020
1274
37872
30294
766
36947
30459
2489
30238
34976
31606
29416
16839
40527
12893
35851
13717
8390
27789
5091
3694
28953
12106
7889
30615
36349
31047
25115
5180
32568
28251
5576
30113
12768
18116
2550
32769
1315
19117
24861
33533
25644
30022
29779
16329
15671
33008
9971
14915
9312
37477
5715
12515
37285
21463
19440
40260
25773
27834
32606
10293
24766
3850
36201
18367
46
4234
733
28694
37042
24180
5019
36858
1352
16294
35269
24443
23814
4906
5923
37814
18750
27851
39322
13836
32967
4041
32102
33872
6750
11476
10862
10054
39918
35210
7922
17433
15938
9602
22441
31711
8670
19619
7134
8742
17111
9094
13599
36711
23659
23675
11783
35677
19238
12769
11674
27446
22849
9014
10574
9582
14290
26023
17062
35115
28582
39015
40164
17444
10841
14967
16625
38456
30673
140
28940
14019
36424
34446
32631
34423
15042
34067
28044
20191
11404
4026
3978
17899
34048
2289
16491
2591
10098
38008
18352
20086
23320
1505
7559
30573
11960
1840
12543
1211
29506
6608
32448
35733
34153
9195
4494
1561
13001
24991
15646
32270
28873
36587
26904
31364
1227
38600
6721
24132
28710
17912
39297
35746
37694
4048
35860
20834
34402
2850
21595
36206
17308
15098
19201
22096
32420
19754
10088
12490
13751
22938
23816
8424
37501
24990
12915
15000
22252
32253
22326
23294
14349
11006
19507
20051
25151
37289
15885
8004
4360
39196
22678
34495
7454
2410
16044
5771
4964
19923
22545
31643
19454
12640
18520
21285
25099
11569
7532
21642
40479
16618
30358
40571
10713
7303
27355
4835
1408
23536
30740
7759
30764
4801
36581
25521
35631
6508
39411
29279
14099
21231
2063
11277
10766
23952
26203
35777
1494
32641
4402
2188
29114
24262
7757
1289
31128
35345
7789
727
18466
28598
20112
5900
28860
37158
26349
32914
7877
18696
23079
9859
39978
25284
40838
38790
20439
20098
32994
31057
17949
21199
39913
11508
17787
10928
26029
40846
16288
7229
33259
7345
7537
29504
12678
25490
6903
31027
16427
11445
31405
19663
32172
23394
3496
1893
39435
37341
23978
34125
34231
12892
26005
19271
33267
11728
40383
8148
28051
23815
2726
35357
3356
30191
32658
37117
24870
31060
40640
35447
32571
1714
34788
25133
25062
11393
10090
134
31824
10218
29104
5853
18828
31696
22460
35715
16832
14742
651
24114
3722
33274
30016
10860
34301
13389
30967
20842
29235
40612
27544
25192
7110
564
2826
7774
19014
12177
39254
29703
9714
14392
44
37978
28830
12026
39972
40604
4139
26887
12779
33233
6984
29002
29308
31848
36048
18045
35773
39137
15904
6611
19013
646
26641
4468
39381
20218
1131
21707
39626
4552
2706
16103
5521
27630
15032
38570
35676
5072
2998
23147
29366
21736
16189
5373
5070
40060
21482
9561
7945
9547
7975
25143
22770
31085
26407
18694
22468
8944
8872
22624
32852
40275
30254
38514
28517
35492
6333
16689
10705
30025
6098
6299
4056
3047
29939
2446
210
17844
25237
11918
32627
14317
29810
24366
23114
10469
11231
15913
16582
28403
37388
8304
28037
18546
39432
30298
40198
28574
2297
13362
9914
37180
7957
8020
24253
27113
20208
9668
3403
31825
19794
238
30429
31707
38987
16920
7185
23174
19766
29173
36568
34880
23387
2433
33027
16345
27779
19088
6555
30900
18920
7607
39198
28370
37711
5069
10385
13395
39250
19096
2159
13388
33086
11029
8369
10734
5556
17260
24447
91
25730
15156
40387
830
17992
21259
36555
17516
1639
39767
19179
33163
834
19349
22385
36577
12904
28337
28944
26827
30199
38182
23888
4598
20752
10837
34412
24931
35338
10568
25975
5288
33770
4497
21411
33091
31748
24983
29455
20367
12611
9876
33743
29534
3191
15174
39876
27430
18859
31067
5330
38839
37897
10597
33114
397
4255
17347
7521
1475
14164
38425
31168
2147
18765
26728
40191
14130
1811
7928
27347
16923
22361
3292
27188
39000
33957
39029
25417
29010
7992
39661
39960
41
18152
4061
24252
8232
14559
33040
6858
8171
5927
10510
34113
8092
34955
11551
7513
9170
2944
9872
24703
29211
1796
16639
23731
36854
9153
39777
38366
5791
36128
33344
22788
3849
16504
9259
12797
37366
20541
12939
3766
4784
31769
32756
3398
31634
578
24888
26332
2910
25901
18565
35878
18348
9242
7721
4511
69
6614
37259
13678
40754
24569
26449
3267
13092
24896
14488
28728
39252
15775
21965
26022
22126
12770
14084
639
3796
15928
18199
40624
38744
26607
11581
30733
31335
22129
3348
38020
34774
17413
39170
19998
34165
22598
6622
23121
37951
10194
33829
15028
31894
26183
1207
21734
16808
24671
14623
20014
28936
13015
25586
17091
4108
26417
1571
28385
29817
27088
15020
26453
22684
28727
24926
28814
27736
26992
2945
17355
3965
21395
6082
3299
20304
24230
14791
7523
14297
12068
21465
6831
813
5196
9805
38664
3604
14073
1061
1477
29398
35382
30189
19787
22929
7861
21483
22399
7081
36332
18101
22735
38157
22484
1444
8378
628
4414
9735
26473
29739
23266
31490
18707
16316
32928
38004
39906
9728
15857
33166
23901
22900
25370
22179
30724
39164
34593
7434
18220
36893
15575
3216
25223
2703
36717
745
25436
29477
11930
19291
30487
22829
18593
13442
7143
20489
1464
20826
33984
20550
24919
2579
30564
37528
15929
2337
34886
3243
39815
9331
11319
16225
23942
1326
24162
27458
24226
34692
12703
23270
1203
2635
38392
21890
22344
5908
12121
11387
36170
9124
36739
36899
14350
31614
32768
26982
21282
16511
27922
22805
7339
38373
27144
5718
21011
13457
16156
5663
31569
26686
12210
34769
5372
580
30116
4441
25011
38012
40588
16767
25065
26068
30882
18222
35180
20283
13713
12284
27158
18803
31140
35046
31197
14475
6754
40270
31925
7487
10765
27696
26060
28494
29546
2530
17058
34821
6005
1068
10289
39374
25703
27017
21801
1848
868
4834
35475
19161
13218
22654
9989
3545
7369
3974
22227
10076
16218
4755
29151
15102
17330
22835
24859
39539
25030
27800
8085
30129
14331
11001
10442
26951
10741
34413
25363
36222
6055
28076
22940
29074
8794
39757
27473
27397
26655
342
21176
36773
30117
15956
39098
23748
4251
36898
30647
40240
11293
21891
22345
20508
31277
1418
17222
11675
5261
29658
17590
27902
28706
373
32123
5972
5662
20703
33182
33781
944
24330
222
34843
22173
16975
15793
31670
27384
35298
26966
19824
30490
13945
24874
8533
37816
39765
36523
38389
4799
29816
10913
28716
28925
39349
34268
15179
5384
38929
20374
34815
11284
40599
40147
4927
40594
25226
16412
9277
18105
5592
30645
10187
38670
38403
30314
31577
35572
9513
25147
28636
8857
33715
5769
22533
12401
20820
38002
4353
26233
33544
40833
20736
11818
31815
16244
29365
36835
29561
406
3576
3559
5943
12676
484
32877
23764
31531
28992
18166
13548
37783
31377
3537
26973
9818
28198
25018
20694
29830
8770
28390
27496
24095
29436
22462
5360
24946
38097
22523
39802
7344
25495
21741
23314
18667
24309
36583
38937
13287
15558
17944
16892
10881
11235
4817
13317
10453
36764
5640
33261
23974
8651
27146
6077
16534
18321
22282
23455
1468
10623
16469
10227
1461
31567
27742
15731
5075
34077
30237
28628
38965
6770
22204
39106
34992
1187
33571
19813
40159
14977
6117
15323
33748
9297
39792
7329
30977
12153
23696
16848
17723
6404
32355
22926
34928
28962
16611
34554
34372
12936
24053
19431
28502
20882
34931
22313
6059
3937
10840
12697
24831
2646
36245
36105
15840
32277
8722
32296
20318
27680
29888
8100
34710
6697
39269
25278
34128
23457
3177
26659
20843
37765
17828
27818
7156
5992
601
8969
6446
16752
14068
10630
30200
2787
13640
39550
34841
36935
20011
2860
40278
3675
30920
16221
18594
32516
36066
9486
6019
35335
23171
36371
10398
38276
30717
11890
11200
18840
13299
19239
26991
10684
13972
15908
29491
39517
12633
29485
22655
32040
20311
36713
29102
17760
11161
520
29350
23559
13803
9077
26007
39031
37321
25952
11176
25198
28675
34659
21095
17881
40252
9741
10646
26321
3773
37368
36116
20299
19604
10221
17936
32671
8397
5890
11666
20645
10517
21261
9135
21769
39481
9322
34352
23594
16708
30351
4454
10487
4175
6690
14606
16651
11362
21417
27302
29212
40427
30867
11973
9158
7501
40581
21294
39891
2731
4749
37487
22536
38203
18843
14906
12658
7157
21770
32377
17313
16606
39623
7910
18516
35672
27614
21887
6457
9373
9664
33609
20653
3543
15349
6507
38596
31899
34290
18110
6155
33414
14963
23428
32729
12350
9145
29937
26327
2252
38566
37676
1679
7127
29623
29695
8152
35780
14935
4129
15191
9311
40013
27648
31747
29514
35944
1530
28432
17950
17316
1255
1793
14991
2889
6789
39952
20545
28528
9769
13564
12489
3309
34604
5553
16467
16933
34178
29679
29934
15169
1163
24023
40848
39880
27298
33880
20329
5794
17069
37981
21746
24015
33366
73
27571
35445
25457
4888
7978
40288
5821
39760
9073
1835
13584
34739
27926
106
18630
11877
19462
13282
38139
5412
18693
34767
22525
17561
18118
2149
23169
21311
25057
22846
13821
6760
39986
6433
36794
1943
17106
39916
14557
8346
6951
6206
26873
17597
4874
24535
34198
15425
30864
6505
24962
1159
37608
1500
28141
27074
32159
10049
27597
21487
12651
752
36911
12449
15744
21779
14609
20931
38819
35471
32450
14949
20385
19248
3907
15446
40595
7555
3546
33839
17328
26723
27211
6594
40417
38232
26452
7598
21030
20349
6843
13404
14622
11938
39416
9002
194
11536
9827
39395
22930
5143
37607
29260
9265
2369
1322
19055
30144
7674
37853
6966
14091
9011
28461
39093
37888
17088
17482
29582
27322
32817
32761
27500
31926
39507
37424
22253
18784
25665
15350
40127
8906
18571
33389
767
18968
30670
5814
7245
18363
28304
24994
2522
2666
18425
32477
37985
5245
12955
13260
11524
13507
12249
38652
36257
3147
8668
459
34378
137
33983
19010
28514
35406
2338
36651
12173
13758
33446
36282
40434
32657
5480
16269
8201
22259
5621
17263
11035
15830
37071
20241
20940
18977
14798
2673
14338
11634
34596
8517
37401
31546
13920
16235
13416
21647
39456
5440
22485
34491
5199
27685
34212
40194
12635
3364
10269
33881
30310
30458
36104
37417
36548
36478
1864
35888
5519
782
9616
23135
20640
1626
33203
29566
12642
2165
18523
40847
27641
2682
35796
35449
1790
10200
11428
18424
20438
22643
34203
24171
9015
40414
38898
32056
19992
16874
15557
33687
38188
20265
8900
22595
15107
21295
21966
3393
22376
6811
10682
17977
11855
6923
7220
32386
13103
9247
16257
11365
29717
37738
39392
14936
11183
5339
39797
14026
21234
9102
28844
336
4030
6118
8456
40849
20372
38417
30700
20118
5065
32773
7368
2379
8250
7015
1983
7092
29760
10675
19190
20859
17473
28406
27150
138
36295
32894
7841
4868
33284
26263
23468
23220
21560
18291
19258
21474
7665
10795
18324
20845
26770
15878
33035
31854
36781
12022
28811
20359
935
30625
35232
20459
6816
29655
32629
4675
12896
8292
32298
8971
5841
14251
38426
27553
1064
27373
3703
1517
29969
892
17356
35018
3786
13723
10511
11659
2375
14471
40670
15899
17246
27529
24518
28419
20398
10395
10954
14149
18971
8924
21113
27726
22437
31024
34945
4393
19782
27114
15735
10633
34613
36669
37485
35847
8516
34281
38731
38490
32412
39183
12830
8486
27484
26426
12559
11227
16917
15194
25753
17819
38100
18626
15583
32577
38261
778
36722
31296
24370
12880
19267
22984
20582
14097
19097
28038
18885
17429
17231
3212
33323
39295
38234
3788
10432
24743
32569
33165
4846
36166
26590
10831
35179
18695
33495
723
38628
35508
11448
36988
32437
7323
39328
31358
31663
34639
7748
5478
15630
39494
29379
27865
9737
15419
25701
16348
26932
37319
34313
21975
4631
7005
27315
18893
2066
35030
9593
27724
24400
18984
24259
34885
12459
10331
6672
34529
21496
13420
10286
13692
36775
23337
22107
26084
27140
17668
9785
30555
32791
22799
333
15192
35236
39697
18117
26295
23545
6096
30107
29021
15220
18862
18031
28324
14239
2320
12924
37353
24615
3606
21452
22368
36320
25433
36479
31572
10451
1691
40487
33302
16119
34232
24591
35762
38842
16363
11030
18362
33199
7432
24380
24687
26024
17810
33721
20314
11516
17391
11375
1266
10767
22452
20293
28299
27109
8452
39895
21209
10440
15845
40026
7228
12199
34813
25291
21879
19906
16564
5064
13932
12252
38171
17611
8120
11823
30937
1191
4695
34488
2471
17096
38778
17344
30473
40139
32529
34166
34542
28733
13781
10480
6287
32017
29412
39858
33135
25512
19153
37523
3014
33314
33232
34705
16992
10886
36300
34938
133
33808
30840
39214
27735
4288
28921
26207
39842
9674
21449
39531
13937
8029
25905
12358
23001
19242
23874
746
3750
4346
10468
20465
38289
36806
36153
7708
28589
2904
9938
10015
13970
21057
31995
12746
23936
10501
39645
13582
1316
22207
30571
29985
28570
36497
39177
29067
13765
39215
24783
7337
13469
39528
23231
3418
5658
37570
22538
10081
101
2267
26174
8757
5144
972
30616
5465
16699
31101
20225
23339
25893
9146
12928
40090
32475
27986
15948
35507
24542
3130
4522
34588
37272
3278
8454
27862
34458
37693
16669
1657
3371
31905
17942
6919
40632
21404
40319
18181
8963
26950
31395
19690
15719
2450
35778
64
487
35263
10701
25176
31381
7745
33928
39244
36294
6684
32364
8297
13113
3405
2439
36077
20765
36074
26980
230
22587
27422
12395
10472
19665
31969
24076
3768
16909
15828
10755
5358
996
18092
38304
20744
36035
17235
32012
23554
38977
5414
13969
14395
19758
33072
18556
12641
15468
9774
37610
13035
18997
3332
38390
13359
40793
36594
26756
11190
31513
16307
25449
1409
24695
1975
23365
33857
15874
4406
11881
3928
10492
2022
27760
7227
2110
10091
40352
19497
40526
16586
18616
2463
1779
17048
29978
18954
24394
38900
31385
29050
20463
4624
12004
27065
30162
27262
12887
16559
14197
9600
31965
6429
3329
7191
34304
21130
21935
29909
35886
32858
36310
26576
15380
19955
10158
23825
8122
8870
5200
5726
29183
21277
5858
2130
3682
5868
2407
31428
14146
9132
25740
5081
6725
26867
10917
14775
20883
554
30851
8469
5489
40817
25061
25750
8450
25341
23324
40610
13673
11254
1940
11150
23397
34878
35238
7404
16411
27041
13325
29742
656
3374
23863
13667
22108
21062
40023
33935
28473
5494
29282
6980
9495
39343
21992
27096
28891
11036
31444
9661
28249
40468
31819
38983
16187
30390
30815
10117
17639
25735
33805
23699
2008
19985
23811
19818
4102
35429
31782
17109
32198
22444
25470
31248
24057
11538
12455
38673
18766
24470
27613
8822
16484
8361
3094
15861
15373
37588
11336
7136
14912
31917
19805
8487
2725
26612
39026
22751
3340
24439
26377
3865
10859
11479
36
15361
25043
23610
10616
10638
34740
31521
12298
35275
15682
18933
13806
10551
2571
859
8529
8832
40630
35235
20479
37248
31039
15713
18957
33464
34220
21531
641
11962
24907
34180
4896
17217
35321
13718
23832
5151
34650
12942
37891
39716
21382
26320
13794
3502
27895
28455
22995
37005
35754
17740
27433
18469
384
2561
29066
7089
15544
36037
8931
20980
30023
3290
14172
2231
24025
12716
24317
1101
21372
6689
4587
1382
9088
17921
35576
22295
33325
1924
35801
7495
23196
13430
9797
19377
1998
9919
35116
7123
16376
17354
1279
3491
37099
26224
36595
27535
18624
29445
25411
4459
13455
3674
35128
4532
25358
12404
27207
20500
30903
39338
38564
29005
37890
40213
12871
34536
14544
14179
16748
23649
4986
20127
1616
19567
2356
19234
34693
15723
22079
33510
26866
17352
21594
28573
24549
2979
32727
17578
2545
6283
2459
36335
22226
37614
17401
20343
2280
32614
3943
25386
2203
22002
11841
40830
7682
26847
11742
6481
40303
31784
20155
36191
30662
28472
21858
39306
9824
31345
22271
34324
19037
16560
27110
6504
2640
26560
2042
21053
174
4213
15101
10950
18754
21788
24311
5405
29783
12926
35214
29784
6908
37455
21258
33863
30796
4014
5792
8112
13104
36481
12719
8781
6182
23778
17082
34282
17563
28982
2390
6444
6071
16810
30588
27595
25456
17569
5257
28656
13848
269
8590
9596
30131
21576
12172
30
33148
33153
11741
27935
21808
34528
22015
21305
22850
22125
4285
21106
33603
39864
3413
37298
33910
7408
17297
21710
32431
1739
31500
29402
19401
25994
20226
38986
10134
29622
13441
27375
33238
12405
21990
31368
23915
25469
16798
33476
25503
7022
24281
20021
27112
9615
11844
10851
36059
4630
15056
2848
17243
40647
24431
10566
4951
24744
11621
7792
23689
11722
9291
17380
38023
32261
16783
21074
1438
38919
30743
24945
7899
40566
6797
26376
22540
40576
29051
24902
25121
26705
39620
25733
15245
9740
9016
18304
11656
4011
9956
18655
37281
40567
19956
12776
31720
4367
6653
11752
14841
21566
10136
17120
30349
38617
35334
14000
8090
34711
12987
4315
31891
7333
9493
20383
31633
12372
14803
29765
18929
24088
9440
12717
5608
33111
575
28843
11224
9177
18639
18669
23702
9462
21792
27594
26557
14502
15485
39131
35745
20869
34984
35253
33372
33569
6898
18742
30416
26149
24360
8514
32715
15130
14434
28905
4509
13954
28070
12599
21946
17019
989
4637
34715
27481
9229
15566
20129
26326
7608
40437
8689
20597
34644
11032
10008
28548
29356
37190
9685
38871
26790
4932
3208
22754
37963
20667
32904
12447
21616
36610
21997
35973
14659
32474
7993
22921
13417
37586
37580
8858
29296
28412
34422
32170
32680
25615
894
9752
21599
19652
7707
38680
13077
15534
38585
23911
21398
27574
16109
4853
6773
8801
30115
40348
303
2701
28152
3000
20213
19396
15931
8692
30212
16954
5208
33630
8227
1750
6493
1783
15342
24124
9452
17334
39363
14923
26803
26249
38881
8727
31591
19951
37206
6610
32771
39367
31949
7031
11653
12003
4086
31627
15469
4031
4547
8492
8650
36460
27371
23698
17780
35071
21352
7332
38561
9379
22248
2464
28120
25984
37514
35977
23234
12933
23385
3443
21499
37572
25141
37756
21624
38356
15336
5361
1150
3924
17073
19648
4847
39473
18082
24140
31269
10580
12883
31983
20937
34936
23411
15753
1929
14602
20148
21589
2562
34033
20977
11173
11996
3657
24976
22473
13354
8294
14735
29022
10479
31375
36075
13880
20926
9539
12917
8759
32600
34399
38662
5549
17778
39750
6570
39801
12385
7898
15184
26679
7056
37831
2127
30987
26261
28301
13109
11636
30228
18234
9551
20728
19878
364
12431
2269
26963
14910
36375
24913
9139
4769
11603
11593
38745
36890
5252
12374
38939
4094
23461
38984
13064
11579
34819
19415
17371
12379
246
4455
15642
38121
31641
14351
38972
16901
34018
1945
28615
13349
40642
32341
17135
18809
4693
21878
28026
35683
39378
13858
10535
33545
15395
9787
38504
18360
32701
16449
33604
36753
20619
36944
7719
12596
40525
22009
9363
28743
27281
17467
9348
39776
33157
38382
6134
30514
7290
13649
26286
14117
5158
9409
30476
30263
7678
4600
37971
19485
3484
2333
3284
19679
5031
18940
38663
35758
22976
27586
8830
16082
18518
23054
28626
26712
21785
7044
24391
39283
29987
35050
2685
18115
39940
35583
9709
36217
14284
21985
36471
2528
9163
19260
13847
28340
40641
3969
36578
18047
8370
24634
33221
35721
19034
13344
7516
27671
4980
4013
4132
34564
22465
39866
32169
22779
7358
36689
37394
37503
10794
9155
10397
1478
31524
39704
12962
27759
36005
12545
10183
8962
34023
9004
6860
16938
21503
9352
23574
8008
40565
20054
9506
1479
18343
16284
35920
1097
16300
37602
36559
19806
15866
12614
6780
33915
17143
22353
11893
38910
17402
32497
6254
9064
31716
7677
36312
18277
17121
3789
35395
14812
6345
29550
32995
16885
11862
14031
17822
13991
34171
18998
4845
25916
4507
29508
13094
21623
4751
15862
30415
21933
7917
7855
4052
1745
27363
4578
7167
12666
23263
6252
65
25723
17981
6029
13450
19348
37398
17558
16755
932
12327
24152
27399
35940
25320
36643
18229
19212
2599
742
18310
32501
39943
6094
26769
36373
10871
12657
3839
4708
4046
345
35313
32747
5283
35884
25468
38985
22986
36200
18141
18751
24547
21180
12078
38087
9337
16104
22335
14174
7467
33754
19035
2108
4819
8941
27494
39402
4398
24185
21998
8366
19694
24257
10198
23161
117
20093
20000
3807
6878
38133
18473
17144
9804
28590
22752
36688
14921
4604
28202
8616
6372
18365
8306
2664
26418
30108
15760
9945
5684
34147
27888
8278
7410
15011
36272
32304
36969
26185
16480
21318
1780
37182
26889
39652
16745
30668
17434
50
8555
2011
27128
33570
29369
8072
24849
4260
6078
15884
16661
3685
39129
494
19418
4705
38251
10124
27559
27499
30781
741
7176
3734
2779
13140
4127
34271
290
4752
40399
15497
23217
24420
888
17641
248
25707
15484
20830
8826
1086
14201
28916
18316
31996
36785
24586
2455
1415
11987
17769
25786
32788
37777
32881
26640
19562
7679
23379
30599
39948
28618
36413
20133
30576
32405
30395
28872
2424
14493
35200
30978
36285
38493
12429
39700
4768
27492
24604
17573
20729
27508
16423
750
23347
7125
3625
22029
18672
10628
6615
8164
33497
26942
13081
2820
27463
20955
28749
11420
23490
23037
22830
37672
11709
23424
22771
27526
19316
8512
85
11410
16604
23985
24312
27172
20994
130
6666
37651
27009
5439
25132
13216
427
25670
27601
25111
25777
17745
39420
38627
4123
20287
31741
19231
35705
23009
10884
21508
38076
37089
1121
20078
18413
3864
18353
7658
1873
563
28556
12533
40666
32362
26673
30954
922
2977
24247
38024
15601
14573
24646
34832
14296
884
15435
22277
26588
27871
31912
12051
441
37627
4264
6680
256
37026
7261
32313
18905
32249
17773
13486
19804
34682
39673
39075
2284
28016
38808
36001
38265
4375
4358
12336
34257
26900
24653
15149
37453
18935
7315
9912
6629
18861
35922
14158
26644
21638
1009
23878
35151
39622
32387
8508
20564
15693
7590
31485
25673
18787
7840
34960
35712
39470
15269
31659
5164
21012
28009
8904
12745
33119
14543
11065
15376
9270
27364
6038
11562
34744
40812
30091
35689
38815
30600
25882
7586
23578
31742
2312
32016
20322
3888
16495
40010
28917
22628
32681
13828
9985
28320
31386
37244
17618
2918
2936
2615
2508
39023
15541
4527
37820
33648
14071
14053
12802
19288
17674
15757
12974
37046
30981
10995
37263
34680
32582
34088
24168
16772
17702
12787
14383
23549
23103
21795
26878
556
13593
26371
16688
12610
30365
627
5597
14833
13488
699
34674
31134
25541
6382
37380
35291
33873
38531
21464
21971
3590
33692
30250
29656
10477
38307
10669
35378
7270
3927
25843
27338
24074
10476
23285
31540
8310
31613
8375
7296
22442
14360
23221
36418
35457
29897
20106
32246
2056
21067
3305
36830
4992
25396
2364
26793
25729
17633
34607
3240
838
13743
38434
9272
30001
39647
40413
35481
21509
9024
17686
28954
24240
34621
18037
811
30672
22230
20959
34101
15742
40786
21706
37754
4753
25300
35292
21446
27092
22632
47
29150
33506
5616
17595
31439
35424
32821
1369
40183
26846
22760
835
14931
37805
11607
23369
36276
25696
33130
27313
38828
32213
13119
36018
5710
3860
37472
37924
29029
12059
19118
3882
23785
27051
13291
599
20782
37886
7925
32840
37014
6205
414
8933
33539
22491
4729
28155
15333
17839
37350
6251
13886
31383
19033
22365
16310
24606
25925
7797
27744
37324
24268
36043
29807
17134
25686
1010
1770
537
13840
20988
13319
34331
30336
16424
31875
3715
33526
30996
38323
9540
14641
5865
5128
10654
30488
11857
22144
2444
33287
1
2221
5300
29999
9931
11058
23069
4622
18650
5265
18961
5073
26897
9614
17387
6388
13983
24378
104
9537
29208
27230
9947
33390
32309
36110
18486
26143
5527
16185
37260
8405
22286
32275
16400
13353
36704
9970
39226
39181
36345
27844
30610
11087
2087
28892
31895
27068
13343
36000
14254
39218
37636
25915
5838
16619
115
28165
14365
39961
16959
3070
32618
13374
17609
29901
6863
18397
31573
19644
23224
15176
23273
19868
343
4711
14520
25715
31406
20678
16519
29087
31679
23846
3731
37291
3852
19395
32008
268
24118
2815
39463
9219
22340
9960
20209
409
9300
16022
11320
2717
12832
31685
27645
16213
27235
34673
7313
5703
38134
3483
21656
38112
14126
5225
13898
21836
13173
306
11912
26649
19978
28581
37568
25047
39261
15253
27668
29043
34573
9349
23240
9980
6011
9377
3593
25981
14694
19069
22176
30002
30198
19070
25714
5093
21280
38340
29432
5287
19709
22826
7843
5698
39590
23895
2207
27825
33209
3342
20437
14970
35480
4691
36539
4082
31043
39444
13425
3109
19492
13213
35649
16461
6901
20037
4284
11066
18614
16577
39144
15816
265
34241
13557
4740
5799
33914
40512
28288
25395
22454
22637
25437
1423
30253
35081
39659
4105
18685
30315
39249
14728
5782
32126
30720
22792
13126
4722
12588
11548
24966
37243
13598
40035
33422
26457
19710
2807
37766
32291
11615
34368
8503
6887
36262
26439
11632
35407
21931
31592
4758
24184
21140
13513
14063
10561
449
17843
37703
846
23996
35697
21088
37301
1746
21739
40469
25555
19548
13916
20532
19280
4218
14519
37479
17113
3613
34702
40418
18635
1602
34864
26344
13766
33336
38028
347
8769
38747
21802
14839
25209
37953
37549
11789
21744
27101
4508
11647
6109
2475
28809
32144
19785
12803
30814
23933
29826
8846
19671
32546
26317
37500
3767
7908
1276
1565
12741
17108
24724
36123
16863
19141
771
34525
3785
24476
28292
29205
25410
22063
25992
32490
14446
19842
3111
3591
27976
33193
4800
22970
23368
36144
40617
24399
12879
20857
27656
27781
11515
37524
6079
5540
31392
12142
26033
37827
8527
37558
5092
39739
40621
253
23475
20863
5925
36516
40216
36322
32888
28212
18289
23721
24709
36926
22897
32510
36729
15277
22269
33685
27821
7070
30816
23745
2880
21249
40782
15738
37624
22831
7681
39573
20864
35351
12509
30664
24688
15827
10130
36178
675
36804
24220
33861
15806
17847
20710
7595
38161
39610
20126
29600
38124
18829
8913
25196
11204
23176
29511
17811
35843
18299
33477
9263
11332
35056
27487
36921
21952
37358
12376
29976
15999
29838
32707
24508
6706
38032
33752
12737
8679
23343
40254
1301
37502
28663
17116
14510
21504
16685
23919
7396
7243
6935
4355
1852
22258
6454
3770
32655
18408
28933
29094
28061
22600
40412
19581
22220
20166
4025
35935
3824
26272
40448
28428
15677
34997
22320
37492
35106
20250
8580
10914
36749
16569
7999
10045
34962
29419
35732
9520
9404
30789
40731
5772
1139
22676
22750
35943
960
2544
31250
4554
16806
6187
2060
37658
25575
36825
4546
29916
1687
7382
25010
7001
16630
18089
6734
38717
27475
39072
9974
13247
35575
19810
7275
8011
13184
22146
11024
27532
19743
26894
16368
13258
18257
32047
39248
10247
32290
29370
2861
8110
26718
804
29156
11152
37967
33142
5493
15842
5224
20073
21436
30302
18738
7017
10277
28762
11559
30510
24457
28732
34489
30516
5525
16287
13778
1552
2058
3455
10935
13884
30375
688
21518
31702
10756
18610
27977
21203
15375
14998
16446
5786
23432
1851
14015
9189
13167
6293
15369
15344
15798
10589
17786
34037
18823
10732
22106
23214
25335
37743
30229
8417
29454
23557
16439
25847
37668
18670
28435
33924
35488
19706
21986
32037
33673
38658
20771
13085
21726
38721
40844
26575
2941
28163
7402
24200
4084
25392
33664
5909
5321
38368
9374
39729
3065
38749
13082
37490
77
5082
36852
33140
38378
6241
3471
8581
14948
20971
22185
31225
32545
15623
12721
28053
31828
35247
7951
20643
19074
16822
37628
1992
1711
32874
1892
7180
38460
8430
12919
36620
22532
20856
39383
22664
25738
25964
2120
1290
1803
4589
579
15608
23427
16094
4122
14781
20846
276
5324
32782
13510
27836
5417
5502
8497
30364
11100
9042
40003
1794
25648
17767
5272
36524
29185
21825
1784
4329
28111
40255
26275
4580
9900
940
24136
33244
7407
16442
12407
16241
10961
37048
1235
28478
35927
9977
14119
7033
32200
17181
12357
8423
26209
299
4988
2214
32635
21
23007
21413
10805
31324
37893
38455
21705
34200
24678
32765
22250
20912
15069
6596
14811
18962
18701
31365
27260
16883
10123
40428
24981
10739
17348
5819
29924
39124
21400
28552
4116
22860
27040
21646
17136
16025
38941
36517
11619
30220
33755
20134
21782
1054
13500
28029
3294
18207
23868
31595
29930
22010
14976
977
22951
37179
28506
37940
37996
25815
20598
22238
7557
4273
21302
8478
31237
35556
24258
40167
18026
20412
19809
20373
13158
23643
28107
6848
10490
29384
2699
18781
31582
19084
1897
36929
19177
26915
26809
10204
23095
19381
1993
6105
34007
33740
21945
5651
14934
4197
32937
192
25588
33247
4779
12578
8408
36834
27534
9434
16811
29803
14325
4730
35591
7952
27326
35222
17060
23808
30684
35969
34142
27688
14375
21252
38243
40531
20135
39417
3669
32371
4536
34019
25634
11196
38669
15870
22747
32939
26424
13759
25638
33472
14556
9240
33761
35770
13567
20909
18902
7428
22094
17475
14466
3595
8069
4170
29844
22188
38108
12359
5770
20032
2991
1001
9369
32096
9482
31059
29457
4592
9792
6873
21141
3823
11435
14062
20827
38086
38096
32058
34424
7288
7306
37717
27987
26764
25789
3653
29158
13221
29026
19839
7919
13051
2062
7614
13363
32065
35841
29395
25802
25529
28430
38464
10457
36766
19053
31754
18992
38487
38064
18078
11864
27090
27659
20085
9097
31219
19792
17059
25051
35976
16677
25751
17484
1568
4994
5226
37716
33815
26195
22539
24510
18281
7637
10062
1499
12129
19330
8350
16277
20701
2299
19429
3145
35764
24433
22854
35952
35543
38459
7400
11739
19651
2921
39460
34249
23333
20317
39549
33175
13618
6309
2559
14005
13274
19250
31044
7028
112
29138
39429
26738
29804
20616
35340
9358
10080
15886
28700
11280
37178
22884
35621
4762
5491
14844
15907
28569
31454
40631
31703
39572
8981
20704
16048
7974
36204
8922
32436
28417
30139
15326
12503
12550
25870
30163
35127
35772
12848
245
19525
31794
906
12686
39274
30433
23693
39525
29405
40587
33349
12185
8014
57
36582
252
15202
25998
40402
658
5624
6025
28307
32829
6177
32273
23573
17459
3387
14048
22571
8674
35440
692
5714
7785
18864
34683
8402
16053
3211
30791
4258
17642
13633
17765
26505
13856
14527
31733
4783
11704
28908
20887
9555
21092
14220
24137
39391
37470
20092
8391
12589
14729
4220
38944
35774
4742
27795
3368
10639
25024
3578
13617
34585
21533
40295
902
10617
30069
20247
31797
10556
11690
17820
2676
22302
14793
7108
27080
2513
124
7350
8437
14501
39806
27901
10019
20199
23301
18128
38981
14453
38696
30330
19015
21749
12772
34527
31554
34410
25937
28757
6944
17046
29373
7322
14455
40372
13306
35716
2078
7990
3354
24242
14467
33632
20452
37591
24261
26051
19749
39272
10127
2486
32191
16092
26685
40233
14992
8240
13563
21488
4534
10608
25072
38899
23787
28188
6119
27882
971
19199
11816
30292
6486
29343
32454
23940
31855
7280
23063
4290
2756
9164
2391
7865
25312
16352
7146
25127
32027
2580
14570
2205
17995
1354
13596
11676
20074
17515
12237
23186
12226
30678
13252
26698
31739
19319
30096
4956
31650
32406
22717
29011
25987
10094
21495
38630
9888
37022
24472
21747
29519
1012
34059
37072
916
24881
5037
33694
37313
15208
17437
35487
29423
29825
31700
32816
7287
28734
13773
29359
3440
22941
1598
16847
16283
28366
3353
9523
8853
30665
22871
11681
28863
39889
12144
22339
26106
9697
22804
15551
631
6437
39471
1703
11639
36328
23912
14045
29929
19508
24348
34892
30145
12287
9623
29042
3301
13810
24792
21948
29702
33034
29856
13154
24803
21156
36742
23078
12056
13978
39217
1110
15167
8498
32174
29979
10500
34802
6939
19138
2959
4381
28792
37825
7285
36381
6111
16305
36470
12212
7289
35726
36279
26398
21368
16825
27387
13271
7550
38697
19210
35899
24358
39012
26625
18007
26765
11630
11584
28793
37701
19333
13231
24933
21040
8697
34581
16960
4672
9672
17021
26065
2541
24728
15951
33641
19155
38722
9748
8535
3976
31508
31864
37838
13964
15620
13429
139
12248
3787
27005
9201
7137
21357
21389
21546
9425
38272
13331
7435
32044
17173
10737
24011
30013
13138
11245
13770
8614
2966
11589
4430
33597
33567
1977
39558
38059
16040
29902
5946
27022
7706
5468
37920
16670
9392
34974
37518
24555
40226
33598
30271
37834
15507
17240
11591
10458
27190
21999
13394
10390
17678
38626
39100
6223
24644
19614
38833
36004
29091
13784
34294
3758
24984
13879
32051
5317
9618
40347
15058
3724
2276
32770
18076
2748
6970
28789
8847
34589
38492
39431
74
35029
13059
4498
13297
23156
39200
23626
18355
8808
34624
7763
14032
11053
17840
15382
15486
31715
37275
37567
18071
23703
16972
9706
3910
38720
32373
3154
6137
13480
10346
6631
23615
8635
16137
15716
25819
36748
10874
23516
13268
37698
36901
5190
18869
5593
37207
11211
12795
7342
28443
26905
16842
1463
30344
21578
13696
24979
16853
9927
39071
13019
7784
34675
20518
37329
6392
6500
36698
23130
28
10782
24725
25731
9898
12615
21970
14871
39795
24424
21821
14884
16891
10796
26983
1449
40609
26200
38661
15914
18500
27293
23796
4286
35663
21362
36225
11908
4044
7931
32372
10708
26511
12669
7794
17408
18249
11439
629
17689
13838
22730
32722
2402
446
35819
33763
29725
9303
3032
14479
14880
18651
19257
24648
17255
37322
296
18559
34000
32
12564
8091
13155
13602
36306
38473
5979
5787
10820
22
18416
12777
28523
11585
27949
28084
4716
18748
28438
28185
25153
34863
37037
3585
30630
20024
17823
11721
38558
14124
10161
3960
13345
27142
8039
1523
34888
17858
14490
2587
23889
25584
14113
16490
11165
25863
21397
37020
573
26419
22801
18063
38019
27567
5227
28180
30803
428
33954
38508
32542
12560
4007
30509
27161
24505
16134
28870
37177
20804
38907
20659
11958
16860
3884
10664
27646
161
31341
18554
26745
29447
38606
6279
24733
13550
14633
20904
16080
13669
15038
23690
10924
6024
10122
39069
3149
2278
5472
39422
40320
6195
28260
3726
28714
12953
2158
4311
15709
11239
18194
8895
17329
40075
33160
26305
24426
20809
26374
19838
16149
38075
29791
34477
32203
36585
9598
29953
24557
16878
18135
34097
22059
35472
450
40445
13169
34665
8425
37044
7593
4451
37045
18980
24466
37841
30939
37532
9393
22562
9053
29808
16393
29712
23775
12663
38549
28140
39150
18347
17714
40650
14480
9254
14108
30134
1591
9776
10956
5006
23899
33270
18434
12139
37370
8084
31001
18804
39060
36410
12335
23981
12551
25319
7988
26350
14930
32020
29588
13196
40557
10377
37436
32185
1093
38227
1890
40668
20620
338
27036
18564
18646
23687
36097
1081
9839
2898
34468
28379
17126
19801
19763
36252
24731
14678
9729
2237
13522
26431
20844
5741
27990
32317
37675
22472
36340
11925
9654
24700
13592
36119
11498
10065
3764
38694
29509
14654
29209
1510
17799
37387
21225
6365
3802
38477
10408
5938
33471
26929
9092
13456
16001
15233
5335
36826
2612
14110
28619
15270
20755
3261
16770
19360
23116
26874
39004
22839
14618
6673
103
27413
7184
25611
27681
26205
23105
12634
14497
19933
39822
13256
31876
30606
30865
15968
32786
14263
1377
23226
21807
5425
12030
22844
36998
11326
20376
21900
29873
35645
7367
7055
25202
19715
28719
23442
17089
26086
15896
1662
16323
33456
17753
1526
31523
13135
39020
18253
37669
1374
36260
31401
3076
29575
35423
24758
2997
11814
13576
13544
12836
40189
5996
1421
6986
18457
33291
13439
8317
5113
6324
3977
36868
9435
7021
37144
9007
28705
36857
26684
12554
37643
15075
35727
3745
26138
34451
24884
33760
31051
445
31868
3052
17906
37115
27540
30568
23006
26893
15301
21950
10965
25684
34782
36484
23804
18467
32589
775
31756
26131
18387
11182
36021
40001
31270
37377
482
32264
13406
27841
24469
19854
15856
1102
6668
35159
38568
34370
266
11002
13611
29852
9768
40095
25110
7264
4183
11174
12730
20861
14624
31618
28446
17572
3494
24799
16613
19185
10878
38165
25382
22773
36507
24943
25002
3717
20138
17919
20735
28772
7193
37346
7154
7274
27963
11106
26401
24096
29861
38169
23633
1833
8747
1734
26621
36137
11408
37641
5654
2290
6056
2752
20445
8316
34586
5773
6418
6748
9953
30051
20444
34208
23120
4842
8926
10402
25632
40300
38922
15525
28015
4481
14771
16430
12422
28454
5418
13285
8850
24300
12453
26009
7019
32711
2349
10369
10657
2916
40246
1529
38616
28639
14655
152
29194
19175
24052
15953
372
399
14984
37749
33009
22786
8209
38913
24202
14617
23310
9136
618
18652
40115
4169
23409
7776
36290
40569
29375
32023
6052
6990
29331
32977
11696
34303
29848
1545
12747
23134
4632
16572
25756
12269
2116
39443
20255
34459
11273
37017
40736
8761
35883
5896
18201
1427
39907
9716
16649
5176
12998
10357
9850
23436
29520
9137
35996
37419
11843
38895
29371
33334
31130
8831
38009
31233
40481
27745
35593
21662
33670
22718
17068
15755
28223
12439
3876
15106
3514
5862
32176
4628
19279
31153
1674
27010
11297
24941
8980
13180
18410
32353
31712
2259
27208
1284
28284
38154
38620
38278
34292
9327
16698
16223
23386
20362
60
9976
20567
36663
19445
24054
19502
38719
13330
24280
32046
4194
31321
37912
27896
13197
14345
28668
16627
36316
25494
32662
8566
30083
24818
36268
7635
13251
34899
15368
18895
13129
21426
23688
8502
24908
7226
15637
20327
12188
10807
19090
40059
36093
16803
12593
27698
38402
5811
24214
29577
6033
36761
7819
2199
15945
33492
34104
33319
38292
39654
5253
24670
16919
6856
3201
20841
20748
21525
5701
20772
10697
38047
35163
29116
5152
20057
40757
18066
38443
37801
32860
8441
35460
14178
6803
3741
1046
38807
21529
34580
10993
20150
37512
11747
37896
6977
30074
39579
33431
26141
21256
2924
17025
13901
31157
11346
34189
14731
24089
12277
4417
37036
36122
8715
4227
17035
25118
38003
17196
21332
9693
7122
37150
16114
38994
15297
5214
23110
28869
2398
35802
14013
3019
24737
38672
7216
32075
21889
531
32609
22151
488
28259
22687
32623
598
12868
35032
14714
13208
35055
32551
23720
14182
39208
19523
8560
17421
32189
27241
15600
18854
29517
20290
39831
34570
6100
18687
10219
32493
8554
25401
12581
3194
30000
14643
17016
15299
39640
34038
9958
13777
28350
9548
36556
19826
1098
37723
3798
21167
15289
16718
2182
15062
38014
38235
5240
12914
10699
37837
5055
6853
24506
39448
37686
21228
40004
33195
26241
22189
18488
422
24215
2636
9313
1028
3792
40648
23026
14012
9975
3044
37493
19018
36823
4244
2485
38305
1513
32276
16111
30377
33772
39117
12846
4998
29860
27488
23636
37564
26643
12230
21872
39452
22688
4750
23691
19266
7397
12080
5488
19176
19169
8678
31644
9228
37678
23051
30431
26157
30486
18119
18580
10933
31527
33385
1767
8445
30570
5813
172
2238
16536
39178
37102
8079
27461
39562
34009
3713
35474
38152
2102
11494
19828
848
27565
16734
29438
35312
39327
19403
10650
22911
6849
5142
26221
9544
1578
7846
1610
1774
9292
29967
4256
28599
27570
27263
38207
8262
33574
182
14336
20635
38866
27031
22155
18059
127
20634
36733
20050
28427
20622
21006
11503
10235
3040
22761
35520
15457
2082
11218
16693
20091
28563
40818
24403
6255
4437
2456
33333
32920
16355
31235
19389
9585
6107
37797
4062
481
21733
28985
3058
19683
35551
24293
24708
35638
24911
8835
34260
20965
38634
16451
13776
3026
7959
10171
21675
40166
12413
40313
3336
39462
19437
34175
11194
2963
21271
6652
19020
38764
6790
16062
39245
33176
34277
38820
40298
18567
39543
13679
26851
30899
13605
18798
35687
19975
14066
9878
13377
15762
14524
30895
9027
39434
7731
28538
32716
8221
2208
13694
8214
37405
12662
19979
3760
24319
7834
3869
26481
14943
19675
5683
14337
29677
38573
30160
3662
38805
11438
16298
23937
2178
9407
33618
35810
39737
8806
32659
25923
8537
28151
30089
15519
8109
33056
35829
33536
2698
30006
13980
38867
19008
19865
36692
4872
36040
18706
18400
20950
12968
4034
10056
37290
588
18514
34359
6270
17815
6121
18847
25771
24325
10276
40501
18601
16550
17156
26155
38056
15046
5536
10366
30798
25297
2730
2477
36681
26042
35651
14088
15029
36588
36274
14652
25321
20136
2605
26910
5550
11379
40327
27694
36503
19712
19081
31227
16299
29858
9120
40188
2678
3099
11012
17567
19158
26365
2215
36319
18068
2771
21326
24313
28115
40024
18487
30727
9365
3469
8386
30777
3563
1663
19993
40373
37312
33371
28409
21905
7399
29167
11702
40199
10205
22819
38233
34610
6008
9860
16051
20577
7268
12086
16782
33198
16910
11163
776
10545
1223
31165
21824
1248
2718
33612
14499
32525
1060
28907
7601
754
1515
33217
19233
9617
30696
35226
18137
4958
26735
2055
24904
33589
20415
26496
1829
28600
20104
20399
38486
23877
4401
30886
11214
27731
30363
33716
2745
40768
24410
21874
10740
34523
8768
30206
14836
19861
28928
30960
25979
9694
9552
17426
38131
694
331
33147
9050
39954
17891
31331
3746
23341
9200
30352
36283
1053
33584
16136
27782
36972
33134
32239
2784
29657
33254
26623
20746
17732
30211
111
29329
12617
37381
22858
14075
30411
31979
13935
33128
29152
5614
9586
30530
40176
9342
15466
9375
39119
8208
1379
6806
7377
25218
22948
13965
18420
21226
13629
5302
28812
19596
22017
25635
32548
5685
13414
20896
14038
18890
24146
32517
36912
13853
40395
13188
12890
22456
16898
32628
32226
31196
30434
12265
5134
35137
29726
37375
4424
10994
18901
22890
12276
6420
35188
25641
27916
14933
19927
18231
1019
58
33784
2939
9605
17551
528
1393
16506
3499
24839
14579
4829
22650
16246
35138
29502
40534
18061
4453
31238
423
17863
30150
16754
25054
13053
20371
13559
533
34465
14115
29567
27942
18000
34966
3157
5020
26248
1684
3805
17593
8702
36061
23111
26438
4078
5758
37798
15439
3324
28072
34505
4516
26422
8018
13063
2079
16955
39521
6469
15070
28204
236
4987
30556
35870
5895
14744
3172
10817
23024
11089
35744
36111
38505
37027
25781
10345
15241
35791
34796
36078
30784
10590
11086
18014
7672
37958
34284
37079
27868
8354
16248
12261
5781
35987
11932
11409
32983
14017
18219
24278
35241
12341
33177
37162
18191
26584
6368
3129
2923
9870
14128
24697
20948
17798
5409
16182
14782
21438
35896
34649
36292
6772
18027
28342
33060
4166
25112
28554
17687
25093
26324
261
21457
24952
23741
8412
13372
7370
24835
11219
6543
5305
14304
38643
1911
4542
6997
9432
19637
10406
34743
23681
6245
34051
11906
10599
36207
24558
3298
39375
27566
20671
23260
1971
19344
19553
28915
26292
25574
8205
33527
3178
31488
28997
35181
17626
11894
26061
36787
2324
16991
20757
39113
39914
28052
28851
20929
1074
15074
615
2201
28898
757
16249
18221
24963
1875
36092
10443
3607
11993
1906
9641
33121
8356
40000
34964
8785
20179
13608
29813
14705
26425
24774
84
20902
27206
26358
15821
19897
29333
24672
21221
20333
33370
801
32839
33105
18528
24116
3066
13645
13982
38684
23477
10496
2780
17930
7795
33285
4776
18990
25444
39132
20056
37575
30440
30295
16600
38303
22453
40358
29590
28221
34871
19003
15923
1146
19887
8864
15925
7823
35111
20998
38277
11661
13210
33769
17695
1936
21336
526
12465
29054
10420
11260
23470
22066
1197
11691
33557
9308
36406
3681
39530
24198
20143
6161
37199
20687
7341
20302
14862
34476
10672
6352
25477
26380
38753
34721
16250
23883
20140
2230
35491
22778
4714
4010
9587
32531
11004
18897
20394
17859
40561
4905
26807
35003
19922
12384
18875
24601
29012
5783
660
16000
20501
7549
5000
35814
193
9299
895
40342
4002
35618
12260
14852
40153
11951
10799
31578
23127
13660
5078
8418
39768
15987
20423
27217
26615
10072
36171
6618
30538
36420
10278
21809
16468
14795
15471
34983
26791
16033
9398
12301
34445
11371
15786
5628
31206
15906
49
21669
961
18440
23946
3769
30841
34340
35187
10384
21421
36148
9329
17547
16722
35855
14322
12937
27790
15400
31713
28496
39014
29607
17261
4137
2506
33507
30597
241
31399
3906
32348
36792
12322
26736
13024
5307
19181
23178
22167
5692
35026
1459
36908
5379
12720
40530
3765
40219
9855
10291
13498
40082
30322
32235
23344
28949
22882
14192
9527
39561
38314
16372
11005
75
38788
13181
9118
23027
13714
33525
12850
20783
34707
34738
14270
31710
31457
9258
32182
25091
18378
29948
32975
8119
7025
576
19593
13587
30009
690
5080
37123
25985
18171
8159
863
3853
20987
7773
29420
21393
12282
8691
4176
3193
33736
5445
18471
28575
4421
21348
8977
8173
1404
8939
37059
6743
19346
23550
31640
20615
12064
15236
39419
39455
35735
672
4152
27204
25951
36058
31978
30385
36619
34970
27598
24824
40363
36883
34608
20356
34258
6261
26474
10567
18375
11754
8549
19972
25931
17941
1117
22412
30041
24310
20605
37844
40446
22418
5855
24430
2824
20261
23038
30782
26755
11052
22350
39321
13440
9653
29243
873
24117
27787
37084
39832
21363
10507
6558
11919
15173
38582
7211
6665
23491
15306
15616
23190
27941
27981
19423
6978
4161
5185
15728
15932
9708
37848
32365
2313
24816
6014
32870
6664
17968
34859
4861
39816
11488
5689
20587
10810
25424
27838
36130
36519
28022
30059
23040
4357
2234
27018
11571
18276
27456
3861
5671
10444
22552
4667
30239
4296
19531
13975
37680
10447
30993
39134
29644
500
5914
35
19498
1270
3192
21448
16665
4585
23313
7076
7770
39427
6954
38856
39890
12994
38768
11599
9321
6536
14438
3265
34150
34098
3238
36856
1079
18300
22131
40145
20533
32556
31209
34356
11781
11413
20900
12872
11687
7884
12966
15296
36755
31991
10676
37640
26171
33369
30519
19293
21376
39289
35957
4529
8927
9091
35352
17583
7065
693
17469
40800
29191
10256
30618
7037
19465
39486
39430
8657
14131
11606
20738
30421
37270
7893
8844
27274
22170
18818
7378
1901
15848
36434
32077
6129
802
16389
23210
37416
39581
37266
34630
37444
36409
19578
6193
19168
1030
21264
6037
14348
7395
25251
113
18306
25932
38088
1498
12677
4460
22172
27419
24654
20039
37849
2704
3554
26967
10515
6800
19834
21493
20487
3615
20094
35358
30035
34120
15832
25194
10114
31297
12522
19612
11623
1948
20230
35580
20049
33441
31388
30966
7772
16387
302
4079
26039
33779
32250
33220
10792
6612
12082
16601
9481
26486
23707
21158
38230
7913
30467
11031
28497
27055
38952
27839
29931
27730
14262
13061
260
39953
35061
26179
17305
326
37774
23774
37942
19109
35466
29488
9718
31000
15119
30161
23209
22424
5056
14658
39770
28481
32572
26583
34540
25508
19414
32758
11275
11944
5808
2549
23157
39752
5234
16533
29908
31023
15533
14832
21922
11684
38947
6791
39202
40038
12690
14081
9210
37905
17174
29328
8909
3525
35606
31295
35468
18121
14229
5294
10031
12891
32433
28753
23146
6436
10146
10474
24855
16356
16805
2987
16942
23020
200
26369
9580
15150
4394
33483
39711
25792
870
17652
33596
23108
5120
8618
9108
32068
32338
27536
12514
14233
5761
32221
15265
8661
975
1522
13895
17564
19251
32349
28525
8799
18372
39365
2982
27424
33731
31775
3195
31976
23441
10003
39820
34060
18233
37448
30240
6423
11784
30366
7203
11504
7509
18775
17889
14324
10021
12505
13459
23435
25261
18004
39019
21592
4270
31744
36892
4179
15132
3904
11230
25913
26998
28150
9673
7204
9043
40696
8105
13390
8016
6116
3690
9640
34184
15423
8211
23980
29335
34690
23647
30203
16694
32343
1320
39932
12038
292
20608
27723
25858
33498
27692
18499
9465
18819
37458
35095
4796
6366
28909
13255
29293
11187
8373
9643
36475
15746
30186
22427
39512
29261
21604
24578
31651
40592
10365
28948
17075
9056
33877
28901
4193
12117
21562
37238
5542
39288
30403
30380
39851
10508
15726
13805
12507
31159
40343
8780
16913
6971
17396
17420
17367
1367
35573
31947
6048
25025
38244
24279
35552
25672
22899
23075
7758
40560
30125
33310
35145
36230
38666
21048
19246
6678
19615
955
8882
40408
21921
9269
23248
23517
38013
12428
35588
35392
3586
28102
13839
14763
2059
38084
34194
28861
40476
6248
361
3597
26787
3645
39294
15568
24125
23200
12912
16293
14548
20953
31148
25517
10707
8921
1681
38860
8488
21112
26062
30824
32643
8760
18950
35324
3755
35014
37404
24042
36714
28270
37646
26976
10836
16765
3162
9436
37810
1555
22867
11380
33489
21052
32427
18120
29562
33722
2437
13735
33888
27376
38039
11475
5250
20560
34884
14121
20632
8809
27993
10454
36842
11487
33558
38339
8376
22569
34592
29487
24647
6685
9045
23986
21556
40772
249
10774
8917
18458
13139
24864
22504
19740
9253
21480
12250
18178
11558
27568
25239
32734
38093
18627
29159
9182
12553
6630
7095
15850
29857
13236
33133
12204
24667
36023
36884
17112
20612
36790
39944
13503
29500
16454
37176
33317
17896
33644
24227
11853
30173
7934
28019
29871
16379
10764
23089
2929
163
28878
24594
10449
458
24059
8315
885
30297
19471
18634
2948
32384
24195
4486
8602
29529
12168
22420
3935
28338
30901
7623
20778
31113
24927
36047
8374
28139
1380
32699
7496
23719
22014
34706
14483
32880
15846
39996
17087
11361
475
7904
12091
23056
19027
14990
37156
33757
24241
22233
33415
7062
37860
15186
4781
26124
11071
20277
38707
30010
33560
26551
6489
20339
21424
12639
22101
7186
29490
3363
39588
19075
27971
27930
20921
18446
29118
23998
21607
4572
28222
27775
24438
27378
35835
550
5690
20010
4952
38031
40111
10359
22981
15037
2691
23605
26762
31571
9836
22803
11934
21498
18908
13583
10355
31800
36593
29187
8293
20763
29944
2690
20510
27803
38326
2298
3414
29125
532
35096
3989
10246
14895
9808
13819
14780
9591
38050
35085
21682
22183
3043
21375
2315
6755
22498
32099
14376
39234
12370
40339
9578
37276
10916
31243
19171
11629
6647
35597
12394
38716
29204
8158
26744
31565
35830
39595
23886
32639
29536
5211
17818
40461
16707
14024
14809
14223
10588
8561
18246
38904
30272
24145
30549
3104
150
1456
36243
27212
18032
21510
21714
35190
26507
15379
30414
3256
32053
2132
13866
22041
27703
36879
27382
14772
10890
26513
8384
29878
6015
4748
5994
38187
23083
13625
17772
8180
11771
12046
37913
36169
29459
22693
17345
15881
24044
22490
8505
40837
586
35243
35370
23211
32929
2692
18530
34569
4281
21626
15635
19371
2235
25197
21157
38932
10077
19373
22757
39574
7740
1275
10927
20151
35722
25627
37881
5043
10381
32459
21942
4636
17128
1400
24387
27259
31447
21247
38037
25131
11697
27198
30985
34121
12535
10482
7424
28650
2378
30688
17067
23555
39336
22686
3345
20164
4222
22506
22016
16045
9159
9019
24541
19650
28460
40843
11074
369
5693
18028
40016
1353
6763
13470
1759
7821
25722
40449
31722
23653
3857
14580
4679
7599
7605
33354
31352
12118
25919
24365
21892
28225
9925
277
26515
12042
18647
9793
13475
17774
14745
36558
30712
5529
31662
5168
30466
39849
11400
14329
3183
29206
6334
31072
39441
20344
38132
592
18102
26556
15733
11253
25742
19969
32981
12940
11059
34798
4249
23085
8142
37326
3295
17199
40532
18237
38257
31607
20354
27959
26691
19584
39878
24216
5217
30034
38886
28090
7375
32310
26095
21817
9559
505
10963
24970
22366
24710
3617
34329
34906
29958
12680
21613
26236
4869
23646
13350
11019
28846
36391
11456
8185
37688
22389
8824
37933
15685
7149
15260
34216
4058
3158
30031
34865
24863
21593
21000
12088
23438
5889
20486
21996
32540
13626
27808
25944
20723
34124
15004
3112
38358
7982
10822
17163
7299
97
28343
11145
37359
26460
17867
6712
16388
7615
33789
29665
8438
30399
15451
27678
19150
2287
34558
943
18254
16262
38431
20095
11353
39975
28633
21029
21150
443
8342
14447
13915
35009
7340
28977
31504
24662
8124
12860
31257
35454
24694
26311
4761
39265
512
25334
20228
6540
797
54
28951
31726
9143
28874
32483
25624
12420
7305
18478
19056
8048
19282
21778
10423
38262
12899
35763
19191
9208
5264
19503
37304
29134
22606
26985
26180
16326
27187
28771
3964
28834
33301
34105
31002
29741
40223
25531
5779
37870
15536
32455
21718
15139
11441
7386
22405
3777
27939
22723
9889
40537
29893
39051
34606
28888
38258
32843
25381
30498
36387
762
32233
18275
14892
17761
10718
24194
26145
19273
37826
10702
17360
22777
7403
14749
24182
22818
32281
2868
13433
7053
298
33440
542
21103
28910
9328
34904
23571
2405
1754
12176
21469
31910
30713
23560
38902
9871
11222
3862
5441
26650
37819
17862
30651
20588
40452
3002
14785
4207
21843
23666
17054
1609
13933
15111
151
6584
9157
10742
34837
16557
30931
25542
35807
20315
31849
11477
7667
22053
12150
7004
37495
9869
30553
23293
29887
34731
11421
24806
21573
39386
21665
19513
25754
14732
36795
14605
20572
15714
18845
5566
16146
8453
11985
3416
20919
27250
37227
31408
14414
32822
20083
6115
29868
29833
37647
30702
7606
14116
23904
3262
29837
4470
19783
20740
1032
20286
7520
7468
38288
9496
2239
31888
3349
22006
10115
36096
39888
8055
33776
19341
23533
23466
6661
2374
39191
36006
6663
37527
25046
3493
39377
12821
7269
15331
33940
27711
25679
17744
26409
36474
32369
6585
29437
28394
33907
7446
14107
7314
35681
2934
4793
20884
12203
36113
457
40824
24017
16631
28611
3074
4523
26463
14757
10092
29040
8468
7862
6972
29683
35785
31152
14788
8410
19634
20639
16220
35992
20885
34391
3757
31598
29925
22868
20868
25571
21587
16982
37533
3661
9820
23087
34836
33639
32682
34927
11649
19631
8681
3012
12862
135
18710
5789
25369
28041
26290
35274
21197
1802
8019
25332
6756
16976
18248
12351
7780
26254
11575
23801
2377
9175
33555
36082
17179
2033
37348
13185
35919
31990
36580
8283
38432
17724
31822
23018
4833
12337
12835
20153
34302
31
35013
15362
5665
21300
462
23826
8841
25705
6546
14491
12709
27267
40803
25414
17368
19343
22636
4383
25138
14204
36139
11902
1913
10208
22031
28797
5182
40114
33925
7221
23410
30501
28330
25345
22531
2434
11352
40462
25600
27351
28367
30520
20753
11244
21719
15675
37536
40690
24779
23219
7728
13042
5866
31122
35971
3167
18832
9180
33631
28045
13526
27099
27406
25338
16902
24045
38875
24519
11858
7448
34267
36612
30778
37423
16905
31319
6656
16974
29729
1249
13117
26914
29714
3135
7304
12888
20943
1205
32710
2593
5997
9266
30484
12326
39508
37431
6802
18731
36630
40669
5777
34893
23304
37904
15607
26763
24159
38067
11811
25817
30602
31998
24393
38342
24
25068
27360
34343
5704
4000
8252
10407
21652
20426
33892
32601
19859
14435
25006
34980
11534
30870
1923
3806
28236
34461
8413
10106
667
17193
34611
38111
6998
22289
9478
20369
24051
12938
24418
21232
1599
4699
27576
9778
27877
25357
6509
9659
17276
15193
35691
26280
1133
16276
12473
22011
33708
4411
10188
38046
39484
22554
23596
6751
6550
24997
35874
14581
29027
36083
33090
13606
35320
13071
23478
2518
27913
24833
17553
26596
13910
33362
39111
17251
5607
18005
18811
4374
11544
26743
8302
39596
28124
33682
11358
38197
13720
35157
21974
38083
685
19689
20665
1420
39726
23754
26031
25465
35260
32557
31807
29636
5112
5396
9807
40766
33792
11136
20442
26595
31499
983
33944
33809
19860
31959
14560
36341
31474
38035
2822
9485
38414
39708
25235
38452
24714
40851
10074
22222
4519
16687
36933
16886
19455
13580
827
40738
5319
10986
2978
40831
21698
37665
7747
30849
3831
28919
12616
30362
25936
35798
25922
2630
17712
15815
28666
38838
20637
8873
31363
5530
36437
39116
31171
38297
29672
25654
24487
2141
2048
2975
13938
24448
4812
8571
17656
28550
39535
26902
3222
28960
13281
8320
28122
27457
7189
18109
39709
6264
14035
28871
39300
27289
28402
33947
38556
6847
6928
10885
24740
26199
3844
19298
11374
32486
31423
12961
35993
4162
30540
19672
38370
29188
2922
32208
12518
20986
14244
26315
14226
17948
9505
32625
25472
8415
38948
4306
12290
10724
15887
5642
1651
12126
5015
9948
30890
38884
22870
19501
32368
19464
10781
38615
15996
613
40505
22994
6738
18498
39974
32740
40615
16005
20201
14688
21927
29834
15560
5934
8606
22613
17258
37451
27505
27743
20276
35647
18537
13275
27361
38809
32751
19245
19549
40432
12602
4681
2988
12457
25719
6
3263
8774
17390
15378
30056
9688
36269
14883
33677
36014
12291
30033
21767
33179
197
12569
20384
28741
10118
31671
22296
16521
27385
24352
29615
13392
16928
29617
37642
18898
3816
14720
31230
4943
3323
35060
6297
12824
38226
40707
23090
2582
13529
9514
22896
35587
13624
13888
4400
17534
10102
11257
8190
32945
33577
34805
32855
27370
17470
38268
26637
18776
16766
10502
30400
35833
15094
823
20219
26833
14429
23346
9344
14891
39237
3874
39544
29197
8357
39345
36173
502
8401
26559
32677
35052
16915
9665
24589
32889
23353
32033
32398
34571
36324
29821
39984
993
1919
10882
18810
7712
21861
6268
24244
5980
37769
7265
30847
32807
34293
20566
11315
19613
31538
2478
38557
32621
11426
18419
12969
26537
3594
1841
11043
28685
27079
15893
28227
24102
20966
33357
39903
27175
36051
40065
20285
12736
18888
3599
8652
33652
38560
38695
16466
23287
20657
28957
901
1894
16285
34700
5795
26470
4333
14382
31735
26986
14139
35793
27232
40637
3929
32423
27805
23362
29055
39675
21671
18592
21205
36350
29733
28534
31349
9411
14401
17956
11021
16215
11506
621
5223
15737
23561
15576
1338
35434
38530
33594
23509
28835
1665
4217
38
16186
34946
28738
40639
39727
25048
31283
29768
19139
25145
4898
39674
15537
30725
6522
12622
38665
15124
18322
4407
18923
19660
23984
14282
2038
23961
19699
14469
39147
31881
9295
5744
36672
30048
23701
36329
26018
6899
24973
55
9534
2928
34668
30215
40230
5732
17776
23326
5370
1260
3688
18544
27334
5830
11386
6783
9082
995
34168
38162
9581
22683
12297
35490
18760
23735
25190
15564
35196
39648
18886
15920
11111
19733
18913
29790
39368
14042
29933
29949
18140
2572
19332
9099
23784
13721
35718
10577
2041
3458
8023
4537
11514
25827
38535
2200
7965
31042
711
12105
17830
38256
14635
33836
24196
22337
36114
23738
871
31823
4425
10692
16085
38385
25022
37452
31859
19668
35099
31939
23036
3008
9340
1930
13435
12582
465
16129
36003
15823
28048
23786
4449
7504
20425
19439
40771
28991
36679
1017
7671
5713
10700
35590
7820
15803
26283
1671
21703
8328
26021
19510
17192
7775
36115
19398
31276
17749
2992
34651
14922
5916
32725
26427
3565
16656
35349
18384
1264
23789
2511
9166
34453
3182
15609
11648
31902
421
31915
26338
37254
18719
9416
30804
12469
6282
12978
17727
21972
34907
30893
31420
17084
24546
30339
3926
25533
35736
7302
6796
953
758
3936
12722
35462
12097
17718
3738
27328
37133
2757
31432
9251
11901
38225
4521
22546
22413
35087
20766
28740
25663
39569
31579
32704
29354
21164
14451
6823
28889
25150
38309
19573
29217
5444
32481
27747
26020
8212
24389
25680
40743
30450
12184
2143
26289
28688
19124
38463
34753
3367
17296
33505
15452
37172
2856
10163
25442
38118
10607
36952
32115
7964
10191
11954
314
26940
39668
23102
7838
38659
27920
19982
25809
24657
20913
37345
2732
13892
34074
710
17541
28298
31856
3001
28032
19936
16727
13561
2359
17937
28295
38236
939
15506
11446
28930
24437
18855
22397
17726
14825
21523
14344
9454
3609
40055
14193
24183
8655
32076
35421
19588
16570
5398
16638
34500
18280
21120
27715
2785
14639
38920
26357
13123
11296
14848
29990
29792
4548
25201
18599
24788
37157
36489
33005
19602
9123
33797
6045
513
18796
39805
9126
19558
31145
40128
38196
9865
28659
10422
24149
16
24210
9918
14092
14917
27767
38352
38655
17274
40047
7094
4274
38441
37031
12145
40064
5915
33448
7213
22213
4039
15091
16930
7145
3176
17378
39318
2971
31379
2919
11306
3925
20216
34510
4377
40492
18040
30917
5263
5531
28308
29184
26997
18242
28500
32042
27753
1536
33042
18611
12845
17999
34779
21584
7481
28616
7112
16852
4923
34472
1042
21453
5183
1967
20917
22821
23521
36928
23579
21084
38538
30820
8868
4571
2738
11485
21022
7618
6226
1963
14303
38085
16017
38274
20543
39703
10902
16197
29466
21110
36193
9202
23109
15669
10125
15946
37314
31676
4386
33518
15556
24641
32186
14611
17495
16338
8264
13570
40533
38813
27491
8251
9802
15187
40622
6975
7365
32411
33835
29782
2931
20235
7918
2490
6526
28014
22422
37494
23645
2736
31704
10370
27437
33364
38353
11501
13151
36968
35873
28965
22888
31013
24540
36264
12438
9894
654
34745
30537
12191
30907
31109
26962
9530
33917
3185
10096
11127
12028
15687
31353
38555
25662
12755
10316
40267
22024
23994
3584
18133
3467
34925
29788
25878
18588
36241
13355
13201
12943
32447
5053
28660
23389
853
2828
7580
24682
6184
1013
17104
8021
7751
6571
30368
32478
18398
7725
40321
29481
14432
13695
20617
7756
17452
31932
22480
2866
468
34040
17864
37683
5627
16789
23746
10629
27634
3091
33719
15480
12910
18168
35158
6682
2503
22943
24323
27517
8161
30353
16678
19905
36973
5420
40148
5383
34146
7854
4663
1880
28642
1100
28426
9364
18049
25668
39266
31118
40286
15063
37977
34959
2654
5947
7813
36783
34420
35946
12443
12695
22267
24651
36601
16452
26440
21629
20307
12752
25855
5106
12934
40806
27842
39513
10411
16922
35364
31950
1560
17074
28303
7085
11695
12580
26749
36839
36293
34183
24113
19105
33851
29117
25016
8429
10358
12286
13939
5588
11931
9293
2345
22904
40107
30997
33634
28089
31074
3641
15287
27
6606
196
12900
3744
15366
11512
6424
1933
6889
6209
11337
34605
4396
16383
28787
14689
36089
10833
8394
3214
25881
26013
11048
32832
9119
30759
34452
17318
33931
7477
23917
9753
32954
13055
6483
19489
36567
37195
33655
24958
33080
17291
39099
25164
26972
17284
15454
23838
16349
7519
11202
31466
231
8567
15593
24965
26760
40633
14403
11007
5165
36847
31404
13110
9541
40698
3552
27917
8270
4822
10470
25042
19337
33636
27462
31675
25532
4931
25314
35931
8336
25954
7720
26954
18979
21286
32345
4202
38518
13314
20319
22432
21063
20514
36707
33834
21122
37103
34010
29314
36253
31721
30079
33659
15125
17646
10252
24414
26176
10325
15520
609
39728
17842
13709
25376
23565
19461
11095
7875
40335
7330
14856
23453
12482
9791
17300
37861
27225
22895
3466
16418
5342
25167
38347
4974
34234
15653
2791
15826
12815
32491
35894
21517
19178
39323
9000
5421
38498
21897
3153
21564
9031
24616
30580
2755
31333
876
37414
35301
11097
6915
28153
20836
36655
37211
17907
29453
6782
14900
9594
26979
4408
28231
34555
12512
20082
26137
38879
25268
17287
18009
5233
2481
38110
28987
24397
2590
22669
24609
21790
12288
29757
10320
18870
18563
31880
15153
19151
5612
8036
20264
40643
10777
13487
36528
22956
12321
23162
21794
10388
10181
26841
35430
27796
13278
33977
29057
2168
25996
25513
6502
20895
5569
13385
35989
31314
574
33899
7585
34006
774
16318
10037
35510
1525
32130
7787
14412
24664
21109
4510
32664
2542
30627
18914
15585
19633
40710
572
34882
31631
2837
14472
40359
29533
12344
34020
33724
6225
6575
12798
31695
27270
5724
32859
11157
36654
31920
35885
37745
37041
7256
3841
14562
18503
11316
2749
35947
19466
11046
13227
6905
16552
37256
5678
6602
32922
21312
28681
17346
34741
4855
12644
17926
35650
38554
36084
22947
5953
40376
3119
15356
740
18966
9873
17697
20068
5857
10587
15540
33971
30676
31980
1072
27239
6032
25868
27872
13867
30738
15809
11521
27835
2588
31180
3772
5559
6729
19294
19544
9387
27878
35680
25721
39408
45
5108
30277
18015
34082
29383
11452
24246
5637
11851
27611
40126
16330
6484
2310
26667
9692
20458
11121
11882
23957
24768
24109
40582
40362
34467
8766
7505
22542
19438
6238
25466
8087
39192
14851
11601
39698
23286
21853
17442
17201
18149
12090
653
4182
1233
30078
37925
40440
33028
12409
20949
18430
3030
26773
19669
36100
23447
14441
33727
18656
39915
38837
9415
34193
18217
13479
27429
35879
2250
7169
23297
34511
27961
23577
22933
27097
23779
23710
3328
23532
3817
14388
25746
16176
24893
10093
33152
24395
23632
25547
25361
6534
14380
31092
3311
28336
18054
18016
16378
28974
34591
29234
19361
30839
14924
20192
8612
649
26087
17529
3871
40221
27132
17443
4345
16289
4028
8968
8984
26525
27690
36248
22501
11291
32206
19773
11412
12513
6976
6675
10280
17623
39003
22037
21519
15594
22245
2881
8045
25522
13468
31779
11483
432
36183
9455
1855
28360
26070
34609
22138
20806
37735
34100
32851
38509
15337
5349
1481
25897
38478
3228
9193
17357
6845
39492
39296
9489
539
9796
1891
32426
7609
36500
15357
9943
11411
29719
24345
40811
7249
15240
814
35898
31021
39255
13302
704
31495
14814
12148
27368
38982
27561
26030
19535
4654
7610
7113
34416
24889
29565
35698
40407
341
1395
34498
40249
933
2742
27027
9572
2620
2076
31872
7140
32215
30456
28621
18086
33311
15238
3144
35945
17817
25606
14478
5778
29986
34961
24726
6373
35246
14036
21471
9394
14439
1740
1251
93
27999
18678
40713
35794
16681
14887
1360
2491
18578
6421
12440
23548
34066
34096
35790
479
4388
26606
29092
13280
9233
29165
27091
37083
25171
32590
14016
38123
5738
24048
26446
27168
10798
2817
3697
32804
20578
3492
33303
30367
6514
15590
25276
1668
34034
26758
4338
30407
36334
32184
37399
8263
20268
14715
38174
13093
17486
23316
1482
20282
21956
30525
38649
2632
33561
29277
36677
22136
26696
19517
10113
22062
30581
16331
31719
370
7544
35209
8349
19499
7801
9023
39316
16850
37952
18668
35544
25372
33725
17872
30857
28362
39354
3696
24155
21859
33676
14651
24461
24086
26855
34390
31817
1480
16167
38237
33313
32351
26689
10971
36953
67
3028
1769
31992
33129
31052
13097
20435
1398
8997
6229
39501
1939
4825
1483
20100
19284
39593
1624
8940
2772
15215
30934
8932
34481
29364
29883
30567
30852
88
20649
4147
34941
37361
1810
26281
39923
37787
29264
27236
8854
38526
5068
19623
386
28130
14207
28384
24602
31038
11391
17967
18287
12141
26922
24977
7859
21831
22671
4939
27661
29309
19646
30293
30642
12590
22674
6046
37992
4291
26385
19219
23662
16775
26958
5038
14794
18677
26960
38041
3424
27095
37137
24953
4686
9639
28241
17885
13466
24062
9010
11568
8615
35198
12130
38071
15852
27627
30643
32112
12475
5243
39933
24147
17574
157
35700
1633
37865
31759
9468
40396
29320
40133
20774
19770
4887
18853
36121
5537
491
9736
12826
5687
3895
4594
4259
4744
29358
32326
31214
16370
29115
26870
14156
33264
30311
5860
6473
5854
36415
7023
21162
25445
30636
4506
31729
11530
7311
1067
9662
40770
34169
15413
10596
24742
35217
35610
8720
29265
25233
3337
11154
32093
18435
29847
26906
40094
33997
37634
11416
19146
28271
8198
36862
38127
1281
9946
3533
16133
17629
2847
37605
27752
14100
12527
26994
9386
11169
5873
24899
2111
30436
35379
31088
22156
33580
30800
27592
16088
8784
27989
5483
6732
36136
30503
14445
38868
1584
6692
19006
40741
36363
38179
25860
17333
36383
37334
24996
15158
16980
40841
33739
6658
25140
34947
14118
28206
28064
39686
20026
37463
15710
8886
17001
35589
40103
6807
17965
1127
538
20733
15445
15872
10099
24458
16705
6296
5003
38141
14196
19618
2133
21087
6922
3784
14693
18733
18981
15686
15795
33025
816
37335
11995
36315
5229
1904
39425
34211
26933
26488
15180
36718
34485
31391
5285
16470
17866
34509
17373
2789
10653
33966
22068
35553
3583
21310
26626
2642
9801
36888
5722
11743
23272
31446
28123
6941
9811
7163
7984
27058
10661
40296
3723
11051
14157
33051
34671
21073
28818
22880
21181
28946
24924
40579
25318
19943
7874
2583
36762
16485
2005
29157
12484
6387
17796
10512
2169
33625
5157
10666
1330
33401
12754
521
13014
31161
17635
23556
13715
30044
33300
36002
33248
35634
26578
26574
29425
4496
7536
5897
12534
11355
20829
38637
12162
11083
26506
28920
7695
31692
15126
36869
34460
25413
19622
39066
10180
18955
1699
11967
16739
11947
33734
30723
4586
22621
10287
20688
13445
6730
25946
25303
23617
16332
227
39705
8093
33365
14850
24914
10005
4466
35299
17716
35655
26555
5709
9424
95
12493
16505
18722
789
18625
879
11950
32674
4764
10990
35000
12451
40346
14399
14161
16351
6994
1603
29439
25749
7444
37822
31686
6695
7072
7405
15588
40780
4651
24409
17386
2157
10598
28182
6859
7779
16334
39340
1899
28937
23021
1743
22734
32262
22576
29246
3138
15563
39920
30916
27016
30471
36855
28767
37922
23323
18714
18834
22142
32272
38346
28050
10541
18261
3889
27653
15404
18533
35594
32232
10010
6236
34590
30940
14783
36127
23201
14975
2325
27948
30202
29995
20941
30898
35613
38263
26633
22436
12725
34396
5580
3649
31481
20174
3369
400
16927
11492
28838
36837
39689
15922
25630
39514
35314
17685
7398
25066
1308
16069
37225
28690
37171
24890
39591
26747
25841
13090
31791
8054
239
38404
20352
1635
37965
13628
3981
2256
24503
40238
13767
26845
6964
4715
17975
15859
32903
16142
16753
22065
2741
19224
34736
19880
34223
7903
2172
6213
25327
40769
9897
12977
34053
13752
35325
2171
19704
25853
32915
13202
11522
14209
8987
40294
35398
391
5730
9290
33388
26019
16166
1857
149
39811
31033
28504
16563
1934
18848
39034
8483
22184
13511
3386
10712
33234
34848
34230
35377
1084
23993
9845
30596
26989
17090
31030
29263
4023
10300
1234
30970
40178
28314
23194
24069
17598
27840
16911
13948
26132
36357
24560
9680
4902
31570
22026
17427
5244
19547
4785
19649
7603
28266
20715
12251
15789
35167
22372
33524
11068
23793
36162
20475
3740
14231
16253
18052
22651
27622
23044
14538
20449
2607
33528
6468
4164
17901
12946
29361
1879
32175
33155
14363
7700
2499
1557
9187
36215
35542
34126
26276
2912
11153
10337
7200
6930
11916
14027
16515
18645
3436
26670
286
29009
525
36828
28416
7760
35041
3601
32518
12704
7168
32675
8176
31133
26156
7238
17570
13518
7271
31373
37576
16816
15902
27820
30053
31737
11846
16531
14228
12921
24169
5231
29841
13620
11980
14098
28886
11517
18302
4446
1673
34681
11034
12058
6634
25210
8754
22265
11644
27801
38126
1180
9444
28357
24077
8123
6499
16609
20396
26273
14409
15509
16691
12740
483
7967
29231
3500
34338
7248
3098
9887
32597
1085
24584
34869
4326
275
30952
16951
1863
8718
25894
23822
26865
32393
37571
27349
19734
22391
18073
28866
9832
13232
40507
12347
2019
15221
27754
25926
24248
32464
4312
5247
24135
32578
20591
32960
32708
10619
6212
38354
8083
21437
21745
30092
15689
38427
11708
24992
4203
1231
636
26903
7853
16590
36702
17518
24158
38375
12623
2258
30445
11077
4934
10504
10403
17619
21191
7564
19940
15539
14815
17935
24072
31955
32499
15694
39239
13554
2994
21574
606
19295
39271
2569
19321
37161
11979
7538
40381
36417
21632
32458
13446
29694
14919
29914
25019
33316
22699
22987
33222
17250
16648
15868
28585
17431
26017
33494
27988
20446
9607
4363
19702
31182
21248
18967
15421
14067
11840
1271
25399
34757
22859
25484
16711
34225
37205
38063
1937
33435
28011
22329
8902
30999
15858
2245
35148
12014
28004
5849
14318
30876
38189
16431
1073
20044
13228
5584
21127
20520
26204
14928
22148
13604
10892
3090
12242
29697
7824
6000
14638
7259
35812
3461
11732
15155
15112
28219
11705
28322
36978
34310
35282
39988
16012
26186
7572
4043
19954
36780
37223
32312
25373
23282
30806
17472
12863
2480
3778
29707
1817
10391
32789
14940
2801
7416
2404
18062
31878
36678
13142
34786
27171
2449
13018
11186
33745
34022
317
8530
39091
8275
30949
40063
28785
4280
36909
3605
1876
22623
13418
35750
14495
28043
36422
30265
21954
5166
32074
7715
16247
7753
19148
4959
22419
22137
36860
34361
13162
19968
13220
31327
17166
4778
29017
18504
34532
21484
8574
33559
19104
27098
23332
11453
26516
1642
24336
32818
3972
4144
1978
17602
13872
30325
8213
39633
16259
23795
5894
31312
19189
1303
17322
6669
20232
31220
38969
21596
4912
10887
22729
31031
28306
10155
6009
31777
21133
20780
11924
27662
7973
15055
40268
12922
26719
12840
30485
26830
3729
10532
24188
36180
7372
33288
19342
24998
9988
29592
11936
13533
24160
19411
34526
21816
34720
13293
33428
22957
27802
35121
25330
30531
26089
30120
30140
24094
29147
36009
7273
28149
14753
14626
21284
39373
9168
18429
13438
30853
19585
40815
3707
31370
25885
2727
1118
15754
26448
15943
8244
12897
40701
19436
32958
16655
13356
17335
16949
35281
5670
31584
476
31453
12786
2711
35554
13885
16541
8573
36891
39798
34295
12853
3160
38925
9629
16193
6275
25191
4351
5132
29144
7239
17671
39174
7976
32063
1034
22218
5917
26752
18778
35360
11069
27549
1749
22054
39439
36477
8218
1345
21751
34854
37583
14218
11717
7121
36635
4520
15988
40057
20178
11359
22033
4866
1994
22920
30745
8017
2986
2246
22034
28391
21757
25097
36446
19208
39399
33463
29280
40510
28023
5107
20273
19647
2833
17513
29323
14918
18385
5600
37656
3021
34867
11431
40104
38601
35633
14597
5881
20822
20901
28594
9203
5063
6407
5790
34174
25516
15512
29910
5041
36321
19698
15308
2533
9606
12450
34766
36056
1613
33975
33499
32683
31672
8869
8887
34758
31371
6539
35614
24954
15464
30439
11478
3314
19226
1661
12727
16426
24794
20853
32781
38453
27997
38437
40056
27297
5533
13366
38331
630
35545
22229
10611
2740
3959
30785
37529
9533
1363
7334
7251
5768
548
16889
36403
37112
21842
4919
18867
37267
670
4809
33094
1955
10026
24468
40393
39121
19028
19724
36095
36440
5581
25982
25607
24610
18309
9651
1055
21659
1188
1091
25534
31731
24787
33037
4490
32031
28085
24917
781
31430
8426
38945
22972
8586
11872
28578
402
633
14513
2610
37840
28411
28197
23674
1837
15334
4458
39366
1063
27677
35393
38713
37489
33473
40400
30989
10142
8656
34762
40749
2040
40135
10486
11247
40545
9723
27389
38079
15700
15561
10281
13032
5498
15281
15603
34619
30360
1795
34919
31380
9346
7298
10154
24696
4913
7012
31628
28371
16523
27806
29669
725
3795
6529
33553
4777
40636
37308
4798
40020
30825
38308
3248
6242
12464
13581
36550
26004
28088
22348
38924
34910
36934
39853
18568
36853
36549
28376
3391
26027
38448
23374
36948
25748
17754
31338
35203
1917
22255
3942
19162
7761
22991
24229
40625
28999
24760
27980
34620
29465
27324
25324
27107
38030
6398
