15484
19735
26219
5772
21951
25871
4808
664
13362
8123
9363
175
5063
18296
18446
14752
18007
8934
13549
3649
17150
20885
10923
26300
7239
2246
14689
19486
11252
16402
7966
13671
4546
18067
23252
11257
665
20428
13186
18392
4040
14764
26168
21819
24720
4754
16229
10661
10502
10109
10177
15389
21723
12072
10343
7942
17169
22742
7555
14745
20776
9622
8286
1519
22050
26629
26517
24881
9504
8085
26173
12530
4210
654
287
7614
22552
5488
8939
14705
3859
2292
18499
16974
15028
8613
23179
17084
19360
2112
11305
5115
19517
25812
24033
2931
13415
18658
3392
6539
9970
13442
19114
14986
19489
5640
24171
16279
8229
1770
12275
20586
6147
18096
21777
14842
17319
5272
21782
13830
849
14003
10355
10319
7452
21203
15628
22143
19057
22752
1432
7633
14426
21420
573
25711
14589
8259
8197
11798
5349
21339
17867
19985
20636
587
2866
10059
11352
5119
1284
17322
8623
26472
16740
3213
20595
1312
11344
16779
18457
1838
69
4652
22162
1937
7940
24359
22424
7165
18186
4614
20870
8829
25529
18637
16393
11060
18360
10382
9756
26019
18468
13808
20081
14173
393
21402
17250
20795
2265
346
12188
19678
15069
22635
25065
18530
6604
16499
11727
21992
2913
6934
11849
2575
10516
14504
25776
18777
10904
3913
9398
17731
4323
5074
2617
13333
1880
21707
21054
10423
231
18579
16081
24582
14939
24396
12112
10165
7613
7181
4018
19589
11581
17950
10453
734
19940
9496
13598
6093
22137
6460
15803
16774
24627
6236
25192
6688
2141
5299
18632
8442
14616
5310
6937
2138
10354
15346
13960
22863
3251
906
14739
18101
16311
4253
15770
14353
15946
3075
3085
23775
11555
16698
3149
7734
22185
20198
1610
7359
26214
629
18469
24019
2016
1716
17796
20851
1671
23914
6395
3349
14987
23382
13010
7664
20491
17097
9204
20117
5824
7533
679
4722
24859
24474
3389
11105
7024
21041
21766
6151
23278
19937
21156
5217
13211
13409
5791
16119
8186
11569
18706
18028
26227
14945
23744
22662
15500
25340
22300
12156
8835
5384
1631
7325
11971
18979
357
11235
11989
26542
3568
25149
2391
16640
22134
2708
24060
17543
10331
13422
21565
11237
17607
23819
1291
3908
13876
11467
4268
3077
6628
15940
23145
10309
6778
3119
21794
9853
10515
13355
6477
13380
268
18473
25957
12431
7689
12139
118
13181
909
20075
14888
14795
22682
21192
14360
24566
17420
4542
6099
14072
13088
4283
4734
12778
5737
1761
11187
8987
16233
18702
2378
21917
16613
22794
10956
19744
8319
405
1043
23816
4825
17086
21462
11680
202
22199
1607
21725
15367
7879
12413
17509
23198
6789
222
13646
6330
23792
14784
3146
21341
10683
6297
5179
3104
1146
22473
26505
10328
3155
4357
6001
5061
24270
25734
14334
12463
7204
3487
13998
15954
14373
2672
17511
8447
19498
9268
20123
23786
2384
7215
25305
6883
20416
19579
25754
772
12250
9900
24726
25217
21272
13424
12343
22177
20805
6489
7148
4055
19344
14772
23218
21938
2588
25628
11637
13456
18540
7027
17726
16882
13783
4233
7195
23818
7548
17443
23509
17145
16728
22219
15802
13124
6749
16563
15404
7608
11281
4264
9729
11892
2800
10202
17056
24554
26167
21073
17078
15059
3417
19806
3998
2465
12404
2498
13008
4383
2710
4421
12760
11845
4394
26584
24572
18668
23023
15316
9716
13673
1317
11722
24296
7078
2640
12147
7133
6869
2332
14361
3263
7340
18383
21639
22606
20482
24715
8131
3599
22048
21224
10296
18956
26236
15320
19787
12857
21490
7109
12386
747
13954
12010
2568
11536
12020
24824
269
11498
13340
11598
8832
16778
11846
17858
17694
3203
20670
12964
11803
5160
23176
18188
17760
20711
15114
251
4365
12551
6391
5467
20396
19356
1524
1094
1234
1096
24052
19041
12517
7908
16489
17618
11735
23428
1270
19321
9243
12392
21376
13814
2776
19939
419
12586
11990
6990
6445
4417
21028
23157
11217
14310
10084
15692
19441
25139
2829
3414
4072
4058
22090
26402
12470
23369
8872
13864
25535
19248
24249
13765
24578
21609
5172
21493
11887
6320
22334
8047
11208
14
10816
13092
13636
13053
7512
9498
10611
2442
22032
8360
19893
21587
16559
15550
10528
11462
26449
5708
18369
2629
4005
1881
21334
1465
20654
23530
3551
23992
24377
22965
3408
7571
20716
3848
3458
18892
12481
7308
1638
19765
476
16414
5970
20946
6098
5989
6084
5456
24173
172
11964
7787
24245
24230
8231
24183
21369
20567
14171
12085
5802
21118
9590
19243
2129
25659
20881
21895
3080
15018
22044
36
11135
556
713
25157
18432
19880
19967
22075
10945
21741
4685
5588
4297
11850
16303
19536
25636
7710
22945
21374
17550
2258
25692
11037
9713
22374
6707
15765
5388
5752
25109
4535
14905
11254
8954
15019
929
4144
8498
5889
22518
1567
8693
23313
18450
11389
987
6659
18017
23362
1596
1454
1623
17412
13298
12462
21796
8399
12345
6894
19503
18818
18429
26023
6748
8127
16218
24520
1657
16385
22004
10572
2414
12078
25670
941
18403
16111
5856
12804
532
16942
8951
22260
4196
1106
6684
10530
22918
21149
17347
25879
18886
17242
19560
16059
26276
1115
18104
25182
23821
25476
25184
12329
22961
11300
1044
14053
5002
1987
19466
8072
22505
9567
2085
10088
24330
14673
6783
19700
17158
22046
5043
20217
22781
801
12915
2599
11539
1352
24386
25270
13337
4374
10321
13641
24017
6535
16657
22601
14579
8778
6964
3430
8425
15336
19764
17573
3817
17605
13575
19312
5913
19484
1585
11868
17907
982
16519
7649
21732
12122
24922
8042
9378
2529
17539
6184
21573
9207
13118
19975
2986
1292
24564
14694
4852
17939
6714
13474
9795
16271
24037
11855
17188
16610
7848
17326
26080
17598
10748
7287
14922
7153
25039
23123
18646
6301
8940
20230
15948
4906
10466
4580
11687
18338
20471
21267
21657
9861
23946
8052
10457
10616
8970
8305
8158
5577
3923
8709
26394
3662
25877
9016
409
20994
21120
20631
684
22308
10132
26328
23381
20835
11182
7784
17111
23747
2008
6116
23311
20658
5746
2157
11603
1512
14047
16887
19388
13378
4978
8805
22920
22812
11005
20338
10775
18568
8564
17118
8255
19331
24519
18023
1196
18624
26565
20501
10910
25136
9061
6826
1422
4171
25590
21715
6678
19293
1310
15979
18300
14211
21247
12730
17447
4959
21002
26148
3054
17561
18494
6509
21761
25096
3629
13551
7207
16780
26344
13520
16433
8732
24289
9229
13570
24917
21305
6256
17668
135
1527
6167
6401
19996
11416
24062
4029
10918
6271
10265
21412
22928
25854
2226
3046
20267
18960
8517
21618
16306
6508
19832
9318
21295
17576
8795
6592
20878
10280
17285
14915
26490
15384
12084
23931
22823
6240
9619
23735
18802
25208
14985
4165
27
6693
24812
18828
10032
23038
13078
4880
19595
22718
20583
22841
11015
13043
16776
22542
26205
26208
5259
11914
22361
20386
16464
2279
26648
8391
3600
3631
13566
9490
13921
1409
14933
9509
7918
5631
20370
16852
1371
16422
10682
10940
7973
25903
12521
3073
3169
9617
26614
8809
17826
25167
21801
19718
12083
2446
23413
14076
11375
21310
23420
8538
1334
16099
19811
23204
10103
22415
13929
14011
19435
26207
5465
7333
3571
8637
7269
19976
26458
24239
23122
2896
23709
9627
23052
24076
17277
17501
9459
15923
25380
11222
26162
8530
8212
7201
13381
13844
13375
6745
16482
18272
10049
12459
3007
19846
10330
21936
4616
26316
19406
25634
15535
7009
9895
11715
24609
15557
20693
13797
25452
190
19713
23564
17947
15232
7394
15697
25176
21068
22777
11385
7321
13020
23003
13185
10539
17102
11778
14286
16163
4338
23361
558
4885
20925
5264
2315
11564
6920
26102
17472
8827
22979
24786
23938
3855
21692
21018
4293
20970
4313
7619
18714
21925
4022
14420
21060
15291
19051
7058
15376
10726
25643
21070
18002
20509
14357
5499
6523
13843
18830
16427
9314
16950
17584
4548
4065
12321
557
6665
8383
15704
8821
26174
19527
20613
16883
13395
9429
1872
16289
15530
23187
14303
14217
23283
26465
864
18040
7735
21621
8522
3448
9710
4465
9251
24943
1823
16093
6043
5974
22081
16107
380
19944
2542
14701
17460
24563
4834
5047
16425
24464
16045
15374
11373
131
15858
13256
14538
26311
26211
6179
5052
14105
14408
15520
5583
25665
17448
12685
22672
3632
847
22571
24942
26380
16695
10848
14817
23532
16745
25455
850
9121
13731
13433
1815
544
24873
16359
20423
14735
1058
2780
25619
7665
19461
2837
2114
1369
9580
14132
3604
13300
2683
9816
21145
17445
10909
13714
21395
23667
12317
25418
17888
24252
5159
7674
16026
22708
11774
15044
15653
12167
16959
24495
7199
5580
4061
382
9871
1077
23159
20916
21675
17772
25513
3549
19127
17405
8473
18997
16371
23139
9762
20027
17811
17577
992
9906
24577
4654
20401
2230
6982
19354
6932
6626
6979
17094
3137
12589
11621
4141
9743
3642
9052
10882
25071
13129
9030
10230
21304
8400
6773
18880
19259
20913
24101
9162
15254
21397
14371
23824
20826
25644
20444
24236
11755
23065
4597
2955
7817
5556
10584
13247
14890
5550
25197
18703
17669
1642
351
18486
20801
14906
10928
4583
8546
12813
14447
23711
15357
3166
12951
25075
26563
1693
26375
8900
1708
18451
10900
6106
6000
24732
12748
16864
23984
20301
6161
2361
19397
4783
18224
19792
25183
6525
25870
4398
4414
9971
26306
10781
23804
12591
21342
19070
3357
20825
22330
8960
23687
19714
3014
10212
21716
1225
23924
7798
24415
10997
18431
709
23862
15373
23666
14281
17164
2805
24339
26301
6431
25271
19483
4642
26523
23944
7839
25221
25068
8622
11544
17799
22389
6731
15838
17128
14552
2221
15531
1713
16692
6770
6355
6556
13344
19524
14215
24828
19964
19157
18476
16448
13023
17375
1276
25964
10175
20469
13856
6003
16247
10350
16753
18963
7949
21513
11102
4007
26424
8191
19760
19429
17350
26271
19214
20424
5874
8576
333
18310
17121
20310
13465
25990
16842
19561
24545
401
7487
8381
20184
20647
23295
19101
16556
23948
13707
60
9418
7374
13559
6891
26043
114
10396
567
10183
17353
14609
14453
16754
22741
5454
14603
3751
133
22304
19274
21704
2835
26476
5003
18598
22521
10394
194
21839
19004
22491
7028
15588
25911
21093
15349
22885
3047
23977
24987
1446
2925
16726
4711
14723
23619
12377
19401
1504
22711
6192
7573
11879
24400
19371
23060
20269
19878
19206
20969
25626
185
11929
14335
15506
8328
14094
6122
19126
20579
2061
24728
20832
2518
18764
22554
13640
12391
4511
6478
24552
10660
16712
8488
2797
6474
24546
2148
6373
24998
25361
9637
5522
17323
6518
11094
21909
21734
2781
17192
15096
7550
7488
18237
5
16791
7903
10390
22436
21793
13140
16647
2450
879
8607
7990
4356
11144
289
23442
15752
26403
6846
24057
23235
1395
22651
8101
2759
24410
19330
18798
12816
11691
6859
11125
13574
25897
3511
11587
14975
19209
11832
5523
2570
574
24623
8193
5628
22142
18837
260
1255
21697
806
3038
6458
6232
4099
26377
8946
19986
18356
16160
26499
3397
13979
4225
22087
9574
3478
22996
11065
24575
16334
2495
4680
5799
16091
181
1588
8770
1297
21957
7205
16735
11812
15784
20323
1614
754
7336
13862
19650
19476
26481
6331
700
18231
1107
411
7122
10648
23146
17779
25172
12830
13547
13682
9193
19481
17384
7414
25581
21440
15914
25846
1230
13511
15915
16483
18011
25639
15931
7289
25180
24157
25568
10789
5260
26202
20418
98
13142
7941
3165
22657
10989
21496
7299
123
24587
15248
19237
14521
26046
18766
6286
13865
22038
16724
4894
5736
3681
811
12762
19205
25793
1553
17387
760
8475
26574
21044
4479
2880
25400
23348
23791
18030
25377
15716
4328
2177
1809
12512
7975
16474
16082
1460
25395
11612
26252
1603
13625
3786
9785
23337
25922
23355
22225
13658
2111
7629
6884
9961
25028
20649
10443
15627
1119
21681
18855
25475
2719
22613
5954
11089
5897
10574
4038
26634
22262
18508
23168
17454
20258
460
15119
25698
20195
5354
21235
12174
18083
12474
9986
15905
14333
10045
16773
14238
21619
10491
19212
18303
6890
358
14847
8701
14077
9250
1669
5078
8659
14836
12872
7874
15989
24315
2136
25189
11893
16098
345
17070
5228
25303
26289
15149
21581
4026
14108
8053
26284
20971
15064
6737
1417
17734
15883
3229
11920
11661
26125
6738
3019
19943
1921
21556
25635
21391
13677
19174
19645
20958
763
3827
1866
7248
4123
15709
23600
18311
10219
21837
1600
23130
14091
18981
14921
5968
22899
24605
6735
4975
975
13402
1143
26543
13342
24879
17380
20276
15577
10808
523
3040
19828
9122
10095
7307
22525
24794
21331
20838
12467
12217
12654
10873
20651
6916
2151
19783
5325
5355
2
25624
19305
23399
17471
12197
6526
12450
4840
23245
18786
21102
21188
7484
1059
8947
20857
25857
21043
18537
22392
20034
10215
6606
9874
24476
23688
24302
22100
10208
24983
14792
7087
7194
21447
15956
17093
26589
7963
20784
7352
13260
22679
2985
2004
1727
22966
15305
14052
9372
22629
4079
4932
3486
8876
10044
24778
12396
26545
9645
13241
17903
3712
3048
18797
11409
17713
656
15686
329
7231
8727
8099
974
19469
17783
21119
10475
19316
13069
17430
4235
17049
10620
7403
4454
973
5406
25330
9244
18522
2691
23750
9253
5904
1016
7475
5614
11889
7428
2849
6711
23556
16583
9751
15434
19753
12572
507
24680
14262
18441
18693
2461
17103
5529
8227
17708
10449
10925
19323
20203
25809
22763
12447
6885
11648
13001
18909
4720
4670
15313
16915
6571
19722
3626
5399
12390
23425
875
2287
7161
2076
254
22119
8725
13419
21201
13584
18689
19062
5379
6006
25106
5621
2794
10792
22209
12788
16207
24221
4088
20080
4993
22992
24018
8937
6377
24958
8559
718
11439
20334
19758
11902
3018
9295
2186
17949
21244
2167
10735
10376
24491
18424
22615
5683
10842
26583
26411
14315
17757
8893
23486
2553
3949
22726
18004
3667
216
10924
16051
3952
4865
3684
22242
24914
18246
12380
1156
14880
9302
14928
9737
6419
20055
4309
1814
9995
7011
6557
3133
9066
14368
26594
13697
7763
4827
6847
19385
14515
11034
9212
853
15457
2368
12120
21899
13788
23641
23006
24077
19618
14109
18308
6572
16756
21738
12158
6243
10135
14585
12364
20125
13987
24946
24863
4691
14652
1477
23743
8733
14794
5720
7300
19725
16978
17883
17521
2489
23392
2747
19540
18319
18152
26031
14350
22312
2033
6553
6466
19347
26562
10906
24975
10915
25120
21123
3824
11655
11351
6404
17853
2510
11423
7540
6892
1045
11255
2820
1486
16074
24766
8019
23330
5053
22139
15590
16602
23500
2066
8202
7202
13240
24997
23534
20449
19830
9236
19196
6917
8393
17358
11076
16260
8635
18413
9386
4234
830
15536
3074
8345
23958
3275
6530
13831
7857
5681
10743
20479
8898
25019
3746
16070
5137
22665
20741
8593
15420
9035
21629
212
16738
19990
19523
22687
9725
4203
10996
2337
24951
17786
15446
795
7317
18511
5917
6417
15662
6124
20747
17466
6363
17310
24357
11969
10114
10042
1579
17910
15296
19999
7982
19335
2197
13487
13645
21084
24000
19582
9013
6594
821
24113
15897
3277
969
24735
15105
4347
3757
21162
12472
8145
11455
24118
11307
17131
25704
5658
23291
22082
16406
10344
13151
9734
26372
26198
2496
12427
13538
24816
8410
10710
9585
6107
3607
9780
4948
15646
13968
15920
10250
10965
9391
22576
8521
25710
2390
20177
20893
3507
16379
11726
18821
1092
24089
23975
11810
5369
14771
22692
5996
5275
22394
13127
18757
25392
17030
12713
20974
22019
17633
18612
7045
7250
8432
4744
19829
1393
18279
8582
4312
3833
20268
9964
9211
1162
4106
24292
14846
13933
2302
11138
11883
5860
11097
17372
22978
13348
1982
8075
6951
21215
8121
18926
4118
3615
25078
6669
23186
16316
22652
4886
4758
14312
9697
7310
2864
310
4482
26440
23116
17216
20011
2251
22808
15009
18845
4944
3472
4415
9231
3298
8850
4653
22228
17722
4195
9309
15215
17332
1973
11684
8438
7834
8384
9102
8579
14305
1962
6370
18374
2767
14182
7437
23342
18531
7222
3748
12614
10984
23088
11031
5129
7166
21176
20768
24449
23770
810
12510
9497
3995
7464
8157
14311
1443
17916
20154
25761
10629
12953
4170
2724
14959
9327
15161
25914
18263
11586
10818
3508
18525
9331
5854
22963
9800
19216
11179
13845
24938
6432
24223
12632
18559
24608
13144
16888
22704
12978
4161
14642
9190
12477
1580
17190
1305
16277
3070
14935
19591
5713
24642
15350
15213
18816
24956
7373
6481
13824
17763
5350
17333
17896
25428
4082
10172
24553
3381
15092
967
4399
7377
12444
9037
7957
10857
4023
12373
19693
13445
13900
15122
9346
17960
1110
24460
1989
9489
12553
787
24903
14274
7962
3973
2675
14750
365
15194
14382
75
15341
17946
13016
15922
12663
16628
11678
5427
9501
23558
19110
16116
22747
18790
5715
19969
5161
10494
19462
465
9810
8194
7322
16262
8640
10284
23877
1997
6456
25775
3528
11847
5668
15586
20608
14189
7574
1303
17036
2921
25101
10864
15419
2949
8084
10293
21953
10896
22056
19052
16811
561
20274
15997
3442
21645
25695
4169
7152
7709
6459
6044
15702
12580
24121
12873
57
23477
26551
22838
12897
18019
23598
13117
12037
5687
25249
6388
566
912
6752
3042
14940
17157
23878
9142
12909
15525
19670
335
8724
22911
26281
5110
24185
16935
16622
15240
4247
2751
6422
20942
1634
26024
15755
18611
21778
11130
2722
20669
16338
22149
21862
26389
10615
301
22323
19089
22532
2822
14256
18776
19027
2040
13802
20414
2630
8549
3867
1324
3415
19106
2171
5714
20422
20455
6191
4322
23903
19112
34
11092
26408
17041
16527
1178
18752
15184
11404
8961
7290
26296
140
9933
25463
3761
4001
14214
26556
10022
11744
25187
19506
17715
3181
23998
3348
21673
8863
2899
26025
1313
12288
16812
20122
14588
13172
13103
19804
21835
19987
20242
12243
21805
26618
24472
781
571
15859
536
2198
186
19446
20530
17046
9472
20597
6094
21857
17997
14096
9213
24343
19046
2297
7277
23042
1673
15572
24853
12810
8871
11872
6168
5895
9370
14710
7740
13115
21868
1387
21739
17416
23639
757
23380
12206
20926
22526
20007
2664
4359
9105
8812
25022
3960
24081
21624
1609
5304
21790
13218
2428
5451
20499
7927
11524
10588
7038
15595
23694
20562
21138
8931
25562
7105
22131
6165
8184
24353
18704
22993
10761
10568
14838
6369
4406
19084
14925
15831
1890
5312
1896
23715
18444
20440
19936
10454
19283
4442
20865
26397
9485
5108
2884
942
20225
6532
26143
18500
13412
10304
17686
4553
12511
25837
23964
19098
22689
9952
18519
20552
24632
6732
12849
16361
14727
6380
13100
13192
8855
15271
22943
22783
22642
10269
11714
14042
6244
6471
9654
18778
5568
21491
823
18505
6984
10892
3799
13064
24746
13742
1031
20988
19505
2426
23412
21066
9276
5581
19515
19762
2895
19431
17549
14911
9890
25817
7198
11152
3036
21970
24768
23582
12381
7850
6067
15465
24830
245
11730
3182
11838
23615
17984
1752
17586
18266
5332
12574
13111
13452
5721
1256
10371
11003
12046
20719
4499
15402
104
9601
17994
10015
1478
1399
11939
5118
2935
10057
11345
21689
3440
15250
18288
14321
22370
475
18299
8493
11309
11376
7920
2117
14252
3884
2499
17115
13994
1552
18095
15010
1100
6183
6633
25947
708
17244
9554
1904
16916
25796
24070
16296
18295
11531
17304
20739
20637
7849
9054
18175
1179
4945
21182
10082
25335
8467
16407
2203
9886
11000
2561
22798
240
16716
1272
7933
9228
17402
3584
23756
1941
11809
4177
21083
19910
24676
25977
10244
7255
15870
20973
9733
12853
15606
5449
23256
16261
15735
11134
22772
812
19845
23254
18872
3300
24051
15299
1437
9605
23110
18284
17233
7209
4572
19568
18915
83
4223
12333
13346
11743
10153
18609
4464
20
5855
10308
20139
13364
7189
24953
25497
25274
6079
77
8138
8866
3844
22254
24535
8230
19821
22799
16283
21767
26480
15541
25612
19391
7463
1979
1002
21379
1842
25373
13680
20373
14877
14646
8686
359
8694
18623
20666
20503
1680
8757
338
10877
24428
22504
4587
16019
16617
16408
25126
18836
25637
318
24742
481
26597
15277
21394
16185
3484
10932
13716
17724
24446
4615
3590
12803
14424
21378
8245
14982
8596
26391
23371
1961
22492
10234
7218
10797
25827
23863
23636
18737
13602
12338
21049
17864
10570
11095
22151
10006
15189
18220
3969
22990
24073
20095
24941
25257
7841
12448
11491
16700
16679
17982
13990
25387
20104
16156
13473
6235
22367
7100
6358
21693
9555
26210
13321
14005
3367
3553
16472
4113
21829
20008
25890
25220
10251
9813
14470
8220
4006
4321
25053
3439
7023
7840
3100
24490
23573
6389
13550
23929
14778
17581
10667
20413
23546
4035
26000
101
11754
6641
16452
17452
7843
10897
7040
21585
14396
25451
24411
7818
14758
16819
14185
23350
24088
12596
16680
18613
21186
24964
23417
18166
2506
13706
15853
9922
8735
10303
6983
4266
7065
2064
22104
6299
19575
17108
22154
25774
24947
7530
16588
4242
17243
2556
22714
15774
24269
26457
2823
13730
20086
6675
19290
21840
15139
22012
267
2399
23390
11898
5099
6549
1331
19204
13365
26114
9974
691
12199
5435
26347
20246
5780
7871
11159
19576
17066
7284
19368
21838
14318
2367
7187
14100
21126
15597
13223
23014
19493
11286
23216
11553
18517
11760
17396
8263
8303
15020
2120
13668
21199
7326
22760
17314
13252
7301
2995
2143
3258
19246
10425
21146
25363
21256
25531
19257
19974
18824
8326
13576
3242
25378
19733
1168
9768
26269
17971
17922
1644
11004
5777
3727
14595
16096
19031
25588
381
15966
480
19585
1053
5612
1009
20400
18425
24159
25740
7865
11542
17725
2482
2395
17163
5146
2081
24865
317
5959
25389
24650
23606
2383
13934
5571
22731
7544
8885
18331
6435
20715
18165
24880
16807
17770
2158
7587
17385
18622
16100
10782
25759
11332
782
8928
23597
24747
20566
13644
18518
21676
6114
7923
17052
13772
4544
12316
24119
4110
10766
6080
1566
25427
24322
25353
9566
17059
19033
19459
2445
20434
4168
15892
12092
6032
14449
11756
24769
19266
18452
12428
7869
18513
20609
12894
8426
8306
1183
1018
13180
4793
4335
11611
25640
7085
21252
13745
4320
10591
25333
13318
22275
10501
7641
22897
2469
16428
23737
18320
25185
6609
6967
3685
4862
11682
16863
8938
24916
24096
21362
12465
19412
19008
4124
6436
24363
24846
10541
722
6300
21931
11221
24517
11844
18657
16945
433
15412
7520
55
1377
1035
6130
11365
14544
16200
26493
3168
3574
5111
22585
16190
23648
23772
20302
10067
2487
20762
5774
14412
1164
19499
10632
12561
25546
8761
5964
3711
8581
10019
6644
158
21731
18119
19006
10145
12044
10191
4929
22985
22637
11927
4202
16084
17083
1426
16328
17259
17368
17360
7812
8786
10732
11640
5918
22001
16106
24224
25981
4661
24011
19282
11737
18393
18182
13863
3002
5209
17964
22121
26585
15089
19063
8822
25785
16382
18651
7565
25482
21032
18271
7389
20679
9872
2470
4230
3922
609
26135
26412
18358
14095
25474
307
23643
165
18788
3260
26395
740
1509
1701
8002
23661
16878
11504
2196
7126
10206
4403
1818
25401
21756
6796
13439
7320
22893
5978
8225
14002
5080
11864
15820
22084
23451
19843
8273
26349
4856
10322
4671
12579
26416
13083
17451
25976
13052
1433
16401
8154
1505
136
18234
4712
19867
15015
15834
11380
11433
17279
18829
20051
6648
10055
11201
20949
4916
9338
18618
24106
11956
11109
1401
20661
26140
16546
1775
21545
12847
5652
19883
11493
9556
13265
7638
15302
4866
17848
8902
22454
9358
3668
1382
23620
3548
12734
13501
17090
12060
10986
22248
19087
23126
22948
1469
10869
16164
8848
14599
12240
22593
18278
1237
23806
22878
4565
15738
18676
8234
12312
90
18863
389
12126
17140
21927
17522
25672
1336
20668
7904
25988
17281
8434
14169
24158
21607
25525
2219
17614
11410
1514
4340
24930
5077
6190
15804
24263
25282
7183
860
4068
11965
7521
10388
12937
21785
6694
8380
16188
4513
19423
1633
25894
11062
3095
20520
9435
10209
3150
10220
26521
11630
24358
4128
22594
478
3396
25608
7889
491
16917
18512
21014
25899
4879
1774
21271
20879
7556
2939
20321
26553
26590
17925
10684
23092
11904
9526
3405
11925
14422
5822
4379
5276
11841
24706
4413
3356
26103
2216
18878
6074
4514
10642
5732
21874
7010
2483
22958
7032
18838
6945
4530
4418
18127
6480
21916
4603
1047
11327
3754
14518
10360
12103
11335
2667
24507
16707
4883
26149
21147
12776
1643
40
20507
7365
25621
16161
21020
17427
13592
22290
4191
20156
7510
19021
18265
1811
2532
19780
8376
6840
25204
12794
6825
4201
15024
767
15390
12842
2218
10429
20573
22586
15677
24375
7142
18336
25773
19800
10069
22155
5518
21495
11382
9466
23098
14358
19869
25900
10895
20041
16608
13284
7472
23415
16065
18370
818
14968
8398
20517
16005
17518
162
8548
25569
7567
22173
6824
14537
7640
20883
15576
15392
3533
15889
21116
17923
5035
2099
3819
24477
8296
15055
9656
21527
8653
3238
6728
16962
9968
18357
26247
11554
10227
5088
3380
13884
4237
20862
17268
14669
4960
19504
24345
868
12002
8055
2670
17512
8293
505
20202
19795
517
2938
5337
25493
10876
11328
3345
23699
24932
17026
26283
6354
21903
8920
4809
21620
648
21269
15101
14086
21202
22085
16205
9611
9375
3837
1082
4984
15488
23769
9058
8606
18662
9095
13095
17197
11406
697
11348
7
2188
11527
3894
9403
6485
14516
4147
8120
26317
17043
19723
12791
14511
22369
23320
17076
13969
3830
23541
155
8074
24849
18402
3620
18638
25135
21448
12109
16383
15411
3782
5284
3190
10061
23561
13579
6538
18887
9997
7104
14965
7331
2796
23266
20383
25736
9748
16349
25684
6005
8431
16174
9364
8474
25882
22419
22907
8321
20099
13343
24801
16152
18827
12399
11767
6239
11942
12464
13854
7121
2474
5298
19906
22296
8783
17635
9610
12210
20032
22696
20932
3517
17386
9536
6521
19199
1993
19698
20218
11647
8726
15589
25205
17716
24665
2377
19989
1821
2998
12565
18565
26233
682
17531
12136
7397
16043
22041
20328
7418
18938
4364
15718
6042
2852
25901
3673
2329
4795
21030
11156
20699
15440
16806
22398
1476
16901
11835
10881
1429
23591
3821
23332
18221
16127
2819
9447
13972
24403
9687
24704
1464
15205
6490
23871
7880
1525
9117
23605
24305
7596
8290
10451
113
21632
1826
6193
8179
14971
20178
20275
26067
15649
6440
18423
2242
1980
24707
3965
14551
25422
225
21832
10292
21456
25137
24092
15270
8271
9830
7864
4857
15216
26399
17801
12353
8887
24653
8706
9234
13822
13674
11977
10557
7243
4904
2162
14325
9824
19163
20611
3437
5131
13586
4782
23571
20886
3792
21511
24261
11369
11556
4371
22844
14740
453
23810
19329
11590
22930
22650
26617
9191
19454
15575
2438
13767
7626
23793
11582
15026
18649
3061
1066
11016
13290
13989
10465
12976
25072
12998
1166
20205
18804
25755
5026
866
19761
12862
7366
22152
24080
5694
11197
11118
217
16844
9001
26474
10270
8514
14245
23489
9215
9414
11112
8032
9597
17563
25565
21897
19639
16554
23044
3794
24408
2563
14432
19803
2473
26531
15405
22582
9586
12639
22529
838
26477
25679
4355
6089
25537
18273
168
5915
1511
10715
18157
9646
21337
19807
26158
9237
1851
15307
20193
3695
23752
4867
22916
9606
20262
15477
8803
11746
9673
20372
21820
1131
6497
23917
6371
4103
23805
6756
12550
8403
5742
15742
17869
12585
4657
5100
12597
943
18118
12352
4276
6579
18206
19075
13194
18809
24478
6801
21834
24090
2280
19626
24068
2360
5719
26176
12906
2614
9832
17672
16721
1534
1949
12918
8554
22244
20986
980
14153
14989
13770
964
15539
25138
13532
13784
1415
18664
4987
24470
13271
11928
25134
5504
2707
22138
15335
24529
6154
18491
42
21847
7296
12362
15895
23916
26503
5328
22590
8211
8758
25464
18463
24214
2851
23970
12963
22266
17345
17704
12402
26433
4241
7726
11045
16985
23720
2695
13152
2573
12900
7228
14148
8315
26160
19336
12265
12754
11021
2013
8141
21515
1378
3780
22592
12059
15397
22857
15890
22453
24847
21588
19362
11552
21887
18121
5949
9400
848
12337
15757
3820
9134
18346
14803
3208
1068
3663
15265
21506
1746
8775
2770
1253
26027
11346
15268
25383
23867
13523
3287
23652
7056
23745
15035
6065
24836
5107
242
20890
17566
14695
2102
6803
17045
25662
14135
20024
600
12886
17547
15013
1911
14028
6231
13766
26530
13114
18538
15308
19386
7955
12664
16036
3842
19688
22111
21190
2934
15519
15280
22673
12153
20816
23957
10091
8209
23472
9355
13774
18564
20286
7415
13497
11173
13793
2786
9161
18898
5092
17895
23022
1492
14814
25055
10802
16395
14494
23309
7212
7260
8060
8598
25694
18881
6503
4048
14807
7411
24793
20403
14235
21781
3579
15630
8165
25163
19310
4158
2705
24003
5857
9699
3752
18171
20477
2003
25397
19736
25294
4376
2732
22716
9937
13216
18503
4898
3854
10510
9090
20707
2491
9064
13992
11998
7919
2855
12342
12191
5305
10623
9100
26367
26373
23854
18792
15424
1922
22583
22470
23294
22602
26259
456
10576
14929
5331
9954
15964
22824
10633
2341
25798
11966
3215
5850
8703
3565
16055
246
13143
7346
18060
12285
24255
19923
8532
24413
13922
17404
25093
4208
24094
18708
266
2977
8465
17720
22224
21285
9410
10290
23436
5471
5832
5983
12936
5891
360
17156
7466
22792
11457
10071
13070
2660
22462
21217
1659
1364
18770
20349
283
7669
21594
5015
12406
2195
23297
3233
3852
6791
6723
17735
22359
14957
13467
13564
18832
16734
11220
21750
10518
18418
21227
5390
11417
18925
25536
957
3874
18485
16652
24137
7915
22006
17421
10199
463
16851
8520
5589
10378
11435
23102
7759
17018
2058
8896
23915
23178
17802
4108
9781
44
1558
21736
12547
9203
23568
21900
15124
23152
2963
19779
21799
23622
947
16335
6433
15534
13009
17453
7842
12181
7068
13860
11488
26396
20592
18333
18367
6593
24888
24087
11652
18103
12516
4967
3279
20201
22348
25105
210
21164
14610
25769
15561
7157
14121
6426
26602
6400
24730
23288
4868
8064
26183
12087
7420
21434
7906
20706
18410
4935
23588
25035
14698
22099
9759
5392
22393
14208
5425
4864
16946
26479
24869
695
25840
2045
25064
2564
22029
12999
11528
5359
22426
5660
26132
17956
17065
26623
17953
13347
10231
15325
23610
7445
15242
6936
4761
13200
11853
25610
14149
15723
10240
826
9308
22430
20067
23886
26209
17390
23
22636
20900
5494
6186
20496
21398
13472
6052
1130
14507
17021
16614
655
16964
15764
5859
23200
25472
18615
17317
23440
5235
20339
24086
19687
22443
9407
13014
21248
921
8000
23562
6219
13919
19801
4288
17260
5182
17005
23827
3873
13652
10758
16997
1651
4477
19938
6375
24297
19381
16239
9902
4041
6109
23108
14159
22357
905
14248
19961
14856
14574
3925
9043
20101
10341
14270
8252
19054
25677
8156
3654
13670
5094
9594
19922
6037
2169
12699
4598
18409
16646
8676
17819
6062
13157
13050
14457
6055
17654
11378
4854
5908
2962
21804
16013
8752
1240
19197
2471
18698
19
3274
19263
2706
13615
915
14892
19167
1227
8949
5317
25703
1944
10664
24878
14946
10844
23328
24789
6476
15620
22544
22901
6534
8921
20326
5673
1756
1200
16322
9685
21520
3295
23418
444
2973
10349
10578
12125
14674
500
24044
14597
9522
14978
5165
14970
18631
19059
12435
12911
23119
2168
11525
23700
26013
19671
17464
9510
3708
8010
1281
22000
22558
8281
16120
25125
2322
8351
1808
19708
8609
6682
25160
10493
1212
23579
8675
8810
8365
15945
19207
23319
6408
23077
24129
22649
15578
17307
14471
9588
22546
5158
16505
18355
14497
3652
15510
12670
24630
8235
13530
339
16124
18226
15395
11473
13942
21759
12962
6646
12528
13248
5323
488
10438
6819
10902
24925
22413
26383
21297
21830
22596
17536
16404
7945
21998
10675
13224
11199
11297
9635
13322
16183
2828
4573
6486
26005
9174
4114
16297
23468
25310
16867
13569
10281
4958
5725
11046
8251
12186
24142
4529
5280
15683
26444
11626
3883
16994
1592
22622
17687
19602
1730
22566
18461
8854
5674
20398
15648
26447
4111
2010
6769
20697
6176
26272
20984
20211
24833
14157
18546
25814
10747
641
13504
22964
23937
1139
19861
24262
23698
3148
15962
16202
2007
25828
3836
16274
6514
12552
13939
22425
2513
22065
21701
26519
5997
21978
24259
20975
18715
2259
1557
23439
12787
4097
23100
17331
10538
4443
11882
3021
6383
23296
24053
23852
16566
25502
8642
14738
4089
10342
8717
3544
12384
21401
26050
1339
16492
4180
10476
19387
5898
6820
4211
1030
10490
6337
26299
3653
11770
2104
3513
18496
24702
9682
1385
16618
11541
9333
10316
443
5810
4778
3736
17051
25489
3390
25285
21653
21212
15321
15209
23427
25953
19812
22765
15290
24799
25742
1235
11903
5006
17228
13438
4139
23921
26051
22968
9
14679
4693
20110
12933
21198
4683
2372
1287
14818
2960
4909
1887
20907
878
18561
10787
24764
18547
21967
16629
14768
18072
18052
23788
2074
23971
26078
21433
26568
19165
22305
23947
4934
22736
5750
17813
13128
3717
5432
14568
22778
24591
2601
5007
24135
5232
16612
4457
11285
6779
1126
25508
3383
3462
19741
5169
14313
16908
6893
13713
12252
15165
5201
1728
8253
21007
23199
20442
7211
23533
4574
14974
3539
13811
15032
25962
4727
15763
24996
4526
23999
15423
1042
24321
1159
19796
22767
18847
1763
7363
3606
4915
20152
4492
19050
18520
25653
10508
26070
3945
9460
26557
672
24006
10817
13462
18031
10970
20331
23250
11532
18900
16432
6583
15306
16211
1871
22184
26483
18283
332
20240
12934
20113
5934
22766
642
9609
4431
26142
17568
10598
21461
13479
9571
23829
17921
5717
6631
8964
7179
17756
12185
12298
20438
24860
3982
8749
18398
26315
18736
8324
18117
5500
7164
8843
8318
24770
565
26091
22564
12525
19355
15868
22883
7416
22904
14912
15449
3812
1649
12117
1684
22653
1556
7293
15400
11466
22709
23845
24622
17060
10728
7909
16339
18793
5700
24442
6751
296
12214
17194
2170
21354
16244
13084
3327
9678
10163
24287
10573
4278
21812
17240
8126
8124
18460
7980
373
12829
4877
23432
6653
1188
12687
15284
11625
3005
20447
22880
12502
20299
2424
6649
897
15433
13522
21307
2208
22644
15605
11550
21896
5154
24781
14417
7470
10695
6048
8435
26390
21372
1963
1105
16877
18000
10236
15100
24861
220
3033
9152
1796
361
14729
17809
15829
22486
3777
16886
20578
10124
22598
3849
4085
24265
10850
3915
26119
21345
12888
21991
21144
11002
5755
5641
13302
25037
6827
10972
25784
8610
6353
7714
6402
8571
25032
3659
9319
23329
15021
10257
2204
20354
8067
15084
21733
822
13931
3765
6980
12518
1338
18160
24114
12432
7005
14920
2009
581
19188
24030
7647
11906
9583
4763
8710
19352
11072
13113
15819
14260
13654
12295
2644
20830
13305
23001
2972
17829
16980
13837
2000
4050
9141
19995
18583
18791
18974
662
9083
3811
3756
25067
16236
13447
9325
25998
21712
15344
8362
18534
4138
3774
20852
7447
14607
486
26040
4246
24694
3023
26001
3192
20950
17411
10358
9396
1893
5404
6502
7656
6771
9788
20488
22021
6654
16736
4031
1635
4780
11702
16426
5071
22647
23657
673
2127
3545
5226
15736
11354
842
4818
14298
4428
11955
12522
17695
10946
1195
26652
23986
4706
24423
499
20966
26508
25440
24858
12498
5189
24266
5944
22694
4291
9994
13809
24954
12643
24614
10141
9348
12910
8119
11036
7175
20221
13502
21478
24035
22250
25006
26569
8997
18161
9148
13028
18018
16558
26175
21758
10836
20759
19320
19444
2486
9079
16476
20570
18366
11514
20214
14459
3547
923
6614
13391
12129
8881
653
14699
9529
5947
21142
18155
23456
16145
14387
19189
8776
11796
21683
20515
305
3909
11575
14445
22062
6136
1749
12792
20330
16971
20180
6591
14296
20377
1695
3398
16992
2225
3076
570
2838
21181
20129
15930
24374
15234
26012
6956
4318
14218
15054
26191
5319
18719
7727
15377
5893
25162
10440
22889
20089
2700
19982
26642
4105
19230
23813
23444
17992
9783
5193
18298
3369
20498
22406
13561
25290
17520
15337
15436
9474
15926
16515
1972
9390
19978
18196
19024
16030
24273
15980
5180
14587
24662
21361
11675
23183
7434
15193
577
7984
15846
20404
13165
2199
9904
24714
22049
12569
7039
10891
23173
1506
13287
1908
3532
4726
1190
21996
20378
5005
24966
116
16603
3360
19844
12418
23182
21124
12630
12796
23714
23943
5265
5754
6977
2693
11489
1345
645
280
23632
25777
2429
24949
11783
23331
9287
226
24673
15153
10520
1862
20490
3305
17712
11049
14533
26587
22910
24161
21154
25199
24443
20164
16068
15038
5261
2382
6578
20867
9260
6229
19125
14127
5763
20755
19018
6275
9257
65
7594
26246
18163
21051
6864
1803
12940
2642
13578
9535
1102
22014
6312
5347
24886
16362
13798
1337
13519
12330
4070
18544
14526
11526
4285
3651
7237
8817
26120
22216
17532
12714
25609
705
20869
20460
9919
26633
8666
12016
20854
25061
16787
20233
392
19983
9197
22591
18487
11438
14779
24988
19211
19097
3688
1420
1785
3096
13004
15564
13790
16711
18041
3171
23430
15996
16299
6698
15639
16895
6465
23207
13818
22459
25140
18275
15361
7315
25083
3964
17506
13943
3424
22399
22906
15198
12408
15670
9349
5221
292
19168
16968
11379
4771
25778
14955
25059
9265
19085
11806
2416
253
15204
18169
3289
6858
3648
10120
15554
7929
3942
26053
25941
21487
5935
2885
20188
3450
7954
25203
19166
16557
716
23801
1858
14102
16142
17075
16759
18560
10245
24115
12671
12879
11688
20215
5009
9402
14614
13958
25241
22667
10385
11709
15074
12836
16447
1407
3994
1714
22548
3759
4538
21776
20064
1594
1228
12837
4556
5263
23118
13203
25638
6782
17557
21983
19644
958
16643
553
8910
2342
9513
5278
14438
8558
11363
26392
19418
21952
20411
14857
6813
17048
11758
10917
5019
16054
23025
24989
326
1840
17191
15253
4509
4385
25195
20683
20957
6002
8785
244
4314
10249
6288
3733
15383
8284
2044
25575
24061
24013
9273
24333
10828
9514
10968
15542
19478
7076
14444
10107
710
25945
15943
20133
6132
5537
7226
5716
20266
17628
20033
25601
15731
9631
13483
15925
12051
14133
14386
24712
2637
10534
9296
3697
17747
15875
25864
16876
16157
13899
1125
12822
363
22854
7825
6637
733
19398
15594
19994
10353
12193
19256
20128
1440
5655
13915
26455
20297
5735
18831
10825
10424
25745
21165
10380
17727
5863
9923
26242
9412
21772
141
14634
5565
23577
16375
11211
15170
23307
5068
17478
18021
23366
6907
25667
20048
25699
16213
6536
14166
211
792
959
978
19045
17301
9633
18912
14209
23310
26264
12719
11427
20746
12883
11535
5213
18027
1242
17116
10243
17458
22519
22517
1529
11740
19392
1071
14450
25733
5224
3454
7972
12793
21888
15675
9469
1849
5600
19036
25760
17972
21871
16929
7481
512
4261
2807
2002
1261
9176
5194
16696
663
18039
7883
20843
25060
3885
3940
976
17601
8904
5490
10503
913
12198
20860
390
19432
8618
7391
16481
563
4999
9805
11869
12230
9089
1034
4790
7430
4688
17181
11830
13881
12073
635
16874
12267
11843
26150
11708
16686
10631
17467
21273
13160
4850
23893
8086
14314
13836
19621
2608
11141
18989
18996
1265
15444
4619
7837
17901
808
22867
24667
13980
17280
18185
11807
16469
25707
19549
1629
19178
10936
22230
11188
4490
10268
19327
4140
5630
7977
26231
7072
18154
4832
791
72
7019
20346
19759
20543
25555
8922
6492
20421
14586
21596
15327
1606
25043
10359
18228
26528
7178
20734
20446
14528
3814
18700
18251
18025
16252
6679
2956
16927
16824
22787
1587
13662
16015
18562
14283
22934
17220
18946
10079
9613
15733
6696
24288
21033
4259
9166
2477
22336
4596
12629
12027
4401
12504
20046
870
11372
5820
21312
23956
22
7636
5187
24691
16324
18990
25652
23881
19660
16135
24580
5444
3106
15556
12861
24280
10847
13098
3343
2511
3326
7535
2270
22285
14250
7991
14672
2327
4743
17993
4989
26500
20561
21128
16189
14397
12893
13066
3738
21912
10736
8278
651
23434
21850
5038
10136
16285
24122
2303
12743
4805
26164
4043
20150
21724
5926
7690
10618
12403
19069
20875
21631
11717
9764
19219
7993
20576
18411
1645
10628
4503
17173
19147
18756
12421
25663
8160
20856
20753
21942
12627
10987
6969
23460
9701
24832
4970
785
10679
25499
6221
22306
13349
20527
9305
23035
3997
16965
6038
16143
23030
24215
1424
8471
152
7643
17649
880
2892
12600
9103
11960
14061
15233
3541
3619
14763
20889
17229
22446
6897
11451
6519
15134
17567
9957
7343
86
16424
4461
6702
10412
21974
16746
7291
2798
24361
6280
14633
16040
6155
25086
24132
12623
12165
18640
17177
20572
18949
10725
545
105
23968
7712
6930
8567
25884
12308
855
26278
24131
24047
834
6960
21268
2028
17621
16234
22329
4262
10634
14472
4485
5475
10147
15222
18948
3376
23051
7064
1892
25848
10671
7713
3720
20050
19395
25369
21492
9506
16384
6613
16485
22500
14630
15494
20779
19703
20103
9545
17110
18607
5786
5828
10596
18483
1723
13206
26090
23333
8048
13485
10790
22493
623
12812
23083
6952
24279
25913
25003
22923
10546
12487
10474
4845
11223
6504
21866
5635
9706
14825
6590
8808
3742
20807
173
13475
4463
4013
18215
6156
10214
9049
23172
7496
13257
21668
4063
18099
25121
5922
20059
988
1490
13540
14499
3163
7368
11260
7094
4027
2636
448
2447
3919
23020
10976
2289
3286
3112
1335
8716
2401
4251
13978
26203
20557
8707
5045
18092
13230
10610
939
14924
23894
8638
7780
4784
10635
20147
825
22805
11100
17487
8440
4926
22429
16873
6620
25931
13832
5559
1528
5561
1304
6488
10806
6902
24079
10386
15849
5698
25045
1023
8730
20236
20512
23447
15300
24098
8879
726
24887
20387
12098
13959
18001
21578
9426
8632
3318
11781
4996
3896
10255
6670
24710
23208
14205
7515
5215
25937
20656
19839
10013
16889
16079
5842
16113
14788
12370
5783
3661
25375
7777
7934
13698
20962
7601
21822
3538
10605
16415
23724
17344
12090
21633
8603
25337
4534
16118
22983
13466
14275
12970
1306
13903
4887
15379
10558
20272
18256
24612
4090
6853
19679
6630
21705
11824
21773
19740
24763
18359
25847
1236
25510
7256
3159
10652
21386
24430
14487
1570
17759
20114
9989
10151
21359
22391
3762
13164
14582
11384
24108
1848
10838
12077
12635
6149
15651
4613
11202
5973
21568
11656
1685
23289
9932
23153
18306
26334
1005
8491
19771
3847
24436
1403
14981
12005
12690
11991
23522
11224
26225
17354
5604
19348
21048
17882
24771
12180
15160
14696
25729
8478
16445
21338
4344
21642
5759
2528
15133
8781
22383
21435
5722
11646
13596
5188
8891
117
23696
10831
14904
16351
466
3776
6836
25339
21265
1526
21985
6238
19704
8063
11441
24063
4820
14578
2827
19941
25702
4964
12489
3370
2113
19657
643
25276
20766
12363
2587
24644
10934
25512
5055
18870
6554
15707
926
21196
12759
21443
15075
26626
3319
19390
1640
640
24588
24788
15638
13656
21494
19663
3483
7450
2756
891
2752
14799
22015
23053
6206
6552
22495
12875
23617
21177
25579
10561
14277
13839
4551
23129
5151
1914
24093
15633
16937
8625
7599
13857
26274
11571
22549
4445
13964
22634
25845
11132
25956
9256
8422
15394
12845
21752
23498
5069
3010
11070
5726
21471
24036
24502
92
13902
3768
20606
4284
9171
2993
2296
23651
11549
7679
9444
20685
26153
22223
5468
22416
5423
17862
9450
8256
15293
14268
1319
20124
20794
4462
24163
8941
11829
10506
2964
11157
15033
23197
21489
13073
21004
14907
25251
11264
15810
25020
16219
21463
9977
19507
3158
4552
1070
22660
23529
26492
20314
8645
8889
17057
17424
14405
9018
1996
3637
9863
4292
6412
25744
87
3635
1902
13279
26145
13744
20612
11174
21416
4190
25459
14627
21599
11967
20038
6135
17914
14889
1641
26072
7618
6387
14267
908
22621
10315
6704
12811
11919
2238
15006
23566
2459
1032
17013
149
16491
17892
2411
22291
8967
362
6924
49
25155
8527
12852
4617
1060
355
2448
882
14369
22553
23739
5420
7328
24319
22013
9240
22080
3248
22750
11780
18984
9406
16230
10552
26429
14617
9851
23021
15251
8715
17175
9642
24933
24271
24459
11167
21094
19289
7846
12860
20614
328
14099
4923
3130
3221
4982
8358
21971
25646
10167
12841
24453
23866
12882
17349
13085
24597
5599
18799
21643
23548
24920
25324
22023
11739
15549
18225
25442
5418
1561
19607
12001
20849
4306
21540
11294
14478
18896
8865
13292
7774
931
18794
15004
14997
4003
15120
14755
15274
3968
12777
16315
7086
13399
19959
1473
15426
25021
13893
19285
18404
4218
12786
23248
22130
18528
9616
1357
963
3877
5632
13226
1662
15800
1137
2026
18581
18144
14943
19593
17789
972
18132
6931
20536
25763
10798
25082
16947
22840
24884
10929
23364
21972
26464
13975
13573
5864
19123
23048
10159
18202
21424
6314
8224
6034
15297
5761
8919
12549
3851
18382
6815
21791
16941
4052
18627
1186
7989
24990
12633
16389
11636
26165
6057
3835
24978
26201
10774
2493
3715
14916
11228
18550
25344
25200
13888
22299
7524
413
24957
20245
14237
506
4475
6390
24426
374
12365
24433
3339
8815
21287
3990
25159
1722
2739
10690
21550
4135
1681
7729
4015
18555
3806
23803
21722
3514
6181
3082
26068
4913
14543
701
9512
1538
10472
8660
3589
1250
15730
129
16540
23107
13867
7651
11164
5911
2522
11848
21557
8104
728
4563
11797
4226
16599
8577
6169
16364
2077
19616
22183
20582
21961
2366
7406
8797
9285
3475
20560
10499
4889
21319
2412
11006
9938
4243
8098
10860
8516
3552
20568
18262
15072
19879
24615
18614
10998
5801
9653
23435
24298
17053
2940
21473
22481
13432
15657
24862
19546
3870
12704
5405
4697
23076
4848
10526
8691
11272
19308
22011
5237
25598
21221
5340
4599
25056
21042
9760
1832
14347
7246
1857
17351
15669
1920
23138
17219
15751
4668
2701
25717
16960
3753
13325
7395
3341
24760
12033
11949
23316
23905
9046
13334
16466
11103
2046
6877
10517
23067
1418
10698
11276
25587
23754
11974
11584
15167
1296
18934
15547
18235
9453
23339
15332
21097
7673
13728
7970
2062
2999
11500
24290
11609
8109
6205
7272
9178
2591
8916
24729
22265
21598
5095
994
2183
10657
16136
24856
15017
22455
3480
19551
9930
8661
18325
18673
6929
15857
24034
19479
391
18574
15544
9167
15913
3542
4272
26240
13589
7716
8586
14548
26501
12436
16637
10021
7297
17203
2433
3602
15571
13270
25295
20914
17657
11662
25920
892
14187
18945
15142
9702
26286
13763
23287
4430
21504
6397
5900
17565
11579
6729
17497
7655
13089
13675
17773
3764
17755
12177
23398
25630
15143
13407
5032
4432
1784
2981
23305
16751
5136
14170
19822
14513
7335
5262
21677
23757
4694
10935
18375
14736
23847
9834
8944
8404
911
12981
11175
2749
5176
18748
14174
17262
26152
5605
11116
5292
7238
4969
1449
14414
19991
5370
18959
4537
4931
26081
3154
19661
8984
7621
17989
7176
3825
25118
13757
21521
23354
24689
4629
4219
770
3259
13386
25592
200
15906
5925
7642
6996
14721
25582
14519
18604
15112
8207
24709
24531
11683
23137
11460
20702
5246
4411
23395
18415
1547
1994
1093
9411
18718
916
4756
1992
4584
4009
15416
25808
6639
11779
16223
12306
996
14304
21593
23932
18771
18937
14050
19899
18394
23475
19379
16144
18069
14601
25605
26325
6444
15224
23594
5999
15267
14284
7400
17101
25781
23671
18267
5156
22309
18212
11227
25889
2890
24191
11339
17038
21302
1874
9777
1134
25041
9094
24749
17527
5607
19244
23346
20408
5516
7511
9480
6774
13996
16801
23761
18699
26520
395
24514
11840
16790
17289
25481
13079
20380
15608
19425
7791
6461
13795
3826
8058
25719
25317
1734
3529
15951
22326
21859
9993
18582
13293
1934
4204
12644
18595
26598
9689
20995
7809
4874
936
18082
16085
8314
14479
59
7859
6498
17305
11831
12178
1729
18506
4508
1616
2813
12149
12100
21466
404
14934
21008
7590
5709
5461
4217
4592
21795
8219
21762
2802
8142
4343
2041
23613
11234
11401
8838
8367
4781
1150
19413
14937
12515
14766
13418
22725
25209
11400
595
25087
2680
18112
6906
7938
23961
17961
9521
12908
8173
19148
4623
3911
15919
6560
204
17775
5190
8492
15180
601
2602
17823
17842
9591
11933
1036
19955
4769
7474
15311
20692
11818
23809
14196
15090
19300
22246
4300
2005
1013
620
16609
21279
25660
11765
21688
10583
14254
10681
26441
25822
18456
26420
18014
21590
11026
13058
8927
18396
3180
3832
17624
6713
24398
16537
23799
5257
10559
7523
16578
5929
10186
20098
14688
18343
18980
20248
20833
14431
12913
14013
21140
10030
18510
25997
5073
23951
26267
7960
151
1087
21995
4646
11487
16650
6054
12634
25984
344
7500
11231
24167
7884
13125
26213
4098
15269
12641
5016
25713
6095
430
24743
18999
18038
5966
1907
7253
5413
9367
3444
22584
2435
17634
13072
6298
5562
8172
10336
22420
4716
15737
25616
8963
26297
10028
7124
21423
3068
4745
22302
16154
9984
23257
594
17112
9668
20220
15711
26093
13480
20293
23865
6755
25323
13222
11801
19590
24822
4892
14044
22190
12548
2223
12042
16750
23059
3098
16802
23679
9621
3225
24518
26554
9280
13786
9173
10840
21753
9452
24528
5785
2152
23422
8008
18029
7575
17800
440
26064
4407
11172
1663
20454
25090
1037
19813
22240
6226
25738
341
16717
16451
3714
25018
13420
8341
16108
3927
7392
26567
5220
3161
9293
7522
13508
23945
6268
18036
25533
21865
16288
19935
1772
17899
3191
4649
13871
11885
17352
25522
1926
25783
16071
23649
9727
14665
15715
24041
9477
5819
9634
19711
12746
8359
13895
3301
22045
20837
4735
7407
13617
3489
6706
14648
13210
22270
10999
18133
161
14676
22779
11517
20384
21264
24020
5985
11311
1653
14006
4690
25583
13711
12763
8076
26108
23423
4626
15482
24831
796
14930
25658
9537
24399
7706
7316
8187
14080
20151
24787
24754
22972
6453
10809
26405
4570
13681
22447
16605
13441
1496
5126
2140
8496
16674
13985
12520
7819
4004
8942
2983
11464
2744
22494
865
17996
22734
20340
24427
12617
20873
19369
18835
26369
24048
8456
17675
9099
23246
16835
18493
19550
20901
10161
21439
5846
4707
24739
16284
25661
19789
17256
1456
11785
13367
20765
8973
13390
15211
10291
23482
298
26224
2692
15245
14956
3175
12394
3378
316
11507
2386
6814
2001
550
21807
26268
22381
15842
24825
6734
5098
25345
17751
18353
24248
9404
5313
23897
6616
18005
23386
21800
8339
19552
12773
11484
3594
5690
26561
3303
6871
21955
4816
2840
1806
14706
9859
11114
2531
24385
20792
14122
23849
17985
18006
1101
16463
9282
4260
2787
19529
1919
125
26155
7627
15746
17991
13170
10763
9848
25791
17696
9385
21666
17906
25589
13721
22236
14344
8568
7030
19457
8291
14885
16933
15315
12691
2335
8573
3934
3490
1203
4148
23058
10676
9990
3975
3247
26096
2229
3395
10659
7816
372
8774
7971
3363
22332
13416
24438
13327
11921
17267
3485
10580
6349
5800
20548
6294
26079
3492
21530
10888
16227
18557
22820
1802
5528
6946
14919
19849
16507
13999
25446
5491
11890
1114
2025
21825
23229
12207
1955
15661
8509
457
6335
11233
910
9969
15809
1800
12642
21786
4990
19324
16180
23885
18871
26118
4120
1788
58
14326
25731
15239
1259
17161
15467
2942
6558
13612
17236
9940
23936
3863
20987
2792
13398
14868
6449
8348
3252
3592
14204
16197
19226
12587
9328
9507
1813
25657
1798
4813
23105
8102
23616
20219
14203
15447
611
5914
562
2189
4375
15884
24240
8106
23101
80
8386
2988
2643
5654
13621
3050
3800
13957
25674
17205
3031
3985
21592
21134
15381
2904
26388
26413
10863
14831
19023
1362
2133
7185
20355
4410
15238
19596
7170
3595
3407
13134
12958
16194
24451
9468
14098
3739
20249
6313
23934
5393
8955
11665
11518
24029
7404
7983
6958
20127
20161
22449
21100
1447
24864
10703
16720
7733
24600
19235
12012
18399
21194
22452
2458
8490
10854
15876
3562
3834
22702
1396
1129
877
2051
16508
1868
25026
1079
7623
26586
16075
3323
14734
15570
17409
20132
17147
16635
2205
4325
22408
26245
5225
9077
10504
18879
9796
9392
3904
7900
19250
2014
4656
13633
22953
17495
14851
4594
20148
20960
5927
3315
14178
2455
24669
13533
12896
18168
5666
22705
19213
15728
26237
9754
15877
3434
24434
25081
6878
5336
13451
19544
9156
5536
11923
6451
22351
21580
6372
6662
17328
17559
21330
22097
4767
16132
11506
17976
10160
14483
9216
10050
15873
9069
10764
1264
8116
8151
3310
13694
21948
24218
8759
11370
18097
12102
14141
11468
7612
5532
24968
18823
21232
15851
21003
14496
25044
9662
7645
11287
11607
592
13233
24199
20820
18420
12400
2166
9914
3957
9721
2379
12625
8464
17369
21039
19904
21103
18322
18172
4044
7805
26336
26178
9511
5000
14860
8536
2658
15185
9850
6036
18548
15634
26639
11128
20362
21827
20623
6517
11038
6087
14186
1790
17912
2256
13838
4193
9854
9139
2430
11143
3035
18919
19597
14297
21813
1850
17900
24049
22876
5481
17505
18746
23557
6148
23069
25611
12284
1279
17294
720
10083
17446
7547
19389
6050
416
20828
11194
3734
11058
21230
8257
4157
17745
9486
1852
2850
25830
13470
271
9774
8828
24560
3643
1149
19251
18566
15740
5294
18681
16664
24753
13869
14119
1654
3220
26544
15879
24686
6204
12111
16083
6603
1233
22095
18078
12326
3621
15050
5140
16470
22212
12807
21941
7683
5450
16623
10868
10724
9683
5909
22499
26320
7469
5812
12809
10384
6795
8969
9542
19302
7052
7206
22959
4956
21860
3428
16665
13962
4824
8093
2056
22214
9354
14655
19091
15118
19068
19562
8178
11315
4468
25509
20162
20999
1712
13563
22402
1719
14693
2452
25393
11293
22822
23843
22025
17270
14177
14110
17655
224
17023
11567
7764
1080
24058
22828
12388
4772
5441
14661
5089
16006
3880
17648
26514
16122
24378
4212
16392
7247
7937
25780
20823
19794
22030
2627
5575
23856
10651
9116
3843
5598
14125
20519
26350
17836
249
501
16958
2403
3510
11668
680
2282
16336
14540
25878
19264
25316
11229
18243
3371
2856
14425
469
9819
15666
10796
24389
23906
22811
26058
25836
19570
24220
23627
2943
15353
6862
2122
11342
6013
10338
24557
12397
14069
4836
4562
6660
3069
13145
6886
15078
24155
1686
8699
15151
22681
18726
736
11499
12307
10001
22180
10712
15129
23913
5618
1435
7318
16240
4010
25916
182
14343
23243
7431
13267
18199
2592
8646
11788
5050
8971
7667
21174
10277
9551
11993
7353
6671
23358
22418
14753
8765
1843
10036
5771
18479
17575
9661
23689
22058
2467
9284
10005
14035
9799
22287
20006
13923
1897
14345
985
11628
7745
2502
7108
378
14926
21291
3972
19913
14152
15631
1612
893
10788
25425
12254
25751
3521
23261
13105
25580
24208
2825
17595
2902
6529
20320
25408
17074
15342
1108
20467
17808
7020
426
5455
17334
15983
637
3569
2313
11115
22136
23904
256
6137
771
11617
20642
22076
19531
3111
11253
24625
250
15741
809
20544
24387
13580
12442
25342
14331
9086
7878
13748
20261
18316
6619
23026
1942
8864
24905
2248
15425
8288
585
1209
1820
14147
4618
16938
26437
19150
2150
23703
17435
25359
3123
14222
25727
22756
10326
675
16673
13678
12605
24179
4659
5662
23279
2975
12965
5223
1537
12765
19655
1733
21635
25982
6652
17642
11122
1771
5896
2173
24584
16512
21092
11870
9085
18922
8962
20003
25758
13034
10467
9217
4601
6624
24267
25503
9803
23524
2105
18958
9446
20884
3617
21322
12304
3745
23844
13785
11196
2666
15330
6845
8325
2336
17936
1765
20653
13198
16826
25490
14514
9004
13486
11219
668
5639
8721
3153
746
23193
22257
8402
7102
10697
3461
11839
13394
9868
17193
22057
9377
12795
18230
22118
11283
14055
1618
21567
7917
17016
20005
21152
9200
11795
4162
25539
8604
2441
14777
10993
26426
14151
17851
2783
12071
21368
17574
25949
11391
5636
3121
3581
10969
11198
18442
8470
14302
468
13945
12270
10456
20000
2937
660
1810
15127
21460
23072
5775
2057
7006
19358
18045
19061
2607
15157
6306
13826
10875
356
6225
19972
5197
13434
3895
19874
11080
12327
3625
16332
4911
2909
19419
6597
14194
8702
17609
21886
3546
22795
17863
9458
19490
4081
625
13820
17797
37
19104
15772
14165
8859
3728
7323
14500
23462
12865
25484
24671
15745
20066
15932
15199
8975
20529
15725
23002
26438
9157
6452
11216
11387
8153
9350
17001
22956
8698
4704
22850
12828
3933
11098
17510
6173
10288
207
634
13225
19782
8308
4841
1741
4766
7393
25955
23581
6740
19076
13896
23653
5266
13477
15674
4025
20874
16376
11804
2480
14236
22165
13453
4947
19374
14756
15485
53
17379
23607
9214
12723
25066
19407
5473
11654
11261
5085
8459
8869
21476
17656
971
6295
20634
541
6611
2989
16660
25801
3101
9311
15479
26571
11465
15008
11048
2211
12195
14812
16747
20929
20058
13909
16131
755
14961
21510
7174
7498
22980
5901
5544
20238
2720
12302
4669
1906
16419
22515
15417
9270
1192
6691
1388
4905
15191
19026
25046
667
26015
13850
10744
25538
8249
8860
15106
8068
11764
23015
1936
22738
25448
3696
23993
16048
14145
23612
20864
22784
19102
3930
26570
6487
25983
19962
10168
9294
1099
277
14289
22210
8408
11659
14010
13988
26533
23808
17330
3401
3743
15099
25088
15871
8712
1569
10034
12496
16067
7427
13067
10207
15027
5289
264
21358
13133
22926
23784
21360
21255
6121
13003
12753
20259
14363
16536
11163
14724
2109
25906
1076
15003
26588
25855
16094
11713
19580
13075
1170
24688
2834
1769
24533
15955
20717
1516
1953
16624
9423
14309
16493
25594
14419
16182
82
15640
4516
22739
5646
18497
14046
1329
9172
14791
1436
19881
17444
18877
11236
5277
25129
26425
2090
731
24217
25297
18671
20060
19617
3744
25238
187
14546
19465
25867
26537
2034
4369
14506
4275
24417
7862
3271
24010
15037
25033
24657
16836
25313
10387
4991
22092
9072
7947
25076
24850
14942
5163
21052
24527
10962
24138
8024
23040
25620
16374
25918
4232
10233
3875
25166
13977
13823
18349
12419
18584
11074
21353
14606
6166
19017
2224
6269
8796
2440
2036
19337
15836
14966
13182
11131
7804
7461
17968
1783
17166
12868
13768
11249
8021
9112
22144
1656
2526
2765
12657
12603
6899
18245
22371
8274
3778
8466
2545
21987
6940
13011
10639
7932
24972
24871
2328
17904
428
16258
5501
11478
21270
17676
1940
14257
15953
2565
15514
7746
1238
14354
16799
3488
2967
10329
22241
25113
8773
25573
20677
17473
14242
15785
5610
10408
8956
22909
26507
1925
2048
10644
5186
7412
1341
23654
20155
13081
24202
26044
10663
3350
2554
14659
18050
10156
6342
5507
13097
7747
21788
13910
18678
20531
19903
4167
17870
17837
7426
15867
14093
15713
17469
19140
17859
24150
15970
799
16620
11240
21251
5979
8791
6855
4752
20618
24796
18795
12499
25453
25145
17516
26498
16913
25724
4030
2032
11453
20571
2721
19311
5496
8556
15698
3135
13755
16783
9437
22946
24306
7577
7031
26234
3183
14969
8091
18906
698
17153
3066
8045
6379
6049
16430
6017
21586
4860
16972
20254
13687
21163
3234
11084
19003
11999
10404
21233
19934
8878
24347
11241
23298
25284
25450
7210
14767
21703
16495
5157
24835
11289
7129
23506
25391
18965
584
3455
18080
8924
17887
146
2035
14813
10507
4295
20806
20039
24915
1061
22982
12903
9009
16354
14025
25433
14898
9322
10604
5527
167
19195
9939
10525
15773
26487
11338
20758
26638
16961
8054
22737
20657
11374
5677
8302
1847
9074
2654
7190
15712
13204
16549
1573
1738
20012
22196
13104
14762
25496
2354
21559
2625
6220
21551
2159
11019
21539
15938
2393
22148
21997
5626
9264
17639
21571
14820
4014
13370
24955
8292
576
17272
10627
14560
15599
11052
19260
17588
25743
1637
12616
768
10211
10647
11120
14381
21179
8020
13558
18589
10777
3633
16533
11719
23902
24210
19924
3288
3419
7369
6336
5267
16129
10035
17596
10074
1795
18861
19164
4178
8948
24756
4222
17339
725
23884
1014
5807
21914
19882
16355
13500
22202
6726
282
6658
13332
17846
7978
18774
9991
7110
6364
14059
13183
6133
12848
4519
23656
274
11117
5120
16037
26443
5888
25223
17343
18944
19677
12571
2723
20588
7705
18108
21944
14619
23626
16454
739
6045
6178
14687
11819
20745
23293
4900
9893
15887
12534
15917
14728
7349
13620
13455
22511
18478
8181
14686
41
25286
9802
24102
19683
18120
19191
19349
4420
2160
6950
11337
14308
8899
21211
13331
24274
3412
14553
7002
9266
5601
11011
477
24211
17822
8077
13074
11851
26368
18953
4717
3355
15061
22054
9438
7826
5023
11862
11397
14482
7987
20382
11593
26139
21071
21844
13410
3560
3361
24498
4308
12115
22562
8718
13436
17189
25331
13299
1185
9812
4633
12218
4624
614
20589
13761
2283
5992
26358
9967
4950
8397
22555
23202
18347
22313
12827
14993
19000
14681
21426
20419
16591
1710
20173
18812
7457
6223
16785
5358
23939
16866
13526
23220
17184
192
14337
3199
13904
4682
11970
24045
25445
15460
3593
12414
1458
9787
24936
16121
12031
13966
10613
18943
25351
15243
4042
14376
2351
19553
13492
1740
16677
13324
12053
18207
15001
12890
2350
16709
12990
8620
9695
23535
4962
765
1309
25668
8323
6762
12036
19819
26122
1438
3561
22848
25188
8739
1448
22655
15464
20405
7772
18458
9221
17546
25062
16920
23830
7739
2662
3285
10963
13263
23299
24461
15459
5307
25664
24807
8137
19837
24685
10706
21010
15552
5064
11973
3056
20379
23647
8430
3789
14300
21294
4739
5637
7059
18929
10154
13411
4740
6101
23973
20169
299
3646
3250
6348
11957
26235
6544
19629
6126
19542
19037
9519
24160
20831
19366
5667
24952
23091
16592
8213
1028
16517
14106
23244
14168
24510
26366
5984
25215
14718
1731
26435
12008
3385
94
10575
14491
5338
20553
9692
13354
11643
21784
11540
20121
1294
12466
17241
25772
9210
6241
16894
6561
8650
6566
19181
10434
8870
22037
12637
9651
6265
4871
18577
15699
23963
23859
23901
20235
8340
18348
1860
22611
23840
13065
19877
17530
8139
12233
6004
9483
4449
62
12032
9015
25320
12645
719
23723
1373
4933
4559
3331
11010
25074
4673
24370
16767
12826
1467
10755
24486
9245
18654
12004
2301
5145
1517
19625
7279
12716
962
3783
18899
3886
11946
18200
18580
20710
16857
13489
2978
10919
319
20359
2054
9258
17080
19155
8030
12840
19262
9050
17498
4957
10905
4638
2712
20630
9909
9425
21982
21543
13973
1743
13735
19025
4983
5128
16064
15292
8354
24299
26460
12163
21516
25306
9292
6976
2816
19636
12441
18304
21604
22861
1711
17249
9014
6105
11470
16595
6100
23009
4422
9082
19144
22579
4011
16
25421
19118
16548
24950
6195
6640
2320
23192
5977
20295
23171
9924
1064
21436
24718
12686
16919
22728
13657
23306
16631
23492
19640
22027
24783
8531
20817
11791
7495
1836
20273
8110
3293
24790
15673
1204
397
14870
16846
24940
20855
4564
23128
25547
3156
17306
26434
15169
20473
19620
3881
2958
18184
281
17701
12045
7788
22936
5862
10452
21589
26332
26527
9573
14193
650
16771
26287
9150
5871
12322
19253
1363
1219
7282
2125
21976
9705
13639
11516
12296
26206
19491
8913
21771
13751
1346
19876
16596
300
15387
23855
8595
2677
3353
21115
16307
7926
23989
21266
8574
17562
12
19357
1602
19651
1010
23602
14760
2951
8497
7662
19648
4901
19919
2432
12291
12297
10143
9660
23163
10912
25902
16880
10855
12213
25545
21915
3094
10974
19276
15896
3516
18044
3387
7191
8737
19410
14902
21792
10282
1050
18928
4282
5937
15901
12920
6511
22071
6213
21055
3128
26382
17312
8379
17608
2164
804
14869
12040
1555
1615
16398
14944
9988
5866
9021
13650
8690
19963
2598
8617
18150
11520
25108
19474
13154
25519
7044
25288
24467
23325
12410
3264
4240
11698
22627
23638
21519
18711
18033
10948
13400
4639
21649
1828
11454
778
19871
14251
16688
4882
22052
24762
11745
323
22187
5657
19217
23624
7259
15097
4938
18769
25507
12766
22346
9831
18293
19654
12283
4651
9051
18597
14234
7375
23925
9301
11635
23517
26643
17680
6715
20684
15173
1959
6009
21749
16020
6629
9456
10637
16600
12134
13557
5403
23196
4095
10960
1241
12417
8972
5039
22834
603
20585
13491
9944
23728
4187
8418
7753
394
22456
22884
255
13507
21849
17069
14774
18987
21325
8616
22740
997
18459
23393
19643
21630
6677
5570
24016
26646
19946
11787
10767
18063
8484
11047
15052
18982
1782
7968
25599
16752
14229
5647
20696
13163
26133
22951
4966
7245
3691
23315
4273
8441
20284
26379
16838
14058
17788
24482
15705
23768
19510
23087
16195
20712
21940
23405
23846
18282
3735
5476
803
22856
10181
1041
16668
917
24050
14390
16076
2728
13703
2457
21451
5847
11686
26516
1682
306
5727
3188
12696
14154
262
24406
22288
4093
22927
7847
4973
12601
24748
26030
3682
19445
6522
5511
26649
10975
1499
23646
22974
23478
26099
4622
12389
7171
6376
21169
24095
13264
18218
10674
23242
626
1361
6267
8088
3433
23112
21562
13729
2240
12216
8629
3436
13101
721
8844
19533
17975
17840
2023
24624
5665
898
14954
16586
2579
22774
9081
10933
21908
3899
21867
17062
20166
25406
938
17208
5884
10356
10742
12118
23326
7617
14523
15992
3296
18728
13132
17363
24758
6750
14501
8658
15826
5414
6289
15995
10198
26221
24570
2087
2523
13637
7901
14490
4760
24170
126
22164
22192
24257
7066
25478
22680
8248
6866
22020
21910
21595
12756
15854
945
20134
20896
6344
21501
8560
3890
19284
13955
8756
22829
17214
8012
21483
4341
7845
835
25549
24309
24723
2863
10498
16343
20298
12899
12228
19931
11808
3686
11246
19563
2154
376
1020
22821
21499
11341
6450
22775
9864
1675
25275
19142
18593
4452
21863
7229
12150
5464
2130
14137
12157
20285
12725
15260
15874
1383
16792
14117
18601
3122
10085
18665
24
20018
18942
21430
10670
2086
3314
4032
17373
6069
6667
20635
26496
18743
3365
2859
5346
11186
14393
2423
10072
13510
17068
10577
13529
13361
10025
25196
21760
7342
7549
10092
14879
16097
22528
23673
11915
9449
6420
25737
2778
11258
21988
805
21969
18495
2029
10117
6277
10048
7956
12048
3494
1990
15108
8561
22939
20824
26253
18527
12556
5991
20992
14388
3012
7114
9965
4076
14714
2451
18421
6278
5623
2865
859
949
26292
16766
23336
8502
7715
15082
1658
18232
18814
23658
22159
9625
6804
14625
9160
3987
9862
9032
1049
302
15642
20500
19234
10953
26462
11148
18952
23004
26404
17821
20335
26189
2284
10680
3177
20281
17206
10911
22796
21059
16535
22826
25152
610
18467
13849
4992
10187
16021
9981
18745
13545
3211
18961
22310
862
2017
10093
18439
21315
18238
5615
15587
12887
6792
5132
6378
3332
22193
13236
14014
24848
24323
321
20725
26393
13648
4460
13948
11908
951
18975
20341
17002
4686
12930
4545
3059
21139
19301
12476
24421
19511
11355
1794
5208
11820
18875
10393
10709
21336
17255
20554
15088
3977
13461
20336
8018
13855
25264
26006
6903
19182
7678
19724
18683
26322
18252
10397
7537
9667
2267
6788
22070
21045
20097
12750
24067
2080
11390
4729
11013
16970
14051
13056
14066
13834
10886
22397
17104
7112
18556
25051
19129
8295
8708
5240
2773
11513
16287
17195
11178
11857
106
25932
8657
7796
21544
11334
19603
14160
15866
11066
25219
23032
8842
1626
12245
3049
5442
6809
17978
9093
16739
3201
5813
17283
10070
2359
5480
21141
4384
5457
10130
8480
9769
5021
25485
12923
12347
23213
11975
8239
23890
25514
15355
26518
10221
22800
3624
671
23731
11322
7563
16181
13585
11153
5975
10468
25437
11802
24677
20158
24360
6429
21263
23424
16117
11826
8882
18324
12749
12009
24205
14481
2172
19278
10190
9557
20409
11958
9168
17603
3518
21320
26042
17665
23994
21522
16356
20130
15504
11689
14226
26353
17286
13329
14749
16057
14858
22103
11777
9424
3445
15513
16525
5920
19047
11679
20160
7355
12928
18498
5453
13025
16049
18076
6995
25716
2330
20525
14437
16293
21058
12034
14328
16089
24350
25554
20061
10003
25967
7208
10500
10226
5036
9401
9647
18660
21533
13842
7278
8909
3506
7499
20026
18787
24910
18223
26127
8112
1466
25147
22523
10801
14322
25495
7595
8751
10922
19887
11295
6237
23470
22931
1830
11170
19456
17830
18806
23899
9657
22719
19005
21535
18422
3558
13691
17538
19416
18114
4515
18862
12884
1966
13188
18337
13926
22626
5365
20351
13527
15815
16511
16317
17553
26427
18578
1445
12781
9934
22031
21106
23403
16772
2305
5880
24293
19870
25939
22976
12096
5091
22277
221
17146
20036
6091
1988
20143
13015
2525
2415
9829
14666
17073
1951
24504
8664
8489
7410
17893
17717
24475
7073
14190
14873
5912
10700
6708
9000
12718
12774
25593
15508
24678
21898
21729
8615
3107
23372
26312
8330
10248
11563
21313
4788
20982
5955
11200
20172
17955
15499
5943
21011
23344
12237
11763
1441
1598
2908
3270
10018
5288
25386
12874
23683
12135
8499
6887
21575
24661
14948
26172
17585
13345
16270
23672
3910
17560
26436
19117
25762
4280
25563
981
2355
8023
24525
434
5939
11472
2505
16340
21628
685
25615
4426
20565
26340
19875
24782
11543
16611
16928
4930
21148
17397
7436
9879
4851
15573
21574
19977
21072
15058
22059
18292
18883
14112
2479
858
10081
25346
5930
1419
5247
22753
17875
24977
12659
1479
20546
21
21006
103
19411
24543
492
7281
20955
15408
13191
579
18270
5283
7041
19637
21063
1854
18012
7025
23039
3308
25243
10259
20872
10441
20551
496
1231
13771
25874
3807
9688
12607
1252
18729
16265
20244
17637
2795
21644
20827
24785
12939
7744
8977
15584
7050
25292
115
15771
16741
15881
15094
1394
10020
22498
2027
16890
20457
7408
21743
19265
15672
25596
2616
23174
24664
674
3216
3988
16715
742
22894
24103
3400
19092
7912
3329
1668
10152
21548
15869
25676
21324
13813
21836
24561
10741
6672
19973
10823
5446
13762
21111
7136
5579
6721
8906
3406
13803
8461
26159
18789
3983
1202
14918
25505
24001
24538
23501
11814
23621
10272
22587
4483
5705
21646
399
18190
19732
19752
25607
5789
14654
22102
24670
3772
23985
9499
3089
4245
17362
2833
12983
19842
21274
26257
20599
19635
6322
9936
18742
11064
20315
8215
9911
7158
13478
9709
23680
9428
12479
26179
19437
4801
9130
8004
8013
9835
13623
4789
17854
24038
16786
16168
14427
16697
3022
3857
12116
25950
23677
15609
14867
1430
21954
15789
14816
11425
16607
16087
1439
15422
1367
23665
22040
2789
19422
23388
17274
1952
4759
16061
13941
17211
1565
1878
1145
16981
20247
7854
1576
11968
18839
6548
9202
25366
2253
1700
13741
1933
8834
5729
14801
24104
24834
259
16765
22816
17257
23781
17329
10871
16872
16988
17589
9039
108
23074
26290
5372
979
13577
3675
23165
9283
26352
17777
22695
7810
2249
2817
4267
25036
22043
8976
23078
11723
23681
10566
2191
2991
8416
7702
19016
2546
1822
20622
7722
418
14111
15203
48
23933
452
2307
21363
3041
8262
2761
4692
9278
23334
14896
22208
24716
107
13787
23280
1151
3639
5894
10201
569
22510
25904
13704
26126
17252
970
535
1301
7348
12093
20014
472
5219
14316
8390
13817
6939
6118
8626
23879
26647
12061
8463
14342
4849
6673
4395
2463
2132
22093
7382
17999
7286
8925
21407
11063
5059
10822
10346
3657
15558
16904
19424
11452
13054
10655
6023
24659
22079
13373
23318
24982
263
9380
7801
5781
2508
1530
1090
7163
24384
14269
8804
19508
19613
25177
10846
10164
18482
11712
20841
1563
17558
16704
18277
10529
11592
23631
14418
2254
9684
7939
15814
14045
239
13659
15880
12095
18034
23542
11748
11772
23831
11538
3272
24877
5269
17629
8533
14180
14280
9481
20363
22683
15775
25680
17651
183
2385
16400
223
3093
7453
3775
2053
12503
17833
18109
25602
19823
7120
25287
20968
10023
696
20915
1158
13776
14549
20680
1977
20453
26417
20342
14385
124
737
12974
15091
178
24596
14338
23927
1175
14864
15148
23285
13158
7486
5679
6315
966
13618
23125
3555
14824
1837
4330
22047
14073
7154
17258
25690
23349
16255
12234
16266
17942
24237
18314
9246
18680
7820
21425
22316
20602
5166
1307
13086
16264
11638
5892
3840
14555
19116
24810
367
21213
17834
19298
17771
502
18641
19442
8423
22368
396
17555
1055
4539
13626
21108
542
12272
2530
20234
10982
12204
23181
3992
12354
15658
20350
21488
24022
2538
10178
23324
3333
18378
6172
9943
4635
4907
19384
18151
7652
17948
14894
8356
2604
7455
3864
9195
26137
16023
7965
24610
20250
16708
26341
24744
4456
13428
9165
7948
1513
1160
15503
14474
19403
937
23528
7258
13443
6794
21332
1879
14590
7615
1470
10630
9455
25318
13956
1591
13026
20964
11377
15786
2402
1867
16966
4388
15087
21299
22875
16898
6352
1136
22671
13629
12371
6259
22929
572
6303
24511
23508
21183
21136
15310
7046
25038
5033
23659
15754
2344
11177
19885
15566
14415
24369
18145
22937
19583
10096
9757
14670
1109
17293
23538
9784
13488
26415
5411
8406
24970
24628
16435
13613
15824
22153
14395
8347
14632
19684
3152
6650
19378
2657
3914
6393
8221
16248
6852
3394
20472
10677
20778
23660
148
2375
24931
25723
968
26512
15690
5044
5833
25382
4441
7007
12424
13121
12731
17523
26410
24593
15788
16924
498
23512
18895
14441
11954
4895
19365
22483
11078
2646
21878
19020
14883
13273
23036
5010
8444
18381
20687
11450
19417
1938
5769
7822
24419
14882
11877
4447
22663
18656
10687
3706
2038
15220
3125
24468
16304
19341
21809
7339
22385
19572
21085
17029
7907
20577
5398
24024
25642
3805
15524
16547
3045
17298
25821
2184
8905
26061
1254
1194
18596
4028
5879
8264
8375
9996
10819
15128
26060
20352
24143
24645
18141
6153
2060
8874
12341
20210
9369
17159
12215
14804
21327
18313
6083
17484
26622
4753
4566
24693
19653
20257
9808
5843
5686
16004
4238
16963
19970
16420
11558
12355
990
18054
23068
2091
7771
1169
16627
20521
1946
15760
10560
23920
23237
832
14332
26387
8763
10861
22574
16782
788
6334
8164
18294
23322
8242
5303
15147
15886
10739
5371
6623
20200
7765
14088
19756
18645
24334
6923
24204
26504
16641
22466
20426
16267
10967
10131
25819
21582
15959
14761
5249
18692
13179
1718
22572
10367
20718
17095
753
3144
533
2947
2376
20782
13894
13007
12041
18749
11934
24484
13544
17170
3302
25921
26100
5531
14547
5222
2915
14996
4455
25161
22608
16281
2310
7570
3464
10756
9745
11009
4869
10229
5152
18626
13147
11395
15005
20931
9107
6709
15289
12726
1029
21810
15667
9887
5821
11419
0
4953
9029
6438
11515
21225
26182
13912
20001
8930
5872
10550
1599
14294
12715
12318
7150
19426
25687
16553
12938
25449
4045
8682
14558
20629
19534
12242
13935
23184
24162
20594
10473
19400
12751
14480
20431
342
20120
21634
6760
24445
3134
6564
10026
940
18026
5127
20723
8883
17599
20462
25242
16105
1205
9478
25813
22807
7576
23282
10305
9979
2668
21067
15935
16358
21474
9448
21808
19947
7360
25260
9137
20470
5678
5941
17300
1144
18437
25757
1157
2603
19376
22686
8529
24687
20600
21934
24974
15811
24111
17748
11405
15439
1754
11741
1767
8486
12440
13175
25236
6863
22759
2980
24991
9540
18600
25771
15974
3025
7943
23841
16543
18
22489
14984
15621
9205
13401
9267
18803
13040
22697
18679
10653
10845
856
18208
5890
23141
23276
6695
19841
25787
9953
8050
21963
6524
2843
17198
8223
20475
9247
22179
12203
17186
3702
11570
8388
17135
5969
26200
4571
14406
22279
4800
10485
2524
1402
21577
19399
18079
17845
19058
3426
22377
3374
13306
16718
6260
21388
15860
7054
23763
10827
11479
9024
15432
21373
13599
10217
5401
20071
4797
9436
15458
23262
24327
24660
12443
23114
15348
23789
13425
11018
2901
12931
24008
19766
3102
26170
16509
12309
19430
24140
15950
14394
16763
11331
13061
3677
22042
3391
9277
6329
956
26190
400
8458
24437
19952
4350
1057
25924
3690
234
25300
8742
8482
6643
20187
16444
3335
3979
3741
12660
20726
12912
24948
21583
9852
8918
633
11559
7531
5472
16344
21143
5400
24054
524
6880
12137
13314
20287
20493
11994
14057
10166
5619
3937
327
1583
6318
17857
5162
9972
22088
19929
25278
8246
23832
24897
20575
2926
12314
1501
22599
1901
20083
1664
26195
12971
16125
11805
21919
19434
5851
24962
16690
20087
18239
8140
4132
437
22896
21031
2612
22280
3379
20486
22531
21691
22819
6462
10274
11789
16497
8513
24745
21405
3421
13705
15812
7192
14834
16167
10193
8364
19818
5018
2839
21300
21288
18100
22640
21057
23733
1739
19707
16733
14976
9711
4126
23455
3955
26303
21502
11681
23277
25832
1277
23073
24379
2460
13193
8307
16998
1665
21454
13743
20433
23858
8035
18585
26071
23875
23633
688
7584
18717
20956
10927
22597
8894
19292
16196
6898
9719
19066
11383
12790
19894
17500
12919
1571
2810
1750
15830
21441
19353
20574
7186
12127
20859
16991
6171
5391
6848
16380
17266
278
16321
18851
19338
25471
18173
5121
1273
6586
25789
13136
876
180
9164
24826
21005
8214
10271
12943
18312
4056
6972
25224
18198
9131
6326
19363
14136
19835
17141
22363
21814
15739
8282
6655
8051
14615
13005
20108
23061
22360
16442
2699
18142
2271
6245
5545
8825
23491
2232
3139
17758
2468
23304
1450
15872
8911
2295
24617
12351
25655
24867
22843
7737
4198
3808
5281
511
2968
24906
17697
13503
16634
13853
19470
9413
6323
7572
20663
14565
3067
2392
3174
3609
23005
23997
11718
6392
14508
23359
24817
14638
25384
8237
25424
6710
2485
6199
21383
4768
26608
10686
7776
11912
9892
22698
10422
6070
25625
18857
9797
13632
6276
5524
20450
14531
9482
2321
15407
15659
21902
18302
9935
5356
7770
2593
4493
21498
13509
8647
8446
22786
7096
24304
13258
12148
18417
10258
14129
23519
13866
12349
19109
3499
16140
4459
14293
25444
21404
17929
20045
23356
18701
21698
9612
16346
24009
17638
977
19912
10128
7251
21175
20728
26011
18115
18932
26489
3060
8884
8824
22321
20754
10865
3105
25491
18630
10592
9252
4067
3582
1266
13320
20563
8811
10111
22176
6010
21289
16861
17123
21025
12460
9602
18449
19130
9110
24621
2049
12160
14486
1819
26502
11895
17034
14167
2420
8528
18167
4715
23443
19863
19785
17874
11811
4497
22543
21091
25681
14713
3291
950
7997
13789
8056
25622
578
18010
4361
9108
20228
6076
12914
25231
25308
1353
25614
6942
15002
23155
11523
22101
18888
17630
1859
20733
8128
20644
10673
5795
11773
22161
1522
17533
5798
8986
5029
25052
5024
12834
14884
21958
25170
8082
21290
25528
5693
14776
6068
17442
17508
5905
20980
8669
23537
9017
10409
19055
11398
18259
18796
7433
22331
6758
25164
7071
9884
17583
25012
4319
16669
8034
2550
8539
23271
18843
21787
473
16077
46
18477
14090
5718
26130
19728
9858
22427
14216
11463
22720
1683
9409
11407
21191
22157
7620
4709
20452
12412
22325
25348
4016
1487
1062
9877
6407
7541
17868
2209
5155
12074
2107
20291
4143
15340
17652
17646
6900
8748
20412
22638
17313
6063
6501
25925
1546
14837
2464
26355
21286
6944
12299
24388
21064
8107
17223
1165
1327
14195
12724
2358
10957
26121
7675
20073
26131
2737
14428
9640
11886
1412
9614
16010
23033
10123
12524
12155
9980
6015
26439
21966
14811
16272
18882
5994
24480
18318
19543
2478
20749
20724
15481
1398
21238
5430
9921
13282
16412
23625
21913
14492
5951
26177
5363
2323
19096
25678
13049
12527
12026
14116
18781
25311
21622
10024
5459
22469
10413
26619
17931
24244
3831
22839
6319
20513
11302
18492
18904
21626
26593
9563
4129
4066
17698
14612
21946
16693
23368
23485
10462
17284
4160
26338
17534
17898
19716
1605
7719
11150
7961
14844
9208
19022
4316
11995
14033
3900
2356
9126
1111
18211
10241
26630
26020
12722
26578
706
4776
12151
21349
8998
6340
20770
7592
21205
23151
9857
19545
25429
24658
8991
25016
1187
12164
20511
4977
15502
23210
13655
22051
21613
13833
16253
11822
6041
10685
17485
13087
1434
22707
6581
13720
14815
11629
23794
26034
7119
19233
11650
10247
9648
4632
23106
6720
2578
15862
17739
24526
3672
11020
15654
25473
8355
26250
6484
530
3889
16024
22614
12880
24918
2147
8357
11444
12006
717
8258
9847
7911
9143
14992
9201
687
7345
18927
14084
12372
25001
5049
23150
2650
8409
4381
1223
15818
1597
13231
447
24876
15000
19229
18434
6273
9340
15126
10512
4774
15177
17456
3224
7792
14697
11361
20621
10589
9088
20777
10805
17171
13930
6343
10399
12519
6656
16502
2784
4527
19107
11032
1138
21409
21329
438
24352
19659
6008
22464
19927
25460
12771
25915
29
25557
21661
17410
14802
7180
5227
5877
22073
4176
3141
21875
25948
23253
3429
19731
14917
12319
8313
7327
2623
23815
24109
16369
4928
8836
12451
15975
8205
8713
9151
1845
12328
7334
4327
24281
25891
21536
14658
12745
12070
144
2055
1974
4578
8746
14383
16033
7691
19247
14220
15438
31
12495
17905
24465
14118
7536
11225
5170
7568
24367
3267
5191
20941
22589
16659
7799
14161
17120
1095
11321
25669
21768
22620
5293
9620
758
3771
14512
21973
10205
22116
652
2237
1216
5886
23800
6776
19848
20581
23589
17986
3109
21638
12038
1918
18328
8697
2503
23268
1124
18674
8176
17785
24626
13635
7527
21184
5793
6111
18352
10916
19514
16387
1120
9691
9700
10314
3342
6938
16391
12340
4434
9918
320
2704
25178
11703
12584
18090
15264
6968
13427
17271
19726
14375
20665
143
10101
11699
15413
11901
6396
21924
18526
17417
12669
18086
23880
4062
14184
8953
9430
16815
8551
25237
13246
15679
6198
6142
18941
2933
22066
20550
3958
24803
22610
13723
1452
21389
3612
11381
2404
16141
24493
24314
5285
24412
20420
21648
11676
21293
3665
25114
18650
15121
6807
26356
16282
21364
14559
19781
22744
3721
12854
5326
8041
15343
6994
1885
10678
575
11267
25229
16050
19734
10878
19641
11475
18159
17225
9639
22213
2200
25252
23132
23391
15048
15632
19304
17182
26482
25174
18286
13709
22293
19467
20936
7018
704
12980
17952
2903
764
15700
16429
23587
15398
17014
15138
1736
8161
3120
17201
14329
24640
11585
26022
8591
25214
12205
9722
38
17044
18735
4581
20179
1161
5081
15827
10903
17047
11800
20483
5287
10513
16032
2952
17096
25049
15952
26324
14990
20333
26475
23742
9467
17878
14645
8729
23974
18326
25799
20998
17582
19699
25328
17794
6403
18515
25647
159
15581
54
5318
15301
15888
7265
10991
22035
10721
19909
10374
628
4472
26063
11169
20137
9547
16911
12458
9958
26307
7092
10458
8014
16237
2011
3813
14649
8185
12202
19440
7141
3713
11291
25844
20197
1103
20451
13220
22619
9065
22801
933
19296
2924
15710
10780
1148
15241
1792
9973
16534
13747
3479
23041
20510
11386
19095
17590
5067
435
6973
3167
14319
11876
883
12996
22458
18822
10555
6966
1206
1218
20343
1289
16066
4878
6911
11534
26406
25084
8534
11284
24935
16542
19146
2233
14026
7855
2124
10931
25461
10415
24206
19380
23284
10749
12631
18860
6961
12187
751
19588
2652
16504
21610
14367
6668
12543
13911
21853
21129
15286
15990
17839
16457
17843
12608
11858
1929
25718
22952
19925
8877
10377
10142
25434
15780
19222
8320
17439
5218
275
20774
2278
2006
24032
17828
22276
22556
10593
3660
22664
9394
4487
17357
9484
10252
8094
23990
15168
17884
19948
14951
4451
9465
11146
18401
24107
18465
23238
2574
24634
12260
5503
8226
22891
6621
4435
2754
2745
3601
13404
9728
19522
24169
1167
8651
20093
13543
10832
16727
10267
531
16475
5013
10189
6254
20171
4134
8424
17022
7077
551
20698
18955
22178
13440
16494
26185
1891
2021
24429
10821
26419
21172
14650
6605
2317
24313
9341
10654
16678
15695
22858
19719
21671
16350
23267
16031
1991
22060
1797
1390
25564
12266
22853
3197
1069
20504
3540
13046
6875
12679
15864
20700
6077
19367
18684
4837
25158
23465
24542
16488
3160
22091
2215
9820
2490
1807
26037
21414
11981
16126
14475
13907
8344
18571
3938
8368
18053
25156
19907
24294
26645
5576
5434
26041
6638
16905
22623
25338
17367
25261
6252
4721
2094
22545
23160
13665
15509
23352
14641
15326
20695
16530
7182
10920
5648
5805
7946
25511
17645
3996
8608
21038
12282
11948
8316
24913
21000
14602
8996
7159
19775
18481
19571
9927
11663
464
13661
10862
17346
24923
4593
18983
1322
15533
20436
1408
504
2334
26423
26582
19757
23094
4173
7468
26612
11012
23457
2431
61
22114
7830
20030
6439
22749
17926
21382
952
18426
1127
829
11085
16925
16642
25343
26054
16201
12152
13647
26161
7905
9417
23095
513
130
12665
11693
21584
8419
15540
26538
7637
6138
22194
8743
17542
311
19720
12124
22471
14134
25600
17174
12538
4804
15051
10907
1865
25
17024
7485
16914
5910
8276
3897
4059
24576
18545
5740
4362
8065
4436
13048
23850
11430
15345
18675
2346
2533
2762
21208
21219
15816
19624
25838
10115
19137
17263
13676
4861
19956
22851
21754
25810
17776
21937
17172
3230
4366
7356
6040
20327
2497
8936
15135
7813
20224
18859
12176
5815
4936
24151
6712
24928
8037
248
13937
8342
14715
19554
12991
10463
19231
1349
2984
19695
13875
14613
20930
4337
13126
26448
25648
14365
18122
22018
17602
13177
631
5711
3126
8310
2073
17503
22170
26342
20174
20213
14271
15228
13897
21484
18820
22237
6834
14947
22888
20313
12537
7750
18219
12927
8789
25058
13879
2121
14908
379
23496
431
13927
15847
24499
807
17827
13235
10283
5482
6998
2760
4339
11043
4910
4101
11054
7697
752
18081
7671
20495
14024
17079
12220
14680
18140
8983
15835
19139
10658
21537
26310
10337
15759
21157
22286
6568
7063
25943
15958
2685
2078
12835
21061
20944
9916
4444
6468
11313
18869
3614
13221
8525
8687
2241
454
21399
17273
21089
13122
21017
2357
954
4159
9608
24697
1155
23490
24136
26215
25431
13607
12287
14832
12261
6134
24616
21333
17967
19132
21856
18368
4256
5515
21356
6933
22256
20429
6310
11492
5375
20508
15491
19658
21001
14643
20264
7413
25574
3703
15750
7832
20526
21482
6188
4075
9361
8200
22169
12838
17361
13030
20934
13525
7694
15783
24885
2990
7552
23942
22261
9289
24750
14000
23008
14131
18605
2945
23113
18048
2454
5566
11880
9752
14995
4271
22559
10669
8469
24734
7624
13047
22409
11367
5731
6483
22311
20028
4373
4679
23258
17673
17729
20019
12374
15987
22249
20673
18655
7372
12017
12733
18908
23675
14213
7559
783
676
11511
8846
2306
26609
6971
890
10370
11591
14793
1258
18233
999
8182
21377
15501
14644
16275
20402
5101
17003
7967
12099
2126
16325
3505
6441
2236
16710
21879
2180
2671
21911
7539
15769
21920
13149
12541
4155
20773
1122
22382
18051
3655
19372
25371
11657
24235
14725
10256
3523
20252
8557
7386
13339
2290
25823
21228
6027
18894
10548
11449
4372
1548
6029
10043
25057
896
8952
7654
10102
14569
14272
13880
13947
22563
7225
18309
10407
21977
13171
5564
12891
11319
284
13938
16731
23010
1762
16606
8584
12904
10753
17040
11271
839
25198
23753
22969
17886
23480
13484
16560
322
23335
22350
17077
24083
16969
7080
14083
5547
14409
5643
20375
16123
15496
2844
18455
8049
17689
20763
14282
22135
6210
23185
1411
21561
7944
6287
7952
7156
11551
16743
22890
7754
10447
1423
6425
12387
15331
9652
19702
20593
8981
2711
23464
16158
817
17356
12311
4741
21465
6632
12507
10450
2217
14580
14264
1316
243
3575
19297
4863
17514
16579
18377
9071
3312
21949
1560
18340
11393
9219
21802
5567
15792
6150
8590
14810
4525
9735
21611
16689
13429
19647
1999
7988
25839
20399
24487
19183
13920
25585
23070
22352
21789
14207
15487
1705
8995
6851
18077
14401
17415
9120
3984
5366
21601
3779
23177
2698
15973
619
14049
7061
9132
18969
8203
790
18488
12162
20270
10041
26374
7693
17919
844
14660
8453
2659
15574
19464
22386
21602
10737
9067
1421
11308
13262
9628
13555
21869
24980
4921
25862
9351
598
22949
9170
4590
22168
21606
9454
9821
4636
22403
24505
26124
13754
1507
9828
19428
25356
5682
5840
16934
2815
7438
15
7035
11083
14404
4424
20484
8628
7093
10961
7598
13495
16231
8027
23158
1688
1493
25239
6757
13951
26329
9259
2082
12161
13685
11738
4299
5497
25688
25654
22113
5931
15453
12468
18599
24808
1531
23054
18466
2214
901
18502
15031
21730
13323
432
12226
17750
20910
2905
17593
3311
16902
5367
4645
16681
6085
19988
16691
8792
9321
5241
18058
12325
19776
22289
2466
23099
10665
1073
10981
23493
13780
17107
10063
22859
24751
22388
19122
15322
23357
22895
5333
2182
24909
11239
800
4130
22463
13595
25211
24675
5845
9433
17787
21082
17791
23064
5233
2814
18329
14744
13950
9479
12385
4666
25336
1613
8857
19194
24583
22846
12969
18629
1153
1773
13195
24631
495
745
12564
21411
4358
22955
16796
24308
25641
22577
8001
23323
1342
7008
9681
21669
25388
3905
3809
19901
24203
10866
6128
11269
7806
9146
13835
2501
18687
6919
26491
6341
9023
15522
6284
23725
11782
25411
26196
25961
22379
22284
15767
22347
17226
10448
6784
17818
232
15382
20813
12089
14192
19604
20627
26354
24607
9192
5334
5330
21406
11757
7155
1015
15806
11996
19769
20846
9915
1091
17492
24934
20181
163
869
17742
20912
3063
20010
12973
24311
6475
11653
895
10253
25544
16923
526
14123
12881
25517
3491
3124
11296
12542
3795
18533
15066
3926
4002
23965
8780
6582
11546
17217
16545
13295
25014
45
24945
3563
21278
24407
25553
22557
12456
23376
18636
15266
9723
17749
10089
11056
25207
24176
171
23585
7244
24364
9790
11041
3520
24228
9133
14564
20459
5976
12821
16280
21384
4131
10185
25124
19439
25859
26452
14032
22315
25352
12902
25816
14060
20277
21109
24462
2212
26603
25469
12739
5037
22769
24380
23570
10347
6024
5629
24875
5181
16399
293
23785
14938
6500
25486
26088
19577
7668
9376
17325
2874
22685
17109
7091
19162
21873
7480
15223
20043
13176
2394
14765
8923
17488
1751
23898
16056
4517
10381
5148
12231
19487
6901
24524
17693
11825
12870
8553
6674
26600
13928
8369
5205
23263
313
11560
23180
8837
24144
13917
12062
24613
16147
18541
21195
22375
10479
1078
11277
22827
16478
23231
8643
5373
11577
7332
2847
904
10783
17541
18248
20069
9739
7062
15328
6889
6028
2809
23459
17106
4951
22675
3204
12649
11154
10772
16208
10327
9740
8634
2954
16173
25749
16702
8818
22514
17276
23981
12846
19774
22221
10800
6250
18811
19793
19513
17232
18897
11645
22431
22094
16818
26295
1927
16456
10116
11833
1350
23516
14484
25304
10428
16301
1617
632
25420
6482
4510
13471
8594
4644
18542
18043
10939
16939
15076
13112
20821
23214
12189
15817
24196
21257
3239
19186
11907
3858
6211
21250
16394
1063
11282
25042
4937
18521
23513
20317
24285
22987
4121
9928
14372
18386
8031
19184
10066
8046
20659
23378
25171
11508
5692
13482
8993
5779
21437
23889
26510
18819
25685
13464
15671
3039
7622
6876
4133
21775
20714
11894
10047
7605
16217
14206
2436
26154
2716
14712
5470
13905
1667
13141
15885
26337
2610
7473
23790
10286
2649
1248
6989
13997
560
14488
11700
23441
24722
19420
10060
23669
23952
15081
5784
1894
25782
22960
5587
5766
22914
25007
6170
11075
3176
19343
13794
20461
24843
15103
5065
10197
5271
4494
15981
18727
13071
15512
17143
25233
26540
26309
3364
14775
21872
1639
11937
26033
26621
5953
15370
21826
21438
9036
11721
22122
23826
10992
20959
8025
1758
6282
10729
18321
19078
17548
14043
21173
24348
20789
14722
1801
7507
867
12697
22512
5808
4433
23206
14023
13666
11210
21415
3679
2285
1544
22872
7367
18763
16002
7755
11769
5315
12666
8512
17790
13120
26536
9508
17691
14988
4602
122
11077
18730
14927
837
21555
12107
8169
1226
7057
7775
7519
14536
12656
22677
8562
23188
6189
24395
8353
1888
25402
12114
3828
13874
8260
2586
20410
8363
20868
3559
1320
26581
24494
16848
14895
21711
1825
5012
2731
9033
10705
19691
71
15113
6302
17684
19427
6928
6793
4220
26026
25326
4575
10713
17710
13397
26223
22970
14362
9028
1182
26451
12411
24295
24840
4336
14291
19067
11343
3202
2145
8481
14473
10521
15602
17037
21214
25299
8311
7914
16016
18037
19905
3580
1873
13886
6617
13106
4060
10300
4628
3976
15497
19218
5936
596
10375
24362
18125
2653
10625
20580
19773
15706
23024
12960
17902
22407
12901
17440
15703
1564
15978
8420
25054
24260
11104
2763
7116
7793
8968
18317
3193
10524
11069
19567
8671
24023
13291
19238
8802
25127
4675
13245
9592
19281
7015
26473
24929
14370
12301
9985
23796
2622
8254
23544
10262
13288
9761
21713
16521
15909
12106
17664
26319
1883
19915
2194
15023
25186
3432
8992
4183
25969
11480
12064
11394
16749
1171
19436
6733
3189
26117
309
907
15918
11238
19770
6520
9801
17690
17793
3683
2994
235
7221
9199
13601
9010
17261
25013
8495
4269
17126
8228
4488
17395
2266
12055
14027
4392
19646
7446
9841
894
8508
7330
13161
16446
12802
21457
17517
23578
21403
23896
18617
2022
16455
6381
2682
836
16918
3732
16215
9020
16179
7823
4710
23461
18056
22944
1220
889
12680
20505
4708
13276
26146
10602
9548
18852
24733
15430
9976
23086
15179
9373
1163
4478
12175
1351
19512
19535
5207
19808
16146
24004
7311
4252
18720
1075
14600
15652
20976
6427
21684
19817
3276
11403
18690
1870
14158
12706
1661
12957
12949
11771
18801
19318
8555
25255
19509
1480
188
8649
20140
19778
6797
24085
21371
25151
4647
3921
9541
26265
13369
13769
6366
2277
10427
22034
23760
19081
15694
23260
10765
22106
16891
24855
13356
7143
17364
4627
775
4439
12989
12172
6365
16409
15903
12536
13891
16333
1152
1280
11481
10436
15282
1604
21507
25398
2648
2922
279
2584
22120
24194
2919
21798
16730
3650
9022
20769
22245
9839
10064
10180
13663
25031
724
23774
23045
10038
16017
1400
4881
20040
20534
9194
3709
408
6978
16644
1856
21764
15688
26136
20146
10325
20183
9298
10040
18204
26572
11082
25929
4315
15960
16199
9420
25556
23397
25222
14805
15365
6270
13000
19992
8672
22307
18179
18187
11634
2726
12310
20175
8336
15207
5135
8974
6060
18390
8965
3147
20626
25992
1779
24394
5230
17619
18570
22442
18755
22900
9946
23452
15625
8750
22836
1017
19852
17930
16999
9098
15287
6817
3321
13981
16788
9242
3362
4630
18620
24112
24420
12505
25005
13138
20057
8547
12924
111
2101
5311
13239
1384
18686
11639
14932
1834
24065
4750
21206
23674
21392
12770
15583
21864
6368
23407
854
16210
3658
17434
21459
12429
22721
8266
2286
670
7200
14349
7660
7292
347
19566
11576
16011
16298
16220
4663
11984
1732
6309
11501
15445
26065
3670
8159
25355
20065
19402
12720
3425
13376
16184
14001
5498
8468
8108
11961
19777
14899
9279
9888
19261
13887
17388
11474
50
5554
12259
13227
17504
25732
13739
24883
26506
6258
8407
7440
9562
6233
11180
10299
15042
20646
21421
24708
22009
11027
1457
1263
5624
12457
16909
3872
5116
23930
18865
16437
24705
15603
2314
11947
14126
23712
2566
24182
15968
18156
10608
9703
20356
23525
22887
20304
3090
12339
1781
5924
23787
7529
17719
24795
2552
16853
3092
10442
22217
21500
25974
21262
22231
25148
24227
23614
932
15304
18856
9794
8079
4077
21664
14554
12110
17176
22815
7925
10811
350
16568
16762
1247
11594
918
19599
4352
10418
24414
8350
10051
24174
24120
23373
4637
2165
25262
3079
18885
9779
4498
965
3767
22967
2264
1912
24207
5887
26076
23972
23771
23134
20542
744
15744
26045
10073
4239
14732
12583
9158
18361
17154
11547
17780
25521
19009
17897
26364
6410
21524
22188
14757
13859
19135
26003
18013
22465
2543
2842
22537
9889
5995
23870
12985
16645
11888
10402
26577
11278
3823
24152
10246
1128
20389
729
14789
18841
15489
6208
1217
4311
25009
11413
9550
4917
17431
14495
2639
7998
3099
21679
24005
25849
20603
25794
21890
5540
3359
23545
5676
9815
12577
15141
1299
17681
16480
10947
9462
2879
9926
19200
20850
3694
2269
17324
2996
24440
12735
9432
4349
7517
11725
12806
14874
14225
484
11079
16038
19557
2634
13363
13619
79
13537
3223
22639
11274
17113
13317
22612
11837
25099
24192
4326
11736
1766
24944
88
6828
16486
19555
24382
4146
1268
661
20502
15073
13924
23706
19029
24082
4450
24501
15585
2620
16080
4713
11856
1008
5664
11749
2665
17659
17474
16062
3947
2785
15848
9087
4404
10194
4846
17627
17766
5020
1112
20786
11340
18433
22984
9368
2299
12682
3347
25850
18901
14114
3083
22871
8413
415
21717
8627
23959
13357
13805
7459
820
13841
10985
1672
26529
16047
15093
14872
8092
9771
19288
14871
9811
25457
6661
831
8349
6360
5796
1608
17705
12995
6443
9883
24422
26605
11471
16090
21579
10383
1229
21672
2971
13275
26134
5114
10793
2252
17438
13740
8016
3769
12142
1950
20165
28
7935
273
3656
9962
23565
26330
17374
3200
761
20042
12797
22957
3860
3210
21848
11318
11298
13571
2618
25863
17894
17761
10913
1764
15249
4470
7751
7088
13536
9254
14703
25269
1121
24569
12335
23583
21600
9516
15144
12223
2742
4353
22989
8515
14835
6870
15115
10600
2098
6386
25272
2134
5243
25985
3500
6555
10893
13481
9040
7607
7095
8932
19497
14306
5875
3235
9836
2345
12235
2647
840
18194
21449
8196
23604
17389
4995
17597
8535
18844
19574
17432
4495
6741
14227
18305
12101
21113
8602
5963
1581
3257
14143
9901
11446
13296
18130
21651
18905
9765
4207
11997
20385
14155
22754
605
24418
19375
9249
1374
22879
13825
21216
2927
22789
24651
22869
24456
5656
522
4625
12885
2352
7895
9878
23241
6598
13870
22251
21469
22440
5102
7196
16758
25972
11891
15927
24455
22365
19665
16732
12200
23232
17489
22444
385
961
6215
13718
7051
26305
7240
3143
24752
21960
5142
20939
120
19143
10363
6954
22028
2349
9908
1578
16666
13712
24895
1650
4986
12320
5557
6790
4844
22654
24489
16522
23586
18808
7672
26112
7275
20492
10435
9941
1510
2462
26348
25296
23037
12895
22067
25212
17
15538
2161
17461
1744
17392
7741
8793
14998
9056
8329
2609
11421
16639
8130
7789
7783
1123
5438
26204
2405
24256
2581
14682
16104
25394
15369
5329
2181
6164
17820
21275
8417
23203
19482
17089
5816
16134
8722
2193
12454
3512
6822
24186
12676
5060
18291
4096
16975
1515
9059
8575
2095
12173
12636
12780
18738
26470
22477
621
6020
20432
21680
20927
2089
22580
14411
9269
21015
15235
17564
18454
10656
18939
3971
7695
5421
14822
12286
12455
10307
10403
23090
10964
666
19710
17299
1406
7338
2043
16706
14726
5534
25089
20798
15756
24015
449
16209
15080
14037
4681
8506
25841
1724
5782
5342
25483
21446
7976
7778
1533
3868
3906
21549
17212
12482
19745
13266
6904
13002
3011
2515
21947
19501
22646
24759
19980
15748
15762
22400
21708
26535
15614
20091
6935
14692
2155
22991
22126
17941
26014
427
14866
11985
4437
900
13359
13012
13353
1495
3627
3818
20722
9942
13242
9672
8677
23553
17465
1899
5447
5017
18670
12764
10140
23766
18644
738
23918
7230
8766
23722
15351
6473
15378
13208
25935
13389
12332
16781
26635
20676
8429
7004
15259
1213
4345
22412
18973
3730
17377
26386
23111
8332
9317
3354
23807
18603
10481
10335
8772
20260
16053
85
19933
24448
24130
25073
12555
5196
10621
20227
9822
22167
14561
25500
2492
7117
4086
3292
7631
2757
17155
229
1861
23741
24390
20780
1286
3572
8241
11357
14833
6200
9443
366
15360
18567
4078
13556
10002
20126
21922
16254
349
16365
19053
10527
3320
15462
4724
17296
16224
26186
5440
18379
32
4231
3179
3948
24586
26466
7029
22016
12932
22670
12509
6818
1052
8394
12229
10179
5122
20381
21640
17012
19015
23104
13764
14384
15107
23976
25806
14700
7803
9019
14708
16137
4181
19315
22902
21968
22358
12755
9515
22174
4533
12221
17321
219
16570
5704
22378
4188
16458
3699
23144
10298
446
1344
12461
3003
20713
3587
3718
24190
5458
22919
17490
3244
9495
21346
19210
21662
12769
9421
19528
11982
17028
14733
9232
18149
24842
2413
14576
8300
22078
21470
16827
13701
22768
8143
15529
17238
3816
14440
10437
3907
13872
19080
14678
7298
18065
22941
9618
24924
5250
23097
25942
1116
15298
3214
7033
9034
10531
8487
1703
11496
23726
26360
12184
21016
5178
17316
17671
25946
16250
16150
18047
7766
4277
8208
26345
10784
6097
6831
150
11979
5825
3613
22803
25963
24141
19772
5402
19492
23552
25873
18268
1841
5560
9947
11667
2300
4591
12105
24329
18189
12709
16441
26105
3676
12979
4695
8656
16870
6515
22003
9136
10464
20750
21445
1575
10100
22513
7888
12323
24820
11158
16320
5041
16490
6072
22207
1427
1582
10196
17855
16192
6033
26467
15635
4738
12557
19002
26036
1359
15303
19404
17207
14865
10523
25833
9263
7844
11022
352
18408
21036
22273
6175
3497
24193
8696
25627
25834
17269
3687
10306
1500
19463
25133
20017
7586
13341
3797
12179
18873
11323
2227
22690
10430
15154
15841
3944
9332
26548
7494
25250
9950
26459
10278
5661
17784
12619
4263
12570
25730
19530
8436
24055
2923
10112
9875
25179
18249
11290
3043
4125
7444
16198
8990
18074
12647
6567
6963
20209
13993
10569
23814
7070
2959
6227
15546
12513
17569
15257
23701
24506
9326
8396
23540
15256
14573
6290
24110
20731
18591
20919
3205
17482
16658
11226
7144
18143
20111
7720
555
14796
3118
22376
16278
6744
25768
12618
20144
13301
25888
23523
6012
14797
5202
14430
12271
18866
18858
9517
15650
15843
7067
12405
8343
11988
4214
5751
22229
25682
15852
22327
17136
5321
23716
14446
4476
1391
3194
21365
1903
21351
11696
26157
5054
12490
2544
6305
22607
15507
26430
26564
24775
22337
12154
9531
11644
2139
10232
9442
23543
2419
18350
2709
25696
819
10173
14691
5584
9823
15911
8428
22977
19370
16808
11936
17138
881
4484
5839
4520
14535
8849
19313
10930
7921
8583
6746
8385
21393
10351
14056
24604
20607
25191
4069
19030
24165
15844
5248
25141
13819
1033
13877
24551
22540
25116
12300
23275
4274
16834
21926
6217
8439
14639
10701
21710
15252
24973
7870
2484
9342
15743
2103
13312
4914
26580
24200
3802
4684
20947
16755
23950
10731
22171
15356
205
18576
26627
6687
1768
4166
12439
7082
5144
3088
25000
19307
23734
1199
13178
15263
9846
6849
20920
2750
4122
16572
22234
5185
1173
5008
22813
7752
26400
17866
22522
24324
6689
25119
13076
26534
20935
13057
13983
8597
21933
14423
8022
12741
7460
24156
19712
3891
17210
9763
5940
13150
11414
993
15071
11633
18986
26469
2247
14239
16892
3504
7721
23142
7986
10012
17032
17098
24904
886
25289
21076
201
19326
22502
22903
2243
12688
14953
7995
509
14004
21763
21090
6399
19161
12501
11366
8174
2595
17393
6246
2771
16714
12560
26249
7432
20996
15782
14439
5616
8071
8950
1877
12892
17850
18269
16897
5685
9027
17795
9907
20891
24969
12941
6197
9155
14465
24971
3758
20182
10455
24043
22723
14407
21150
16948
11437
9312
16584
14485
6786
2621
17287
25030
3853
2661
14179
1958
16268
22472
17860
22865
9598
6182
11388
16327
2093
5861
10076
25872
24219
3368
15146
18334
4150
16012
23940
3262
16951
6056
20319
24021
11251
6823
325
15427
20909
22866
24620
9806
26049
22684
7684
11911
16672
25803
2562
16849
17918
11865
23536
12382
21877
13338
24911
10966
20899
15680
18648
12359
22755
8541
17908
7043
4034
13828
19960
20294
17278
7532
7213
20035
7390
23995
741
14583
26082
19747
22793
21375
25708
17792
23710
1965
23147
20569
15685
2261
14038
6874
18327
8148
12843
871
8472
14509
6257
21811
6867
24774
11945
5758
26549
26453
20448
12831
5387
9983
18514
14702
16251
23115
14828
15227
10062
13035
24084
7639
17494
3273
25364
794
15972
7266
13750
25952
1968
1282
9415
9255
21660
25283
14887
3413
21095
8477
4012
22995
16633
20360
9755
12171
8387
7458
330
12975
12452
22083
26418
8764
26456
14476
19556
2288
9929
20528
9153
14667
24960
21894
17556
12818
25802
497
18471
20625
3515
5195
4872
1271
9239
20345
3725
9235
10195
15197
16822
19669
5552
6953
14964
19537
12251
10978
10477
22086
18061
1368
2174
25705
19414
8580
9068
436
4954
8858
21380
16829
13396
18416
23347
10192
23662
12783
9992
26151
3564
18254
22036
20587
26194
7422
7860
1590
12500
19048
11649
18587
5539
8089
19784
10348
10126
1895
10786
3157
13304
6019
23240
9399
19900
8168
6115
5134
24012
3227
18087
6345
24238
14742
8247
23549
6081
20643
19333
4557
7448
15548
21569
23567
16993
12684
261
10769
14719
25225
2961
15409
11704
21637
22303
3577
25034
10017
521
12567
3255
22478
5986
24890
8334
5826
18634
455
4502
7646
25720
9339
9750
4536
17765
25410
22860
24540
10484
10646
13146
2387
16353
15994
17849
21132
16520
13925
8033
8695
5831
12558
15255
16649
1720
6251
16638
13328
6781
19749
6021
23219
12984
3991
3729
18376
13546
7708
2192
26547
18780
5982
7899
11747
22547
14960
10000
11067
15593
2231
22830
3151
10033
21314
17480
18903
13315
6007
21806
13237
24581
23189
25488
14747
22988
11631
24696
17679
21301
23595
13653
13090
12814
20940
8794
21112
24814
11310
10108
1742
23590
8450
22722
23096
16671
9860
17406
3645
5395
20596
19750
7003
25715
14594
12305
9299
14737
9600
2406
354
4842
23431
11510
1245
15471
6634
15823
5703
18695
3375
1595
3340
6636
11752
11086
17966
24243
24392
4179
23055
9549
24655
14720
5117
4021
2577
22971
23574
9320
5234
6162
11119
13548
286
13932
22745
18400
12876
20282
8982
935
1484
3280
9843
19064
7130
26644
