18780
5982
7899
11747
22547
14960
10000
11067
15593
2231
22830
3151
10033
21314
17480
18903
13315
6007
21806
13237
24581
23189
25488
14747
22988
11631
24696
17679
21301
23595
13653
13090
12814
20940
8794
21112
24814
11310
10108
1742
23590
8450
22722
23096
16671
9860
17406
3645
5395
20596
19750
7003
25715
14594
12305
9299
14737
9600
2406
354
4842
23431
11510
1245
15471
6634
15823
5703
18695
3375
1595
3340
6636
11752
11086
17966
24243
24392
4179
23055
9549
24655
14720
5117
4021
2577
22971
23574
9320
5234
6162
11119
13548
286
13932
22745
18400
12876
20282
8982
935
1484
3280
9843
19064
7130
26644
