9041
20588
21134
26656
29388
4326
10384
12831
22758
28951
23075
17881
27281
13978
2416
7594
31694
18940
3691
26863
40650
40446
1665
1231
14131
26216
12605
6097
12003
21777
32042
8161
25538
30330
9542
34272
15683
36021
4422
30158
18996
10056
27092
38019
12372
27427
1184
30722
30077
12577
26701
1399
4698
40803
8094
23256
33692
19402
9787
34892
6755
2798
14755
12244
28185
35327
34682
10058
39129
21037
29475
16058
23903
36084
26496
3855
35682
6289
23937
10883
20457
15077
6175
36753
3744
39618
17488
30401
6823
9793
24569
27113
39604
28376
33793
27618
10954
5477
22783
29625
13565
11936
8423
37938
37221
28602
21104
24612
29978
23559
19927
5277
3784
36154
29943
15840
7212
33838
32149
34635
23176
28482
38577
33573
29269
36797
14869
38559
26351
16333
17297
40773
2769
12782
30940
30570
8385
24519
35180
32542
3522
37383
26812
36932
28301
3241
40460
1829
619
5414
21052
40134
17668
15934
38553
13124
26735
13388
30192
34596
1440
38789
8435
24455
4030
18408
18646
6460
6042
4701
8091
21617
37077
12217
31165
18571
19740
7260
17701
8637
39813
641
35302
27260
12156
27480
25239
32291
17709
29055
22168
39144
23247
24709
39786
1478
33371
31692
26752
35238
21225
4132
36591
33990
18116
20704
30716
300
19512
37201
18264
13001
14020
7247
24339
1995
23946
27715
38979
40234
29850
27720
8373
5885
20155
15228
39299
2730
595
30939
22401
1577
10533
8981
37346
29899
30855
7361
17597
25703
9374
36751
25891
8715
7052
20222
13086
1680
38839
14208
26044
35321
28309
31474
422
2435
14817
39633
21460
35786
20379
16557
16915
13129
6747
35114
25735
6025
5641
36738
24319
32449
30505
5152
18368
21232
4870
26819
31810
3012
11887
18969
13258
10099
22852
2888
32072
12396
11460
3187
40072
23845
25240
11929
37263
8554
24276
31010
20119
10531
14032
40116
10442
7657
5676
17431
40373
33963
30511
18334
17900
13782
2928
33532
15149
7999
36957
30502
19303
3110
7206
35406
1917
24486
39735
27051
17755
21802
14481
36988
24868
35309
1920
35400
13818
24621
21890
31725
33675
38211
15455
16530
35797
5009
27829
21223
22378
26106
2223
1412
12083
21367
5013
39218
23820
24287
36908
9741
4477
16311
1685
20266
40062
10681
23995
33907
26927
25761
5501
36861
30071
38499
20437
17772
18249
35447
40527
321
13019
27645
12692
27623
31841
20703
40229
2145
21736
31655
21157
1763
7961
36444
23886
815
21111
34234
23431
14664
31070
23467
16841
14669
27658
38100
37581
11789
40850
29511
10277
37602
34748
25936
6788
16690
19028
5489
19817
6660
34571
6408
32100
17336
33196
21877
39313
3735
24947
29559
26840
17624
8703
15786
27056
11025
2141
4811
33551
11235
38786
18195
20966
8829
37808
11454
4095
12579
6421
20026
38524
18811
29946
12742
40070
34444
16937
38124
25341
21583
30017
18037
24290
37272
36150
34469
29234
456
33365
11427
4834
18214
38597
40644
8680
13142
11108
6560
40365
16668
4520
5047
23545
24039
36953
2045
31295
20870
38670
35554
37117
16286
10452
32686
20947
5823
38225
12545
21289
20110
13542
18344
15247
5253
36562
9377
1830
10652
24755
14729
6839
2500
36688
19321
4066
14916
29342
23918
27750
4755
24221
8079
32234
25048
35812
7107
26719
39209
1886
6647
36097
26862
13584
12404
24375
29282
13672
22063
39004
33822
23510
35395
14542
20386
7941
35479
39236
26031
18905
37426
16026
15350
38345
23657
1010
8583
8407
49
29227
15772
991
19239
11946
39190
24448
35124
1433
33476
23407
24908
35843
35148
13188
26964
13685
22390
20572
4967
32381
38715
10615
2374
8587
32174
36564
11955
24180
17355
25751
21639
15048
29327
3817
1841
39930
33139
24657
3564
32361
28123
11445
25584
11514
31528
18740
21088
35700
32131
35411
25921
29462
5512
40790
1421
2736
28557
22235
40007
28593
5478
14042
31686
39197
34036
29605
19337
5309
33988
19199
7379
31934
3707
25152
38608
40725
9091
9201
34745
25928
23841
24655
27738
23494
13426
4491
15052
39422
22550
11593
31103
39925
40033
16011
13643
25996
31090
27345
30980
32961
24754
18676
34358
29351
24313
30591
14520
1633
7448
20962
37649
16676
34818
18128
10576
11724
13870
4123
16223
33146
27203
24048
21183
35283
1281
2726
31748
39958
11071
4053
25196
12846
12697
21019
39915
13964
6004
4931
23357
11691
33799
19326
33895
1141
4185
36366
26659
11388
12472
13468
22756
14656
36633
24760
26900
14907
35251
23594
8753
31724
16512
5696
14031
37394
8135
40246
28664
29008
29726
33482
9962
39611
9779
12674
12773
1208
9348
36267
10740
249
14964
16080
5121
32812
5993
3852
8171
17802
27782
39237
24696
15726
1111
30655
39658
7498
33946
6845
14476
32447
16662
28874
30418
22188
36230
39057
37821
1211
8692
26188
22302
25349
27674
9302
3017
37483
17739
39849
4818
38377
31571
27924
23447
11174
4391
25291
21818
526
29970
35300
37448
36856
16328
15944
25586
24983
33435
16248
35550
16756
24996
25151
29114
28710
17525
6599
35057
7245
3670
4106
13044
35240
37378
16169
12535
10556
15939
21203
36349
8642
5283
612
30890
28307
7228
26199
34564
17245
36266
3936
27540
414
37476
1228
20054
15082
21961
39186
40512
24611
9405
20312
26674
10097
35312
16084
36412
27970
13855
23746
27001
8270
37337
38441
29801
1032
29684
21123
2618
21340
6971
15487
38927
39410
38807
4580
38672
26630
22759
11829
8067
37822
23150
17365
3117
33597
38971
3337
34643
17779
34014
8277
25208
32106
22741
23617
11760
8048
28002
35100
26937
36086
14229
22249
16540
25915
37281
15805
19034
34437
38933
21647
29130
3183
20433
17955
32958
8639
37428
13993
17607
28812
8334
11292
23463
37732
40608
29877
19655
35842
22213
9587
4735
35668
7505
15608
1059
25776
31149
5549
5763
37321
7543
1919
31777
13207
8221
30830
37188
18819
33329
21089
29350
28107
11713
8895
9817
2995
9297
14119
36781
12514
28692
14091
37206
34884
3018
11215
13560
11220
11960
9835
25841
31771
25368
35306
35394
32793
29870
30339
23742
39308
39269
5061
29375
20865
39652
3752
3
27596
3262
8545
8988
7979
17906
23736
14283
31155
24314
22794
13
8922
23911
3697
5795
4510
8438
2134
40169
3750
33167
7213
20718
2682
20383
22506
8939
21629
30408
36288
11477
12967
37811
1443
231
19073
30301
23733
17154
21985
26403
14895
7638
20149
25372
36952
39952
7620
39154
21471
33670
29401
25456
18795
3582
19951
19316
26375
29785
11823
2623
22761
25923
4981
38517
28481
26393
29237
11964
27931
30078
40724
31436
32486
26345
7286
13758
16637
120
27419
30255
2970
7574
39017
25815
15489
1642
26272
38774
16519
24753
8198
8534
10003
10252
28881
27027
11175
19762
18701
19248
21608
5990
6264
16652
38259
29519
38091
25399
12563
24783
38649
29265
28884
13282
35413
5247
6878
8272
28882
30671
31431
40436
23011
35030
18446
33783
34794
18044
39510
12777
1588
13303
33567
6577
3386
3157
35572
20109
1354
1156
27237
31000
3401
11303
10972
9751
20463
10825
1427
9965
12791
8450
21008
36581
8667
22708
23556
24215
18358
13717
12085
38385
7707
34065
26250
30689
38919
30769
13266
11186
15982
15857
10479
23587
39099
28527
12797
15470
19999
33576
13412
21435
16642
30333
720
24542
33370
33180
23948
17373
8003
16228
9658
24546
31128
7848
30982
11012
22106
15059
3929
22972
5169
21421
11479
13792
34225
28354
3496
13539
11636
26095
11634
31739
19540
8383
22943
35204
575
8693
25929
24675
5631
13353
34113
33651
12385
5299
17012
39448
9802
40189
12731
6761
25016
33147
38855
31112
19748
20485
35767
3695
36913
16977
19102
35123
3940
27614
1803
33280
24466
32561
22093
24456
8241
23692
2904
40651
29655
37715
26641
25521
29990
13932
20452
1926
14434
9769
7849
17843
34729
6807
19986
18738
19736
18445
8816
34448
9127
15875
16378
3542
28011
33322
17181
16860
7886
14871
29202
39865
14004
8711
22493
39492
14270
37671
8301
37721
10308
8551
9536
15318
9884
29441
12546
23175
21228
14459
1517
15139
5599
3054
23084
9261
8355
32430
18253
15618
25924
10647
29617
30296
33063
29051
28329
37928
24864
13085
19732
17774
24910
9439
8993
33880
11744
31172
36041
8316
28453
19619
11659
24023
3144
26084
22498
13144
26420
19901
14192
4235
10814
35599
19412
10501
18371
11897
20643
13834
27320
26071
7279
26185
4540
2282
3755
37041
23583
39381
39001
25587
23745
29105
17106
2943
22300
3384
12427
12820
31092
13712
39267
7819
32927
15900
198
20135
35497
28079
9462
40367
24704
209
28751
26831
24383
28528
4467
27025
38200
25843
37088
9056
17890
12954
29732
25878
26915
453
4573
38652
1269
7468
34612
9460
168
37297
15060
25603
1858
36512
40801
26850
6598
38314
24253
9705
38070
27059
40643
11090
39014
24964
2283
17381
3168
8118
17641
39324
12459
6547
29555
36596
25714
11410
6230
23577
6979
13466
34636
17082
40591
34670
9791
6241
38622
31735
19
21648
15498
5053
2767
5804
14569
28151
1614
32114
22169
2931
12258
23789
5419
25295
28116
23787
18182
30442
8233
2581
35662
5297
29449
23926
24068
26163
35967
26894
18901
12669
5170
40422
32437
22084
34015
28540
5776
2595
18072
11066
37163
30303
30744
5529
1984
35800
36121
24242
19137
10524
6526
33470
31078
40720
2157
13586
31060
38716
12134
1617
11705
21705
28115
39443
38182
18818
4851
17954
17207
21737
1224
21548
19432
9898
31043
27634
17889
18861
7952
18961
8466
5627
6912
35499
18210
38778
23619
15748
25423
28484
33810
7386
3644
13109
10779
25190
28198
18471
19359
16332
32184
23892
34483
17943
26864
24839
32840
23741
18045
38052
7411
887
15534
18737
14467
40693
38643
8689
7454
5497
3036
2400
25809
27574
34985
14966
25572
2395
29336
35640
34515
3208
22398
35482
3306
5282
22728
11790
14645
1880
24393
22121
34393
34100
37429
3524
22073
40022
16013
24198
11284
7402
9506
30886
1084
23080
28859
32148
34106
35671
16631
39624
4482
40666
24647
23121
38984
30681
1194
19698
23058
11748
21888
31637
3839
25506
16730
8133
8764
36793
27316
27882
30885
3455
35491
2031
39665
30488
11977
22181
5485
32791
10580
9316
38662
9481
21566
20627
37099
19613
32279
12210
28264
12837
19171
17658
13040
38347
34768
8905
40745
7983
2734
32796
19660
11785
25264
11504
34829
12868
19945
6268
2489
12402
33565
10739
24894
6623
23574
20882
26317
16938
40516
14234
2641
17787
20212
2276
37413
21139
28364
21728
32049
33408
25204
8252
23985
8362
26672
16045
17776
26367
20483
33104
5927
8214
6739
18104
16103
39822
37519
38179
36143
2451
15469
22644
19763
38596
30197
38606
10480
20861
10871
19562
25440
36903
5785
39748
16552
16543
12730
33255
30828
37814
8393
2265
3370
11486
14696
22400
32359
33581
13242
22029
12428
30764
24094
12470
40151
12478
38093
33267
19010
13987
15822
23347
24509
15333
16025
20597
25975
36985
1485
29493
8815
13543
37543
34779
10456
25249
17194
27036
35592
18131
9689
13962
16542
29363
31940
13368
12009
31398
3352
15466
7391
13797
27359
13887
15215
1632
12330
520
3972
29085
11330
29378
23305
33270
16197
9004
11570
19743
22422
1865
15925
10742
36888
19615
9654
38875
9922
3985
4644
8459
19247
27273
28541
25035
18175
15454
28488
3515
20567
6719
33378
33301
27922
14100
24445
15358
23532
16442
16447
337
26661
15870
19924
32181
13442
18187
391
21416
2620
34010
34467
21301
5645
25829
38821
7035
12847
26443
8021
2211
9049
31818
13215
15566
4639
1539
1130
28018
6136
40847
3953
22483
5310
35732
8878
38868
38985
38326
14783
31321
39032
28276
30791
10950
22271
30300
37351
20465
5127
25417
21902
18202
35964
5480
5254
8255
9836
19364
24668
39590
17142
25483
12060
38796
12440
32602
33080
39335
6451
12733
16706
2810
10341
31672
8426
24758
26940
2913
5718
34739
1256
27432
18429
15298
15897
1237
21605
15997
31288
26111
20544
4900
19627
1822
21178
20675
27653
22709
22858
22486
38386
18865
24906
37189
36045
23139
17747
28181
11828
16569
16903
28196
341
40662
8320
34662
16331
19779
33722
40194
23707
32051
16123
18778
32498
4774
34076
25991
15020
4890
2807
29213
8117
3256
24006
27394
35011
10355
18971
22701
37312
36847
9301
22567
23065
16650
7931
35696
40363
20240
2814
26332
10280
35391
15386
4346
396
11677
31570
746
25344
19693
40091
28086
5357
40103
6029
27292
19845
20377
24185
26557
4983
21312
37208
34792
33982
26347
8336
39020
32479
9982
2992
25673
9300
25421
33368
40731
32937
12643
36430
24610
37436
32810
6257
18752
34799
16260
12536
4673
35336
30856
15256
34887
12380
34844
13929
3112
19853
17253
16672
14438
9006
26555
33673
36989
24530
32528
33353
12484
2749
21021
34047
11668
19798
19794
39078
734
15041
39989
34753
2132
22496
15224
32929
21936
40016
19119
23190
15265
17674
32981
30533
18663
25255
9007
4533
25916
23401
27360
27888
31763
25438
4807
2729
7131
26789
19445
18258
26961
34697
693
26189
9660
37293
6805
10590
8990
26051
2136
35111
31365
25950
23857
1762
26944
32683
4203
39983
31714
37597
16390
34068
35673
17109
34416
32974
12242
11674
7665
8030
26577
6445
14165
24200
34767
23033
5034
33546
22211
17956
35262
8713
33936
30025
788
5143
35092
33696
34974
21346
28939
8401
6179
39022
26990
39414
7742
31345
26803
31463
30923
27135
30375
23846
15493
11898
8134
34017
12631
39698
14650
36632
1096
40735
25215
28241
29550
25022
29852
32905
30393
8293
27648
11200
39697
3349
29343
30270
4703
37654
37265
33294
10867
14798
29271
35785
30518
36357
602
23409
22776
12764
29883
25449
29797
24244
27965
6428
18688
21060
3442
6995
6166
10200
16010
38415
37923
1270
2227
10290
8072
959
4018
11717
12182
37329
23876
28218
34815
14084
25274
17413
14409
9029
28916
32910
34675
13823
14135
21588
12074
18325
9599
5693
18211
4081
14903
25752
25044
26252
1004
15692
21313
22316
32055
35566
24416
22448
29814
14099
2037
17277
24362
25331
8880
34723
27504
13434
16783
14087
10439
11151
21820
15214
27200
26703
26768
13012
28962
33805
38823
19117
24281
24622
34250
22792
11083
24794
24547
17083
27680
26632
23605
27147
549
31001
27053
16014
30806
18167
38488
24322
33812
22022
40531
5311
11619
21226
28441
28334
259
19628
27074
26960
34901
28860
21859
10259
9941
11065
21670
1145
37709
12371
8190
14025
29161
32215
7938
14500
11297
3684
39006
25317
38476
6014
38260
13667
6858
13852
26533
7573
36388
32930
19493
7557
34714
20587
2792
34880
6442
11642
15191
39222
37207
12729
34422
33917
14753
30108
1447
40321
16139
39476
34130
35498
27110
14948
9526
1527
35557
18158
694
16888
30238
35298
29173
31774
621
13275
17113
15182
792
30327
1471
20211
38813
32647
34222
24213
32909
32962
34290
23171
22046
11510
15409
40654
7997
14217
33708
32626
25230
30918
27995
3761
35474
4742
11606
17845
4874
30521
23884
34203
28778
37541
39204
3868
14362
5055
33359
4528
25210
22236
3288
23196
12129
28765
27538
25858
4447
28338
34475
40703
39352
4138
9442
373
7879
38719
30610
37276
14989
28933
31833
28072
34960
25874
1546
2588
12953
12646
12260
24467
14978
33887
40270
7118
7105
34852
14378
22574
28379
17411
5567
26235
34832
30323
28289
12432
14155
20120
6007
15744
27900
15377
31033
11249
31451
25961
35105
2133
4901
7081
13938
7727
34241
34514
20322
30845
30432
6079
29603
29935
14474
21960
27590
13278
1651
35462
38235
37995
36179
36402
6876
26987
24968
18244
34433
22715
6540
28265
30652
12411
2115
3799
33489
25771
23191
24600
16207
9936
18826
26183
33477
39403
27420
30201
6587
18639
22319
15649
32794
12812
34581
29067
19759
31140
28139
19543
2332
12442
25171
1667
19170
7905
17183
21986
38552
21971
5486
5244
6066
22507
25635
20228
20764
11835
22654
28124
24329
1018
40197
36449
2678
6017
1869
344
37926
33554
15331
9775
10798
34885
23487
26277
35683
29242
38427
20174
9209
26222
1436
33056
6741
14929
3199
18179
2831
38960
15604
11521
13374
20783
10570
24662
37339
26202
3070
11808
7318
11499
33159
33894
6024
38243
36567
11901
8840
13473
32048
23965
38237
4656
7670
24733
12159
18644
35900
24661
38127
7467
9903
39065
30164
29500
38450
24047
21710
24946
32123
34122
9000
30092
7624
2239
11615
16910
12691
21286
34722
35398
19228
8664
29359
26376
13916
1774
12185
29994
15210
24573
5515
25191
14595
10065
11253
38028
13164
38383
31111
15599
38009
26844
13735
20261
30127
35527
17089
18991
31535
20722
34700
8101
40730
36256
33813
25426
25982
23541
33762
15376
8601
33012
36709
11343
11352
31087
10762
28838
5770
40268
28949
37819
18002
22399
3556
2456
21282
38737
17995
23186
28502
2344
5135
10927
17451
22613
17716
22452
31036
8132
22190
23729
39342
1881
5071
7315
24787
12977
27837
36923
23199
34954
13517
19055
37735
8390
20321
26463
17151
13857
29145
10162
33795
35362
12936
25522
4583
37043
32034
30920
36290
6396
37631
28946
28253
20640
33973
40846
8669
33160
30226
27121
7157
30545
34607
27306
21377
32689
28560
18552
2244
29563
14848
33066
34707
22976
35085
3898
24046
29290
39539
813
7155
28633
20173
12176
40090
5314
29679
25860
38304
13081
20134
10291
23255
34165
27449
20535
21633
17180
35397
13756
32020
19243
12286
27716
11048
24537
203
4857
5258
32828
18391
14354
5585
17494
34522
4732
18014
35349
12542
17728
34683
30042
25981
22941
12443
1326
13747
15083
34309
5
20208
36237
36122
28608
35095
31726
18108
14563
5964
555
35004
24721
7223
33659
36664
35087
291
23816
1129
6688
32515
9159
7966
15233
1767
34669
12657
34734
999
31889
34340
17193
11577
25428
4114
6708
14897
2903
23591
11562
3566
8843
34732
10353
18309
24791
2342
39616
25988
13296
29031
20150
17823
5424
18968
6218
2102
32735
37789
33052
24717
6299
23469
4603
32861
5276
36173
714
38012
22367
19391
14405
3079
118
8141
40127
27739
40760
28349
26751
13613
33915
29081
28784
33784
24117
21477
30423
22775
25503
909
7171
24065
9528
22406
11213
22118
5758
1771
2850
16346
36050
32620
2733
26309
35945
7762
37801
39447
8769
31414
26002
5546
32367
38445
12917
35224
8690
26618
35409
10765
5403
36621
26778
29460
20867
12872
6149
24941
32941
12555
36572
7428
19766
25786
13233
24497
18015
40041
7345
6826
7180
31292
39756
7292
35841
33908
25689
33840
13817
1085
12117
34982
38529
40245
11092
11650
10483
21981
18251
24195
38037
28626
24626
19307
17692
26615
4935
23833
29362
39418
22090
30084
7521
23411
2794
30342
37251
17767
40781
7200
21587
6978
34640
11416
25757
15585
11501
36678
20534
33920
38022
12166
10393
20959
29231
12028
36219
19802
18550
29938
30334
19640
37341
4190
13293
37318
18146
10269
26608
38676
13288
34050
17118
20938
11703
3295
39964
15736
3679
25570
16199
31745
29889
6457
11633
17808
29248
11371
11612
33986
5517
30075
12345
18700
19885
18265
9092
15839
17347
38292
28766
10651
28097
31673
13285
14205
12066
11972
4289
4418
29553
38983
37687
28029
37652
7984
27446
27903
39305
15685
34654
20985
35890
18870
34828
33744
10851
21995
25197
1230
26629
33746
26157
55
4430
6594
33566
7937
17942
24049
15602
39205
8491
15131
22472
6367
34869
10158
25748
13570
18079
9433
25520
6518
12314
9259
34235
21062
29731
39295
26354
34808
38456
15204
5739
22161
6392
9749
21324
20284
17370
19991
4094
5664
28478
5724
37524
7103
21758
21122
19370
26499
30921
27285
1616
35714
29957
31868
21602
35518
38123
39874
16444
15293
15941
11613
12510
19349
14906
1390
34125
39589
12179
34930
21886
32659
13622
28822
21871
39260
29841
1047
16009
8430
26290
27806
40536
28559
8314
7929
13544
31069
18719
29372
8779
23515
13534
31515
13401
24715
30531
38311
29216
34652
24257
7016
35410
38000
15796
30839
25154
30880
20960
40207
18420
1225
23975
25061
24396
28156
39221
29391
14014
18846
8440
36221
34649
31349
15666
29293
16759
6588
23735
17867
24054
9387
31652
9322
14583
19425
27114
7553
22850
28981
30949
30353
15155
25409
19919
39596
24557
9731
13197
26512
30230
24025
24914
2816
18250
2839
29729
39397
21940
30552
11603
33191
12699
31252
12102
3453
7625
39762
32134
3186
35141
18476
28800
30875
10078
39433
36177
12029
18050
17009
38257
15545
38814
12199
34072
30208
9340
14355
10109
40006
13955
19466
7407
6441
36261
39956
14209
10415
19545
19491
24580
1107
24029
32752
34586
4714
35588
13170
7629
12486
9102
14638
22351
9957
3292
38942
5200
2631
1831
5114
27239
37888
4798
34595
28661
31959
363
23180
31756
26439
4512
16325
18707
33360
27942
15384
7360
12437
8628
775
3482
38431
26142
8278
32483
24364
28636
30822
22664
6313
29194
19074
34018
16731
3399
24104
22568
15540
13912
8741
799
8295
8421
4353
18522
19350
28367
16551
20735
21378
33606
37489
21556
19450
27430
36115
17542
27800
29621
17837
8151
19746
34831
23590
5208
24797
21277
9495
15782
33582
32039
25091
36835
29753
38171
37726
8066
22986
12752
29725
29383
29777
31994
32416
18643
9879
19366
36040
31003
36147
35421
6863
2593
2034
11400
19008
14164
29201
17985
12277
22894
22531
18354
14588
7251
36217
4770
17254
18573
12482
18424
30739
35200
9822
24489
30090
3689
24246
18106
11163
26756
1688
30789
34932
17754
34380
33334
26227
4412
17247
31302
35867
38873
10804
36485
28291
12780
700
1382
39486
28995
37349
31173
11796
12636
34590
37941
15271
40318
10055
13707
18076
8222
16315
16205
33700
16214
33755
15638
30837
31615
20091
13591
32682
13134
31457
40611
17423
2965
28460
22088
11708
31854
39262
18881
2358
35416
14096
20354
361
27527
20819
15686
16310
32800
26525
35907
14401
20961
9794
35314
1750
5750
17907
1479
27125
17924
23909
7037
17433
20242
28416
36822
39883
37624
27315
24043
12407
342
11697
19284
28048
4987
21624
19868
24678
9573
15648
4425
30492
32500
6309
2650
4180
19569
13095
1791
35018
9145
40513
17937
26487
30692
11039
2870
26780
24330
30534
22003
9193
7161
38129
5326
23988
26957
37315
16046
27812
34918
17830
23042
19621
6496
39431
15998
30454
31904
16664
40523
10469
31734
25017
2770
17932
31650
8047
24771
30738
11278
20050
39064
35344
40155
1445
17031
12399
7728
11077
10122
5921
4192
20340
40468
34774
19869
30215
37545
10314
34916
19042
35490
5074
3200
14303
35642
31293
28966
18133
706
14785
5004
3184
2805
27994
15768
6820
11103
34847
9177
21504
2195
17836
37953
22753
7729
18478
2252
36342
11323
14333
15017
30246
4311
35934
9058
9659
39552
38952
2925
22669
29277
25290
23978
7320
27636
28823
15153
14455
609
20341
11013
33132
16738
7369
1876
9889
4902
9353
2281
7466
40669
13845
5161
32523
11447
15220
18523
38382
28153
36869
28195
1339
38092
25998
2514
17769
33236
36197
28550
35528
16687
7226
16998
16187
30400
29790
5136
23576
10237
29015
37578
23616
14043
1203
9181
5159
20213
5145
20227
23730
1197
10340
37289
24793
26261
35334
32578
10761
16874
26604
19395
36451
18135
29189
38578
18812
35593
12626
13506
3801
7995
34648
35027
5793
11629
26628
33336
27993
40459
12014
21091
40262
3998
6350
20093
28091
2975
14842
33288
32874
5349
36231
3175
30486
5303
40111
13210
6563
18923
12976
37676
31378
29618
27733
23623
17076
15935
7314
4339
20715
9143
12694
39446
16996
29769
32756
17903
23074
24601
30429
23389
17853
4514
29683
3567
38228
35975
22713
27291
10261
15425
12582
966
2213
28148
38155
6617
29078
18532
37190
2755
30278
9101
23568
217
6972
6368
1498
12965
5761
20166
38956
39731
31961
1697
15261
24997
13162
2783
35121
14137
21040
15327
3344
13165
6077
35691
1013
16425
30236
11651
11628
18879
40582
27455
6355
24093
32092
39045
11786
3490
183
1061
25720
19177
6246
1406
18995
18705
21998
722
24030
33764
14295
24911
10396
23905
24403
32687
25467
21796
21216
6556
1599
40102
1087
14582
15755
10263
14417
37753
36019
24802
1369
36336
18068
9182
9637
37678
24648
14788
22738
15593
15022
37718
21292
4039
9142
19330
29934
5762
39819
34034
33949
34814
30542
24614
13650
9163
36343
22996
22933
17612
10485
10323
31980
31445
25885
7824
23110
2372
1246
17324
18461
19880
16089
33226
10862
33711
23704
26226
39160
25334
14428
2022
24078
19647
25473
2848
36704
27972
40100
32231
18982
28783
6494
4488
33162
16235
4893
26884
40097
38223
23676
23329
21397
30509
19096
6943
9730
14175
34573
6192
18832
22740
10635
6061
34396
15790
16886
20388
7400
32009
4202
4766
10426
32789
38982
28244
30089
27424
4345
6245
7414
3058
9268
31363
35457
35341
35441
19025
21154
15696
40211
16098
40484
39484
3440
15282
9757
27177
5162
1978
23077
11310
2920
12922
38109
1840
29815
39845
29895
2867
35008
34412
19508
19217
21562
20328
15495
35997
12955
37537
15070
25087
35364
33509
561
19833
30455
39275
12419
8697
37548
16367
32627
12488
17483
24342
35178
12021
30433
15238
11024
15105
3393
27747
16083
37785
51
20849
22077
31775
18346
35613
25184
30862
24166
38238
12061
33295
9636
8780
30850
1168
9910
37375
8115
26602
18023
40722
18868
9444
11863
23607
4031
8865
2762
14953
8681
38477
6507
10965
30779
4200
15742
8490
38957
14805
29743
2246
3528
39102
21835
20324
23126
9737
10030
10881
9523
13155
10601
36022
12982
35985
15801
176
17280
10796
38713
1623
36818
7243
1034
27824
39720
27723
3681
13830
17733
35071
22260
33752
6968
38267
12589
18268
9974
23212
38706
21572
24333
31339
7329
36713
23921
37235
11985
2087
34928
16627
25746
10523
12265
5972
5248
14945
40364
12408
7649
32526
35161
37795
32332
12208
20975
31213
5060
21993
34647
11466
20479
19923
36978
11886
10229
2945
35295
18655
9524
9149
20520
36555
27457
17153
13125
3491
2434
16363
26318
17265
40228
37745
8631
1030
7042
19922
2439
30676
30755
40375
17839
32261
30187
35329
11983
37332
9435
30403
40330
14206
9914
19114
40619
6848
21319
1669
10062
14222
17569
21514
24589
10653
24799
3493
21041
18866
1401
27284
35737
17848
22152
36935
18576
35884
2371
14284
24631
8824
3749
17202
13050
17159
39244
29191
40510
15116
34805
24932
7377
5543
26852
2021
2788
40713
24998
13200
20027
18666
32113
39300
461
24225
10346
37316
13522
34374
3395
19645
5665
5000
13256
7910
37119
533
12792
15388
32922
28281
36189
14365
36157
4658
32235
13832
7702
30287
40574
16287
29552
10811
36464
28865
16674
8591
11843
40663
7289
11839
29791
27433
35472
133
34890
28426
17327
1571
38576
25775
33182
13928
5148
18565
35340
34941
40204
30020
31384
18448
1645
22072
23509
3555
8395
26419
37665
14611
40340
7678
1518
26527
66
4917
935
5898
29950
3529
3154
3125
4236
20592
20566
16648
8951
27671
38284
12226
13418
19141
40475
23475
2799
26579
23079
27775
3540
20717
532
20416
15806
25602
16699
20720
1732
32076
8510
2100
33640
29796
26304
911
38134
29183
34132
12301
20356
31247
28975
17629
19439
21656
15522
13810
2041
11053
24978
13486
39026
34432
9269
839
17567
38482
7986
3832
16541
14657
35709
34863
636
12321
33981
36830
30698
28133
34138
10052
18020
17759
16844
20547
569
6122
29164
35284
34618
1572
1291
38894
11604
24278
29411
33989
24960
12282
13507
30648
23718
40024
22558
30253
33750
3044
26474
40353
38851
14972
31096
12979
30054
27939
13776
37311
14590
25053
13328
32199
33618
10546
23109
37845
34711
39039
24623
23652
816
8112
20075
12544
36318
38483
19985
40430
16713
14211
21970
6790
6383
7608
5153
15411
2394
28094
7721
2313
23267
17285
22737
3727
22977
22174
25220
36327
15571
11968
31727
22250
2487
11156
23738
37342
39100
9859
6213
19709
31270
1457
40817
3450
36075
35957
8476
22616
2116
11640
2619
4354
18525
17278
33855
37820
33938
17638
2352
15785
23983
24374
24481
20511
34108
6286
33274
32366
32065
20581
318
28628
36188
12431
6758
3630
34784
40567
15789
1288
38108
26466
16927
40569
5547
13749
10364
11930
9160
7043
24775
13943
17323
13633
11588
25161
15074
7697
5651
34795
38575
31905
11123
30140
8200
2758
3533
16334
1398
34207
13329
33519
24236
13554
13958
5883
16744
14904
21317
743
39527
15501
35459
340
10938
21947
10114
22729
31416
15913
5805
35933
30950
331
40019
16584
28685
25588
36592
32818
32736
39700
8515
13812
963
20023
22337
30004
12924
19264
524
7154
33693
24387
5328
38086
25971
11030
21837
14212
22997
28207
36741
5615
15380
40710
31559
9858
36933
30776
6951
5887
6005
31084
10196
29807
6101
13324
20666
6918
11827
5579
12333
9266
26431
33839
32096
32568
8442
35970
32023
20809
34223
36508
34899
17090
15850
11328
23697
8687
38987
15208
19518
3138
37514
6397
2809
17712
5904
22446
10864
5653
26951
21167
35253
4352
33175
15422
9289
34180
16240
11193
39407
35508
27330
33748
28573
25817
27980
14710
36329
22149
10801
2346
18486
1779
9379
40493
1494
23250
33462
5866
36694
35837
7679
25415
15104
33854
21311
37302
2669
3594
11059
8819
5222
40414
12481
4869
2554
37633
37608
5559
40088
26473
4224
26859
26686
35342
39757
16975
40251
2274
18876
12467
6988
21655
25832
28650
4537
25234
24323
37540
1493
5663
36242
39471
9483
26753
16818
38428
13240
18157
2228
4058
20578
36854
29455
39804
13452
30229
12685
23713
629
31464
40051
10726
37571
29273
721
29888
6265
40715
20021
6118
10819
3113
18902
29955
13363
31004
16667
22702
38656
37237
32183
13765
5831
14887
38849
25616
16189
18641
20209
12347
15907
7039
35138
29136
11935
39325
25357
13752
34413
3190
18137
28525
3009
17639
22066
9942
18059
34479
24977
5077
18952
6663
37605
26039
5125
9329
25543
12835
6295
1882
5689
35539
26104
10677
36439
14602
10744
29123
21
35710
12331
40665
27403
17662
8173
2892
31356
28177
12475
6898
39499
12366
749
32238
26408
13370
39753
5614
27026
4866
13304
16831
21100
8387
10837
20489
1992
26836
37668
112
21856
17541
16426
4086
29584
8182
10005
39203
18097
34320
34007
28992
40770
31507
26208
33545
27262
19157
22605
27047
24571
26014
13865
8275
26983
17929
22851
28375
817
8566
33740
2364
10722
12429
19625
21140
13076
27557
34942
36857
20294
2600
13936
31685
10741
35552
8319
4655
4003
40303
30096
22572
36718
29312
9135
22388
21897
2497
4828
34674
27599
25001
39951
17408
2532
36996
10787
9432
29540
8008
23836
13583
1839
15948
9681
25411
20530
15129
34231
14138
2289
14975
29856
34676
31202
14012
40844
25487
25367
27282
9584
40818
14387
5390
9772
17970
33534
4679
17418
36950
20967
37327
21925
39675
18110
11192
32751
6271
17354
7746
3690
28175
30898
20770
1965
38970
23417
31320
29505
16872
14718
35509
40471
32880
29690
21247
35440
32564
17551
6031
17685
12790
21085
39498
20176
22033
27041
2547
8166
10002
2742
7203
10399
40732
38248
39705
15843
6121
14285
23481
4881
5790
15547
36762
33432
38736
21217
604
37313
7396
4152
7989
17933
10963
17727
21768
18243
1529
14399
821
34172
14752
12561
981
15828
15695
40393
36867
31264
30594
36072
6732
9609
26064
25170
36626
9129
36370
40052
24816
8191
17911
31849
1476
39114
11643
11845
37171
19455
6926
15537
27482
8431
31661
30929
13271
11833
2559
25717
14742
32785
27385
29735
26559
14581
1742
2095
4819
38768
4946
38373
19155
20030
13766
24650
1033
3803
14504
12550
15152
38541
20157
40696
27821
20803
15592
17345
8376
16926
13833
22478
23111
9005
21579
25039
4889
7071
34365
29107
17027
2562
40560
31386
6206
23040
15988
35840
39984
2384
26213
4666
8902
36228
21700
23525
29926
4025
12894
23303
7047
6144
37761
25043
19002
25952
16812
24927
37090
34987
24212
34943
30279
25319
11476
19056
18436
23627
11962
24158
28554
16678
12502
9236
39617
18542
37529
8084
9796
35715
29281
20281
22801
39659
3730
33257
22849
21493
29988
3104
38474
2583
12704
27231
25002
14454
31795
29809
5757
33589
2856
29165
1561
40592
475
3611
17959
21070
29532
13152
40323
17605
30798
5915
11623
16295
9154
35282
13481
36569
21128
30477
2182
20504
16173
9971
21099
19788
34446
13202
25589
16414
1652
18189
6107
1934
38511
17330
22324
17673
6658
21347
10354
25146
3289
5453
21331
23330
32928
12207
10072
18744
6954
31876
4592
1833
34614
8306
716
37046
15286
14912
22841
22687
7121
2706
27580
39549
25020
23062
34927
13657
950
22359
6127
28639
31751
21034
1733
38158
10909
28366
34148
26941
23536
30431
40352
37647
15582
29501
6220
17514
38136
37500
3834
29012
38282
5580
32843
36375
40653
29064
20591
26975
2498
40557
24809
12522
27987
2860
25869
1091
29246
39680
36233
38892
4083
5065
336
5655
40294
14682
7696
32514
256
1079
15979
40383
34969
6267
9917
13582
27892
35649
24973
27555
23970
21992
38878
1788
27517
23805
14306
20239
26413
34819
6234
16065
38593
28870
10551
20742
1722
37181
8497
6881
26515
31396
3802
40581
38372
35044
31325
7880
25395
14690
35793
19438
15804
6194
3463
448
36215
18664
12721
4446
13824
15819
13302
32621
23822
7917
33136
24241
32725
32412
33186
18587
1678
13654
2976
33510
5707
7598
16761
3884
39515
39488
18980
16485
24230
26930
31495
37656
19084
17510
6546
5123
36247
5190
22969
5031
22208
23209
9539
17724
23539
7761
37020
30350
33749
11689
9346
2063
25067
18548
27391
38421
6929
11385
28233
25637
28757
3590
31403
4419
31662
34841
17618
10958
24862
31447
26179
27685
10336
26311
11040
3495
21251
8461
12105
5736
13965
16082
35606
10872
18031
7132
39401
28036
9768
24418
6606
19804
4038
17912
38998
1337
26489
33389
13270
27075
9315
9821
37360
23156
1828
9352
13104
16919
4128
37736
35922
1799
35827
27659
33244
37001
11097
14482
22051
25707
2120
3757
3201
35382
1148
9090
37067
24870
7595
25327
40391
17360
10944
27663
20857
15554
26535
18353
7814
29102
9207
15609
38378
32946
148
32505
11934
32506
4650
5518
5147
11992
12359
8529
18748
1702
8675
61
26041
16053
34260
24567
24690
10764
26043
15244
20181
33975
57
10997
7264
26519
32589
26140
39008
5223
21591
20012
15343
3671
4652
37589
34022
11026
27512
9805
38151
15175
27070
38569
17258
18596
4791
20848
30345
11862
33977
8910
13724
7570
24706
18800
31189
34893
14406
29299
12741
33842
9070
38615
39699
31741
22829
32903
29672
5525
22387
34229
38099
23604
10242
8940
31968
33695
19288
38389
5622
33391
7889
2670
7193
21538
3296
40095
35643
31541
24317
17878
9051
10789
10725
31137
12069
3071
18875
18178
31788
16515
22632
13806
27571
13169
37384
27225
13239
4751
31
4700
7791
850
27248
18851
9867
4726
28989
26061
23760
22471
30457
544
21831
12065
15818
6199
21449
24405
17048
29909
36384
7533
35486
26650
3481
23081
19100
230
130
18963
36979
31974
19414
22424
6047
35924
19230
29007
26259
37558
30463
36600
12012
40397
4034
1482
36371
25554
37516
1158
40515
6572
20791
13856
7073
38419
13417
5371
7745
7837
23298
24987
27714
4941
8033
14519
38410
22338
9191
11424
33394
29088
33045
8262
35547
1166
4365
39703
21210
28702
7368
5410
36263
30243
13619
32829
22141
7499
36827
1735
24357
35489
14694
35510
12041
888
39136
21966
17561
10247
24275
34275
31682
23331
31817
25822
40026
23202
2937
5132
37934
31269
33911
34978
269
39145
7215
17080
1921
17030
34291
31014
17761
8934
12607
6155
38794
12186
20540
10332
37463
30188
11329
11543
36759
3882
24959
21724
5406
18616
39978
28038
745
12490
19181
13787
131
25306
25864
2956
4204
30150
11730
3341
24630
4734
17219
39907
15561
22284
14144
9742
17241
39729
30852
36714
6873
33463
25339
31223
22267
21009
36904
23695
7328
36000
12973
11652
35215
39215
4771
3593
28677
35065
6055
26822
11601
16387
1240
18077
35174
17585
20301
31402
11509
27158
4519
6850
4261
740
8014
5417
38785
14812
36163
40639
34922
13074
23492
30392
37549
27199
32955
23014
39162
21058
27064
40012
15382
11287
20944
35651
7446
15829
34403
19477
10474
39711
22256
29996
14336
40311
20628
6071
3581
7784
6586
27553
38663
13206
30121
29238
25958
5963
19098
3783
14054
22724
26117
9112
15927
9596
9137
8158
27946
38877
40829
16337
4253
30623
38599
25949
2050
1083
32770
28372
28092
35832
31420
27143
13562
34671
38857
30449
11976
4988
35273
35445
21179
37717
234
37158
19713
16388
7897
25763
27492
6233
37522
8814
23327
37848
17132
17657
17389
40596
25054
36839
19703
31733
4024
23749
33027
31093
33324
16657
40681
10282
31021
22586
11800
40104
6841
8742
27803
33479
26394
1267
34474
36748
24425
3876
9198
38205
10021
13541
31301
26451
20372
22377
23968
40757
628
38962
12998
16571
16106
2719
3051
24210
39928
26687
3554
25701
14986
12421
15578
16660
17513
5441
27795
11837
22083
30792
28125
2010
4885
11949
11386
37150
29496
24398
18656
40387
9187
1345
38460
4267
37768
17969
39061
21318
31224
33941
23375
5817
24088
24229
30607
5962
16389
10537
20307
8834
12015
28311
18844
2008
30415
14632
37440
35281
18621
12870
18474
30785
3492
36283
34574
36017
19132
626
10893
18579
9152
27858
7112
34661
22934
24071
3398
33770
24075
852
3305
155
38082
25468
37435
33035
14654
3430
12599
6646
12930
39834
23555
24259
12218
13107
25649
3108
23028
26374
36808
3063
14544
4683
36763
21817
31373
20589
13113
36779
941
25782
2575
2862
33886
28850
12045
21529
1432
32443
12196
5227
15596
5584
23984
24784
24293
5709
39009
19417
24044
1904
534
23237
35504
19361
30155
32012
36539
8965
2457
29682
21349
27437
19637
6202
20989
305
34543
24967
3134
17979
24801
14737
25507
27820
17688
140
3954
204
22842
16492
18117
40143
40775
32208
27825
17056
20219
35923
15586
25536
24654
28506
21953
3222
34557
29387
27688
33232
20195
31529
2043
37902
14962
31806
5286
18290
11673
35949
33511
9958
11261
12558
22240
29816
25541
886
15558
32650
35473
20873
19053
39708
15931
40214
35333
39066
14653
32262
28388
28226
5605
35940
25894
16724
1947
7364
16114
33224
37683
27353
35217
10453
40037
16994
17
26889
23337
16839
15906
11361
23546
11970
23313
8960
21938
32259
21561
6669
12516
33390
22770
34385
39228
22547
19027
9347
23049
26478
24022
10574
36796
15302
22508
22956
4633
32846
6910
39069
28017
39000
6255
35754
36096
33379
32742
36556
40786
9545
8411
35575
28168
33154
39598
20325
23459
19396
14927
36553
37990
18518
16689
22879
21745
31973
33342
14599
5697
19528
34460
35375
37197
38015
29786
36156
8586
5965
36473
26670
34447
33402
15603
29486
34866
32870
39920
12294
656
11540
29098
371
26749
29977
28322
1997
30265
16842
14322
8813
6778
34395
14196
35973
10553
20473
3574
3917
4347
31923
5838
22368
33128
24081
26200
30843
2564
7637
27498
6605
29646
21360
25811
34299
20777
20972
7767
21098
8767
1465
21067
35127
9674
39766
26390
19485
12572
9359
36679
22991
36222
39141
34599
20057
22417
2208
29942
1081
15184
20070
13572
19702
25232
38939
14749
543
36057
37062
19909
489
33947
8987
12320
1574
26911
4887
30720
20397
6813
22109
1635
16836
34651
32645
24853
347
1526
18254
26528
38707
19254
11950
33222
6628
658
39386
639
20763
40160
14108
28141
32081
7108
329
7990
36675
20259
18217
21997
21208
38302
25323
25450
13949
16606
9724
16112
31372
1346
26015
20632
20130
23673
39888
26411
19684
10023
12702
3667
10371
2267
28286
16465
4171
14469
19671
3392
5287
32672
23775
15827
16791
37716
1142
38810
16399
4348
27833
31385
29706
271
12940
14531
24499
2879
13995
20095
1954
37061
8076
24090
9375
5240
35869
2546
7122
36479
17284
21244
19367
13381
12957
13718
27290
30904
9020
37153
5688
35645
18336
39561
23659
25660
4501
37823
12701
11074
5391
25221
10155
23703
21907
40149
19862
14715
25995
31225
15198
21198
24907
16060
40199
20723
11067
9770
38668
11498
74
20529
21238
24900
36916
12235
15095
27601
13986
1745
6529
29868
33354
28788
20329
11610
9309
13094
4753
12175
7341
32871
7123
16453
20285
19172
8374
6537
18321
28266
31995
12241
27415
36315
13791
30849
34381
25715
4682
33187
16299
32084
27289
883
5601
38319
34517
5416
10054
25807
1849
30292
4767
16379
25609
4099
35016
2303
25899
32129
28814
34907
18685
35418
30139
35328
23721
15209
12738
9774
38542
16064
3530
4892
11446
6930
5947
27731
40593
15067
12382
19148
2200
15011
3704
23240
13871
16136
16982
9954
31381
16572
29698
34082
28615
12595
36053
39421
21260
15555
32395
26125
22016
35220
21860
3433
27619
34709
34628
21119
2162
30636
10143
10842
20189
8927
39311
12876
10025
32581
25402
2180
20854
37467
23883
38680
1242
17815
34005
1622
10509
12224
28611
24789
31469
14554
33570
9697
1238
3410
31969
8991
8305
15836
15057
21813
25257
548
21791
9691
2080
5316
27891
10221
20293
31161
11695
38358
17695
34910
9662
8673
6814
6046
38407
2997
14420
7749
33348
20977
23864
30717
35137
36612
28936
2705
24778
2585
34532
35106
6648
2275
18416
19442
25490
37250
33330
12300
15992
27058
40590
37245
7949
4779
5511
17093
20579
23779
