29236
76851
38408
32190
70858
80858
67983
71868
62951
96942
49732
28721
6244
78170
25142
96285
57131
87069
75272
66532
2848
68515
20071
48995
29808
16230
15826
60330
85878
59875
86197
52936
1137
1572
92175
61213
20441
31996
18313
34842
78598
60698
49308
20495
16219
37837
53034
97857
69479
71199
82797
9526
69765
35243
80274
55681
76369
36355
59014
10038
28183
47057
23095
30299
92287
91328
11078
22012
27995
12778
68496
50877
84936
1419
25486
14925
16819
8512
29640
28640
79035
12615
1987
94132
67017
3729
20918
36296
2144
57599
5803
75573
72878
53443
37981
83664
16274
73617
78234
10152
55543
81734
7610
96650
8736
8457
80157
88441
14677
54342
92539
11600
44601
34798
60433
81892
29744
91885
1632
21864
2950
40277
34673
20480
79239
31725
82482
27328
35498
31922
3026
25290
47773
24340
75880
2488
12385
94696
55771
3626
53239
34760
80624
50567
49133
7404
65953
17307
48019
42889
93644
44246
11005
96566
9971
3896
45450
78758
59771
5791
8024
97741
24650
45792
60447
3990
59929
59566
91944
53445
8394
19661
33607
68976
83802
5510
42195
71818
49744
764
29059
95687
63769
91807
84173
16350
3854
83972
52847
35354
77441
92498
7268
78771
59236
28969
10657
39283
74537
24892
80016
40305
49118
49130
52663
33428
19582
54185
79921
53244
9784
5927
4958
21109
8806
65419
295
39338
27182
41005
97717
30546
6661
22918
39187
90427
33903
80692
55446
91102
90417
80727
56111
84937
76759
25706
66544
69471
86764
42824
6395
62983
96682
46864
5338
88281
56175
38263
78583
7245
91073
50787
67866
76187
80316
7325
86074
86985
79707
58316
11993
79828
94242
60371
55065
89588
766
94853
63406
54246
52598
69808
39556
39775
10821
81579
16257
97024
59585
59393
42668
37158
51853
93140
11170
87246
7298
40303
25028
89145
5279
58754
84767
91091
72486
50998
51544
35621
72957
30399
86755
57651
32103
23401
85587
6608
49538
22199
42346
69718
72693
24594
55330
15977
9987
8132
64897
80705
11930
2593
7226
85432
29227
46952
23360
97066
15177
37597
86614
94690
36865
57872
86063
782
25969
2645
58221
9323
49091
23874
47459
4842
55647
85302
22848
10185
5573
8878
9653
65144
46492
22460
25394
15994
26645
73606
80276
93374
27161
85138
88893
52236
444
89790
83721
16846
57432
69259
75618
47450
97591
19614
9416
70504
22072
33226
39399
14861
31917
35705
71112
79071
61581
57010
22757
94964
36351
4039
59381
622
64331
79821
66092
64189
62064
28720
37159
34982
37679
53480
87658
86581
43241
97141
74190
9056
44280
8310
1251
20611
74251
89833
612
79452
57089
1207
40099
27118
4029
36717
28849
60958
14838
36713
35543
2084
91146
9647
48192
78183
60549
27753
36106
11419
5814
26736
94569
632
2435
52272
60181
77859
70333
14462
15751
31968
53347
56870
47412
13827
44541
58162
76329
8240
3428
91670
87567
41655
51111
22137
76209
26178
1517
88077
75132
26755
66190
89271
86426
15952
45229
60061
75882
63900
32710
79197
54171
22813
54173
66473
80043
72294
85764
61893
51724
14504
39091
53355
54961
70554
64517
68674
58027
63426
57459
48333
29336
27375
61406
21525
58861
67551
30777
72040
11596
11897
19888
56488
58106
93631
21334
16681
53866
27669
20198
48210
56993
22583
15625
49651
10904
19161
52014
44113
92402
41382
24147
34640
20485
24424
65379
94912
30581
3908
10525
53456
85713
40845
59471
56353
34522
22169
43119
65941
95312
40812
52646
19145
4875
33553
31791
17235
60420
11849
65027
11238
12999
4109
77403
30568
72991
34890
65451
86322
15140
85352
43914
2937
34328
67617
69427
7682
39920
134
96468
54639
95047
25948
40111
7071
66421
60120
78187
63854
43531
71867
83846
19933
85452
24058
76865
19911
15572
32179
95397
41104
92593
21901
97439
28258
76429
6424
49926
83635
12171
20764
5670
39043
93508
87605
90809
70663
78676
34959
4547
70099
1845
29579
72818
50503
15350
45646
4072
16928
76817
47947
48314
20541
9311
76540
76410
10344
38809
56407
44331
96703
11129
80222
59806
59033
36326
42936
93554
62013
42783
25261
91906
78635
23803
80910
14121
49457
11622
59386
44735
36967
69727
65624
71303
51025
81551
53671
72509
46657
52749
6629
63660
43478
75678
54606
25044
63277
63754
97785
86224
40905
14676
66414
45496
46184
2520
66032
89057
33540
79868
48165
58441
2808
78396
66462
28827
9051
65184
2688
75554
6149
27139
93583
21290
48747
71121
28681
35734
11036
48905
27968
7813
91918
20968
55633
8178
86441
37150
54372
80771
67530
72047
48215
9274
36363
46552
46147
33577
57847
13137
63724
9295
408
92112
29125
90238
46651
46530
55879
43715
25844
70511
25272
13294
27269
21815
46891
1263
40571
3900
66161
77695
35915
5721
48293
28095
17107
36302
14762
63194
62670
5146
26319
37383
5472
89756
71644
65128
66116
17010
15579
39252
84002
71524
60402
75841
39446
69204
91314
32860
78717
18231
71824
29025
13138
85176
12772
81085
67204
58315
57851
11033
54592
37746
50713
92764
16275
80686
76795
50773
66635
69396
85546
13345
78781
70463
93957
77802
17001
5936
76021
77420
61533
80528
9389
69897
79088
33411
8044
9941
92802
88216
30878
6397
39369
47733
24135
35555
30210
32349
62069
41195
38105
39156
57653
67158
77774
48252
60065
70071
58713
90231
20850
32943
81359
22753
1350
2751
19396
36809
51208
26512
744
8880
35333
23856
85651
84507
75984
66330
31073
32054
16397
28205
13135
13920
36580
48497
53271
37064
47211
56193
73413
66681
61905
69269
42242
20369
60623
68834
55918
77042
41877
90119
85674
91271
91694
63676
49430
1596
98
76911
63295
11653
73851
42999
32390
53774
19773
34236
2978
23296
41649
87589
82494
18057
52675
35846
16690
73696
67253
82772
8319
22616
94291
34270
79053
17477
28497
30524
23195
38090
21880
90434
82853
21628
95689
29121
45682
29422
57867
39257
50106
80627
7002
83899
29266
74356
4277
66528
77446
54797
52120
91921
91066
71393
74869
39135
72589
37215
59137
71339
30584
87943
93647
57583
52427
71598
18772
90761
74714
75205
60170
97952
57020
25585
17431
39580
71206
22447
72768
28123
75523
63045
68532
87539
58805
67741
27659
53758
88771
40505
33364
4634
77280
41074
38277
57291
34679
71647
93070
11798
47713
42126
12672
68001
73441
34332
22123
7046
33885
28168
30389
10748
75099
67698
48491
58938
78066
51452
39261
55949
73531
20572
9790
29833
9978
8122
50744
60328
88723
79260
91347
60343
57176
54938
61460
87397
88498
81910
45960
20013
19964
82536
60869
33109
75255
42368
48270
83105
50155
73662
74419
17748
40945
11364
44203
69107
49459
43847
60229
43827
60413
30246
84838
28464
63478
30660
80803
69519
40152
58904
37284
46018
91225
14065
74972
69464
22165
58585
83589
18308
24079
23903
51694
36735
36191
94680
10181
38791
69742
51533
1717
2367
72399
6196
26983
5621
36235
17057
6906
40658
13591
43356
83127
82792
97289
18428
44979
22128
6491
7767
87371
91687
95700
21661
3312
18995
8881
17669
50586
38279
41343
23448
35674
23377
46588
74655
11576
46457
8578
19691
81292
33682
25752
87128
83932
81296
55309
32206
6104
51174
66603
7407
7924
21318
87941
77978
58881
10140
60026
7986
74136
69822
47878
56259
96677
86921
83268
10357
37276
43282
20032
59684
21719
79059
68886
36870
42188
46791
36093
88014
32950
34448
90025
48731
86786
28449
87264
5370
36790
80214
39531
27822
48514
35231
87497
74265
79834
5686
8216
24305
46614
96981
75661
39507
26706
58693
69552
16225
53786
44150
84831
63802
25390
50087
10484
60144
63835
74731
16213
47336
61999
34540
26102
72414
5777
20199
65207
22876
36925
38249
47151
32433
23873
4997
89290
19679
65820
48866
90301
85
45632
60398
38201
19717
81750
1150
44734
87551
21528
62681
11772
28082
64231
76460
1615
11721
32648
71252
59259
37258
38726
36835
49507
35665
5876
96498
15023
28626
83556
76895
50807
38142
61176
35047
3536
93817
91903
32055
71337
9974
49750
77872
91192
35704
68330
91450
60982
96926
45186
43935
44797
84788
50952
12252
9824
40641
36674
72153
39595
26750
89613
35760
46456
8183
85930
31554
42561
24772
24903
67008
5186
17331
71610
26244
19612
44507
93719
84718
62566
9680
74815
89819
28338
94917
2319
62575
31082
78308
20599
58073
30729
17666
2213
30269
50404
96707
63887
64601
62141
51462
68796
89053
83287
47591
67440
18499
84632
35569
44419
74159
53557
19238
65147
70168
9062
12140
47420
9378
31675
76266
16489
92789
4615
36406
31848
76185
62946
44680
43035
72834
28662
52812
71282
68837
46786
30522
42610
76636
55917
15277
89121
52119
22888
38110
59996
83911
86301
53046
22877
50320
71165
89483
47419
409
42515
36620
78755
16627
37512
4154
590
10607
38826
41650
8750
95355
10224
35898
70004
15757
13251
65609
94713
95548
96306
58238
9223
39881
34979
93929
57590
13333
34438
78830
18071
60010
55003
15118
93730
23825
12885
59237
68061
13049
4259
56572
30508
62644
67297
92778
48624
21271
7271
62140
9581
46712
87593
63501
64240
60993
39574
60287
89235
61848
71574
69850
54316
17977
14778
85400
20089
74567
93343
447
23710
69801
52108
14548
91369
79131
42392
58226
40197
16419
87172
71890
95930
22376
7392
23644
16009
54016
90806
90377
64901
50159
54508
77823
73558
89433
5178
58317
43632
78956
49487
19440
26101
96427
12463
9312
81056
6051
9539
56850
51241
5753
11277
83760
18407
16473
18047
79453
36221
39041
47736
26277
51812
76000
94946
76561
26768
88866
4433
45519
86210
6557
50943
59625
93907
80477
26747
67160
24241
84418
40218
12815
18213
29622
94273
89829
72779
82822
13939
88233
17811
32613
44473
4888
39984
10545
86699
56853
30305
3736
31474
13153
45846
12678
80123
67056
92484
46629
3595
79370
87047
6435
78971
40751
35485
80793
63112
68499
19749
90981
66484
72389
41678
75527
46120
36127
87029
54732
27870
28466
24995
97185
85155
87963
62001
70122
30342
96488
34902
43044
21768
86678
35335
68940
41477
70330
72914
97051
27685
6796
45856
26119
31205
71614
60055
15575
96612
88482
3915
28890
82056
7112
46312
34239
28519
39193
59474
81374
68869
57290
32623
47357
14015
4214
28416
41192
74194
79601
88867
68527
90551
18505
10934
24544
62775
15668
26973
32169
19712
51312
24531
15930
8506
60707
15967
27991
80415
4588
70703
31477
37436
89132
18054
92191
16534
4745
90363
63136
86844
55024
89892
1639
26601
11393
19587
76557
19308
54413
93587
17547
86948
8780
62763
64044
36931
83694
48256
87417
57180
48639
59172
82345
34264
89200
43726
42687
67795
35719
54385
58332
16975
34019
54850
27882
12946
90437
62174
1985
4921
70844
25795
77452
97985
1881
51874
95472
75663
79136
27962
37435
48202
69062
31161
25147
19498
23573
61607
10799
7303
38981
79441
78291
87932
30533
71226
9672
27948
36673
44051
96409
71143
1575
40530
36452
66471
57134
94660
92636
50292
29978
36194
40311
90056
73133
77458
59867
47653
44130
56880
33500
86623
64026
94992
13891
45594
66980
77308
11963
51631
11973
65060
50956
93533
77894
46694
17546
59953
48217
4773
22385
85106
10686
54570
44114
32362
46309
91353
89851
36934
84989
83647
3579
27949
66224
64871
40792
28553
12001
50268
80991
20243
86495
61116
35682
59744
82886
39839
23418
61679
54510
77063
10291
70010
45762
55090
90441
79753
2315
74831
39009
42348
91059
21896
25788
37976
10646
30676
61389
1725
67188
9074
84746
72676
19672
60326
10016
91967
10941
24866
51941
84056
87429
16251
67589
60658
1328
40464
91844
17163
74020
83469
26683
19333
4363
94178
91294
22013
14058
7887
55022
90300
85053
27625
25722
33848
51362
24129
12460
78363
93997
43614
75260
42399
51741
84001
52735
8697
75444
84804
23741
59013
53787
31877
11186
84129
66776
43952
24709
95656
423
14410
76582
17465
19540
50544
13817
61684
40070
72698
425
89431
59441
55684
55819
18383
81193
70327
36645
74929
52619
27473
71417
85659
36532
12114
80235
51334
25025
69630
75457
20329
11199
90865
79313
92031
61531
95248
33997
52374
22885
88704
77380
14117
38302
18678
45201
13937
70797
49406
49121
72227
25567
51206
57714
37925
34833
71203
56132
90503
48208
975
4143
36704
51772
77323
58777
47238
53600
5216
56900
74209
68571
59629
23636
18646
24828
67812
31809
26402
77891
45027
97143
52375
64638
4051
40170
20302
17678
73166
12538
7510
34215
51344
58216
93973
85001
51363
90388
56093
13653
6697
40661
18765
10555
28101
86577
58117
30388
56474
72130
62269
87538
11347
54296
31579
46715
77971
87762
32005
56449
73985
90859
19887
1674
44965
60481
48166
44869
72804
38445
26968
38945
81942
92537
14695
3236
33620
51358
72885
24488
43604
4320
18449
93014
73778
30537
63023
71939
85276
34220
49541
12818
61110
9228
11998
52747
536
79769
49754
50205
3606
70154
61665
93747
1971
45857
69849
43777
66004
95717
38758
95713
18010
22045
38597
50148
66345
91827
80816
5782
80312
43213
6914
87362
9471
14008
19870
49849
51442
80950
74798
87750
81445
31023
94624
65249
9487
58758
36765
71861
72212
65434
42503
67411
22571
28879
29876
17303
39575
15767
97296
67824
72874
96747
34406
57592
23280
60938
45544
40909
43982
32736
45282
51674
37977
7351
85387
15225
38639
15840
17580
91779
48325
93561
53516
54933
70131
76342
58072
89944
91689
42074
67597
5505
18806
19662
30205
36815
84007
17142
49084
33213
75620
25032
96787
5761
44867
26762
78746
43087
79764
65115
91148
41257
4430
80594
80831
55430
89668
71221
76581
81187
23615
13237
29192
9612
55759
28872
79567
78159
93933
69074
32133
11354
94244
11979
19948
83415
27237
78033
98255
85521
68003
4213
79462
20676
37632
89044
16206
66711
1792
10591
1659
48088
17755
76001
51336
22767
16702
26452
10478
90607
41907
43659
18481
47144
20576
3743
76546
56769
49764
94563
95501
94953
24799
89802
62426
11489
82090
76831
32300
68323
19219
86999
72317
93520
34520
38122
43638
35518
50763
35138
98141
19073
57849
11559
79470
92479
70543
96233
65134
84330
80802
70994
35369
26390
96641
72279
33721
96940
4716
65366
35073
65079
63042
17489
14972
54979
39441
12556
60074
21212
45053
44550
31008
94961
75596
64133
76424
78655
52456
97258
29467
4813
59371
96711
42264
68524
32094
12275
95165
25306
73875
4371
60676
92286
61917
40080
3455
73072
40968
48032
45870
50058
20002
94756
17119
53573
83687
15875
70350
3049
83214
32359
14949
28315
27745
43332
31885
11521
18297
85687
94305
84049
46570
6267
86448
86839
6680
85383
78373
50116
17363
20593
1106
94668
46494
59596
7306
32487
68479
68523
29677
80752
19526
29729
2439
15709
34780
55319
24098
72979
45374
92823
5567
12956
72953
96934
24725
41761
40901
37395
34489
78794
5932
81175
87328
25611
40542
25621
16517
49262
4657
32774
23909
39504
60042
95033
78101
76583
50891
93671
70654
62323
48181
11642
46106
41830
22147
50403
36190
79236
47520
19018
9184
24114
76761
62466
42373
9755
77523
80850
58176
6511
11112
82142
53997
56415
45824
71188
11509
39931
57724
86222
70015
84826
33667
88052
44255
26823
2323
75466
83297
43111
60224
21739
87087
55447
87844
25921
1170
29413
88421
45151
16812
2146
85441
87619
396
70445
57041
28809
79490
3373
79344
6291
51975
41953
86652
15214
67978
42744
41148
26815
74532
82528
72778
82830
32815
34436
92815
14089
82005
57394
38529
11411
80459
56303
2625
27666
13443
29703
61061
70266
93023
4786
87729
94265
84078
97090
63121
93115
34488
80962
70733
60130
61757
52237
12085
63192
77584
93242
12985
55766
36362
12870
75248
44708
12222
88116
22867
55442
36921
37875
58261
50574
33195
94938
41627
54942
44830
79292
5938
75279
26978
3030
98094
70811
40803
83571
45886
19038
23496
56846
46300
1162
5866
71093
30892
56745
53289
90983
50867
18115
29742
91274
46922
25019
73705
14029
52989
17423
43218
21962
59579
63939
94655
77654
97121
4979
90650
97971
79605
12957
50978
90279
30913
23937
9186
25393
63177
28171
30649
54191
753
40336
78007
22485
48134
5326
63073
26892
2030
69769
61348
2894
94960
229
24582
29145
82322
14609
77687
68352
63605
11166
4785
88557
34450
10763
31370
36243
49887
31153
83357
22538
97449
22414
57050
52475
8058
86505
78501
30227
54271
90535
96111
50423
73954
43406
47992
38285
93895
39638
82429
44483
65632
41970
66862
47960
38887
52009
1347
4278
23813
38814
63841
88994
82593
90252
95391
95205
85232
72059
45555
66967
25756
44147
46273
53433
82686
90015
33720
12215
29137
67363
51030
25876
57799
76057
81233
64358
96743
58796
69778
86364
75954
33354
44070
61993
69676
29294
97954
66907
91588
6113
79045
33960
80911
6504
16443
89653
53555
7800
35641
29642
65599
93060
27158
45365
87393
27799
40
44221
27976
94290
79687
48877
79334
24362
65989
53389
38410
19171
73289
28457
78714
89769
59202
38451
68340
67059
45249
18148
17018
40679
199
83828
8709
39735
10587
77498
18431
53905
83897
53352
9590
8028
29324
58288
31799
35726
20959
61517
68680
77912
73603
59487
22922
9901
50967
38312
54894
57155
360
60494
67910
35205
68482
60515
21995
78561
57911
84388
66076
59400
44736
94950
54809
30135
97427
46182
11513
38533
51978
28023
84847
97660
65761
15312
40265
86314
19111
23224
28526
69020
27988
79925
55306
77278
85268
67576
55735
60054
61623
75866
75604
10402
91980
21527
60815
54111
35532
23185
26436
57876
52219
81609
64095
97814
10631
20602
42760
68310
78672
50198
3117
64373
20642
51183
21323
5016
25476
82676
73142
9865
17563
86692
32588
42733
38994
40814
14463
33603
31400
57312
45978
27850
28947
64119
20457
6422
48793
90140
92008
21583
51199
91848
70114
38619
77980
22833
74467
24425
59541
67375
72413
34793
84839
55653
18681
24409
960
52630
8406
49187
74168
27724
11677
4382
28093
33351
18873
56339
64190
73671
32997
5435
76432
72548
82215
21376
93884
90872
32226
94629
94510
71872
7000
27184
57863
9244
51719
81329
8011
3108
75902
72614
57173
46101
86513
64599
12619
87629
66520
45161
35276
85939
30444
3952
97864
36255
44055
23837
31878
31731
89028
11836
79020
26676
3520
90288
68040
3925
27381
85895
15240
18972
84616
35780
77674
74119
1084
60333
69793
23175
52499
74261
36748
50023
51507
55749
73125
13743
12553
57742
39192
1544
993
48200
28046
69266
14743
88045
3765
23977
88868
34538
89558
9655
50227
28573
1253
76167
34882
83565
83615
41910
42944
7577
34590
97918
74387
79924
84873
78521
29264
26211
1134
61662
8542
61554
57817
51116
50876
26393
34176
38525
76176
51652
73014
59947
70246
77426
52332
44380
28924
70239
89333
0
81131
22126
70078
42124
8614
58286
63974
50912
2765
91697
47891
38528
3261
89917
95479
41840
27060
24416
90013
28838
78560
30284
44870
64621
71651
63832
48531
86115
83973
96201
14993
65979
21245
91915
3434
53422
14316
42148
11375
84203
77060
72197
14627
776
36473
80585
37253
87788
16859
23274
33261
43312
83545
63488
54854
27254
26099
88794
9674
74759
59477
52872
71668
41875
39922
3240
57492
25533
63371
32525
38037
23688
67923
96376
46824
68337
55057
9192
80722
5132
16164
56161
66204
57566
91940
18302
5681
24546
76017
96032
36971
88897
20730
68198
10761
36839
92393
91517
12459
79967
54169
9346
53228
94112
76397
6392
53754
69578
53450
27400
64142
46610
93804
83915
66851
75616
21853
2198
11492
14556
11843
39951
97797
14963
1582
5951
70822
56419
56612
65241
9369
75070
28388
3222
63663
26002
13453
5792
3615
61121
95117
83685
71383
19530
78530
7518
27199
28261
29971
23516
60513
1613
81384
70137
22257
85259
60463
68721
92831
62873
69821
64694
15455
48277
97144
3949
89666
56833
31782
96629
58236
2416
66196
79970
86185
94697
68743
22567
94356
10514
85703
29939
78328
31232
75384
72255
29256
23114
28733
84164
33956
77466
58563
29234
49700
79333
26597
26903
32183
71018
39676
29224
30933
8383
40895
16342
35974
71789
67338
23922
95196
53944
43079
82162
71548
87588
34518
31290
69124
23303
9360
2494
88268
70959
84259
2689
93705
93580
27449
56330
65373
23113
61002
27282
36276
2959
22255
50521
94747
26549
46104
75603
43601
56891
88236
92992
4066
84591
2448
15246
29831
67542
52365
44900
3139
70884
30265
5451
34272
9513
67171
61860
16055
1415
13826
86637
38006
31531
42844
32333
49303
44949
7437
73898
77657
5904
899
96131
36212
31453
94896
78040
81510
81888
45004
35764
37248
66149
43658
86958
168
54312
49394
87464
51474
77975
91041
3405
14534
38778
48594
88762
7639
6389
51930
67684
84240
74068
54230
15475
3069
60917
6169
88416
46880
49380
71435
69695
17782
14763
22528
9660
41811
32102
55980
47980
93333
97775
73076
66046
71225
74468
87052
86512
8824
11242
88943
64530
18970
37764
10972
67942
3217
16376
97261
37619
51045
42987
4935
77099
63132
71849
85879
36763
15213
2729
40798
61412
71355
40708
82285
48431
31338
48973
35763
95627
76357
53586
52731
23472
73863
86503
11173
1164
10956
87376
54182
19979
46535
64239
25733
66191
53867
83713
53808
79278
20941
85680
54382
91169
44563
82748
94028
21284
62543
94832
85490
71773
33447
22643
65405
62657
65260
45321
12331
60388
29354
28619
44986
44524
21752
6440
60907
52084
71133
64048
88696
20359
39287
94091
28767
84775
62280
69717
2417
85448
3072
87870
9308
98172
39310
84192
32809
82967
32762
78920
39945
18262
89710
19030
19275
74898
3797
95540
47923
18184
57539
73137
20826
10049
68623
59401
3102
44096
43223
12820
74779
65925
97690
95799
6607
41733
570
2414
80964
60901
48986
39508
48186
94110
85392
94809
51020
66456
78114
12849
37257
35222
2263
13213
17722
41127
5251
95597
24631
23785
85032
76394
42310
95349
12404
59472
56867
97019
60760
46796
70224
28471
18805
37090
3933
61908
71975
81115
67830
80684
18628
38190
35548
50295
36485
48496
43865
21618
29968
13755
72936
34246
50777
58078
23125
82077
93654
16530
6772
85061
63695
9947
21285
73136
98018
37928
67607
71624
7694
50076
26461
30292
47088
77190
74729
36358
59424
51170
41170
64921
21301
64906
73313
81235
35716
43029
1707
98177
27998
95372
53693
7246
81454
57669
79926
26305
78840
52271
79718
6257
52461
49376
75910
7085
2429
58855
87556
62336
11135
20898
88826
20663
37510
28119
21653
25163
20364
21106
44028
21368
95856
33250
24247
63287
75931
83564
72446
33684
35778
2584
73276
61844
62666
29043
79800
65479
53779
1656
79474
57936
88463
57845
42356
35964
47968
63452
34161
58826
20274
32110
90471
3880
82181
41371
90866
27661
34345
3611
17883
14108
65322
76915
57421
96165
7505
5811
85340
18056
26857
12338
95291
12724
94637
599
14187
81270
10128
8377
84459
6985
42117
61547
13296
27424
66620
26090
26610
25451
28213
51751
34715
56713
2544
42255
21251
82743
38364
76870
45494
71201
42981
30782
38106
45818
90550
23212
34573
30693
95894
53931
89812
77022
25970
46637
78726
54085
87259
16694
82556
81013
23505
49738
96200
37084
72814
26604
16959
10519
29682
61944
20713
4438
2351
10015
681
2345
94066
22871
19363
23133
76607
22691
58280
93098
8278
95161
22758
20738
2657
36392
40934
95070
73730
23061
87265
64183
76657
94353
54293
10975
58601
80427
37997
148
65126
6279
68234
93235
39181
18645
86284
97707
46075
41938
43666
71752
25738
52779
64426
89536
38514
66416
92930
91012
44503
50888
64780
61508
1265
76465
40987
62418
10999
91504
71340
94840
87430
75027
17177
32188
38063
16288
4650
82488
9640
44751
11723
48906
87929
66678
50979
7946
43403
1624
41209
90481
49210
44353
51015
88208
90724
80602
73563
89786
1688
4009
31632
34390
92425
55831
36152
97435
12279
98093
76156
3317
96399
77486
40985
52255
60301
11505
89065
39086
79060
13403
63752
17863
93581
83611
23261
8245
31993
73094
78594
98232
4232
21438
68466
13480
55334
83678
32189
51114
77853
67467
8943
29786
87170
25572
60822
90703
81860
95558
59116
89216
65912
29590
8928
65019
12602
61839
18098
26413
59777
65365
41083
87895
79923
15948
30566
14478
32927
18230
9778
62061
98182
13499
3632
45524
14092
13523
13791
68521
65317
61829
88174
674
28355
11327
38076
55211
72795
56842
23579
31833
73788
13214
41353
20012
56925
19123
6930
18111
2941
66111
67138
3766
44316
80469
62812
71350
29346
6459
30325
1818
56840
33489
46622
84901
76650
75390
91864
93166
27737
71304
88411
24674
77798
90100
6382
96444
64259
11739
71505
50003
56609
95695
44660
55460
13238
6210
89424
86778
76594
19808
64984
22236
75956
49184
15713
53711
74680
1664
74221
74355
73639
5398
96884
81346
43364
437
41919
13974
84340
62801
8906
43434
46632
48334
48279
39680
93846
59615
91538
79170
21287
38603
98251
21070
13253
42292
80457
40420
79143
40149
6761
16790
3502
47777
55355
88024
74522
46810
23962
78829
57723
43249
33279
49721
90156
76813
62886
96823
88406
17311
77679
56288
33819
23157
17229
23703
85083
19434
17435
86159
73896
56512
53955
66099
22776
12856
45911
85706
82344
5865
53115
38553
8855
19448
1676
60446
71362
16573
60918
38853
5005
57902
9132
83728
15403
60255
56875
85519
45313
27021
93806
3516
72660
61138
13000
2031
2073
62209
