24468
40367
34766
8858
24116
29236
4632
11204
38658
16627
14524
11034
37069
40678
18035
35106
24283
31806
15811
37416
32980
25339
15631
26248
13408
31870
5697
27262
13171
24700
26891
14710
20866
1330
38414
14370
32363
18037
29913
12472
24860
33236
23243
25807
10141
20596
4155
31306
11610
4665
27313
34225
12116
39823
14137
6902
31975
326
29755
15302
31814
5693
26054
26213
24162
11570
40615
8805
10650
12336
2552
18819
34291
2544
486
422
23207
15182
12210
39470
9427
38903
18244
13607
28120
29549
40668
3856
12612
35078
11071
673
17084
26791
39632
27397
33366
24462
11095
25906
18458
31075
31528
19364
18799
5074
12464
20883
31109
33280
773
11402
2873
24640
37091
14220
851
40487
4900
6155
21413
14610
27200
6146
9959
36554
35698
34457
34974
19387
17667
12933
21533
16334
40363
8582
10275
34412
8424
956
37595
14860
26943
11866
11612
17829
11420
18321
9229
36459
34736
35008
20142
10692
12505
15967
12055
21226
19073
24528
5461
10115
8283
9273
28980
13545
3979
6450
26530
22310
15283
17483
21475
14761
36879
34229
20024
19012
33549
16842
15402
15215
16142
35123
16926
28527
13185
17649
16836
6583
17609
26311
6786
33907
19102
6328
9526
38193
7978
24977
37297
30851
22103
25854
34312
17419
27303
16601
35844
22898
13466
24260
14171
34448
1748
13451
10266
9960
16323
21867
10210
16453
3869
1625
7031
5556
36341
10922
15914
26970
13024
6454
17522
22479
1745
13611
15904
26525
13568
11987
18307
39527
33493
18257
14279
7226
14939
38956
4142
2295
25870
23660
29438
36723
15926
34263
34365
8709
3624
30593
15145
18909
15235
21783
15028
31581
12447
19185
2930
24177
9358
3904
15683
15259
4823
8822
2513
18236
34212
23784
35320
24212
12622
34978
9457
27636
27395
37480
727
36666
37554
21669
2006
22337
36535
25200
34795
1427
18099
37598
10655
33176
31704
29077
1073
16195
22947
38918
10211
3490
22341
36937
12573
34710
17520
26306
761
40229
35326
4468
28200
34283
25184
25504
22011
24519
37350
20841
27334
28023
25424
13490
1508
40158
34459
9668
15414
1540
35013
31368
10457
21642
33051
33728
12804
1971
40700
28387
28705
31854
12991
23746
23200
25683
29933
2324
20800
33815
19506
4220
3415
19690
37275
26019
17106
10411
14826
34081
38326
27902
15976
38509
27039
5090
12967
14277
26375
12469
18194
35697
5252
38937
27019
33308
29060
920
15732
36432
24324
6182
13396
19710
40117
1066
28778
33287
2944
18082
19895
14063
31401
32042
27372
1438
5424
24135
38777
2607
37852
4556
4434
6214
1382
9996
27440
1327
2394
3240
6874
7553
34184
38219
26267
8532
3566
4554
7935
4036
20708
22405
35127
2874
4433
24755
38514
7901
21171
35000
19833
39137
36593
25472
27342
32851
6580
23641
30042
29675
26155
8387
34624
38895
4649
14632
24829
19145
1206
6121
36332
27176
12681
39885
31577
18283
7673
3934
9600
4908
39642
31846
2114
6070
40
14522
13498
38655
16899
34649
2735
25864
22387
25591
18424
3671
4346
34769
1322
7321
39088
7556
17087
14222
37484
11031
21849
22771
27977
4682
25897
5322
1496
4209
12510
9375
25976
539
2183
29342
20829
28356
8803
19243
30368
26216
8655
34728
9116
21520
32095
17827
26781
6722
39341
30870
30859
19660
7372
39459
38749
23624
29415
37523
22289
10894
9072
20966
19904
18735
25310
28989
5246
25543
2907
23615
22343
14037
18540
35057
32494
38431
34506
258
3420
6089
37475
17861
18275
38107
29504
7526
6789
25628
24563
23328
30916
23198
12876
23844
14497
9684
34558
5669
34130
18730
20863
27348
24
11468
18945
20995
20092
25559
35835
12015
18060
22958
7361
9252
28798
16644
40397
37666
16190
34906
26415
23038
29988
27265
2270
28595
15969
17248
25461
32253
12042
2056
23519
22462
37848
26922
25775
28308
12735
28794
35357
9344
38277
26955
9120
26848
30476
2412
13923
27398
40187
39655
39436
19780
10900
16765
14286
11010
7420
29931
23174
11066
36215
39204
9320
9888
3429
12451
31189
24883
25087
1237
25261
9954
21787
22314
8353
13988
2132
6194
26635
18243
27242
151
38616
10076
35486
28604
13855
24009
9644
30361
15959
12620
19297
23266
11541
4137
19602
12860
36599
28046
18578
19701
36751
37442
30742
16630
34675
28656
9750
1502
18034
30881
38061
32523
37435
31919
40680
37099
20156
9722
3090
11077
6052
3740
1695
30717
7657
7468
5244
36211
38690
6948
4336
26652
6615
28516
37385
36916
8125
914
40583
1639
12705
23410
22470
7234
26277
26920
21086
9513
22227
14401
33571
29934
35286
25991
17785
18432
30633
643
32298
5069
25998
29450
11906
7789
39577
28610
13858
28616
13027
25330
5925
33581
3935
4848
10
23402
36189
21247
10841
31093
31398
25193
10302
28349
25371
33569
39575
23257
11847
1142
26164
37216
7804
3154
37572
21408
15250
22899
17339
37250
21289
31686
13938
3750
12114
38416
10788
19811
26969
5144
19015
39563
17359
18318
5462
16541
6941
37282
18706
16952
17052
37022
38235
5525
7564
30200
14796
14208
13199
16373
5185
8584
15405
10755
16822
19766
8484
23945
22095
39401
21977
22904
4631
91
17344
15946
34190
16868
20598
20972
27358
1551
25411
2709
19837
19795
5978
39562
15401
15149
7485
35457
28767
38333
11837
8418
22986
23583
37090
25635
21983
8168
38351
17714
11899
33435
4559
23011
38447
3953
28879
16136
15731
34016
34592
8185
38703
27269
33946
18171
2920
10379
4167
26701
2503
39441
17870
40812
23251
30727
19088
6056
1254
26585
27825
2488
11316
7401
26974
28307
37446
1784
14476
34548
3152
30351
33303
9319
13429
36663
16479
16310
39425
13054
6225
13473
18028
8401
24926
19013
16167
16418
36664
692
39469
17519
13236
6408
5328
25900
34543
22601
22049
32993
35135
20630
4807
4449
39551
24601
23153
39706
36175
27210
8882
25506
18763
11715
4674
24095
4669
34467
33276
33221
20290
21881
37838
2653
36601
17057
9214
5065
26184
9791
24017
15848
162
20242
31539
25033
23362
19456
32221
23008
32992
35724
27943
14881
24992
3040
9850
152
35666
5396
1138
24875
4405
35021
4041
20740
27662
40321
21924
33449
210
15257
30043
7552
16708
2291
28575
11344
33737
5092
10514
6800
15317
37490
6930
33408
26801
5678
29385
31940
34331
29145
20690
37173
33753
35640
33426
1876
21172
31301
19806
3058
2194
12837
23829
1849
20733
367
15867
18208
32721
34097
34351
32259
8651
15436
34477
1369
8978
29011
18443
34303
18697
10712
1040
1071
14358
19131
20383
10744
32612
38130
15162
2212
11479
16505
1356
4363
10533
9718
1764
36865
15222
10316
38462
32075
39074
3499
15047
16660
6060
25820
8419
27430
40825
27646
1147
21234
3574
81
571
13627
25084
33912
20791
24065
38597
11136
14120
3023
35439
12896
27768
22605
20409
11900
35385
18762
22703
25926
11201
39720
37905
37914
40759
22616
31828
9758
28717
24622
9251
18436
1475
3667
32926
14598
16905
38382
26931
36580
38325
1751
15772
18287
20895
20340
37960
5530
32290
17982
15734
37102
37149
27658
16885
4355
23991
6254
4816
39289
9724
17056
37357
23321
20028
557
8342
25175
1552
22590
3694
28773
38026
38044
7840
7883
31296
19869
32601
27711
6079
40000
22173
10406
22094
16424
26020
22661
2248
35872
39502
23625
12106
31953
39406
17348
20531
11144
2538
4906
7774
25630
24479
31624
1431
26456
34032
18577
13210
28946
24374
36564
6530
6624
17250
1445
34959
19404
19162
10684
8669
18958
36098
516
24053
9847
15916
32953
13670
33162
33865
23539
3284
1965
21113
10961
21765
14429
35479
39022
4408
29839
39808
4918
39528
17676
6979
20119
9440
27460
13419
36939
10680
18428
9098
37395
19097
26609
19338
1364
11988
23242
2467
13704
30486
22796
15084
22709
24346
7147
19857
18599
10282
31046
27048
26761
9367
17564
9573
16873
18523
18500
4017
30961
17058
16249
24093
3505
512
13847
35818
12912
36513
24430
26395
22226
7930
10511
33458
39962
25975
9248
24669
14408
13465
15722
1670
1743
22826
2058
7773
2864
24132
3011
13207
18309
9894
29500
16140
31641
14960
5588
29201
23623
32461
33081
35022
23149
5584
39522
31600
22063
8626
10441
19632
28197
9216
32314
27826
24476
9654
26992
26123
28864
6145
34176
15077
25370
15989
37208
13346
30439
23953
19219
14271
23969
21742
14112
27938
13370
11639
40364
10551
13099
31128
37417
27175
28874
15846
20151
11769
12471
3047
24835
3500
17949
28319
24842
11693
24215
34445
5312
9662
5221
24876
27601
32815
13874
27449
37487
13802
24596
15082
17372
12799
87
6451
37455
37810
7817
9868
30778
35060
39040
37775
26092
24525
16665
35655
13095
19871
575
16990
9622
23167
34756
5941
18517
18621
20431
35097
26169
6631
8368
14608
33725
2924
22253
23976
38925
6644
32645
248
27960
18559
28805
5198
21322
5875
2650
1266
40028
6239
26362
34681
18153
12263
10589
26292
29951
28828
3065
31818
9870
18542
26812
9452
33396
21671
9763
39426
7531
21173
34456
27680
8984
39012
10386
979
15037
8919
39989
520
25528
16703
28070
35587
15983
2474
12237
2229
15945
11366
40152
14815
5446
15348
24031
23885
12518
35860
33769
4215
18904
16372
19865
14596
25114
40003
16020
28220
31007
2448
32682
18242
32266
1654
131
14544
26273
33123
8623
1177
3608
32242
5651
39760
22318
40139
18595
2139
24480
24271
38233
36500
26521
17842
21646
26887
38663
22443
33354
26117
2765
2954
2338
27194
27131
30868
8954
18839
18131
39132
25166
25999
6558
11683
6300
8312
4475
9576
18993
33716
16864
29286
40622
17252
39019
35647
11860
12192
22575
38502
26839
8934
2153
17465
19723
27661
6529
28172
32864
21534
31082
31888
19790
34330
20890
1299
26113
22827
40209
12737
34068
22716
9984
26209
4586
29499
36790
9932
26489
1747
30775
23926
37680
11131
37262
2890
37322
22108
38766
32222
8556
20220
16337
37214
9240
21324
31395
2138
23177
21429
17384
1034
34468
34322
33824
23232
1768
17924
28824
9301
23193
27800
21124
37596
14564
33375
31755
633
5630
27521
7201
1199
16738
7650
20247
19797
29928
5145
3359
19930
21525
36803
13898
16203
1991
9610
35494
33828
35947
12805
8807
15459
10002
40107
6306
23790
32856
40586
20107
4650
4420
17942
26359
11364
27075
32881
22429
5193
19368
33268
18061
40489
21593
25981
1779
14948
29625
14089
29064
21582
8545
9127
23804
40831
31664
19631
3428
12596
21139
5733
36549
5975
8427
12436
18920
14397
21417
36377
18768
36571
5027
36524
39229
16484
24164
26180
5391
35642
19034
11282
18640
20585
29935
13363
22460
1498
40653
21811
21444
11106
11949
25907
40503
35446
25280
38053
693
26484
5579
37440
15050
31816
37008
13399
30075
24853
23333
17773
18246
23259
5647
7824
2702
27433
20812
19436
992
34369
27681
21091
6817
8689
14744
25190
24404
7692
10957
4213
6187
37157
7262
22029
8514
37018
40836
12964
11637
28073
14158
28693
28674
6705
20127
27552
3144
35294
1759
2502
22535
32276
4076
38289
37807
34720
21538
18431
19023
24457
6559
37256
17204
17969
33802
4417
29057
341
35896
38354
35689
23871
25382
39199
2681
32773
16389
235
13927
40027
35889
10015
32081
13134
36395
16557
12765
39828
12160
19716
16341
6815
28831
11939
5522
31256
26035
11228
1285
6365
5777
31096
22702
22789
8704
26691
35898
20642
26003
25323
5457
20274
10191
39683
615
31243
1109
13266
34635
4288
11978
33767
16984
11425
35331
26980
12449
34390
10541
13270
7092
34847
22517
31876
16994
15377
23812
38404
22114
38567
26643
38902
3786
6256
34105
23456
27300
13943
16159
2897
16732
9566
13880
37671
1605
27056
29727
1235
25469
7743
4190
143
30205
6873
25423
3502
34556
36362
24397
37901
27865
22255
1488
20747
6633
31054
34422
9833
32527
13205
9407
28904
574
31027
37328
27630
4396
1444
13854
386
1554
17747
2844
10568
15653
30327
6372
37602
17511
24246
28496
38290
33864
35459
1284
14554
28270
28642
40022
18869
18636
7216
19316
3871
36489
23637
28304
23959
9139
31163
6836
40289
6464
18486
37591
24365
28344
15116
6098
39611
7239
13450
21258
6037
29948
28207
2618
20595
28277
26668
24322
39508
18832
3312
819
17367
28231
15456
10415
30889
39294
26862
5653
17898
40786
496
28982
10226
34859
19573
441
24226
4051
3899
35809
16931
18922
32381
14099
5288
34970
6
22928
14920
11696
24824
21066
29227
4608
13596
20423
18782
30487
13591
28942
26447
9661
36598
17066
40362
20760
4916
19954
17657
15816
15066
31546
9114
2203
32087
10985
23559
27613
24125
29830
19429
9807
10772
37044
17544
14481
10793
22478
10966
21495
35555
15428
23779
16480
35755
8470
39030
33572
9567
28884
14356
38386
21085
21591
17090
36958
36946
20273
8271
39179
33522
34872
15981
33202
6475
4326
29759
17272
19253
18124
30061
19383
17774
13165
34117
12561
15080
36272
37510
39606
35661
23993
12812
12275
6700
17396
32427
35308
33355
11868
26998
1102
3357
27070
850
13073
15008
16544
31466
9783
17113
3673
15064
32027
9192
28905
23604
22477
12083
27799
36746
8917
36689
23866
31650
5976
8270
36626
13598
4660
40523
22495
21471
4527
9766
3571
11456
38691
28188
40770
11799
31341
13224
39519
29722
11443
13679
17772
17168
39963
19957
30540
27488
18718
35449
13142
14234
30390
22032
4662
161
31293
20021
14188
25025
37916
12989
5076
39615
1076
3274
13882
7951
37751
36397
35251
163
25677
33967
20686
38504
29807
6657
31148
4482
34424
2962
564
36957
6430
6940
22391
33896
14255
1908
18274
29757
15151
11808
17523
8693
2350
12404
37386
38720
1132
12647
23446
36933
32786
6371
37893
36233
671
18389
24064
39264
32799
20157
3603
31382
26431
18337
28330
15497
27085
8776
8434
6899
3552
28949
34290
38239
23697
2937
30989
1906
13806
30599
23430
25923
13141
35778
1769
12714
4212
9516
30845
5028
26677
22573
14020
14352
2892
9638
3037
12044
14007
17626
23151
886
31998
21890
874
22053
16083
6293
6517
7975
40528
20444
17869
23246
30359
15065
40793
18211
13339
40223
29282
21351
16657
33142
7928
6622
26728
16126
30967
11494
5763
22950
14134
1315
29945
23569
17313
1866
26115
27461
26013
1306
26445
28511
2098
33603
23378
7014
31284
21043
14258
33990
1544
38638
38292
37107
6044
4050
2357
15592
18798
16253
31634
11596
10720
18245
18147
6502
8983
6046
5512
11287
40327
2966
8300
19110
37985
26519
21644
17009
5320
36067
19058
39385
14961
19663
28325
24230
32394
20491
31747
22123
18771
33038
29354
23032
35365
20803
35550
6773
8260
39117
13821
13463
30680
9081
5301
12977
11413
28081
24774
37041
15469
23957
38813
8561
5597
14906
17055
35228
34522
40572
28026
38612
6988
1291
19518
12241
17615
27151
26483
22148
16901
29704
31801
28338
12102
8607
4624
34258
722
20804
38773
4734
14733
11908
4877
29169
10300
2677
343
32966
30932
22650
8123
28689
36499
13225
2733
30497
28104
32639
34126
9195
312
12475
20174
14480
19771
7509
11442
33604
33008
8912
22031
13780
9249
10296
9790
35944
4849
122
19393
27955
21744
24690
10740
12054
30116
26874
1574
31471
1091
8539
35737
16736
39906
13865
5207
18291
15183
30979
11706
36014
36527
9653
21300
37074
35488
11424
20933
27606
15458
22373
31
27255
31700
15707
24045
19732
18861
33925
12654
24913
36545
772
15007
9864
580
35618
21985
30203
3985
8521
13956
23867
36738
33304
372
34108
8384
31518
38157
24511
10377
26777
26361
14813
28116
4755
36792
9895
21951
14308
34376
29582
19577
6851
27364
6886
8108
9043
26261
5963
6042
15744
412
36858
32927
23733
18659
29104
22395
15726
19965
11112
23652
38825
24518
16690
10498
236
9425
39907
8292
12993
32661
35210
18018
13483
20631
12208
26156
35349
39281
36913
24254
28927
20177
10831
20402
29616
27456
1647
25885
32534
37913
20139
12801
8394
58
10622
23674
5578
3333
12145
10620
8775
35227
25932
31895
13785
9782
21728
20983
9040
38009
7370
20715
22500
38544
27101
18526
3160
9829
31014
11441
36124
2921
296
20901
37879
3766
23670
32477
4761
32631
7404
477
22554
34697
33801
19700
15546
23822
35304
327
24062
17610
9687
9451
19378
19414
14624
15098
22219
15680
24420
25849
25386
16536
39449
27559
10582
24243
22415
30835
22993
38576
13430
21908
2093
23796
22275
3374
24426
32713
2634
10757
32180
20330
27539
23788
18477
12994
36818
35678
14904
10916
28045
15574
4195
8110
34038
12942
3823
4454
32949
9292
34474
11548
37096
39540
5939
23493
13715
11025
35709
7658
25404
25343
33982
36758
4810
13268
13995
6778
32754
20339
26937
7672
4089
534
18174
37319
17224
38737
35360
27327
17004
7334
25466
16624
15995
11363
16028
34914
2644
16491
9391
13043
15363
2756
39462
8787
38179
25301
3692
23611
35343
19439
4625
35914
35042
37831
38632
25500
3744
38696
18334
2818
15425
40726
38849
30983
9862
28965
806
31322
20163
30965
16600
33114
39884
9140
4963
385
19535
27167
33928
37904
7716
16558
26310
15552
27087
33168
24999
13751
16919
16057
37797
32420
35831
30810
2390
32642
37219
3688
7681
33201
32178
8920
852
16995
32983
23116
32418
6027
4249
8258
31800
32522
31311
33119
3029
40727
32437
8659
13829
39542
4185
36126
14705
15203
8751
38082
20276
36941
11225
31751
6308
16875
38000
13760
12144
31421
11269
7585
38224
11401
24935
34294
28960
23180
15728
13119
4491
27994
14390
5021
28968
16753
19670
25611
29924
15059
39698
7656
22523
35239
20211
17761
5419
38335
19849
17845
26142
38702
408
28377
28326
12349
24772
16932
5469
21718
15175
110
16315
39044
4893
23361
35137
13400
30857
33257
31779
4622
40180
16673
15457
35299
10813
40592
1617
6728
30779
26181
19928
29651
40188
10673
29436
6047
37247
37536
15824
22699
15220
25538
17646
28700
14080
3506
29015
15094
17333
19291
12154
15275
17059
5924
21184
11304
35787
6841
39078
39925
3902
34514
33598
27730
15767
29073
34119
18796
24562
40644
29814
26061
2728
19667
25832
17935
27153
5769
33327
20772
40480
39304
40268
17895
15956
25880
30898
31864
2708
14559
2100
1442
28478
25457
2
3976
12814
12732
37392
7841
2796
35949
34109
18448
9206
10399
6816
30250
37923
38079
28749
16328
7630
40275
19351
2778
9678
31238
7932
7153
23864
37942
18085
19813
10742
17495
31424
15826
16321
40014
14989
38255
12077
5390
16394
1217
3607
34430
21294
7028
4441
38412
37607
8867
24753
34927
20083
16076
36577
39392
3379
9515
20906
22903
37984
5205
26916
12303
2696
13612
36553
7182
13510
26654
19400
40530
11941
16636
2015
6660
26188
21953
30158
35859
27527
303
17176
3914
29008
6572
18717
21810
17688
34984
1110
36785
18837
24869
31727
28987
14221
28636
25571
11497
8477
8567
12652
18865
16134
16507
22851
16925
13770
17111
35705
36342
2217
2493
11964
7095
21212
35740
34520
1371
38941
37341
37375
22819
35316
1790
5146
28690
5034
33505
18002
32839
36686
27415
33242
37853
25164
28493
28955
25598
10361
7694
15301
10362
23472
25753
10667
22538
11480
18335
13597
11644
7532
16617
25139
40320
16270
24893
25011
26723
16294
39782
21872
27710
8853
24823
34051
27655
12954
36039
28401
17600
14575
39794
21358
24037
23061
7861
32289
38370
16205
34805
14644
9637
38442
39338
289
34069
1480
21325
21912
19804
29155
13078
17230
9911
20756
6639
16259
17787
6785
39286
35253
6672
31181
25210
13674
26780
26189
35832
12734
25692
6423
19210
617
6947
14026
17122
33933
35703
12495
7981
25658
9532
25997
11973
7164
26488
23013
27959
40631
16762
36519
21502
19549
20546
20763
17834
29818
26276
29693
29707
22335
7625
26600
34690
38022
30442
22788
36604
36234
25766
30550
39799
2656
7034
15973
18775
29515
11771
24380
22648
32894
23594
7143
31345
28232
34511
16757
11462
32840
32169
33337
38627
38643
17531
20425
30363
21590
35026
7537
11244
36911
27830
34854
2808
31321
29599
26425
17440
37314
21782
32954
38539
22436
18639
22074
40557
12097
19791
37795
35997
30538
20807
34568
12556
27077
35257
8062
29511
1212
17963
1954
9860
6442
10880
14411
39617
8379
1782
30694
10512
31197
38265
29832
22550
16916
634
40517
30133
38530
3484
17985
8628
29760
26689
2317
29600
29690
3217
2804
20460
31309
33919
11590
4169
13287
19993
14594
19974
6846
28182
19046
2572
3331
11427
24423
13318
19715
21313
14210
6636
3364
23925
21127
10126
3299
13174
1964
22012
27995
34658
2294
35420
38707
30294
15661
17724
29483
26991
39735
10776
27320
10374
36794
12165
30724
24484
35413
11155
6968
24343
34096
28838
36991
11716
5436
17454
28276
30057
20905
22308
3951
11003
33365
2064
34869
11521
9746
5900
13097
9291
20897
20561
17380
3862
8276
24939
12983
38360
19703
31878
33755
28655
27285
30166
25446
16737
32735
36779
36460
19471
32133
31230
14192
19264
40200
19724
40580
19499
16014
7919
12195
31778
13544
34284
32707
15105
39482
35735
29691
14105
16878
3528
34874
36042
20749
18488
1522
9723
4314
26895
37978
4467
17156
24959
11556
38474
3791
7623
29343
34481
11919
27452
40499
20593
18102
26987
17956
18881
36675
30641
21441
2632
11405
11942
30012
31140
17524
8302
33390
36225
37109
2849
14383
5358
17420
36760
19941
10278
12193
27790
29373
879
21679
26044
11380
17234
9481
39450
7558
29291
24168
26440
24434
2630
7259
16367
9143
17221
11894
4552
4958
23239
35628
36257
37746
18049
32824
25398
2129
1257
25155
12677
25434
27011
3736
31513
12316
18053
2842
18467
28731
13260
40299
12338
6160
40787
31900
34839
33554
36625
38980
26973
4015
6695
14957
26864
14921
840
19166
28666
36147
22955
17929
18065
21349
13602
680
35411
18580
35302
7380
18032
3464
14282
39783
987
29826
3787
26906
2498
9712
40689
39985
28011
7590
26932
24843
28681
27241
6881
1435
27369
29949
7757
21345
30255
40743
14653
2373
24905
13008
35890
21968
30064
22496
33746
39560
26475
22587
2218
18119
38478
25414
28660
23256
28548
37516
414
37967
12362
37190
27066
33048
4788
33738
13130
37050
23564
1437
3134
15953
36653
36795
670
11195
31559
13845
20722
12808
1269
5609
29783
36919
1131
7441
36188
24903
22473
14567
33808
19370
13345
15338
31000
39984
33035
17171
28603
37202
40085
30206
20839
5058
30417
6912
33414
40466
2875
8758
3789
27288
27022
36185
18360
3643
25093
1865
14984
26717
5477
12477
18633
16519
34200
30161
24691
33539
9105
22838
24256
30429
24967
37354
32312
40078
25304
35861
13044
6634
3425
37844
11323
9412
35808
39465
14021
11312
28851
8687
14927
38719
28020
35796
35582
18083
9431
25228
18376
22948
29085
5330
34429
10572
7780
7736
29672
22843
18255
6966
8513
10192
18719
6002
5407
10938
7976
38669
25347
2635
6479
291
15192
4579
5663
3021
19090
13023
16063
40846
7874
4304
17765
20916
28751
31476
37264
21683
19261
38071
32355
26819
26373
18022
2645
24481
25609
10584
6763
40103
16436
37263
28993
9052
5110
9607
27042
20576
16303
9886
22141
38947
8095
7875
31463
30280
21797
2283
8568
18172
27250
18674
7696
24499
7225
35437
38528
23981
31635
19578
9467
33936
10566
33607
21339
18350
10513
11381
88
24317
27225
7375
37621
24015
32652
30764
27142
1052
7382
30947
1075
24604
36597
12051
957
10287
18875
4135
8293
3907
38248
31643
34180
6457
4101
39060
2407
2115
26051
21834
32316
27444
6680
36517
8734
13423
15666
30218
16789
32501
6165
26983
11433
36037
30887
15752
3376
21292
1905
33216
9048
30082
34541
31724
18077
27794
31572
10281
18010
12405
8446
18192
9148
23873
10524
25532
6246
1420
24313
36740
24028
32524
37992
38986
884
16254
19341
7450
11369
11085
10519
13456
2908
1917
1025
22687
24262
18787
35301
19144
32995
35132
29938
9909
10439
19443
26384
3813
4204
22172
27592
28123
32582
37179
33939
29854
18764
39507
40847
38364
28518
3071
5628
28971
885
4637
33129
34022
14185
23293
25738
23023
13724
19223
11023
7994
27771
36417
5311
3468
8450
32988
39194
2524
28036
13530
9474
38402
20038
22280
35440
11143
2160
8753
38362
12916
18811
14606
31748
28953
11997
19028
21316
28577
18897
39196
9354
40766
6812
39077
40194
16351
37859
39943
12877
37352
17637
12981
32114
17473
29579
37705
2297
17131
12506
8386
26870
22509
17815
6154
1425
21649
10648
33710
18462
24441
15901
24435
23785
15829
39686
3114
24509
8118
8554
25379
2330
14897
2301
26139
2085
18387
4377
29188
518
10080
33075
14466
21333
5266
32126
34358
13392
7665
14656
12922
8194
853
29885
25780
28009
2769
38064
12155
10811
1575
35254
645
12725
4942
19014
16153
15883
29285
8987
18425
27803
6420
3024
39623
29455
39034
30451
31781
1031
373
10833
13742
13994
40785
38962
9547
30313
40298
14841
39908
32855
12159
9626
36608
32509
28622
13502
22297
29761
19627
19674
174
26626
26784
39394
12126
25947
3987
19450
28750
10518
31250
4205
6880
7637
12377
12383
1951
27208
25186
28064
7007
31742
8525
37724
6821
15344
36482
30087
9621
31166
27422
33010
6803
13828
7248
8027
29265
31537
34077
26410
2514
4591
1621
36168
19731
28035
29287
25909
14201
2570
24433
12127
36594
15849
21882
17814
37805
24681
7977
15761
25427
12306
20333
4387
36278
24633
12371
39092
24721
29150
20757
19891
16101
36204
6726
14018
36080
10571
28227
31383
33036
25340
17975
12953
28306
40175
17665
6795
24985
7990
6346
28582
20232
4798
8684
24730
39403
23849
30997
5398
4229
6388
36551
2998
27128
29797
20931
5868
26062
29369
21990
285
16429
8243
33557
40226
23730
21122
38246
26112
28538
31732
7896
13652
22386
40422
13922
18020
37713
5143
18977
8727
4495
17452
587
13032
14609
26776
20528
8779
35387
40827
11562
34842
16013
36873
2349
37248
2258
5634
37120
37714
24096
30990
1225
17410
34104
26763
36697
14779
15585
25882
25192
40267
11848
13717
8119
13179
28467
3137
2039
12168
36370
2495
29750
33392
25254
15034
22305
26207
25240
15845
13317
16823
18499
21138
6020
3642
17118
974
15880
7863
36696
22454
24740
5818
36842
14719
40288
24704
36383
21082
20164
34570
37089
34299
29120
3728
27756
22056
22512
13385
8056
10764
14488
33021
33779
31926
32331
16220
23965
27916
29261
4802
90
35367
23610
21405
5460
26255
20927
28292
22655
24597
27105
639
24261
37796
13040
33245
22079
26996
4673
23366
19788
24022
4818
9551
31004
34860
15583
29893
13944
34100
26457
29833
32025
31443
28082
21887
40813
29197
14262
681
8338
3495
32861
19036
30117
8432
14645
34061
39654
19606
19323
10628
24113
38122
5059
5645
32792
11352
7175
24971
5086
40593
14342
18076
33602
20729
3315
2746
5075
28579
4986
15830
3492
21769
10470
11349
12229
16465
34174
11989
18296
37036
25548
139
30596
31349
338
223
9478
8071
5350
36869
7015
4742
38591
32051
10782
39016
32760
8209
34381
39133
5882
21637
30414
27084
1983
5004
24515
19293
36097
28834
30416
30378
6675
21096
40682
20518
4170
32650
40233
5909
24796
14386
34071
40603
22842
35172
23078
37605
25115
36144
6452
39056
38361
6752
32398
3320
40407
21182
3003
26940
23163
146
16468
9417
16739
36148
7330
23158
31337
22798
9366
2408
18828
3558
4944
18710
11739
15620
25241
4000
11554
22524
20175
40585
28999
27562
30509
18253
11903
25437
17843
36569
34502
36420
20987
11091
7032
16664
11659
38733
36231
31332
38679
2936
34986
6653
15862
5231
16999
19675
34518
28266
23399
24323
12969
13405
19320
12296
7617
10873
6918
3681
2878
32882
15475
15076
19868
10878
1808
19126
37327
17958
1325
3028
33233
27735
39290
1255
24235
39877
6975
23071
24799
15671
34037
13324
27829
3346
17825
9776
17326
8203
2061
39728
26240
32388
39995
6731
27203
40336
37837
17368
2169
34503
2480
1528
33483
8609
7832
16108
31575
40052
38975
33261
9660
36061
1718
4380
3352
22719
32626
24682
11966
2690
7887
7826
22852
34863
2456
19933
37926
15246
22143
26742
4872
17223
22323
14306
3294
19354
11666
19563
3377
15144
37519
24744
5500
37845
40338
37088
9424
32343
10298
25153
34156
17906
37366
11459
10018
39822
28316
13369
5757
1336
16638
17175
37742
21187
26083
16056
16317
32620
11274
11710
28562
13850
22782
13825
4819
37955
14680
34324
14797
4289
19885
36095
2880
25144
40732
13355
21121
19082
814
37191
4873
24060
32732
9657
9156
9013
38007
30247
40513
31084
30489
37397
29295
6875
16034
21705
3412
10468
39185
28199
36963
27062
7273
6708
15010
22485
33473
32569
32337
24742
4656
25383
27663
6494
21500
36436
29855
33791
26630
14686
10240
32170
970
22846
20502
9454
11021
30285
31208
22679
38352
31782
6956
5183
26012
26414
35624
12577
7515
17745
18905
26802
14186
23054
4793
16214
33053
20072
11889
18435
20452
14664
38353
29875
38295
33270
4320
17060
39601
33899
1515
20474
33807
11338
31379
23868
19558
13397
18645
3562
597
4695
138
33031
23582
23268
34582
23181
3590
32973
20293
23897
5929
29952
20020
3375
7629
9336
15130
9353
29423
10632
339
27620
22841
32833
23420
21729
36318
16139
1859
27843
8208
5238
2699
19328
38279
35858
40534
34877
25765
36300
37290
4609
2332
2083
4968
33523
5363
26873
19846
38727
11058
35328
16285
2999
11752
34930
40246
39658
19446
11804
7063
3329
7899
14376
33858
13747
30776
13721
20731
27394
6337
1359
33959
28041
28443
31199
13947
7898
33037
3197
34370
19164
3221
38262
32084
28350
33496
18476
10464
27640
30162
17488
1566
33724
34164
4023
22472
18475
33679
26371
23532
26355
38348
11042
15526
7037
33868
22664
17789
32239
3102
421
35082
29115
13939
33596
40724
27156
1013
25986
40007
7897
32543
17822
36620
270
6950
12446
7524
2219
31865
8478
38008
25623
35400
25934
2416
1114
12719
30562
38815
16554
10898
13113
6486
17530
17237
9331
10975
30278
13881
16301
7540
12770
10767
22816
12113
31780
22594
34734
10408
21116
7801
6760
30568
26841
24415
8357
29729
30914
36651
16074
10737
7991
641
35448
11164
27414
4977
16792
40403
32673
29426
15859
5333
23830
12841
7843
33495
16799
16240
37646
23570
24399
37699
40576
3686
21093
9845
39295
15520
27480
21668
17140
8615
29978
24075
3460
33538
11173
9007
26193
38379
32767
17457
18426
9476
19039
22180
3851
10091
33917
10490
39142
360
18985
28437
19213
30079
17641
16031
21618
37886
13471
26286
4341
7247
27878
14316
1150
1482
8674
481
12233
39202
2384
15868
21088
36903
21762
20096
6507
13192
14144
31498
24881
13872
7913
24358
4442
27895
34792
34086
37703
36917
23631
15786
1950
11669
15055
13580
8683
10443
26853
27914
33259
21347
16640
24766
31633
17534
35421
15879
16924
431
29052
16053
14570
15392
14022
4603
38665
35429
38603
34821
2038
20309
30940
12307
21011
19031
8476
13959
25157
10475
10114
21228
7171
11896
11566
23628
26183
27961
14051
30154
11695
12613
10098
19603
5532
39535
11073
19335
14252
34472
35596
26031
27881
14139
26908
9596
14427
10186
10160
33204
19859
1756
25620
31968
1678
25372
33613
13098
13005
29054
38464
711
14872
34440
7009
135
33762
34137
17916
25948
40551
11247
36514
24545
33559
38406
30007
9785
31290
1937
35970
6840
35764
190
18751
24368
15099
5756
7487
10487
8135
39807
14696
18250
9606
13474
9284
16481
15582
16959
34817
39939
26950
17594
16974
36851
13129
14612
33528
26954
5829
39115
27428
27738
27872
13313
25451
25726
32776
10162
4582
5631
29473
13214
11167
26629
38284
9525
3582
117
9946
12220
33689
24552
14393
27890
15390
32547
27218
9762
18084
22046
23227
4173
34494
9988
19620
458
11326
37153
31016
33835
40102
12129
4994
24555
14087
9747
16940
10182
18281
27986
26852
14472
29580
31715
6664
8652
33492
30230
6982
1830
11529
8937
22815
23419
39689
31817
29397
15514
11237
2846
7752
6177
3616
5851
1910
29040
35681
2636
1549
8990
27033
6058
29796
26491
40228
31973
38503
6135
36001
834
35675
35112
712
17695
7193
15287
17486
24628
36532
19967
37067
32525
2619
37571
26472
21130
36624
16490
12937
36798
22196
10063
6285
14482
34289
26103
26675
7910
6265
2363
32716
20459
35282
37761
20769
23843
13309
10398
39336
1853
22984
39514
22561
22902
15168
23808
22653
15999
40498
15148
32689
32564
15690
16045
15581
16469
29211
12553
2994
15104
3659
30014
39567
4264
8429
19633
2687
30144
27810
20082
18
21320
35973
21510
33963
7946
11927
25756
13071
21981
19556
19572
30644
4857
32019
30743
4242
33133
10438
37163
5856
24403
28924
10391
1478
25588
19693
10221
11153
38252
15290
9817
2889
8213
31339
9033
12324
4333
32175
33867
14159
11719
36418
32536
11188
16262
28919
31460
35182
32680
35847
26249
29717
10271
17126
16500
6230
10368
34765
10230
39661
895
15499
28224
31078
32385
19224
36390
18827
25928
7806
22957
38521
32928
11820
39996
12978
11712
28340
6305
12441
32046
21205
14361
27604
29725
37629
29777
5491
18173
2556
40538
10724
23878
14639
37426
19740
1511
29117
29269
6509
5008
32459
37876
30656
16711
11275
12341
27675
21110
34764
7888
13063
30977
8874
35046
20587
7282
24608
14245
8373
13197
39386
12027
13457
40647
18800
11007
5808
27498
20489
5307
39162
37473
19020
0
2151
7206
20847
34039
5880
377
10549
35351
30401
5492
7844
7511
37103
4543
28426
20696
9577
21913
14587
9876
9006
2779
10845
5494
13638
13267
612
33475
26594
10777
3514
38155
1452
22825
1995
20060
19098
26048
16766
25070
18868
20307
30987
27006
10139
23062
16715
35886
37520
40177
36812
21531
18829
37675
22633
24673
40121
26228
15827
31160
30150
30063
36619
6001
22936
28101
15793
13159
37379
13979
19818
23296
14963
14928
27673
17930
20007
23489
29810
24195
24557
34385
35293
55
9373
8186
36615
4416
14715
19635
36108
19493
17619
4008
27278
27114
6405
25712
18961
28684
18306
34741
36183
21926
11279
25782
2106
21815
5263
34542
5248
33099
2320
6179
25
22206
20192
36688
3095
20622
32280
33157
20984
17362
188
22160
18204
24208
31034
27901
26218
35893
30689
19242
16980
39212
2198
37988
28843
35631
5149
12355
20816
31653
35103
2871
10037
29658
17269
7210
34416
5553
10854
15633
28921
9928
36891
6069
22797
26653
38588
32724
29719
22951
9433
33122
9225
5094
28844
19057
34865
2674
23157
18496
1593
29701
38826
40307
36718
23546
31333
37492
37394
18750
17692
37046
32236
22867
23722
8315
33687
29621
28294
20039
15984
12666
28001
1998
14195
34588
2726
17823
8733
10555
5047
28473
10014
24737
23389
6503
34809
2941
21604
16613
35207
32443
30996
22705
33057
20670
22811
12439
7490
11657
17819
26413
7081
25525
16032
32810
14918
20808
23741
32405
14956
29617
31869
27260
17539
11074
3544
14132
5122
10393
27177
19943
13478
3323
1261
1485
37525
16542
29440
17818
21449
34969
37785
23315
13832
27166
6629
36334
8016
28506
6193
14962
7212
31753
23233
32004
18096
10494
33436
22806
2988
36684
17715
18854
22007
3389
1888
30070
29493
25483
23302
12655
20191
29990
8534
4548
21330
15915
3285
30252
19457
15872
39811
17669
5132
20209
36406
15490
35394
40714
21081
8927
3056
30610
25147
18104
38582
37772
14288
23040
17631
36079
28305
19629
27008
2007
39524
27848
15140
22176
5831
33673
9068
37584
31961
9900
37363
25295
510
8134
30903
22549
29644
17497
10067
38904
25495
1301
4911
6534
15911
15292
39834
40197
23613
7770
18180
27120
6082
14650
25152
26331
18806
2364
7284
2352
10733
30492
33987
12185
16914
11516
2010
22914
6470
6400
11055
30867
32302
39846
33504
17345
6178
27623
16951
5203
33480
28411
28903
6129
3936
29673
36157
9483
39891
21188
38716
18071
22188
25112
31201
40710
20468
9792
10227
5319
2172
9943
4206
36934
5599
27374
26316
10690
39324
15282
21
7828
24114
34380
23398
14822
23985
548
4855
38023
30376
16094
14631
16046
14334
22915
25127
9460
35769
3
36415
21362
9163
38218
25541
7366
6586
10823
6453
2953
4082
452
17442
40617
31101
34163
13950
36977
18663
4187
10016
32581
12696
35746
26778
29412
32421
12244
6313
40365
38338
39308
23596
17628
20738
27419
13903
28776
33656
25462
11315
10521
32234
35544
4253
23807
37114
21574
21677
6011
7405
31019
6774
17887
31729
15118
19762
20159
899
18450
695
38578
5124
10423
11809
32811
1279
3918
12599
27684
36438
30286
33066
28585
20178
23434
6994
31165
39405
10617
12050
21549
10990
10817
38196
40804
16051
192
15489
32899
25915
12610
27788
33444
26098
25212
2819
3181
36402
23701
19872
35535
12481
29248
24463
529
31835
5780
27979
17967
8148
29585
14263
26752
13963
35108
36947
10046
5633
17788
28133
848
5673
3481
9274
40623
10155
8814
32872
17194
25367
10200
8495
36439
28497
15060
39952
6161
5137
15977
4525
14036
29089
9455
40254
31289
31497
37745
38168
5380
1721
34194
16633
24018
7080
3635
7414
16977
34796
1510
1665
28000
631
16745
14825
35775
19231
11452
2784
24176
11744
7614
18439
6981
2942
39949
6137
26433
17280
21673
40507
647
5938
6893
27451
19249
19107
40373
28969
36587
2397
30318
26570
11310
24342
4369
240
30624
19035
1583
19901
22034
17993
3777
12786
38855
34093
27937
22659
31251
4234
40189
35441
27318
21308
27920
2482
6324
14116
33857
11445
12909
4595
23874
22637
33704
16819
12249
21785
35774
5560
3853
8325
6923
20862
5598
36600
37615
12794
11150
26233
18144
18268
13319
5487
2399
34073
38215
31584
34154
26430
18987
9436
27473
34567
12578
22245
33340
19276
239
18669
27020
4961
24213
39131
7260
21208
5475
29553
15603
15174
29468
3606
21969
31769
38220
4278
10426
29485
20256
14359
25640
25945
27113
10309
21178
14269
304
26499
37754
39039
39006
24942
16430
17061
3680
39031
9309
18410
33792
35285
12853
11625
25094
26863
37989
13529
4321
11213
34807
29655
32516
26148
7504
9636
69
15766
402
24439
37576
8542
12893
8945
23891
36207
31010
13981
234
16208
18944
34062
34374
29844
14400
14654
25377
5768
31672
33693
13897
16686
38299
34651
36857
25278
27290
22776
29882
13969
9218
32990
4754
30733
5435
25778
39003
36398
3390
3498
3731
29076
3779
22329
39843
39495
34889
6951
32506
10094
19255
17144
8761
10116
24943
31507
36448
6977
9322
14999
29547
23447
8113
26832
3522
29921
11498
24531
12498
34934
38919
32151
1811
6213
14698
20616
238
11593
13813
38872
8218
4772
5504
8159
31488
34916
14759
16110
31588
7842
12059
32227
29768
982
11200
39595
15258
10072
39134
16225
9585
28259
20640
18892
25088
5310
37359
7660
13337
5472
39673
5511
20248
28789
12327
29533
19684
12792
30418
13533
32537
6810
28600
13184
17540
33200
698
27141
16493
33776
36833
40054
4062
2885
24385
10697
28909
13579
9202
11205
36046
39740
28382
26927
3254
3035
14291
38999
14409
6755
40649
10633
23797
5735
34648
18752
8019
34029
22161
3757
1907
15452
8966
31797
6972
22362
40625
28366
30781
4675
40469
14848
26287
3053
23143
17451
38208
14464
5229
18550
630
1734
329
26753
7497
7331
22093
8101
33795
1317
14864
28376
9191
12785
24688
4670
37532
30671
16961
38822
23325
28922
7368
15236
8037
5605
39236
31529
38541
3301
19029
38052
21154
3203
4117
9836
23104
25809
11513
17096
12781
36679
9307
19676
17755
24687
32159
18720
9348
11270
23203
37652
28944
16583
38829
26813
27245
12010
7879
15328
5155
30396
1710
33749
10172
34009
27792
38901
4683
38879
23083
4652
12426
16246
35636
18007
4943
12150
29407
35136
1194
2612
21426
27115
5521
30058
29996
13445
32130
18919
33417
38734
30029
35741
29550
37953
6894
2441
19281
19919
39650
17675
3242
24599
19476
9097
27812
27483
21995
29960
20429
16401
40071
9349
1664
30879
32372
27934
7538
4114
35651
37774
21720
38188
7283
27627
19542
16698
21119
3186
9155
30821
34862
37045
16721
22072
21767
12043
31423
39151
36623
6496
2293
12211
30974
30720
30472
3191
19282
8845
10585
19372
23373
16798
21801
33124
21360
16976
34669
29315
36782
1812
13221
29437
26449
10447
29541
21191
36887
16602
4119
10967
29900
30407
2982
14800
23258
729
22929
11004
33594
25050
30362
33910
37094
39007
2976
14180
26658
18666
1829
2108
28271
9290
27695
12298
13835
10079
15240
25097
14396
5526
32223
5339
20949
18994
14034
11343
22406
3758
1086
33072
19568
30159
20368
10830
17573
23513
16200
34193
25776
14755
11309
2782
3421
23372
29491
27170
19011
28461
26328
24160
33775
3472
36661
3282
6299
39961
18729
16007
15899
27641
1763
35834
5629
15503
30445
10627
40609
30789
19001
25723
22100
37688
15430
19300
12509
26664
22987
37642
15349
20076
5327
29863
13083
37078
14042
38886
3308
29660
35195
9945
13093
11754
3236
23413
12164
39072
17853
28814
21753
20703
3172
24801
38985
4303
17371
7933
5083
5791
21583
18240
29208
19615
40547
35118
9995
4497
16091
28034
28285
5986
14500
7823
40486
15025
26818
15228
8801
37887
21207
20840
39954
34589
20351
10019
15471
24274
40544
675
25029
23996
32440
8834
931
12592
19307
30330
8310
2189
267
10888
15022
7912
15768
14373
36426
21400
34630
36291
21003
18814
6437
14720
11792
29664
24350
37142
33877
34896
194
24778
17954
20135
14790
29661
10096
38831
5450
37419
1146
37773
27246
18843
37718
18748
11258
27431
9203
5240
25165
24072
17258
2934
18851
16060
30896
35139
22435
2280
13594
31987
8092
23306
22279
20851
1841
28974
35843
17402
17875
31376
5540
39327
24099
21709
11185
4237
29247
30273
8280
39284
344
14495
18604
8765
27061
39837
12039
471
16216
40301
30494
22913
30382
5254
33482
34099
35913
5592
33900
25618
3166
24786
39970
28002
7133
3133
29083
23655
30292
23481
14642
30440
14054
14164
14301
404
21145
7010
30365
29439
7103
9095
15061
35879
4311
37072
36796
3801
5403
876
36465
37414
15269
21415
23607
36322
11699
38113
10762
11389
29636
14688
35998
11050
31100
9730
37757
7318
4406
13617
12450
10822
13245
7688
28827
5926
26743
6468
17499
29487
22894
12717
31124
36809
4344
29021
11647
25176
21143
17241
2019
11184
13426
39429
22553
28148
33110
39261
37318
23889
9541
5445
28571
26210
28213
1541
12429
7167
33950
38378
34609
31414
32208
20262
21095
21213
4654
27275
5131
28613
10710
9023
5063
25912
22438
32102
20111
17346
18346
13998
11052
3865
4090
1401
14635
35168
6119
29957
33625
13398
11379
13320
24749
25724
18062
35333
5096
40142
20013
32535
34774
15963
14156
22350
33629
28718
20130
2236
29502
34894
27112
3817
39447
37193
4409
38881
28252
8323
2492
19706
40244
11980
11394
11747
13676
8144
7937
20225
12277
12543
6654
23666
22564
1626
13344
31372
20637
18876
40001
29911
39128
37087
40492
27328
35436
40755
5298
4691
12642
5908
7860
7821
7667
18605
6043
16982
17701
30739
21576
24098
2573
6485
6229
25515
18226
34207
31917
25264
28370
24983
23442
33097
24411
35613
1862
11431
27817
18859
14810
2526
36191
38454
19278
7689
5889
594
737
10506
7298
26065
30020
19124
12845
34955
20165
19464
40095
28151
8319
9904
2241
26707
36375
40263
30160
19220
26015
37178
32479
4365
7204
29876
22769
23711
9935
20202
36494
28140
24152
9609
4769
36052
15173
21462
20712
32866
16011
30018
8541
29360
21377
2261
40613
37567
33908
9189
36391
721
36020
16707
21721
7544
11571
5317
20457
33312
31006
40684
38957
15955
23836
31531
36574
27628
3718
29825
31515
23774
5948
18628
9972
20341
39066
33263
3335
12017
36784
15017
13349
29609
29895
4340
4198
19989
40033
23370
19033
32945
6658
39589
26349
8090
39862
3799
39344
16273
20352
21809
19932
7400
13843
16582
30032
25246
25132
3971
12580
13522
16161
11616
38350
37306
35174
30319
25307
12749
15062
24250
14268
32134
23960
33229
4534
35850
14748
15698
6539
25338
25249
9564
19349
35920
23007
5848
17198
4834
11019
39375
26275
9565
29474
31060
27341
38740
11559
27786
23793
7027
10167
26321
36855
30210
8413
38915
30682
33532
11267
22704
14915
11617
34613
39549
17201
22889
3382
13280
32782
10290
21363
38080
22830
17217
22184
51
17894
16090
9308
5156
15738
4348
33359
30631
4001
20313
988
37155
39787
36195
8158
5752
36410
34270
22422
34768
3349
17355
27119
1816
21094
35977
29320
12565
14511
22808
40842
27968
38785
19546
11660
14422
13514
10615
34652
10289
39973
1296
4560
20216
33151
7426
25792
22783
17859
77
32804
9046
23678
26512
32826
10486
35744
5175
34175
21006
6647
25859
10653
35261
10061
21402
5044
33208
923
407
28177
38659
16378
384
12523
27992
40803
36392
23070
40051
9359
19371
1
25106
6419
10129
15714
9124
21846
23647
6591
30132
34295
31618
39191
37024
32670
31403
36475
17552
22613
13058
23022
19227
37866
3158
11438
8589
1722
4939
13215
12684
34687
28313
36165
32165
31786
15544
4151
6384
8466
33318
18052
538
35260
25319
18942
39766
33761
15485
17882
9618
31683
13200
12480
25185
12156
35610
6014
34832
4832
7343
4184
13678
14512
40707
37681
25260
37932
27846
11512
31880
11226
23951
13273
22483
4518
13326
35248
5329
15535
38701
38234
5068
13759
17769
22444
2449
37340
20641
31385
40571
15891
38320
9818
2751
4002
39155
38180
18433
9170
35398
8692
5937
19964
25081
12582
6646
11024
35483
38843
40199
15190
22624
36670
4685
3453
22377
15511
29890
17513
7304
15365
4068
1077
32218
13547
7378
36883
20056
38798
30174
15553
36736
21923
28772
31291
22267
4086
6522
30257
22505
21146
14742
29209
26243
18195
29116
763
21754
15971
259
27550
27402
17208
32595
18661
17444
36848
33294
20143
15561
9312
15586
24705
39317
16302
15451
2725
37230
1366
2029
36992
32557
5545
4398
39106
14652
22101
21517
11044
398
4078
7117
19114
10609
16125
5115
2157
36262
2698
16433
26006
28611
38121
23265
7797
39656
32787
27308
36105
1837
5772
5665
15925
29779
16731
15938
24714
39546
26126
24702
25354
39082
24395
22
27138
3057
33605
10504
35517
13376
4690
1263
29442
4948
16127
24964
38366
2101
22450
9605
36550
19067
3515
38407
8448
700
38014
9977
24167
14049
5724
14699
4485
12448
3793
6860
23348
5574
5305
18940
37692
601
13016
13901
29950
7466
15788
31121
35043
15942
23385
18906
35513
5953
21959
32109
28477
32789
26965
15645
1503
32780
36925
7218
36159
12563
21632
10711
20726
40820
1489
13519
26365
36786
35878
15964
4776
19598
5361
10413
39052
10085
32572
35034
14382
25102
28464
33297
32499
1724
38287
31603
22620
26605
24713
4066
6247
20574
33935
13801
22059
30505
2066
30683
18856
28372
32313
12746
34767
16986
8969
25857
26477
25800
9979
13035
9898
24320
39868
5792
765
11284
11577
16696
34650
10444
3638
3594
7987
39361
40741
8636
8306
22260
34275
37744
29866
17832
18571
40075
331
16783
38204
40564
13844
15509
12199
6057
16650
8301
6344
32186
5786
32172
40108
17155
2225
21273
33113
8438
24976
3592
40339
29713
20395
28902
16568
30366
14176
38467
27163
7999
5737
38463
24034
34231
25988
20471
20010
12721
17836
3209
39305
30340
8789
20120
13350
9617
15171
26631
4393
19781
40470
17028
6071
13356
35923
38389
34755
7013
28251
18928
30233
19754
31053
11132
15196
11209
12627
4736
20701
27023
5593
1463
31557
26024
11465
18858
3504
27152
9243
34313
35918
21735
20644
32295
1857
25622
8201
12513
12908
34691
39391
2013
12090
20827
3942
11993
8744
37920
36056
5036
7670
24240
11956
15887
27683
35931
15741
32031
7296
21029
35533
8698
36282
5725
37768
7873
26597
15534
40144
21745
15004
20519
10040
34355
6253
12968
16734
838
5498
26055
36920
40780
11558
22098
38889
18572
20998
35051
31252
8294
15751
18265
4384
635
5222
36164
36199
5531
6625
12883
15650
13252
33663
10228
26089
1469
37339
18414
40058
21699
33209
29127
28155
6560
20002
5546
29372
17162
24974
5718
31629
21497
33046
6514
2711
40446
30558
12789
18957
30197
32080
20580
11823
26486
33430
11585
39953
37211
25696
788
29305
3944
19662
17685
21307
27935
30510
9715
4729
3723
33368
20973
4601
25291
19534
6370
11796
4392
23332
3580
1464
3249
19381
7652
29005
1539
26451
39574
32387
31461
1158
6226
18900
1703
21285
8799
22926
1813
15177
26394
28744
32402
31872
8893
19406
29877
2113
1084
4306
37542
25327
4383
4122
38059
13022
36534
4211
36180
31670
40536
1532
450
32913
2561
10768
26767
31434
20780
36733
23217
28704
13534
38115
6766
20621
23285
32863
28873
20620
21169
40259
19101
19312
31560
15075
24414
3913
195
33454
6734
24024
14824
4455
12560
3099
27611
7399
2328
14314
26915
9994
2560
6577
15233
12798
14712
6610
37730
35785
26889
25277
4960
32659
12980
19665
306
34041
1550
29375
222
17783
36071
26617
35827
23488
11971
38472
8250
15093
13581
35671
2116
31815
13710
16452
9599
22544
19503
29764
32726
3734
6808
19467
14474
38993
26918
28394
8151
25409
21573
22000
26934
30535
1523
7003
26809
7889
29706
29341
11239
28787
23483
38983
30450
12062
24216
28427
19540
38448
20078
29001
19489
11254
15247
34640
9228
5800
19799
17146
28967
14945
34362
36691
23192
4815
40127
21152
3584
23260
36141
13809
17910
38791
11157
13528
24158
17786
3142
10792
39270
14178
23045
16164
2459
11158
8885
19075
8330
31135
12598
1189
23491
3268
22707
1017
24259
32797
13117
35945
17525
25783
1569
25346
11388
31402
9648
15694
2072
35524
38176
26438
7199
26593
2851
29240
26560
17311
10189
24359
4160
2891
30346
5821
29836
38159
21108
22370
36559
28992
9982
8245
21595
22164
32106
21432
1112
20805
13191
21892
11798
40509
10452
39644
38047
592
18013
15298
944
29610
18198
20985
40016
35237
35300
33476
29908
34804
39282
40402
27577
24937
11974
16622
26759
20734
19053
231
23673
6511
28487
9561
4870
5691
7959
7070
20146
15119
12782
28495
15668
17343
5572
33298
3995
25453
12726
8361
9016
10352
12550
7613
36866
37168
28384
8673
14179
36731
36724
3661
27635
3669
15590
4152
34828
38656
8931
22082
29324
2542
6035
27745
3012
1845
22399
19767
34169
35800
29584
20045
4080
16997
20941
15299
18179
5342
18166
33657
22218
9570
15368
27809
27360
29576
38499
31366
15646
37307
35381
15918
11879
38490
13314
6790
14589
14573
17169
993
14735
33934
30918
11814
38222
26676
3214
39365
15256
24794
12395
32380
24222
21592
23356
24029
4010
9885
3358
32696
16764
18078
2220
21501
37112
6819
8570
31970
32959
14346
26138
11717
7914
13651
17940
22131
272
35006
38156
20306
9275
34206
37356
9980
39637
24488
5169
3052
37460
29613
10247
16278
4334
29983
7261
22048
6679
40352
9346
37115
26607
5915
26567
37081
10341
27157
7442
2195
19918
38136
1195
24792
3729
13648
12827
24838
20956
29572
39814
12091
30084
10581
12763
29906
17979
21179
10248
16590
23275
10644
17260
10820
37390
35024
19669
9672
19759
17555
29362
35637
35370
2597
35543
1064
26007
10395
17581
25027
25262
13626
109
34462
30521
37883
8358
21103
40460
8199
30115
22137
35719
29445
30301
37026
9432
25058
14912
38966
28614
35012
7054
877
19394
27216
33171
38892
35527
26917
38865
33401
24296
35131
38922
11265
25602
36023
38334
16332
27346
25131
4189
5637
12105
40387
17183
30517
12123
1233
18982
13039
29231
32429
38297
23724
1899
8059
16897
40049
2516
6140
7911
13306
35404
12901
4972
22724
21231
2142
4917
815
39170
37451
37537
21101
5043
29181
11668
4191
10892
22211
35974
29327
7516
37560
40034
21396
36493
34386
26786
15881
32835
10807
31960
23975
25815
4308
40801
20169
8892
21594
26161
25722
40230
29189
11634
39730
16172
23401
29190
18227
17734
21460
32215
35942
10996
8880
40171
37925
3683
15709
2659
16564
5515
31478
19485
37452
1305
20557
11817
38987
5466
34125
19037
8826
11036
31026
5335
22345
687
37098
27162
23253
20404
23936
4965
40475
7763
36660
14504
14235
32808
5535
17421
19622
14117
25220
22900
12910
5661
4045
27492
28646
11527
34946
16420
13538
1820
62
14657
33172
15478
26993
7907
5726
4077
9304
7353
9858
29730
22774
28024
30300
33459
30394
17881
25279
11631
36497
17157
38839
8552
6759
19385
28250
8469
26573
10500
579
40326
1387
30383
33238
14266
35199
16680
38118
30855
35423
9490
22579
11499
12138
22684
35364
30958
40211
22905
21483
21584
27353
23330
25425
25312
13034
29874
19775
40425
31275
23824
10866
17557
34800
26968
9386
19117
19190
8098
11040
16938
36741
39827
2973
3175
38752
17948
31157
30385
40777
32674
19304
27325
11145
5869
2135
36834
21568
38753
33440
24070
25788
8099
20938
25317
10661
33993
36113
29156
33269
38577
18151
36495
5958
32762
26426
26698
38280
10980
19040
39252
5039
39899
13362
31113
35592
12119
4967
9396
28179
2788
21922
27016
19882
10951
14729
1047
27760
4564
36310
18233
21688
30721
11816
2959
29166
30895
27871
29128
20534
28722
35688
35412
38207
40399
18554
16364
26670
716
31794
1239
10756
1085
10501
34373
13435
29378
9774
29368
6441
38923
18834
33144
6497
28837
24105
28375
40450
34950
8680
10896
1592
36995
27703
13085
3662
22026
15703
22527
33902
22701
39743
3677
924
1262
36897
25648
292
36463
23095
24089
16415
37951
205
40642
10173
2862
3061
17476
9404
35077
29422
18685
13364
27088
38952
5509
7559
2375
15724
24417
38566
17563
31061
6739
36077
29665
39620
2501
8441
29431
710
11591
18954
8997
28606
38300
29351
3836
22152
39675
36586
8657
37551
23588
32741
14930
21630
37384
19212
16446
38164
17220
40086
20515
20737
21636
2418
7988
6905
16183
22634
9009
28466
4851
37302
19571
31209
32390
9265
15803
18705
37899
15138
24224
16718
14304
9021
19141
37405
18707
40500
4998
27082
12636
38936
33310
1055
3816
15693
29827
2867
16614
2421
14011
32383
24351
36401
2856
15394
15263
16663
760
28084
38004
34917
182
12161
10087
17629
17293
34700
35574
18222
23450
35856
14202
24931
19987
476
18187
11730
242
6772
5260
3962
11864
14672
33968
12957
25951
37521
14097
23393
12072
18532
15533
1100
21768
20923
15996
11203
40567
28125
3309
39739
24793
12961
32672
15197
30392
35804
34527
17611
22498
1027
15727
17074
24632
13712
15805
33326
2679
26435
5601
27212
29457
32710
14901
14365
25518
13513
14580
34549
37968
3232
21919
15530
13033
4599
40688
8192
40381
34165
28504
2275
19596
21071
32687
19936
18363
15593
36228
3884
22884
13709
935
15966
1015
11828
10213
6721
25233
20280
8865
29714
10707
10244
39380
14337
24616
14163
13511
12175
28713
6012
19696
32551
4981
30623
25665
29267
7086
13251
34997
30056
32503
28318
23841
25380
20950
39099
39154
36026
25270
32056
32367
5670
21942
29470
391
18998
3596
10312
2259
4040
18159
20464
31719
4168
8557
16575
21157
9029
40621
16070
40258
1945
5854
34346
20657
5518
1123
20659
5667
37002
6150
6712
7184
14219
39326
31540
31370
28540
7583
27654
28441
32679
2813
6669
1153
12675
29012
34400
2525
15423
3286
10171
752
84
36321
21692
27069
29546
37004
13768
11192
29925
797
2978
7925
25895
15839
25242
29666
36904
9283
6813
6095
31923
18093
34644
694
31188
18534
1288
32450
2268
40455
13552
7881
29130
37949
30298
5077
10618
8157
27750
37943
16572
37192
1577
25542
3363
24352
13416
30774
15132
28945
17069
5108
18587
23364
8136
35009
24845
16826
34348
22145
21575
6210
1331
35634
26850
11970
8183
34148
4093
16064
2611
3185
17812
254
32391
33041
39239
14254
20578
27652
1609
11805
8686
30431
13151
28526
28184
27405
39712
38423
3316
8612
2805
20412
13924
4974
15320
2263
31120
11703
40605
15538
16683
23846
15063
26721
12031
1012
5214
12697
29242
40632
6865
25044
18821
16869
18344
7588
26614
14443
26538
3891
1292
1831
925
25878
11606
38746
29955
24150
23845
16966
1624
8827
11538
23183
7349
33525
27978
37195
10318
1122
37371
16287
23286
35405
30217
14307
36948
24416
23030
34815
11075
12224
1143
33973
25198
4528
20560
1666
27605
4805
3002
3613
27127
5112
33577
33170
37963
22315
40413
39627
30583
25924
26875
40196
40452
16176
18804
16746
25171
11661
30304
40149
31662
17364
15836
37778
10180
8305
1310
12431
19483
39719
32871
22003
14368
13479
1805
32703
26572
14491
23018
32669
3518
32654
20822
1236
15866
197
25715
14081
4061
1633
34941
31675
35397
5049
24598
12710
29604
3486
17276
5984
2267
18017
7250
3036
4896
12558
22849
15670
32339
31005
7407
28858
17154
20988
36853
544
21503
19560
36602
31677
17955
30657
9779
27400
28632
13572
22322
13186
21262
31388
33015
23091
36150
3842
609
5316
12888
11857
40837
5536
36139
18196
5587
32920
29492
19217
12797
10351
7274
18893
7473
11588
4343
31651
25695
508
21928
13304
4140
7853
36893
33556
19412
39231
36859
31883
37404
18597
24987
20478
5061
10886
24372
2579
5708
19733
20967
20539
30312
9854
20976
30614
30545
32662
8675
3477
3162
27853
8943
12246
7721
5495
19270
35138
3470
29080
34379
38318
33078
27418
3714
37594
4860
14177
35111
1662
35255
5732
25090
18105
35273
16488
30345
37
19022
1507
11946
26289
13767
18340
21488
34216
15737
7884
11829
21943
30630
15920
4298
1752
26314
38111
33349
38492
18128
3176
19452
30277
14832
26204
1512
13972
33494
35039
23735
17428
35037
20583
29835
10385
9518
4949
8087
13826
28468
7953
22204
22773
4284
34752
2562
21971
16248
34005
24929
31881
22129
35927
26063
5064
35116
33319
39609
15230
33374
22085
20109
13104
25334
19418
32168
26143
21731
31367
18732
1303
13778
4783
35887
35453
4830
37200
32904
34034
24569
31898
30834
25502
31995
21017
32012
30985
27043
30713
18549
2790
39009
4571
17633
17095
4506
37961
19745
19548
2199
18608
29006
21498
13822
21578
26466
12995
27479
23739
2095
35231
18068
5200
8422
5314
8164
20149
6378
17379
25564
20110
8890
27149
1565
11163
18103
22713
28935
18979
20516
9997
34915
35966
7713
24579
15893
29389
2686
24134
23649
148
29494
35933
21925
12180
3117
25496
9721
29132
5997
29202
28920
28842
17414
38784
35379
33521
12270
35702
22507
21192
5168
23933
16529
22731
13766
8661
37152
20338
11061
28391
33783
23590
24917
26612
1880
23900
34245
23915
27531
5223
15828
9486
19317
34052
30198
3996
13231
25872
15491
14490
37716
34948
3704
20227
27248
30066
13695
10687
17116
39573
4013
32362
14746
17347
31134
31768
22831
25105
29308
9364
7636
33210
20504
5048
9983
16963
39035
10337
31110
22927
4882
3146
33592
26398
9824
17481
8824
18759
9686
10567
10322
14110
588
35003
33943
8938
10783
11561
12601
23526
1920
15525
35799
22102
25010
11372
8854
1815
1412
16655
2555
23341
31918
38137
28972
25789
15696
35366
17811
9804
4744
1471
24157
8988
39936
15655
20718
2586
12931
2290
3986
3990
34423
33892
25113
28947
14444
40284
25335
37288
27391
28429
9241
28005
38628
26579
27500
16699
26307
14160
33952
40629
35963
22238
37313
33760
3764
22537
287
1367
31102
24445
10604
5368
26403
37743
11968
27860
31527
18351
7106
13290
10489
15584
2732
37577
32068
5774
20023
18038
27944
12602
12982
28846
32791
32629
40775
6290
20134
20742
7183
12273
15095
30564
20327
9180
7169
2893
736
23392
12285
12519
32066
15347
4428
926
16339
6248
2145
33247
457
31119
11638
19409
33183
29965
1476
5125
27010
342
608
26976
4364
17328
38460
13701
38633
3298
17913
36505
6991
39010
33863
4112
32812
9891
23124
4829
11002
9393
39192
29244
40618
31088
16866
16918
38511
35888
26714
35757
17865
5387
33190
9444
12162
9026
22311
14690
21343
24960
1674
31407
3617
30636
14538
23379
4125
9117
5324
5917
40247
39786
32628
23199
32911
22981
442
7024
3370
12630
1863
9781
36797
34523
35819
39565
35916
22729
36656
9137
563
6064
16239
34855
20918
35672
24219
22572
1791
1693
19744
37465
9085
21430
9168
6976
29154
7615
6666
25282
37661
25641
5357
31400
37534
13960
20037
35454
3733
12842
19845
20394
36969
29674
12686
1771
3150
1702
28640
24202
39296
36528
15687
38996
22106
22068
21136
22009
19197
9302
31640
18867
37518
31610
9627
3998
40123
9703
11416
31553
35214
24258
6741
3399
33345
37360
8902
23267
2637
28943
8490
40097
18879
35541
16877
38548
3727
5128
35291
28729
30279
10469
24023
31963
11563
37982
31205
21641
35430
34288
38383
16862
640
39817
37685
193
32107
16813
13569
28875
1897
40851
15111
37436
8326
5841
35491
1004
21160
5916
32132
34867
12685
12266
20511
28743
25839
27707
29466
32658
22285
16941
31072
14366
28865
39761
28973
6094
29894
16915
1952
10208
7129
33160
35716
543
25846
7503
39539
20472
20131
27564
11219
28620
19655
39315
1274
12390
33957
27009
30461
17354
3795
26933
23727
3049
14781
19659
8253
12873
25365
27951
8222
25172
29055
10478
406
3014
5686
9458
27393
14641
34962
24695
37612
23381
19038
37310
17082
5679
28912
7389
27224
39431
30209
38263
38605
7856
7325
10197
28669
10735
16978
3503
1725
9881
15073
14563
31047
9182
36326
9550
36283
16770
10930
2430
5291
7395
36613
29088
14446
44
16331
26697
774
30069
28825
31983
22567
8227
3719
15113
18753
14459
38281
18733
34707
27835
24297
6696
38153
40151
13065
7818
18073
38792
33283
18312
37458
26997
27407
21016
38198
29183
19656
37579
28997
17689
29902
6960
13765
4091
21986
6124
17494
11280
32531
33628
33519
18133
38347
28896
7598
2485
14378
20040
17413
18461
18412
30006
8376
15015
3984
24456
13050
17267
31425
37540
23648
7383
13459
31283
32005
23999
35059
18544
9521
26481
13632
33782
29903
16077
15165
33774
21543
9639
36647
28166
15379
9429
2912
10106
37423
14351
31123
13064
36102
38206
18185
25896
38236
23919
16577
25858
1993
4561
22930
10885
37740
12669
13247
34682
38228
16784
17614
34964
30933
34040
38836
9054
32946
7305
20099
2974
38557
5639
16196
36220
704
32039
10360
15794
15639
7198
6291
2881
4641
20210
39187
38025
4446
29157
19992
13698
17977
18690
6233
32184
12163
36158
33829
12141
13145
21984
15467
12603
35038
16790
31992
32338
8038
2288
29986
24655
21442
4722
17655
509
7323
10741
12076
38510
11960
12483
6969
4460
37486
22765
29249
35868
8739
30282
5619
33305
36566
22165
40797
26420
15847
32781
34870
19697
11709
4687
18247
37412
15833
38322
19289
34552
26270
10358
29514
26202
27926
23663
9300
20012
16787
28549
21244
29486
943
23134
28211
10371
27081
33744
11149
5895
4162
39523
12849
9073
15764
10683
18278
433
38564
8226
21598
38267
3082
16949
21197
31611
40124
30403
8590
34079
18671
38165
31474
3969
33718
3417
16912
36373
26318
20442
34693
27282
18315
7908
24619
29469
35406
5073
13470
10608
12955
39280
30373
4773
39709
39372
3138
32203
30669
23467
39399
15239
13685
3889
9177
20318
11407
23125
17117
6944
7539
38625
25077
39213
26788
29871
39798
8045
6619
8953
30860
35556
17623
2237
24172
1591
32828
17231
28870
10786
31764
4733
24057
24236
30336
32623
8290
1313
20627
4925
4025
12690
7241
22456
27392
15607
10329
31573
1869
14135
18693
27584
11303
11022
5002
39018
14985
19944
607
34940
311
9499
11714
2820
20571
9704
29943
2991
26221
23208
13933
12618
39781
25960
30341
26951
20799
26816
25440
7592
18212
4539
15159
17506
10602
37483
23744
20902
38817
14966
13428
11053
23567
33726
18310
25933
32559
34813
23235
26211
38593
8832
11534
23063
11051
5275
35149
31696
23917
8370
8130
21219
36265
29207
31920
31802
34333
22163
13453
20643
39488
29623
3403
17813
298
12793
16383
6045
21041
12597
26353
13900
21937
23877
38796
39831
15961
1896
11913
25901
2615
19829
9805
20046
31839
21893
15777
22672
18581
16991
17478
3949
34414
26823
2584
33356
13527
3178
3118
38608
37330
35680
30114
34991
22865
25419
32938
2995
21074
6859
7035
9559
37924
35080
8965
27261
13365
11104
13152
17102
23729
35638
13126
34890
16646
16533
10320
4007
930
13677
13341
14294
7722
2767
7050
6889
12201
18030
31229
8354
1807
27368
3068
37538
26851
24083
21911
6914
32756
2786
38982
25720
34925
13908
15386
12579
1985
16215
10491
23656
29790
425
39978
30998
12300
9553
6870
25456
10904
38028
2185
4741
19169
16120
37841
38367
15179
4373
35721
35714
4273
24543
26264
37065
15960
28962
35176
20896
11543
36654
22250
11174
281
19594
26566
31435
13655
37253
21599
21623
9380
5032
39813
7567
33506
14643
36572
23298
16988
32324
17427
22576
32686
13136
1840
38893
26315
2528
36589
9869
32604
17758
3832
26290
7839
16631
11330
23127
18401
28093
33425
24378
25436
12813
33086
39600
34447
10991
31708
16033
16123
39443
27993
3319
19170
19730
28706
37237
26354
24972
9681
20299
37508
35683
9578
3276
8991
16268
24706
12566
7985
37485
7678
18470
38241
32183
12700
6321
8033
16805
83
33080
3844
39147
24919
8754
20885
29387
29897
6458
38161
34961
7471
24008
24506
21930
8808
16414
1629
8747
3059
36197
33916
27772
20126
23254
4583
7448
26910
5676
6049
11376
30862
22199
12619
22468
16263
24059
19460
9673
34626
14088
29316
12698
13891
34300
16705
15493
12528
35767
40212
15855
39081
14447
12262
19557
29809
34952
30010
1200
30293
1248
7838
217
290
22848
34891
31327
14976
11901
37162
27553
17053
27758
28090
33658
29995
20469
38601
17684
29781
14357
14515
4566
14585
25733
27183
38495
29223
20943
33192
7195
16054
10619
7447
8277
14082
11277
40400
28882
10748
11121
21703
20224
24210
25760
11781
10110
14936
15691
25652
25381
4111
29070
13081
39160
27569
28732
12038
30393
30423
28668
31613
31012
14101
21605
5659
14015
40264
6092
14558
4470
31622
7047
20463
27272
24725
10625
12722
15332
34250
9093
19824
21726
30224
18205
18579
11653
6402
21374
36443
3820
36430
25777
26434
33234
23503
316
20736
32769
11536
28138
12889
9713
21579
36075
16682
5814
21414
31330
18632
19968
35297
22871
24574
8602
17648
24855
23507
35801
7313
26782
30240
29099
39777
21499
31607
24448
9351
4842
2855
20258
34044
29162
2884
30828
8870
4519
12046
38101
10031
22604
10517
31739
27519
23682
16563
31659
19887
23688
35238
9778
5547
7523
14391
17098
20653
35597
35772
39622
38620
40216
17999
15147
32495
36971
19344
19081
17640
16923
26942
40375
22612
1173
26727
32216
11194
8783
31821
19135
2697
4703
18381
19900
5178
19550
9260
35875
29946
35402
24642
5116
16290
14417
24880
39091
1133
2372
14067
5819
13295
33470
835
6148
5701
2683
35063
28159
22780
33589
25351
20704
24446
1204
10955
11105
16688
28645
17854
26232
3644
32766
3783
37563
10133
2462
13288
39626
21224
31799
20483
17000
18237
4097
27988
19318
19839
11713
5993
34851
28807
30399
14633
7376
13028
40389
4390
14240
17779
19403
30047
34811
35201
17128
2511
22269
26556
35842
35583
34636
28908
29838
18841
26546
28818
31907
22038
4935
12348
30245
29743
11843
10870
35033
38410
34722
23304
5010
9705
24873
15518
9953
25655
14658
9316
14678
15898
8637
21524
17307
39209
10255
8707
17730
19397
6109
24205
30886
5113
36223
35691
18001
488
32578
25410
19668
24874
23850
23549
16166
36216
15158
33474
25754
33472
19273
27873
12252
38244
28760
38540
12760
24052
9083
7827
35598
39630
32309
31161
13325
26746
35292
8778
25520
33300
245
20755
13332
6649
1913
39911
17038
22134
36015
33721
18120
484
23278
26080
11936
11738
2155
24863
10168
32934
11887
17959
39005
39861
30628
23861
33940
23170
4424
25660
30907
20837
32426
36387
22742
2147
17874
2228
15516
24115
233
28212
37215
31985
7156
33941
19163
21871
21385
13605
20533
15599
8603
30927
319
15718
32542
40343
33331
9901
6403
34572
36511
21335
37833
29987
23756
40145
15449
22940
34662
24770
40824
13971
35016
26027
33177
16129
29905
37225
25167
6235
11934
24834
13196
4837
33027
39981
18199
25841
3243
16461
13160
21356
38736
21817
27532
40753
4933
33163
36206
26060
17694
17658
1803
39994
7882
40042
111
14900
20887
11991
14031
25468
16806
30691
18050
28771
4138
2919
21019
38948
6961
8697
20884
7638
39738
24924
39521
32472
40245
14367
27125
38006
34829
39116
17937
5304
5940
21448
8942
3713
26378
8458
13838
30681
23653
10587
7091
34753
26190
26439
20717
38084
13493
5003
21305
17243
36130
20638
32867
37021
35575
19750
26283
34895
14486
23026
9793
1762
31247
4052
26406
10109
34155
33806
12112
12496
28410
26254
8223
37106
38585
39580
23600
34740
11400
30695
14766
29402
11012
11127
17281
27329
12962
7854
1757
32571
25320
23587
30726
22614
37143
23324
40799
19838
251
34401
2716
30659
4357
8900
36256
18232
4218
35925
13128
25964
6575
17461
9053
14121
12290
23128
25393
19398
3336
36163
7131
8124
21018
40527
4044
25276
40438
14073
39067
11877
40672
17661
2252
5191
22413
10259
31674
24339
11651
32529
13442
12427
33262
8035
2500
8377
23273
10323
9084
13500
31673
24424
25916
28558
34138
18923
36590
5013
7945
14599
29977
8903
13907
1924
35713
37792
37821
34017
15260
30065
150
15372
7121
17820
33686
28431
21480
24980
26568
25875
20366
18210
33752
37013
7265
36596
26432
7071
25002
31832
13111
17674
17547
3796
37444
30456
33231
17988
8908
6987
4472
32100
38687
8594
38994
19109
33158
39300
18051
891
12384
9688
23645
40393
17952
18015
33325
18201
16231
8497
20582
23277
19209
21553
27752
29158
14232
31978
15016
26756
35731
27715
3016
20006
34106
16769
23337
23929
21225
27045
15713
29633
40781
5277
30986
2669
35473
16194
13193
10790
22967
9839
18629
5962
28923
28279
21210
30533
8269
3119
11844
4222
21861
25679
36254
9784
35830
29941
32288
4698
40392
5341
17762
8782
16503
7170
27587
24789
15679
36591
10010
11135
5866
10474
38162
38131
12486
8830
15474
35121
11141
7056
31490
1245
17330
24868
34347
4572
4888
31716
2110
24503
38488
18324
1825
34023
5020
19595
34639
3859
9151
38341
14604
20792
34586
10828
4145
10766
20361
37326
22856
35096
39045
310
13248
11421
155
27976
28465
15637
39986
14318
6848
28584
16944
432
38185
2356
30864
23255
17086
30705
7739
9338
12649
12295
34074
29152
38890
20122
37825
9544
28887
21682
38459
33112
18356
734
8224
40203
19374
5170
2069
9198
23899
232
24497
28550
8645
18878
14787
22419
13488
28836
16538
29881
3030
6901
11865
33090
35463
15763
5604
23495
35532
29806
38090
28753
3228
5468
27670
14659
17721
11689
2925
11670
18261
5662
33367
19158
5643
39101
19437
35089
3070
35546
13991
6428
2433
32040
38247
21850
34612
30112
21053
821
11337
38729
18169
15053
30838
36131
22678
37329
708
37662
17273
14223
16832
1432
23720
33076
20765
19388
37802
16147
7849
25197
33336
17013
37064
37556
5195
9014
20292
27798
24537
8023
15313
12624
30320
57
30556
21190
5946
21615
3537
8855
30254
7601
4779
8044
37343
17393
24624
39174
23457
16224
21264
5860
25030
30804
21722
9369
21608
8864
30688
1753
24764
6196
30994
16005
2715
36286
9115
4941
20358
21935
15781
1424
24862
27814
25484
9859
9263
39717
8528
2515
39992
11995
13987
24137
1941
18319
29742
24315
237
8913
25465
31645
21655
625
2768
1982
2454
29289
35361
15074
18025
9658
32360
7108
32063
11760
26086
4724
33803
17501
11030
36336
26032
3939
18653
14375
10515
17190
36236
5451
17554
22860
1388
20000
23283
22734
23136
7062
38959
29992
33854
40811
19313
16848
40308
20336
1129
16752
8499
9310
29094
2033
10621
26212
24600
21481
25360
3272
1497
32452
28063
32231
5704
10864
35020
2402
38744
12366
13948
24179
2547
20889
18615
20112
38943
8986
3101
2365
36386
9691
33378
3770
39501
39227
27699
25309
40012
25321
27785
13550
6831
33322
11954
22384
3459
9468
34123
40147
21492
13311
17034
6251
14724
9587
34006
16649
28158
18495
7416
17323
25199
35519
20888
10646
37906
1232
22760
17896
76
6395
31796
26764
23219
18286
29237
35250
16291
30973
22712
33856
32822
9769
8055
15725
34611
39570
13354
6241
37798
26702
12755
24382
15560
28937
32676
1053
20033
20319
21886
24047
28852
6932
40412
1229
25610
31994
20955
25056
14173
6783
12743
17349
35833
1732
24594
39933
13966
8415
3156
1892
1096
3314
13982
38368
25703
25238
28095
37808
17950
46
39975
31353
18820
2969
1587
12331
30216
2136
14028
20785
18149
25136
34318
36072
38282
37582
9363
9971
5000
16052
16817
16728
21835
22425
628
35784
12588
4841
28206
5622
30395
7022
39420
2739
25604
23016
22146
9651
27432
3804
40611
30960
3267
23755
27104
28202
6537
1185
3444
20104
17883
24142
25608
33787
1638
24610
32821
11152
30477
10237
38944
10030
35073
8512
33516
20673
29741
17468
6469
17443
15361
24760
28929
2569
7968
21860
28238
11084
36961
35230
17361
6274
6192
27906
39657
9326
26327
20944
33478
17268
13297
12074
3724
35161
15517
13719
8362
7731
36989
8382
23955
22645
4490
39100
36226
12504
37353
27482
38850
20197
19470
21557
13878
9315
20524
37644
8488
5425
19410
40330
22801
5881
20652
7475
15333
37763
38592
39321
30668
33217
16124
1603
23859
24185
17642
32377
14553
5179
35558
23231
30023
16891
5152
32577
24676
12934
31062
38873
12035
39244
24225
13526
5778
33729
15864
7159
33847
35460
10454
33509
24575
3555
36202
40406
32874
38293
8015
39268
10335
23550
20952
34337
12242
20451
39383
24333
4401
32779
32206
27963
39368
18722
11453
16956
8336
23574
27111
11893
5950
6104
17382
4617
23345
7703
30773
11357
3219
34684
19531
23565
32395
3423
20980
24902
14823
16605
6028
36345
12041
12604
10635
12387
22353
35468
33353
39838
27187
12021
20053
17863
5991
17656
3905
17321
9590
24885
26941
36973
24978
6237
9215
22888
34833
39531
33060
5471
4164
16744
40414
5349
36709
456
21789
39561
8762
38527
21818
22566
13338
38869
6847
40778
3392
24141
20141
11449
34672
6279
1714
26729
24773
37764
19104
17462
1542
2707
950
34844
4254
28160
36918
29304
13135
5960
7964
27778
21318
897
32329
37111
10689
3324
25019
9340
11477
10795
1337
40396
25213
33139
30912
22021
17928
35990
9918
18336
4043
13867
34420
17602
34706
6383
40062
9720
30514
38961
31412
30929
20386
15289
18644
9679
27292
30589
37304
28137
27861
12780
17727
28280
22336
18903
40090
6019
19607
6169
23935
12625
7663
10761
15906
21739
36252
29812
17670
4197
12768
35700
36729
27259
14669
7019
25202
28574
15464
10999
26393
4614
9598
38395
6655
5299
28702
30520
1716
18675
5332
10159
27884
12293
7176
14473
4055
16523
5479
7718
29081
34338
14531
38392
38882
40476
27168
35167
31049
27913
1423
31703
19604
31966
2721
28040
11630
21311
22578
25863
28889
16495
8000
32058
2676
32481
11897
11336
10369
22755
9921
8676
37037
29646
33117
30101
38783
4563
37693
4274
23178
35222
10069
25573
20900
22404
13734
26239
6920
25742
39966
2005
20992
11673
14098
26197
38988
6853
1573
38123
30405
31479
2314
5302
21123
7038
35593
16623
27942
31144
35277
11984
27438
6898
1361
14953
29419
25552
2984
21527
9993
36503
2312
12019
28246
17630
3831
5216
33949
35514
37514
28415
36146
8486
34931
35793
29544
9056
13004
15635
9530
15682
36471
2310
28532
4541
35798
11569
4144
14941
17965
3257
36898
38731
22990
29784
26029
40024
29138
7803
23775
14331
4672
19682
34564
26412
29312
36214
23354
36117
25366
17092
40100
12637
19051
34757
8256
24237
17548
34255
10427
11524
29733
31195
19543
11684
3964
17298
36153
38148
35749
8549
26165
26909
3567
1955
25133
2730
29192
40249
5600
7717
31492
11447
14952
23263
39416
36118
30223
32718
20329
16396
3187
36305
36806
6100
33102
2171
22548
3604
12741
34476
28723
8629
24442
27147
19180
21910
39302
22992
26902
29479
34954
31669
23036
30129
24989
40004
30303
9871
32244
2027
11306
16802
26944
7624
11691
28413
37979
29578
11264
17227
15241
28659
19148
2309
35443
10773
23904
29234
19657
22735
35311
23638
8719
28764
26259
29498
33415
9548
13999
37005
6264
18269
34947
8813
26208
28059
25727
18813
823
30728
8831
37734
23575
17259
22722
38190
30532
13954
16059
23406
14888
9347
11951
36106
35609
11636
38713
30906
709
31159
14694
10774
12699
7083
23347
12309
40562
25921
12320
23086
32378
13274
14751
19687
17991
21407
5485
6525
2060
7338
37260
25001
5576
32969
19743
34762
25149
38261
5913
27003
20564
18516
32097
18160
35492
11434
4639
16019
28458
40297
28269
21643
8597
22893
7645
5336
26319
26368
34598
921
31726
23654
24090
1872
25368
18921
22389
33742
2654
10402
38526
36461
13895
38092
7242
7350
39423
38542
26119
15124
3416
6203
34818
13968
34388
27263
2337
25402
2631
9890
7332
35959
34315
18564
17316
24649
32018
6807
17595
39497
26352
8904
24149
31022
4290
678
9493
21667
7060
5501
19666
9330
33130
909
8475
19074
15869
10836
27801
28848
32816
9725
13382
16298
14752
24444
5080
37619
366
36353
13831
26888
13639
29573
16128
3145
39114
14161
28218
13749
3193
33926
15351
20397
26520
35792
38327
31145
28996
7894
9494
3883
24717
34621
28333
31023
39849
31889
22911
3664
3440
6062
37428
39325
10035
23986
29177
981
85
15335
37665
28247
24390
22943
23914
33056
23541
17425
818
10503
11726
9221
19519
33843
12235
2243
13625
1604
2424
28581
6445
27761
25255
15929
16448
39409
27018
14856
1944
39643
23212
22191
30467
27058
20710
38819
19593
37407
24566
35508
741
17757
23540
21802
23949
39930
5796
35656
11197
37232
29097
40633
10949
29567
28998
32961
33816
19997
33550
15255
7570
17624
8989
3169
12445
19329
2057
6856
6316
2815
18812
39314
24384
17356
40019
30904
28738
29524
12176
7480
23531
11009
27651
37782
2460
10913
17707
15985
29656
36380
34384
3536
22364
29299
39826
18364
20968
7402
24227
26299
32665
18136
7432
34857
14175
1410
13599
35272
19187
21070
4496
30436
29092
7001
27297
5135
20465
7698
28361
30865
66
30426
26443
35892
19017
846
28891
11704
13055
16398
19646
24841
30059
37974
34936
27534
30398
32033
13042
25823
39439
16653
7435
23566
32745
9108
31031
33156
31111
5490
28569
26876
28892
18874
10770
15807
40346
25587
24021
24953
15817
16349
39780
18783
5078
40575
28847
24151
26235
6693
24310
4708
1344
37243
6106
35061
36762
14702
35852
14905
22934
32974
15647
2398
13239
1298
27491
28281
17828
15487
15677
7096
16300
28977
9400
30136
28709
31583
36040
33028
2789
11154
15792
19230
5441
26559
22155
9153
35102
35433
2951
8784
8262
23035
28812
31594
15070
30893
36993
1939
18366
23584
11182
11476
6296
39576
30054
38970
1082
14024
38057
37995
2222
20748
25554
14527
7231
10535
22374
26793
10465
28488
30038
4275
1174
3462
32979
4927
15441
39878
10669
24864
12643
26613
35869
21453
11129
34924
23024
10146
2040
27821
21607
8901
40398
9230
35371
25860
11039
17103
39876
10672
39598
5828
25961
26523
28358
2378
37850
33954
22682
38934
32217
1059
15223
29803
21065
25517
28111
14364
561
37957
11422
26890
29912
20392
9874
40063
14246
21909
32319
9332
28454
35641
16395
26245
16256
17310
26804
37617
11026
26344
25522
39263
20857
23695
17858
5873
4437
34047
20781
5211
5876
30945
19544
17180
5844
23042
1260
35707
1443
11986
24527
34686
22002
10412
11341
20789
15512
35780
20203
3755
7609
23603
40461
28866
23186
1072
22396
10387
15990
6123
7289
5465
12764
6510
14341
30458
13406
21067
16888
4294
14091
8004
12997
19337
17203
39932
16785
26744
20080
34958
27648
5746
1652
38197
18445
38063
6016
26843
39725
34461
14322
22110
30919
13177
28609
31545
345
18464
39214
16284
33132
4020
38453
17286
10460
39491
3822
23814
15857
16425
25385
13787
30321
18816
40131
317
13732
16025
23707
10801
33382
31408
3906
2302
14510
34554
14072
8547
40465
13449
36979
15234
15232
40627
975
28096
23616
27784
18384
21778
31552
13543
9614
35497
15152
4419
15632
8065
18658
17542
39756
9572
9828
10277
38457
1798
7917
9923
9183
8264
35461
16656
16632
37398
38805
34471
36555
6762
8836
36162
20809
34945
34217
18552
9676
14285
39819
30259
9253
10739
15352
20437
23967
2207
25530
31182
1030
33700
40468
38145
36649
22941
7746
39346
19137
19778
39510
14911
25045
3291
12479
14721
9392
2079
38657
3368
19345
1873
36340
29697
33894
31510
22185
29349
370
33107
2671
39676
38607
38126
26222
11466
28817
29394
3195
18373
22175
15619
3289
3297
38002
1178
10252
24614
3485
29563
15003
6546
353
34627
5404
8915
39004
13101
12921
27031
35313
36766
18504
19953
18650
31069
32931
25944
37783
3609
27581
629
29357
7476
17484
9387
8968
27097
16338
15575
20049
24651
11969
35375
7339
13512
7982
14191
6862
36970
12572
25707
40736
36636
20152
14673
38508
18767
28954
10746
24550
17358
27420
16277
40317
40731
20878
26905
7036
39070
35259
37311
21777
16812
27055
36368
9511
2879
6754
12473
39167
9512
22027
16085
18080
20671
27704
23272
38629
28018
40641
28950
36333
36515
18510
23103
19236
20713
26577
18029
9101
10626
33379
13763
28222
37897
37034
40018
26639
3260
39969
18333
5721
25486
28153
38342
2205
1536
25303
14798
33101
15150
7693
35987
16676
22754
27294
28404
36006
15789
28076
24459
27770
37011
24672
23978
33986
31057
1253
8588
40011
31036
2986
9075
38187
40673
15395
11374
37801
9745
33821
35196
16881
6088
1494
21148
9714
2757
16458
12485
25150
12729
10962
24003
4791
13694
9496
16245
28335
10923
20669
14030
29059
28758
40337
6398
33424
20335
12095
37014
25325
20663
36739
27354
10492
15562
17409
1479
39896
35961
18901
5782
13109
14749
20572
37183
31977
31711
34923
977
12744
9237
14226
7017
37150
35079
21855
14560
20172
16759
39287
35030
13962
40728
37683
6039
16543
24305
27676
28475
16065
39153
27780
10246
15878
10256
25243
19647
10548
25728
16610
27110
15191
22809
894
32963
17327
6003
36009
22515
35382
14305
34758
26878
11720
19093
22187
17851
35571
15550
26004
8229
18558
30508
36860
535
25877
27617
31788
4236
37030
4821
18239
3653
30314
20505
31266
15195
39755
14683
30271
16754
15043
30111
30632
18430
6592
3819
31373
22497
37939
35877
4219
25507
19118
36764
37504
38584
6404
23169
5204
14943
39021
20154
28878
2923
9154
3685
13807
31390
24005
34512
14398
16750
11048
9158
38441
26041
39256
25691
15273
27697
26986
7779
18377
15927
13133
5273
39888
11926
18908
18743
13853
36357
9164
8086
30077
35572
39181
9948
8043
5897
10218
22313
20208
1555
15657
17257
14763
1739
26687
3855
