22408
21118
6604
12382
10433
22332
19605
1145
1764
19436
11506
25147
20059
12972
3060
5854
10847
532
12404
20986
13128
21608
23556
7921
24129
303
2017
11693
10258
3750
7163
12746
26239
21406
13302
11930
26452
12818
7740
631
22100
21386
10870
14784
20394
3686
15193
12849
10351
4571
21949
19915
361
20853
3294
26122
18411
16704
979
25684
18140
9996
219
350
18078
23010
25434
11995
18299
20261
1493
13368
4204
15359
9542
10587
14680
17024
7326
19919
4745
17781
15817
10483
16205
2531
14404
16886
9093
16270
2823
3729
19619
4167
7016
9167
17500
4435
23236
12339
24124
21076
5467
1344
26065
9393
1165
8017
22225
15954
18001
22451
2849
6906
6425
13314
15126
7879
19542
19177
3292
17435
14239
6028
15761
21225
14112
9314
9020
13007
3797
14413
21108
15968
22767
12107
472
4128
3015
8770
12834
426
8920
411
765
5995
17613
8866
9028
4883
15566
22262
16967
7147
26417
19740
7088
11244
6907
16569
7554
11780
4874
10353
2690
4349
25874
19353
17490
25482
11854
19703
14418
24168
16722
17454
14562
16389
24343
21130
11211
18498
14009
12726
8998
25449
18463
4148
16075
16093
15362
1928
10972
25251
17060
3562
7580
23313
14256
21987
18697
12465
15387
13359
19276
4502
7933
25737
430
14556
26067
23964
8291
20132
9394
14272
13015
15295
13034
4018
11518
18278
6137
11463
12492
25104
10780
16052
20259
9922
20997
14678
22333
3258
20980
26093
21773
1325
421
13422
1984
19832
6911
24347
14118
9697
2168
26155
4662
20884
11043
15296
12619
7108
12676
17499
5482
20066
23722
7170
23631
6892
1576
9639
6636
13087
24843
22740
7979
19939
15916
825
8574
9605
4025
22821
2813
6043
14648
8050
15168
15
23300
17124
17132
6475
23674
24220
19315
6666
6979
25176
9137
3715
12890
15378
16509
22458
12598
17540
2327
18322
8434
2103
17936
5374
26402
8200
18086
985
17099
14126
15765
17182
22988
14273
10777
14547
21077
12281
14780
9883
4652
7575
17485
17128
6603
16787
21181
25643
22188
13824
3794
24345
17976
19758
5330
4078
20228
14526
14360
9828
6579
21785
17632
6113
3333
6529
3298
25798
7360
16965
13428
3082
14745
7605
15420
6597
14337
1194
3740
5017
5449
18056
15449
9263
752
16935
15699
10456
20762
15758
5078
15017
4669
12118
19932
11590
9880
18652
724
23890
1902
12939
2013
15129
24729
8667
25405
17854
8220
3279
25850
17
10238
9974
3685
11727
16982
13775
3581
13152
24623
9906
13344
1934
15302
19238
24353
23558
15047
10790
9472
23280
11680
14610
15651
7413
5187
1504
25014
18626
8637
23827
2373
17729
1838
9528
6976
22029
23088
12013
14981
25081
24970
14874
24413
1397
24910
22043
24918
15363
811
24948
8560
11222
8356
24073
11221
7608
10612
23734
1127
16724
4171
15655
7145
5054
8281
15598
14585
13835
22224
16107
2599
5253
18357
25614
11018
24605
24424
9032
23327
23059
1339
2985
7300
13424
20620
10637
17346
16425
24265
19995
2183
4849
2840
3256
8911
6219
4434
8084
22407
10765
15952
7065
16406
10819
2283
987
6029
870
23902
5404
14200
19022
24806
12931
17775
10175
9874
4498
191
10371
4731
6589
3663
7482
1951
14476
10739
18602
24062
22952
13764
23141
6635
9448
26150
26492
18294
2236
19067
8683
16599
5927
25763
22833
19585
25638
13472
20448
16616
2642
14517
14408
15628
5556
7891
19774
21630
19117
21600
649
7788
12712
21920
21807
1236
9652
24358
3551
2972
6284
12192
18308
11148
9789
3984
1346
14971
3304
14268
7789
26529
10650
3826
17811
6052
23083
1018
14199
24644
24214
8072
8929
18080
6372
22185
1460
15042
12064
21048
17993
19977
3898
1071
6226
4908
17388
17676
23726
3814
963
21508
22573
18481
8178
834
23737
2463
17184
13548
12647
12957
9785
429
24799
20104
13896
15800
19579
24733
24814
17910
25616
11900
24162
1977
1710
13060
22140
19920
20995
18058
19655
17289
16720
19424
6138
2153
10149
5300
2834
14659
24667
12101
1465
21203
20473
11673
12987
6567
5661
17172
23414
16975
17948
248
924
16717
21548
5257
10213
3940
11753
24676
15053
9572
9191
5168
15673
19503
7581
5729
19533
10395
6277
5883
20234
3351
17839
6363
7188
25184
2521
12024
15001
12872
6874
6046
4015
1245
2886
9735
20518
7884
4583
16952
512
26609
7149
829
16510
5321
15911
13113
17966
21877
3775
25200
20548
863
25379
15694
16447
20910
1840
5024
26512
25425
6091
21897
7530
7665
12301
24728
999
2285
11717
4448
21303
22976
25754
24219
7687
21598
25982
4030
4470
13875
13632
11826
17739
7106
20233
1231
17590
12968
14616
10400
25053
4188
10943
17429
1877
19452
21880
8201
10721
22216
25894
11974
4591
1128
26317
3521
10071
14865
20035
4594
25171
25155
9869
2074
8431
17008
6643
5662
16175
21381
5557
18492
9361
22853
17803
19215
2808
637
18986
10952
23219
13714
5567
24975
15071
18956
4350
16284
5230
25592
17830
21691
26533
486
15884
21670
3075
23732
15632
102
2317
26287
14078
6891
11385
13854
15947
12314
15615
9261
26494
18857
16516
2653
16115
16801
10370
5575
25161
20200
21640
8054
13862
14587
19590
16487
3667
24030
11234
19172
24468
4912
8629
16706
10423
9022
19145
363
9742
3005
13773
21830
16462
8765
5276
15332
3399
14365
18720
5933
19462
21426
14747
13174
77
17256
5030
18568
7743
7661
16129
18742
10388
14960
847
11603
5241
14013
16557
16725
19509
1695
21357
21374
6066
23707
4074
14541
22884
21106
6526
20984
5079
1727
15754
4023
26006
1506
23993
21940
7797
8859
12448
26514
22939
17015
13585
1356
18474
17606
22444
5085
6856
912
9237
217
10047
5336
23961
24887
13446
3300
771
7080
1130
10590
495
19061
18143
4045
4579
6184
20461
10772
10474
6455
18159
6940
12277
3485
13378
8665
3152
25588
17326
16038
9890
12240
7636
10541
10610
20316
1569
235
16094
26411
5930
9857
17875
4318
5858
26172
1680
9507
23395
20759
10840
21955
11999
16333
22654
21787
24409
5619
2021
5370
6294
24111
18261
7301
3010
5648
5486
13765
15614
11935
6760
24077
20085
8379
3608
7634
12579
19098
12574
10025
25453
1802
24037
24827
8467
8639
5275
10528
2101
6720
10695
25232
8396
20057
4404
8598
12236
19028
21802
11806
25356
11158
13491
8380
24855
22363
25421
6041
17240
12511
7257
8168
7197
6034
23267
16938
14204
379
17621
4357
9751
12137
13400
25696
6386
7638
14138
21613
8086
8310
17646
11369
8626
16963
13068
16485
13075
23152
6462
9769
15462
11612
15261
5882
11376
20787
25985
2759
25862
11585
18211
58
21778
10933
13769
26205
20587
13312
13061
5430
26620
1800
