47681
64944
56475
8914
18844
90093
40489
79161
20621
35940
12976
51303
24954
91156
31643
15496
93830
50897
36617
35322
68992
47143
88400
58503
6363
36504
76861
69303
81015
35932
21749
72431
84250
44020
52632
73516
12621
44861
93406
78888
32649
57880
91733
29733
55847
46816
69970
37002
9246
59680
28182
9432
37755
3708
74591
73583
30192
11317
96766
67602
38957
50527
10401
58000
81705
85398
72430
57728
82215
73099
66689
35065
73010
43396
33888
49693
50854
91710
88365
76320
66877
82656
12485
70806
37703
66433
75248
96725
14558
87283
8442
26914
37449
74469
31950
84654
92825
40211
84487
79422
55167
72959
15081
1966
10750
34909
41511
19791
56848
9061
46192
65261
10018
24210
75316
93961
97835
16533
58782
14334
15884
7557
36592
4174
93216
43474
20721
3155
80389
61767
33159
80174
48988
28995
11887
15566
18920
30359
5592
70897
39843
924
92016
85794
20362
20578
85323
444
47145
5004
89312
13316
44225
13789
15014
52696
30963
68828
82355
91940
10556
56873
14248
40387
188
67678
75979
91972
16759
51372
19627
89929
34320
13426
44692
42477
88946
93380
33917
43053
67884
9025
60959
30104
55450
48798
63132
33309
54680
24309
29061
3510
69635
84127
79973
76164
89026
4497
7096
65416
38746
19305
53543
45292
94153
79800
15461
65949
21096
90925
58106
35942
76146
36823
27724
75204
13200
71958
51667
27303
7585
34469
85575
86756
61132
96914
77240
71986
19672
11356
87103
74207
31625
28402
59506
46049
82262
14429
48957
2820
85338
75409
81037
40403
73021
57528
9010
95072
18530
55794
55359
3671
77722
67050
27012
60650
80263
4372
24011
35226
54125
73784
25003
75493
42540
86816
26596
95730
72437
40355
27828
75533
53129
8892
89960
21128
3700
75922
32368
76699
1615
57176
35716
56399
33365
26179
69546
78202
526
68986
53233
41577
83886
24
1265
49375
46273
41172
91779
2188
5813
57046
55428
91622
89299
47088
65156
44659
3811
78951
92980
57765
40121
45427
60117
42656
35936
24367
87063
34171
82669
77600
3815
74398
25376
73274
10622
78533
2058
87472
82744
35531
80623
2020
70501
34391
81183
37268
97592
98209
46591
39209
87766
26887
38438
7400
68878
49695
21569
10040
65133
76833
58407
43485
52752
87948
61599
67965
58250
6996
71238
58569
90087
40738
66682
45834
15531
8262
21382
70204
73396
36191
91409
3434
7461
89206
86893
4803
97840
92253
49103
43945
59806
51660
34115
3273
80277
73448
71692
90908
9904
36602
96347
84136
66204
62818
66157
70226
72251
94893
74819
92059
35428
1696
25284
81233
57018
40015
68223
37434
44368
82587
88921
84078
49041
22806
65305
157
71717
47154
91863
63936
7234
67067
69849
45776
25229
83671
37076
67905
2916
29078
17360
78925
69567
40487
30388
97559
91528
84828
7928
8640
78414
8733
12703
34810
40128
17917
56730
12802
68885
64313
46578
74490
20605
65132
53010
44825
82869
56139
56138
71664
75183
55982
13390
10045
8388
78729
73661
27699
14034
29317
36641
54909
26653
33057
60645
65043
75021
54035
19777
4618
86223
43102
36770
80392
21219
78618
77505
67274
44288
44336
86658
81109
49380
87910
85414
97176
10906
83096
74544
40112
31547
14508
94545
25976
72848
75432
64291
67483
44330
94283
85367
48627
9655
54579
29155
12401
34435
27688
28232
29780
33792
23628
87413
88186
78814
82810
3146
78661
73775
87621
27970
89365
76085
98200
58885
13628
62792
48625
80544
43353
82662
92795
66526
91086
30270
57076
50075
59387
31698
48432
96542
33245
8996
15276
80424
31419
2161
16693
50469
86501
13775
30584
95669
31827
60964
96027
691
28378
96040
83128
47260
78560
29274
79415
82494
85952
66839
60340
87797
57396
18190
46837
11074
81126
35803
59532
70745
63045
68552
21021
49546
80457
11505
52201
13896
58739
75840
91946
10447
10013
81036
54021
20668
55323
54606
70854
16773
30496
59591
28558
6472
53211
46399
45874
46998
25825
74527
36711
86315
79964
72910
16843
34200
15859
1326
34189
15258
86496
72348
51841
14374
2850
14938
41315
66657
30065
62845
600
53359
86452
2674
13957
95942
95257
43680
24130
51773
15017
15467
15226
56370
33
73148
49222
69874
94265
68839
91172
69793
85619
41108
70090
87965
42230
17641
89585
92249
45068
81288
59751
12298
35463
7353
14597
51844
57423
33986
86920
80898
87375
42053
46127
24163
57524
7916
41874
83634
38583
46588
56147
79938
62917
19625
5916
40060
97347
49088
37805
32239
52172
7183
15522
31681
70907
31579
32597
60575
17188
96947
28710
37039
2645
51008
90333
19362
88139
86671
96702
27524
50593
14113
98190
30109
51037
52323
94970
7886
40453
6444
55916
80272
54611
10397
76368
36354
50745
3033
85043
24284
8144
85402
49730
22601
40708
21716
85617
3203
34617
69529
11276
11052
50613
19382
79945
34701
64088
21027
70772
40212
22628
63609
6443
94312
34229
30231
70402
93636
32324
98031
66580
91470
62184
42615
58243
66052
46868
11094
91442
19567
68703
91146
66735
7199
26760
33989
41410
76028
24754
52130
54419
78965
59074
13233
13846
36292
43758
16726
11796
9545
86010
59939
81808
37726
15510
59039
35059
92457
13215
918
44688
35393
90265
42470
43637
87215
55069
15695
70676
41183
40493
21257
95383
90449
5754
10363
12458
50496
81008
21383
94307
96774
24825
45088
8188
38493
50126
57932
25195
56841
23604
52781
18210
17432
1337
86115
30689
42141
11048
49051
83308
29872
67462
81756
23418
61307
60978
60116
6699
56294
44965
45463
73391
14793
41291
32960
13066
39102
31995
10951
47334
90339
34833
25745
18806
56701
53597
92000
34957
43388
56899
96959
8396
34856
2367
64714
56596
82856
26725
66105
65464
28359
87117
72717
49212
13772
89334
39420
42158
56506
63782
13166
5042
37549
57499
64101
493
60624
9880
28668
6711
16543
45623
73068
15687
59085
72426
51675
79361
30670
61051
15175
68249
24321
24680
70475
90598
16156
13824
48585
3735
18970
41663
69543
16546
58606
7247
76820
18817
19256
64592
67055
58950
82688
46860
85426
93842
48377
50173
51158
66320
68511
88782
9935
64603
95079
94598
22189
97952
55535
89606
79661
41253
31075
10658
21464
89501
43718
44335
5068
1304
70173
60582
75438
53478
75667
17653
40088
12767
67189
78928
92037
60098
75421
67813
44918
72189
18875
69973
87579
8163
2538
49940
82567
91816
64002
20101
67468
25965
17290
74182
6569
23587
17902
87718
85871
80144
97268
56683
932
18648
77205
23633
81057
77856
18453
51376
87069
15338
29826
91697
49371
6912
33810
96488
59139
61502
89313
1756
22051
16534
85229
81841
21607
39154
51534
54817
87088
40775
22038
60711
96016
60383
53177
40878
13197
16365
97156
40574
43137
66160
78966
668
24000
28209
31638
65564
42371
49038
24010
8141
46944
69050
45406
47443
76170
37649
55214
86662
19990
40258
75381
74015
18845
37700
70461
14362
29742
90271
62513
84519
53605
19556
15311
3426
38062
6252
53080
91295
1383
49048
11406
84281
59483
23863
94280
21174
43428
62192
51554
56589
80290
81361
75787
69698
98192
77151
88213
22839
31363
92662
19679
97051
6204
47948
7565
8050
30753
32995
5820
33766
51309
73825
40804
53802
52264
80701
97815
92876
12155
33842
41587
91325
47808
54724
1659
3092
86633
82907
2978
31441
44538
24248
76237
18217
69472
81487
9096
92932
152
84157
37974
12417
95478
24625
20070
31264
34974
62237
37193
7051
44621
21281
31234
12997
26297
65557
44708
40386
40927
2615
18154
41953
69211
74464
71892
52617
74324
16173
55638
16550
58111
23823
77570
83462
72854
35391
37783
92627
41693
55548
92792
13551
8745
92353
60279
9466
16382
57460
72142
24988
62054
81582
81910
79474
89244
66442
35615
212
20017
13203
69728
90977
54677
89000
33447
70399
16296
42525
13868
59456
68566
68767
38032
13087
1241
38690
25938
13676
68804
75495
96046
28357
97211
40177
95974
29989
75093
95121
58410
77803
50104
2588
92270
33274
11773
85172
33000
11861
64057
27061
76324
81283
2715
36949
23450
26510
43377
94573
80728
59657
90848
90327
65916
41931
91572
42271
73926
37283
10610
57914
66880
35616
57906
14662
78802
28629
71064
58633
84517
6509
4914
23988
10036
81557
95546
57137
16383
61319
69283
74771
63629
23447
30555
75989
90177
49137
62028
45711
76412
13090
774
60861
55151
98150
42244
10212
54137
24796
19900
41875
36047
1368
29509
3228
9304
97807
57520
66189
2976
39444
59947
85241
36703
86686
74219
6334
43722
77937
66532
46503
80868
42091
83923
64257
33122
36218
46830
52220
26090
28573
96738
86278
78167
51641
4700
89696
51217
63165
55578
59449
96179
77529
26845
28925
37312
31973
5710
2268
97216
87219
23828
57997
56119
58791
46382
60641
50817
10092
22947
49482
10643
4921
88230
33129
83529
1040
6728
37122
79893
2930
7282
17937
90884
50714
48193
18991
89453
44300
66288
15315
22031
46784
64099
87290
89270
96767
52052
89455
72051
64185
9303
71656
45294
61338
46849
8989
26115
57938
32366
41103
33737
63606
53016
74658
53599
73377
75500
2514
5603
22341
64788
94239
43646
58776
62224
93896
88939
54186
24057
1018
7660
84565
44828
54990
55170
35655
5397
64879
91703
60810
54929
77092
97819
43354
17166
4568
19841
40249
77076
84298
11000
32999
7912
31198
71017
79441
70921
46371
63307
88988
8569
84047
97310
37131
15898
2753
2791
95261
91602
65160
49024
63670
95633
57699
57344
42074
46928
61831
28195
33282
54097
68945
5656
61335
17145
83647
75523
9901
3158
9525
28303
57474
22996
46601
81312
32025
90584
16043
34155
18002
23961
45263
27599
51984
26635
16897
70244
32296
50178
84191
77066
95524
20689
68038
46207
52127
48155
55730
94575
88640
76371
58018
61312
70028
55257
2775
17308
62531
43281
28244
34117
22088
59538
8816
6255
1682
95532
30056
12477
27998
23579
76073
38606
83754
22361
64326
9829
64692
16302
70454
61446
33780
34719
71244
56840
50416
31495
85732
10830
48203
24921
76941
47275
27880
88448
6176
68896
9306
4189
92015
3541
89
61588
80783
76573
12914
47296
93158
89040
28807
55562
49070
20943
15400
56465
90823
69630
58465
58034
87073
29352
71275
96248
57066
28764
54517
2236
31120
2084
8173
84249
54342
2342
3177
91157
21766
35602
18686
3431
29817
89285
82382
91414
50859
74924
68570
28926
11838
59768
32238
61522
246
91368
22757
22432
42606
62674
86490
55005
66547
67138
4381
74536
16740
17012
23528
43230
76473
61591
83319
7950
55929
15637
90715
11221
61648
74581
75403
35045
72152
49476
51757
12816
29686
58269
42506
26334
76126
13968
58818
79753
92931
43036
84680
31928
62836
49618
67371
26332
11281
69019
16972
1506
41848
58359
12905
90899
58086
7542
74498
47316
94728
37120
70326
28531
3348
88051
25105
33597
63086
24206
11745
51533
19805
75056
10524
88476
66212
78593
97961
66195
7172
27589
48960
50359
2507
33606
75985
56234
10780
73614
38397
41340
66791
14516
71979
95488
29004
20075
88912
67297
33539
96050
96966
33326
24808
28582
73449
6780
35439
94052
82768
18443
47521
14174
15491
46977
15144
56393
97416
69614
90164
49308
97290
91005
25742
59337
95691
72131
35288
37688
15780
34293
38852
64094
70543
44570
63758
11350
62828
1819
85345
30151
7034
33049
20572
26146
40491
60730
28279
87759
14763
16297
837
59077
12643
79774
83287
20130
54521
12070
34404
15961
13859
45758
63747
63866
56842
59491
31786
61287
46824
62140
33604
36122
40389
51709
70116
57287
40499
64239
54273
16700
36969
41462
35801
15158
11202
37876
85273
31214
51812
51401
28044
86379
51512
59954
56223
45729
33393
44287
24911
15982
77523
28464
46927
11145
45023
11899
44092
57814
86840
7182
29640
43132
20098
72535
94840
19275
79220
96983
7819
81129
6658
46244
51967
4378
25496
3161
79229
30259
15902
66220
38910
88551
20845
79752
82339
6264
72390
83134
26657
5569
35698
79015
97324
83861
43760
56325
9283
96828
38883
77297
60109
57446
8259
35379
74546
11560
10944
54953
12322
69737
43103
40359
60024
88260
51828
71961
89478
69742
40373
63744
74366
55245
35515
38948
31254
72793
66637
20702
71726
10400
94658
2875
60783
23170
49296
10570
30705
85827
98289
56062
60277
72270
52469
36632
96813
80865
25839
52109
16011
32455
94341
21279
7890
79978
10335
2752
5799
65699
6382
57529
49312
88058
96316
67500
76616
6563
34562
36815
75741
87570
11083
82804
3807
57341
66882
59953
84986
62470
61913
87785
51407
14621
4725
87181
81017
7038
29365
5901
85882
19651
89841
74806
20607
24847
48929
87932
10454
23105
16055
83218
20853
71423
11950
3452
69693
23233
89152
30009
92009
79285
84498
54233
58321
3856
76983
6670
60196
96097
90902
95575
88121
58246
84349
53476
1762
4154
32905
28793
73183
67854
49661
11918
1953
46249
65079
74739
40771
20080
45656
30019
17371
76628
46459
85962
71142
6514
31217
11870
4767
34036
42205
57284
78658
57485
15059
53107
69994
41497
97856
62131
83682
85779
32932
3485
52048
41888
9441
1344
29141
9146
44378
41170
30380
30668
21542
98263
70185
20395
23957
30638
87292
68439
73192
66067
31046
89278
14411
13138
79316
27609
75964
36739
59629
45403
46282
62465
40275
20469
9373
53424
26273
9121
10903
39196
44588
16714
5911
87578
7875
39234
25012
74626
6652
26310
4234
71296
7040
35105
40298
42976
77346
90290
47564
16745
6964
94620
50675
92330
69186
55533
5503
44269
97427
95514
51808
91533
32280
60358
15320
87969
38609
70874
20043
61618
77561
4915
22333
74742
37034
43595
88094
40075
67607
35261
44046
92259
27561
57014
56667
42012
36538
88751
47402
78395
80528
96104
92365
32184
33729
43355
74010
62421
7274
8854
48009
87150
60937
54922
37614
83100
77144
54706
13529
48056
94621
13820
66501
39809
10936
175
96319
90458
15359
75568
6802
55147
54448
49869
20278
64438
58740
27139
41766
54208
37263
90343
14116
83786
67981
83921
69712
42166
29789
15814
49200
13657
67268
39269
26902
56562
92061
49178
2228
13396
48284
95493
15612
84749
74543
59408
46689
64
23763
90636
93447
56510
4490
84070
43987
89216
30190
2062
12918
58087
20188
37709
40378
62896
57038
71073
69045
91686
44236
59561
32686
13741
54662
88531
91074
73145
75605
32397
72352
81495
85534
36083
35257
15019
51396
42282
3986
32662
11038
56239
69054
73425
52965
92226
5651
53254
16988
13348
84857
76382
93033
24877
62532
25417
39339
66280
39886
43541
39893
18238
96000
21822
81359
42279
77525
11412
50798
10083
5580
26576
50826
94381
33741
55725
10477
69889
50933
69106
73660
44530
16218
8902
11106
76212
72675
4697
57280
63833
79754
9187
90744
26669
60285
26033
37279
46354
84684
98042
97533
74599
81738
33194
33048
50378
40936
79765
89056
32676
88549
19531
8604
47268
34144
93309
35436
61707
86902
38453
72223
44697
73013
60869
25535
85332
34689
95218
22217
41351
37927
40287
31501
71530
72103
49189
88904
20569
96603
33760
81988
59045
5807
72484
64029
51571
41809
89424
29976
49124
4380
94188
64905
83648
70651
17082
3613
77326
24912
90083
50280
5790
69674
64645
38639
93465
10765
40352
93270
27438
16368
55627
63915
83043
31734
26266
54411
1884
77760
4183
60694
89763
68863
36459
8953
80545
23973
22340
48712
59512
41514
68698
40714
31785
58353
78312
33266
24245
53067
16051
32628
9834
70307
13365
95657
17811
53729
39507
32339
19243
93900
11097
78067
62273
95860
90400
34453
88079
11210
13682
80762
72747
70491
79875
76682
52285
70175
84292
79169
89700
66757
90672
17381
79085
53468
92197
86227
60391
19209
82584
84316
28802
65568
58334
1980
74374
2983
32721
6717
43967
26150
49164
33311
25469
10722
50404
47472
71042
97643
90968
83126
45374
43971
60478
21080
79197
79470
97897
36075
79228
31208
50137
11456
45779
28015
89639
58208
50341
43110
64884
44904
31384
87309
83426
84631
56788
82111
17780
59309
57611
38407
74087
23537
74454
43118
86617
53695
37956
48343
9735
62285
79408
29737
69209
5037
24589
21485
92694
9102
36616
48483
16132
12910
96533
93267
57554
82980
2283
82695
89724
10991
15738
44894
10942
29305
46233
22016
24204
82628
32375
45446
19246
64934
2936
21365
13655
93300
16770
45712
10085
51366
78753
55058
54979
23935
62277
88827
5262
6117
43810
26314
9960
14190
20189
37741
11698
72325
66064
88556
94355
736
6186
45873
98172
39935
38047
67081
57726
51926
1486
2835
78523
8360
68861
1144
83190
36875
27862
3440
10277
16634
96191
16311
57689
81458
12135
30399
10302
72569
44614
33411
30582
24202
31706
96090
72425
59187
75304
88023
14131
84922
76589
27666
40986
2652
25200
70419
97455
28546
58305
75075
60339
78045
18437
96062
35843
41996
39409
33591
46672
28505
4025
35687
68442
42931
43520
75265
96636
81823
17856
54936
61829
58995
39495
41491
6081
74413
62784
71710
59316
73944
88237
34358
53032
32848
10091
63300
27562
89343
14709
23207
19112
94906
13988
14821
31818
48998
27916
92893
80702
26591
21580
712
79344
63080
51819
93676
67576
95798
96174
66758
12488
64159
31541
81060
53730
25215
70480
90789
49305
63361
66903
38935
82366
9586
90864
52785
4059
68167
86956
33764
69551
23971
1896
79186
16063
65494
86401
60533
47442
11102
56121
81269
44840
80281
44821
4691
28401
54096
45238
9480
7907
22984
71043
3411
4423
73278
93764
19075
165
19775
13363
75445
64079
13697
93187
26341
68692
38169
8104
79480
48602
41366
64643
12310
71697
42529
18516
61766
60590
80569
27620
97366
85253
30658
16244
65141
23840
6853
78396
12333
16258
88069
86117
41723
2381
68474
76506
9235
35498
77193
29020
92361
14288
63435
42260
90196
55734
54999
83413
84129
26029
24906
69482
54337
20242
66614
54937
31153
84408
68357
86571
63162
80589
69861
80970
61288
56290
43469
44386
60539
13787
6883
88421
56661
63426
31599
74857
48081
53742
14000
65885
48023
4541
51339
52731
90552
23190
47036
57645
96880
71383
55873
46516
14280
79738
85864
43969
38671
13045
25381
91778
5268
33822
72067
40705
23267
91055
91388
78645
8831
83953
65074
67255
12631
93878
15164
52773
67867
2261
43000
44282
20274
50832
61220
44759
6487
45372
56106
19045
20933
88511
36752
15957
3524
97447
38795
60323
30563
71598
85473
26021
78685
69606
83014
78485
1098
2030
79405
32102
9840
23920
59225
89580
38943
59718
88494
80997
58720
12442
67734
33165
34267
586
3418
74711
54904
20203
49839
27584
61830
17387
21797
11746
30744
45524
63826
13060
92894
25738
87065
91327
36140
4346
64550
23213
38989
25364
77448
76188
59504
91656
31200
11635
5816
77514
89534
6950
1333
56561
16376
1957
23947
45565
67323
19968
82464
33803
81900
51794
90369
15112
76643
1286
4489
66504
32537
31305
85675
48577
82195
13863
68523
84156
36271
59729
31221
30524
78494
85604
71901
84183
86253
5727
75999
6146
19745
20679
70696
81364
41458
19896
43384
68609
12704
55642
46209
68242
37822
51126
66603
2691
90946
81999
12970
91362
67155
84003
64783
12826
34463
86398
12200
83365
18933
90390
81382
22515
93385
10076
37849
78704
67903
93211
42747
73705
95579
72392
91039
64188
16928
25509
62115
65551
22584
50713
72972
71939
84989
75847
75063
15586
82068
6811
21286
42679
49272
20453
68248
679
63097
29013
88292
81406
63480
16551
37789
61431
569
69688
88394
42582
8445
9539
55437
54301
85182
40894
41436
86855
7077
30015
86017
15770
50225
83990
3312
74251
8296
41221
74519
92189
74901
11455
73483
65263
44205
47595
44611
60006
56273
52119
88029
95761
54661
74645
44337
12724
653
1029
92622
15996
3162
91786
40568
90829
87866
88080
66169
43277
83691
60206
81693
64273
5274
95025
55613
43860
4621
14138
6067
19714
61096
51604
21214
22036
42151
11821
32524
95726
11214
83130
57050
19807
35142
46097
98069
60257
25303
58644
18244
95368
90276
80121
11875
6927
37050
55797
65832
30674
56816
15182
84474
29955
37287
22862
67388
8743
94001
27321
1255
77932
54254
74428
78185
7826
24379
74039
4253
80764
55673
37042
86673
29198
10318
64074
81887
89532
42395
72361
65649
40085
73619
28428
86792
57022
68779
62079
43578
46446
23358
64598
6008
83421
97763
71830
15554
67090
54966
92587
46897
77897
45163
69192
78733
21827
8705
71285
85072
66054
17750
12719
15823
57775
30203
28189
40913
45966
84768
21539
66432
35066
41772
69089
42798
94012
19277
32598
89287
1946
60983
81676
57320
78679
50819
65612
46992
45520
73505
9637
93899
92465
43400
75521
18510
8041
27678
10439
76089
77189
90911
18038
37933
41211
50291
68048
15520
84783
85736
56
41840
63994
2284
53050
42459
57729
12709
78318
56773
96332
81694
24197
82801
92740
3632
36733
81114
10724
27582
16305
84557
76483
8597
71825
34981
51418
92594
32606
78884
51377
45912
54851
24543
71782
45676
89190
49394
38459
35778
19403
94232
45030
40569
34157
13334
19570
77136
66531
17561
21718
46442
3429
46245
77838
8106
66397
92605
75726
85033
67610
2125
21576
25081
35455
37985
85159
18410
66687
84981
11873
5891
24123
66196
90882
88334
85088
76709
3952
44916
82180
26966
24186
57749
90922
3048
72249
23448
72032
24692
10957
80688
23881
28983
63948
20642
34708
39142
79123
50749
19621
69398
76804
32753
29775
82427
2258
37235
50297
95221
52900
52370
95063
5295
40905
12084
11910
85191
24523
37292
94099
19826
78853
75513
4537
19251
83717
41475
65411
83487
17586
20172
76568
6473
26689
56608
38821
43712
41296
4908
1074
69048
25723
68846
44410
14417
13559
67695
33755
79041
36121
97272
68361
18660
44927
15361
94387
82317
91015
54322
37407
93421
78279
29835
26801
72371
97725
75987
10935
34340
75963
72991
10224
73643
46694
31272
53577
31693
74798
45651
38875
48554
58136
96918
5065
92348
61507
55155
8337
22566
53574
67120
35917
22041
22859
44449
45986
47
90023
70136
26938
23034
7784
70674
3922
78647
2544
22291
55859
82630
24979
15147
38968
53726
67179
42145
4499
66301
40801
30353
31048
64091
15593
72752
67613
77950
56582
58063
84344
11866
93889
66481
29000
71161
97677
9194
55810
3567
96899
739
41119
64127
25461
21661
87299
45355
16340
80942
14904
15420
72987
19696
30982
1123
59378
39701
44948
13428
41891
93520
91809
9184
16513
40295
52886
91663
54076
72460
66574
93854
13956
196
24016
25352
75235
19245
79645
93907
20065
73608
29980
12920
33758
43563
29491
59722
92546
57886
75349
4891
93630
92316
64296
6833
18948
84928
10778
81786
97976
6814
64918
44537
84115
42027
68039
10128
89142
48152
45558
14553
15976
33069
72432
87951
72353
88290
84435
10232
6013
97812
40752
79477
6560
84447
38542
10147
145
8615
65437
25527
60666
84670
77416
12973
1649
84644
14237
68436
46298
25159
41336
74828
60061
78207
24192
56295
64167
92006
62814
41210
75943
73488
43668
19787
63399
23666
597
8893
9505
7396
75651
53116
16712
4811
7862
67746
60398
77039
81157
59746
15613
43677
58643
79793
90627
25447
29100
68483
48642
6789
38092
34804
54235
15392
18815
88610
52801
35694
62154
90275
94098
52088
51620
51454
164
95804
30939
15978
31488
48774
49341
48720
3897
48812
72764
64983
64518
95061
55094
16400
2607
14902
37318
52441
23136
70321
29784
57068
85113
56042
72266
24721
12694
93946
43970
76618
5075
16544
35660
75921
28529
51698
47468
50688
100
55494
20096
70155
15464
68680
52861
54810
28843
60049
27328
21838
75772
12330
51796
80858
67621
17045
68514
80475
60617
93839
53503
26524
68318
44704
85430
73652
22807
44377
2640
33892
56633
25174
5353
20462
23554
85953
53089
74437
75659
58330
70961
71297
2322
66802
85501
91893
12306
32370
29720
89565
40393
27761
7162
56944
70104
15865
13018
64441
97568
78724
86614
59760
42405
67849
90690
11894
74821
9924
24963
84892
76075
63756
11057
73282
68996
41483
39131
65076
67273
88520
90880
32497
65542
58415
18355
33458
9305
68926
56809
68366
17266
21440
41770
48714
50904
72787
43558
17245
82623
39302
84428
40584
64576
48397
45561
22765
65192
10913
55512
44903
89967
51203
60324
92831
96893
170
57157
60823
13275
3720
6784
43005
73557
2764
28274
26478
15117
27128
10433
31083
39461
55160
75415
74004
47955
73152
12711
45600
97333
79258
59208
62197
92663
43403
46103
31713
87106
27259
16503
69803
34602
87275
60429
97425
86039
42922
41722
92928
91799
58458
78128
17302
52313
87352
49030
1605
28052
93580
95047
23280
27685
43374
93770
2327
23995
47247
48572
29306
89360
46655
40220
28939
21894
15911
92559
57900
82572
5906
36424
72127
6890
51636
75420
56709
10728
35800
19812
42612
7929
36019
46259
21074
53199
64636
28374
56263
93882
16000
32056
11490
62580
22895
89109
82893
73186
33041
38597
73164
10795
70252
5079
92637
65929
29490
16268
41988
66681
59055
74301
85307
59110
42385
42558
48804
72585
46817
96709
23818
15174
36743
65711
68739
76534
83449
64473
12028
12844
30453
43419
40269
27770
70305
15205
31247
69031
61281
6989
39795
36489
17455
1128
92846
93266
89036
71768
330
43719
5518
75406
8969
80706
63082
92424
22543
65799
75363
27460
76071
41704
45001
51075
5687
20019
24203
60536
96703
52214
1129
87649
93141
60655
93989
83339
78244
29888
27643
35982
42138
93663
51579
86065
71582
29277
65728
96231
4353
8189
73518
75451
5988
75736
14133
64498
29076
42095
8340
87508
25686
48670
30649
49645
91594
11226
1294
30881
90342
9443
84796
19371
41179
36853
46203
9083
14819
78474
6425
7076
22193
23542
9062
34849
16831
14464
87372
59296
17990
97549
33706
83698
88546
14119
80138
1148
38585
6548
9832
77147
94144
50431
42435
17831
39303
26277
89721
10945
46670
61090
62275
68982
66976
35739
65673
3328
24794
32061
28431
18463
38089
67473
46574
64985
93296
95370
83806
46748
61686
82276
13359
76097
34328
66515
47827
13615
68260
25842
81646
18411
98244
90066
40770
83830
14996
72271
25351
3170
53097
63683
20614
87980
14123
82605
82803
15412
13443
33062
36316
69157
32823
69587
42183
5630
37973
77992
80987
65693
74998
63284
91610
80322
75499
58926
25605
64689
38104
95161
23742
69890
6520
36188
59535
48809
10377
94042
94298
64119
43243
82384
64706
61484
77995
74608
48050
50522
62024
73102
84311
41324
35501
70
37812
1799
71210
14572
45057
97488
26588
33595
16857
49350
89958
55852
35173
9470
70477
72979
72937
37980
88122
79845
82035
50606
30138
56498
63514
67035
64284
5091
48174
40285
23786
4314
76258
17909
50163
83784
45605
29171
43278
15219
61425
49662
5362
86372
29932
29704
90464
31759
30405
35519
15987
51626
96442
90825
26752
91077
25495
85352
36179
52437
40117
1278
20713
92429
79264
70758
27410
7000
70386
59437
54884
43698
55723
58552
25171
74112
21549
46020
49665
12497
82244
91499
35721
46794
92865
36716
51924
94639
35443
26967
3141
55710
32517
18278
56803
62291
87515
51331
43070
37144
69018
75660
32396
49865
66566
77471
7288
10326
43166
8749
77265
8208
5189
26263
5559
69545
50830
47603
20008
89128
43139
68914
33229
81525
21013
56422
75919
56644
64832
14842
19533
45387
54887
83851
86568
59467
7959
95349
62276
38862
15577
8755
22799
28292
22565
70046
82239
50802
18566
71412
54116
58293
26918
44945
93756
82092
86839
24667
46712
53787
75744
61280
56927
21874
18710
42321
16610
52764
9534
60106
68935
40073
78367
55305
9696
71305
33284
50992
45747
95373
71327
80023
67797
91806
66708
85410
54603
69465
66636
44655
5001
86509
30727
77040
38676
12153
29838
87284
46926
25157
32650
78381
80108
92275
3473
25182
91947
92906
32567
62536
21050
94949
25904
32551
69420
46821
5310
21678
90330
54688
28731
13022
86758
4816
77182
60455
3637
49499
10174
18189
52889
37
34607
97965
9577
20265
54507
10243
24598
74205
81839
158
71622
72740
35071
37515
63095
11013
82691
14006
92271
76900
9447
78947
61465
7867
81889
68891
79487
34935
53332
61737
55055
64829
7084
23118
36081
66374
9649
34512
65985
82349
85077
15056
70629
57891
89215
52422
18958
84580
40762
37545
39171
54232
25113
16979
24066
6157
77483
31886
80326
21552
31127
41273
84677
76395
66372
28387
85319
48828
27965
70837
84429
56930
59345
96708
34762
46715
33255
56088
2596
48422
25192
7213
37479
40142
76972
35529
52222
64770
47540
72886
37389
41715
20926
88297
79233
45528
11131
73840
64652
70973
79694
2917
67356
42723
84976
74206
759
54298
89564
97420
37861
89073
7264
34929
41672
66404
95863
56037
20471
84761
24417
25961
45903
60868
89810
87450
8383
7340
58328
34941
55792
33133
17422
66656
17752
32058
12682
82956
86322
28552
6395
42287
75408
97390
41156
43678
92079
6123
41392
63635
85818
31136
42552
14162
68524
15867
48039
33614
70908
75148
25122
47530
55513
13187
349
56815
6731
4284
77860
29930
83047
60557
94945
72614
34863
64030
37375
75354
12672
41394
70804
56339
23395
65767
13975
50948
29956
3675
26792
61067
39506
38401
8921
43923
86269
83844
66447
52550
70975
97255
15912
20143
28449
183
68327
41469
15986
15127
55007
23999
39218
40839
63383
20376
91203
87888
66778
34820
23871
40240
45921
37600
32245
83271
96306
95648
66987
98125
23484
90716
54770
58039
94751
72732
89507
61313
25129
53496
93914
15697
61305
48896
79252
2439
74248
83835
22100
43891
26708
80043
19410
72975
52631
79739
75913
59156
31518
76358
41836
31774
60337
89384
3494
87047
84664
80922
55990
17674
7494
89785
919
51981
18073
36574
10746
88263
31307
84116
70931
23551
63544
7909
22196
92941
79663
47237
93702
42215
85712
84506
28460
93748
13819
88962
84715
2683
2296
87665
64093
7167
23419
62191
22795
52956
85572
85222
7502
26604
93757
86960
33206
42134
88628
54095
86026
42193
36646
20309
5511
66763
7701
52870
21441
70072
5989
6855
80616
35241
89258
77196
61065
30260
45290
62201
42061
60482
48549
3385
85484
46449
43244
33168
25161
91341
60435
28175
94862
79994
48110
54946
94632
70684
42155
84852
45636
22764
33226
17052
28226
57871
44994
9847
49095
13591
13345
6719
30859
71965
26226
14285
20873
97004
52157
50692
86
77005
12058
23312
3798
24806
49009
15502
36049
25760
26986
82526
11504
73563
64436
8565
63764
44379
32333
62811
51343
34291
97957
54889
74673
42635
45714
61581
50620
59471
92445
76977
44990
96182
41880
32749
89656
84052
27867
27408
86868
68132
31310
82714
89212
11561
4815
90393
1656
46035
27222
1419
70184
54466
37893
55191
77513
96933
15701
26663
42541
9406
77027
19871
15863
10453
31422
67161
16704
42722
27112
60212
49506
36976
7277
57964
28493
75866
90179
38603
59093
84763
9391
25925
55318
45722
33566
48
48024
53083
41321
64578
6012
77587
40518
80984
61546
17132
8808
68274
53760
6192
98213
19852
3108
43218
64258
93938
89013
73676
47266
20327
44560
81770
14891
33227
82245
33983
76520
2986
21254
43658
69137
90016
17768
35478
61859
46888
29827
16594
48123
79940
68998
71444
7574
3949
75776
45825
51938
70137
84041
92207
50305
85683
60662
47777
24487
29442
19975
22885
77306
23244
24697
91142
4178
5860
18600
30199
60431
82012
35663
84831
63208
16589
38221
24969
93837
52545
90478
26697
88141
20695
92664
29402
56463
18348
42771
12460
4429
49013
1364
54075
55471
87393
20661
7681
49954
35136
14024
93714
62419
5793
12098
69132
18587
17046
38116
87202
56739
350
21974
64123
38051
69573
26040
45399
75723
26269
61836
51234
75331
47072
89674
16012
49891
44869
6181
79628
41853
60542
47545
87843
86938
355
30042
7124
60753
48184
43123
71848
76155
90171
66844
88530
70112
21117
17300
24223
77980
19638
70356
32305
96202
79516
9544
59731
75358
46836
25704
97203
65959
46698
22962
43030
94349
93672
4463
52649
84282
59434
76624
11449
75157
59482
19194
94785
31803
87149
11977
77089
26463
95715
64373
73
43611
38838
51662
38858
86871
49430
27844
89106
57593
42995
77016
58131
15948
13399
51109
10183
26949
19626
98108
46109
6775
72604
27316
33236
93512
41052
15945
68312
37392
86225
32486
92210
18688
19840
23965
31837
93271
48113
77771
10122
26542
65754
51444
74266
47826
14614
37928
79670
34069
23596
96391
33873
51431
83839
34312
39986
57734
64486
61103
64577
69624
20422
49584
29595
7884
28515
71062
90742
88270
28909
27676
3937
24124
25124
96932
96529
35072
15655
61549
98182
66328
35790
54505
92532
63447
72208
82110
67362
2587
38951
58997
93546
90604
35327
3248
88757
78467
70429
4425
64324
84653
76673
18682
84300
39685
20563
33530
65241
78006
36713
59207
36224
29746
6387
94408
46474
62345
91375
78349
55885
3313
78654
34071
24383
74278
37415
72528
4799
47754
15582
75022
33092
60466
56437
86355
80469
76318
57473
33249
22258
33756
36563
25207
54973
82922
26077
48215
78670
76920
6271
95314
97704
6830
94944
54409
71518
92035
38614
94781
68365
1234
68255
64083
8949
89840
29337
67154
87126
6206
29181
42044
91246
12114
82319
14889
77021
58996
20681
90563
78620
41219
74465
21098
71559
81895
75876
68706
14380
95600
72065
82992
64160
43323
3889
39897
48063
43804
76890
49209
96162
19958
94801
41220
80503
49635
20294
82495
56206
95240
17334
5344
82632
74682
12681
36205
94560
86520
75993
71051
14647
11579
74104
63576
8657
77380
95032
51998
64304
60717
21500
37874
21302
14841
46299
29987
80249
67008
17868
76223
56256
22102
45777
63902
94104
51946
29535
53236
57899
88661
87892
27345
25484
19424
27103
89030
82583
88168
53904
55335
77595
71729
82890
27099
92501
18865
47682
40550
34268
43222
51645
54865
25819
59875
58713
11018
38193
44623
91890
15087
30788
65203
9425
41403
22605
73084
38439
40418
39573
58597
42235
27309
39585
47043
70490
26889
17268
1629
36510
88586
44562
45229
71966
11948
39042
23437
61231
40982
40200
15354
68823
56577
26163
82097
16480
37124
44271
15881
83941
93091
1109
39259
52020
63060
77952
82685
89189
94156
97097
81644
66896
74298
88116
23362
11243
62648
2951
43854
32511
89433
57830
66104
7025
5829
11609
85418
64662
86608
41083
45572
68515
44760
651
93530
41927
97885
85349
60708
95707
21313
40185
91793
94385
71858
94878
21379
7757
54729
93688
80726
75059
20275
53662
61488
19017
95748
20304
15590
31906
87779
68456
17435
77669
87829
1674
40313
93711
66355
4267
30711
53111
84049
38785
54165
52464
2821
71450
96213
32254
22249
38178
1760
39684
3536
13241
66779
3674
20519
75246
75690
98028
13129
58826
17015
30793
60498
53898
66774
60018
3561
72334
62085
68051
27697
25431
89090
13558
5516
44913
87428
18071
96815
96003
9721
64515
56830
39124
13347
85552
53317
55838
12965
33726
35540
36470
41035
46143
10905
60053
30247
92164
2287
11126
82665
19292
49881
5591
81602
59143
27389
75284
53552
63867
34018
50165
97277
91723
81347
58646
27162
3907
20536
84370
8062
90964
91563
14578
17672
78447
430
59837
21395
47436
33904
81097
95405
1408
41278
66431
24420
57337
59047
18632
70963
14551
36717
51219
24387
5098
77183
33427
28029
64707
11553
59420
82100
91161
43823
12425
80400
84077
66765
97423
7001
60186
26533
69926
29823
26952
28608
58478
47554
20772
35754
31954
35423
77288
93218
8256
37442
23825
78023
88445
26702
23772
65516
1698
92919
46430
35073
52646
85205
36664
42377
73759
63412
17503
21072
40890
69120
23812
89099
83504
18028
28056
88813
85369
33887
5972
96963
57310
59442
18522
3792
81826
12402
24048
97437
66224
66450
2309
8275
37113
77737
3673
97326
12254
47199
54372
93607
66997
50122
24430
2755
27029
52852
89228
66615
52740
88528
60792
38914
22704
83936
30553
19067
79020
96658
8571
50724
66102
4171
88251
77697
85380
49297
42562
34109
41309
25204
36427
94350
68679
1354
13176
80482
23521
15096
29721
47092
39923
7608
65222
89526
75037
36016
32051
14945
93134
7639
57813
57175
80590
31738
26656
25330
83299
6459
88614
61216
20105
90406
86826
58726
2660
20035
59366
21653
30086
29654
23297
37593
45510
55714
86427
54429
71561
25849
8820
19385
21702
97879
46806
29601
9226
75752
1952
76465
31123
37831
78405
44010
7555
87859
81974
32300
34553
30408
33480
67318
71608
53001
94764
58099
58463
60019
64428
74642
30314
8289
48544
22240
23091
68179
61381
64772
96873
46899
19692
17526
38974
4439
55106
7876
42857
21591
82308
50662
56136
11742
33060
61375
26447
63429
30097
16036
29787
34747
79695
17375
46236
36107
61580
1121
90886
13179
11134
31131
82512
60152
76912
45414
74740
1425
32088
13926
21161
86434
81224
57550
9393
25158
20568
12819
20690
34034
67357
88426
72036
34551
83490
49285
81377
33476
73723
45559
76055
89500
10353
48654
59318
12803
97860
41033
96641
94650
63012
83313
43672
66755
11775
60663
25629
58170
11431
10543
59650
14170
27072
77490
7168
93906
51947
87512
84536
35850
54127
15252
89107
84237
82531
18007
15628
27746
31394
90139
58681
88620
78039
82159
26171
35207
52869
63066
55828
47462
34353
16330
95159
44642
60071
72957
72305
8274
33369
80256
66174
76988
14980
87291
82811
33451
57560
27593
72663
26093
26043
63073
46646
59848
9366
19166
72237
86113
480
39643
17789
21680
69685
15688
2974
21040
76007
90007
44634
75172
8432
39871
78329
74328
91932
65821
24566
84350
52077
15336
61606
47918
59624
33907
79203
78547
69374
96552
9424
80460
13621
79971
18103
79436
37879
30079
84518
29465
10789
24660
85385
87195
64648
53183
10813
75481
70709
85696
17792
19721
87455
65122
66939
37536
78450
47101
73265
58788
25975
85428
91422
45314
75956
8047
82551
36243
96455
41786
59317
44757
49419
62409
97
87553
14115
36344
84268
37239
14839
7612
4338
75951
89161
61629
87870
39786
84675
11585
72253
44964
62312
29873
31522
55362
37546
90195
34066
40129
5450
31417
4703
69208
72475
14251
9459
74224
24628
48780
97948
89630
457
13155
50054
2574
43470
78541
18908
9955
67644
67471
6923
49736
84865
26609
19577
10782
2508
56026
52164
95692
31968
27
90234
40136
79365
42099
19994
64444
91328
93334
54231
36464
69489
2920
70269
86191
89149
68531
67225
86869
62157
334
40767
46383
64889
26416
33778
23324
38698
11434
86827
31152
23379
86056
42212
70817
29655
29290
94612
61864
74435
94714
97539
30493
32715
18167
37501
75106
28416
59160
43872
63496
67962
87300
72950
46762
55833
3288
53683
20604
82815
61812
67636
90123
30212
5330
91475
12996
42455
8655
83515
95782
12862
14742
80377
19381
46201
20975
54164
53053
35794
83354
49331
7905
68
5979
97312
67183
61108
62205
58451
89670
45105
71577
36060
30
31287
278
80998
72563
69612
83094
45801
38980
4091
73026
21714
5920
10846
7926
16047
70172
9390
91647
55345
49458
96457
58400
70332
15783
84410
32648
97436
54375
8751
4047
60558
71306
13189
84881
3135
71834
56945
728
2659
57618
31917
4682
6945
85065
41290
17205
86444
47291
8799
70988
5228
44130
73289
58703
12628
64845
76713
35882
40976
42218
42624
21354
28370
77660
23923
22156
40435
14409
97610
27742
865
17250
71484
71371
29766
40339
89447
42977
5131
21663
63891
46285
28454
76897
80656
24777
19685
7759
20881
827
96335
57994
14531
92704
55743
39221
60034
85626
44027
10620
16936
77982
35676
26454
43363
81285
96454
45882
5970
51463
35819
31635
3047
47249
87790
4317
72697
95767
49723
63614
55946
68562
88075
49854
35847
2788
43283
34315
68625
4133
12044
28130
598
47042
79649
80576
46704
11856
87085
65840
59803
77170
5841
76156
39673
57853
90590
5181
93920
639
70107
10504
81045
33617
96794
51857
2798
88525
23490
27449
16789
57292
48612
49637
45940
54014
41341
59468
55975
28485
48948
83909
55954
23212
6653
51221
78000
92184
57049
67327
38227
82398
6906
22646
52234
11690
1199
42516
86743
71071
57624
58691
10071
67224
64567
17535
17307
96793
18742
58539
46150
5456
32100
61701
41311
43163
57894
2522
60678
97127
28006
12133
51247
6754
97402
72344
62283
83006
37247
69191
73390
55962
90611
36257
29803
27523
49424
65709
84256
18744
30046
40481
56696
83042
13322
55609
7253
5963
5403
71948
26933
93477
51346
73426
43876
80143
67444
50052
30165
75236
31267
26823
76488
50601
5562
52304
93754
14864
64328
88061
15777
72567
93799
69451
13546
62493
94772
17079
35262
56153
52125
74360
14012
24986
83608
96872
11263
75502
15469
69636
22034
48634
42842
76790
36754
36021
78208
58160
64161
86592
62657
51504
87899
7769
38837
53756
93467
54312
61316
34425
65417
36296
31099
76098
41326
13930
37627
78345
79905
93486
26996
47947
68341
50013
14669
68496
61234
89591
15247
92476
69046
45529
94723
18016
52376
23045
79944
90488
44909
25737
17092
51823
15114
82428
5842
60697
15277
52483
30723
8405
77060
78173
85240
23257
93069
68889
32461
86531
7258
55493
78233
16602
8094
45566
7127
47879
60243
42462
82608
20157
55575
51499
65443
13414
13023
54260
82405
14695
21103
36128
5491
44272
76120
33090
74627
6337
67852
64261
43198
50687
39364
53165
6205
34571
79036
22347
36707
25315
25799
81399
79838
31003
47774
96462
2790
54852
31892
2312
36319
42732
85650
1060
71473
73190
13131
36182
15627
52535
36783
3727
28202
31819
94530
65283
95587
57099
94812
19648
65498
80201
62717
45351
78878
95991
62545
20300
68637
94367
7367
42192
24802
36268
15350
10709
56171
46274
18499
94315
90578
77820
18992
82013
18655
63745
51196
79315
3838
16576
78082
46026
67566
60859
19637
49431
60571
33298
31953
8550
50723
49534
25828
50338
33354
74551
64132
89223
71212
39971
50863
77933
33320
80652
52582
28734
9431
48272
22442
40134
97247
7724
70757
64179
91881
50199
14672
30101
89364
53871
58248
55047
79634
72997
21126
10962
22761
9503
35086
2064
32580
47789
94059
37507
64908
70781
91729
36787
84844
18795
71245
3041
77621
15843
11835
22112
25486
89237
36778
95749
76569
15404
39806
27487
42849
91668
27911
22968
15877
87603
92845
40987
48622
73799
80134
93109
67418
77311
60275
88686
14930
61861
45786
76460
73473
32915
3257
55883
70627
81004
91524
59497
92008
15567
89503
39837
33426
81871
47904
20460
51976
98184
12300
60016
8450
80462
21149
50247
46720
6904
47138
22745
80146
69468
29915
10408
92122
15743
48551
72943
74684
42424
91012
40146
80676
57579
88617
28822
21910
45939
42
46017
54566
12624
58719
30479
81295
10382
63319
29392
84572
28484
78409
51021
91387
69469
67869
87639
41977
77283
90558
68761
20774
12358
30796
94415
44617
10144
68395
43908
63933
39457
83409
45534
75754
10209
22245
20789
59635
81005
52739
85770
26778
5242
77294
63790
60054
85579
13983
4875
89831
19211
62752
90551
87329
67756
20123
1542
33263
55268
61945
88318
35213
35102
9410
2454
95116
47775
39830
96371
37327
40755
76433
95278
83295
7966
14318
54978
92242
8206
27985
72895
92338
42127
89515
48294
41378
77713
91621
54480
86521
193
50490
60933
94594
73650
39139
29515
17483
76717
13538
7808
61483
19400
87756
29831
56986
9820
39884
67713
33353
9074
80158
12926
34346
59395
5479
81486
97826
37514
5822
5968
96401
44745
11618
14189
2246
84871
7877
4984
56330
5410
81110
62339
94847
87696
75386
20476
11613
25878
74629
53043
45265
42999
28786
83500
28296
61349
64384
81380
10137
65179
88527
20838
89870
84633
86969
97115
96857
39431
37750
85797
46467
30611
9547
49437
46880
72176
29057
1381
90431
48153
26679
39022
97637
54215
4522
13326
37552
37428
55308
83182
23472
66259
28251
2569
31539
33107
85977
88416
49435
33093
6573
44414
15008
13689
61481
58285
7566
30060
699
12448
20237
65972
62427
66226
72222
64254
47533
30191
30030
25638
70948
93037
6515
17876
4014
15674
61763
57140
62377
72282
38039
36197
94992
13008
97046
62355
38455
2232
6765
17013
78117
60596
34663
19484
61187
31872
28914
12496
52171
12335
18534
35013
89406
77792
49469
30241
46793
82120
76932
49870
7181
61222
59938
1479
62653
20034
13081
40130
89922
65635
62235
34246
54092
15622
77307
61061
75760
63611
87213
67433
60354
2231
22148
80682
83210
98217
92448
42618
17421
85198
80497
97178
792
19863
88427
84251
67875
38099
61837
42043
6372
44606
4925
85713
56194
79274
18021
33076
53687
12619
52726
86222
93234
65138
69694
57780
78204
25049
27818
56761
83371
36363
17425
89078
13262
66821
66327
82170
37241
19813
76301
13833
26991
91468
49418
63600
91444
81995
11539
59495
43096
88681
34643
40869
16482
37598
28808
17977
53740
46303
67332
85510
3095
87981
25542
2852
90943
76477
47819
50599
70808
14368
85148
11075
12992
62774
17054
11516
57646
78835
79761
28158
17048
90082
10409
88713
45275
71617
4768
20336
94168
59168
88749
95460
11606
70752
94972
76783
39864
48279
10529
7345
79400
60218
54435
24924
14259
95098
10521
22138
95931
22626
84541
21676
74892
69076
21305
97404
39654
9070
85400
19838
2465
72021
64130
52507
33104
4670
30913
91772
36795
16547
83879
44466
10899
69506
78855
33474
47717
9893
62885
58482
38456
32646
90573
10719
68354
71755
28848
10159
3810
78824
23423
3378
12340
40519
18539
74915
71827
50759
55490
67749
61366
56214
63386
29537
1553
59324
46268
25614
48911
68521
10406
39181
87223
75279
48664
8258
12808
94403
63194
77099
49822
57909
38745
1835
77466
51056
90362
13455
80008
19573
64499
35260
41872
49032
81167
62891
56971
73756
34824
95095
39922
42142
3544
95520
96085
93116
4054
48722
16778
62621
12410
64612
56282
15196
7483
37458
62810
55980
70985
74590
57103
56908
73743
44941
73898
11450
65039
50735
64191
98037
65404
78307
45054
34726
6773
60262
63674
76043
80175
63411
13647
77919
35934
30539
59907
28754
97218
40909
75719
40242
57510
51225
28077
72303
22127
16037
68414
66199
61757
56203
26703
66312
1269
38992
6211
2767
16220
84961
92719
54276
55216
21614
95566
5441
68244
22179
82477
15812
76636
27105
88196
38462
50519
23110
51194
16552
97432
62317
78832
96225
59485
4927
10155
35425
85653
10094
64766
25487
80436
15356
71994
71541
88063
83012
41463
50657
79587
47375
96375
33244
73865
59831
76705
56356
90442
18001
3553
57768
2200
57681
10080
71428
93167
59056
71651
61045
4339
50335
21225
21841
9461
9769
123
43265
2721
30606
48245
63477
94789
73480
82342
40283
47678
12050
2977
20826
8494
8306
41295
32218
89125
46538
52695
21028
88031
9865
54053
2925
83709
36428
17679
96534
85698
59726
6224
60652
24891
52274
1826
32403
87884
49774
44910
92217
39247
51114
89187
73972
82090
22121
31913
48702
54294
51845
68892
33213
95064
53085
41796
67122
36874
47417
78755
75160
48418
85255
1882
97765
33080
61099
54308
61208
6854
2336
18
60680
16565
73209
31338
12846
50114
55227
41275
38809
16439
10664
84560
24638
71521
48366
6701
47470
87068
81395
52330
71140
77650
15734
67272
74744
33162
2677
80707
69119
8809
42608
45258
70151
10596
53522
51020
4251
4046
31165
3143
89005
92438
88814
52004
19272
47884
46333
26981
82537
18945
43360
93273
14982
54720
1424
39800
19998
55842
77817
42897
72838
18377
18527
82251
13727
53255
37869
36548
90879
3747
94803
50532
54019
87237
25111
13000
12741
62217
26305
72861
20750
87306
4715
31428
5693
60610
81165
51324
40163
23891
12118
88533
67883
22011
65270
3491
94595
83874
53093
22743
24507
39888
14148
72502
12146
81137
92642
64300
77677
79777
2160
16463
89483
4368
9616
30543
11375
12273
25235
35476
31509
45507
82103
40645
24189
24945
38589
56395
9811
49915
57082
92543
26388
82220
20656
52503
43119
12317
22623
38425
33086
58608
35502
54691
38620
72712
14109
81448
49131
54635
11333
51670
70499
47860
39056
56642
42988
72597
78574
46967
43071
23759
17762
22368
63159
64039
68031
72533
56613
62095
37624
25223
82879
96147
58541
51881
8564
4806
22759
16642
32323
84692
90514
36018
51204
15243
93772
72766
95461
23647
27183
9219
74239
13842
77623
58542
6325
33956
56116
31064
27570
45533
40132
92112
6749
1936
17419
69454
77661
15826
28838
81007
44522
10364
19943
23505
61940
84378
34554
49997
5413
87430
91408
91773
77014
92362
13752
51634
10611
86897
22498
58206
53895
5935
22236
13409
34121
53451
73022
10865
80974
42825
17578
27360
58544
14477
1207
86648
78536
41807
32572
96589
3457
58185
20927
30040
4894
25285
29777
40991
72254
2709
13374
65067
65324
67995
11405
39460
97987
21033
28253
81272
34497
62084
13965
24314
70967
35497
96139
65405
75449
65288
95077
21183
27893
85144
5586
78085
31020
63231
67691
22867
80839
4599
71202
48816
69491
79861
8487
89480
63090
23860
52741
24791
30686
53945
40459
56912
48478
50757
70106
37214
18578
77447
62087
68297
67000
1227
97105
72001
87488
66340
85881
63438
67603
95554
263
76663
12303
15267
69086
6127
94141
15102
34303
58814
84000
80968
68393
28698
85755
59909
72450
6418
7185
77225
34649
8127
23402
56072
25300
49006
17623
14383
7694
73849
38392
55913
40442
39447
93018
56508
51094
75716
97007
78605
17652
59933
80353
77475
86473
71863
22729
59029
898
88386
46999
65773
80235
3999
39604
94377
91843
87061
58526
11788
83916
41169
84304
14198
76291
14396
76365
22174
2833
65275
37823
52825
29353
21320
27361
44070
30574
47277
38086
42677
71835
7189
39295
27444
3896
10069
46115
84713
80672
46526
92052
21982
550
92134
81813
9867
5002
50032
76565
33925
7947
78847
71159
42971
9029
54004
48430
30850
12316
79416
39358
55076
93498
60628
8974
79646
35941
29991
13993
41976
20170
49474
13555
79785
20870
44818
10602
70379
83305
22266
56161
25570
11407
12683
23879
82487
66402
14036
38533
43466
67256
38947
11917
20153
20974
17096
83247
67937
92471
40627
37988
55849
36435
96955
94496
42384
88227
37724
26265
90760
34532
59964
72760
46933
52565
95117
62150
77284
69853
82609
32355
34317
49634
72944
46277
77582
53452
1771
42591
32249
19329
98177
44051
43750
8039
92175
63838
5915
97974
84050
19183
23164
76605
54043
68286
49136
97014
61872
2408
97188
68421
48806
92042
25292
70235
19274
27677
55213
14513
61547
97858
62473
56770
97679
46000
34666
24694
63368
85685
93760
80553
57008
39993
26378
40899
60015
46623
4534
65533
17756
67560
81935
30929
875
80084
76607
13473
15939
38593
87648
12345
92954
78334
41386
34152
33005
94327
56281
37884
15705
41679
96611
83852
47464
23150
75569
36649
62556
97074
17713
33620
9274
55776
60158
72453
93841
89059
18448
33773
38896
84399
40149
19338
15792
33043
57705
13283
58189
12708
4461
37064
4607
41129
75856
64922
96791
51704
21167
11137
18339
46857
86228
9230
62432
53428
73815
50955
82723
79919
23512
24142
17970
81258
89845
51163
11351
15750
73737
6995
88699
17845
41641
30522
78846
16241
57196
85373
4580
42040
6201
93210
97098
19656
65390
52122
4948
15419
78003
47498
68160
15759
75285
37787
13920
78788
34253
22756
29125
88901
89624
22256
48109
78956
26527
20301
39902
83890
76479
77790
19793
37306
13142
33590
47377
18726
61163
39044
37294
83577
40922
72734
71546
71111
93367
27735
96769
71639
63598
8462
54383
88985
45621
11564
95058
41656
68302
65441
93945
9985
25801
55307
8877
15850
24659
87887
95051
15765
28902
76577
58224
45027
30175
77238
17565
29771
41490
28351
51035
94503
54525
16059
11933
70592
24919
90546
66393
17593
90793
47773
7153
57576
42567
89825
44651
94624
44512
81947
78442
2333
80431
31802
78213
36135
59115
17543
92036
24136
81547
8718
8451
91145
35179
62137
73931
39306
14863
75855
40239
95663
7677
53759
93957
40647
4064
51044
74609
7338
86362
35886
36513
8119
10929
87909
22714
21674
52511
7476
78581
75732
66088
96848
51358
44448
19485
87907
1619
63735
36368
48165
12638
48928
36475
44694
15742
59825
13510
40707
52280
83436
32358
37191
45461
60768
72227
3164
2325
37147
37358
7841
72643
6416
24995
82431
24159
6424
67567
10705
91450
30048
29111
61210
85803
70391
11573
5459
22057
35905
49483
54847
90512
8975
18277
50226
18619
53888
48972
33579
65050
2789
53694
33598
80844
64174
18487
48537
50608
71947
21457
20520
92246
30268
30253
77833
17014
83580
28519
16213
904
31008
48855
53689
89562
36794
93825
95659
98271
70009
46158
63518
63339
30769
45988
71474
19693
88633
9485
65865
77663
44577
51849
81681
59956
90004
68980
94637
7314
4050
88138
49831
5467
36493
65622
5167
58073
90370
25988
56618
33001
31448
26650
18605
91928
94538
28223
91884
41517
94607
17934
86425
54886
86909
47367
34244
56471
97139
24679
74675
55066
27749
5539
27811
17409
35758
17294
66503
6970
80341
48639
6491
27831
97469
19508
39301
4975
92119
24240
30238
60760
5249
31668
13035
40939
24260
28601
45299
94114
74299
8981
28342
29452
48873
84492
24703
98113
83977
66314
31015
74041
97225
95856
82978
50220
63669
49075
39641
82528
64818
912
92101
12212
1872
49134
9381
41417
59839
97258
17655
56485
92665
8795
46275
95081
69895
81219
90204
45836
15666
76269
22906
90452
16158
95713
68203
82588
17932
35695
77870
47926
71840
98216
37257
79139
40157
60105
13797
15769
22170
27314
45233
36982
32223
94269
36015
25908
9773
86643
35681
21604
67727
3648
91634
36370
36774
82503
90375
41989
15570
56964
69105
57707
85672
1886
74987
49225
67595
51416
64616
65705
44979
70058
13898
37051
69608
84632
47234
41612
67943
7922
46539
60464
81179
66210
51800
64208
56832
37223
33774
73768
39521
19734
50287
33235
19558
30891
49995
79668
85946
72941
88153
64765
187
81536
41921
97229
77462
69535
88999
37991
78789
58655
70265
22488
83733
37776
3670
315
68380
53631
14494
70919
94543
70734
65228
43405
6286
24277
76549
38113
25845
47213
13798
30173
47287
19260
1252
75317
76596
44494
59333
28186
36781
17276
68112
89653
1075
27733
65783
96150
88030
72449
50799
61768
53584
44125
7012
80467
60073
2242
15503
1967
36325
26105
5107
53606
92658
96797
49487
5844
51436
1022
94081
38584
32830
79505
13118
15332
2559
59196
2404
89054
28655
37942
89124
64483
80875
74683
26345
92820
35160
15068
6693
58964
56264
8538
21020
70549
22681
11639
78048
28090
53403
37049
53357
915
59636
24673
7082
73161
16753
13646
38548
56845
1114
95901
82459
47620
75082
81930
28447
57500
50981
2863
57030
85044
97206
49326
87922
90325
40754
71944
86881
3416
20875
56839
42084
60125
82274
5529
59446
87837
45148
53025
48435
66485
49624
73988
73481
51655
93192
66377
44592
80381
44565
87701
62510
40725
95450
23754
38058
46217
67486
28395
52397
27667
6073
31994
69681
35837
36006
63648
92891
18272
48865
26187
27515
43612
71075
73864
62
84053
82689
91090
24432
28381
87668
94476
7836
85185
57190
53985
91768
86091
20392
17451
94689
27957
72541
15348
25885
93493
83494
68835
5959
15664
62863
16237
59419
28093
67743
51110
81867
30538
47881
34847
76560
46753
86281
74804
46061
24097
73907
73167
37651
31009
79562
77825
71336
17775
72235
28536
84214
58899
66324
9403
59164
55529
80251
29029
14969
24393
89098
77299
28954
26621
91855
27396
244
4654
83749
85514
65746
15938
91637
42256
9526
78747
46334
54247
8136
47460
24238
64959
13431
49788
86150
7120
83244
13229
86070
44405
25699
86138
29488
58240
51614
4491
55110
91512
171
17819
60322
87136
80350
79114
63910
5611
90668
48051
76327
39640
68008
30025
57720
56394
19030
77843
34364
54843
95019
86699
11467
96419
1038
84630
13211
11937
23569
50101
41196
90484
75853
7004
20138
89930
80295
65118
26526
28414
55161
71967
97483
6497
22349
95296
73408
78141
50891
51233
18552
60540
9455
52919
12572
73318
80234
32908
86548
53600
33306
5610
88578
79160
15728
59588
3652
6492
8575
35116
15876
80892
65239
94158
10656
71753
26318
18819
59736
10369
86823
77024
28083
70994
21462
44778
9885
44384
59573
20235
6540
93855
58016
58381
50356
60385
346
60543
13030
71867
96964
83599
32968
39737
48369
56025
57317
33675
16168
81081
14084
65394
32859
8132
23815
73810
2784
26012
51955
37617
69352
64144
59011
61086
852
84739
9781
73971
14946
12089
38621
89388
46525
66338
7954
58986
87142
95951
70334
97975
61584
59547
817
54032
59450
50922
14624
74151
91121
47735
44215
69700
61405
36769
83585
35388
14552
21122
47665
2480
9579
86103
53061
78841
32928
20981
97720
72133
529
57067
85237
31920
60328
86137
40912
50689
46763
93437
75263
69949
81321
78693
22007
93517
60984
77770
41798
69464
64555
88984
13025
22221
9604
32041
12120
66059
75643
10124
4207
80336
43099
39781
40882
30398
86967
38398
70883
87254
31451
49993
29749
7292
94116
46137
65458
92144
28000
70160
20152
63137
23892
87485
46595
12227
66139
70800
67199
51518
88642
6582
19273
93027
84733
83687
11908
51269
24333
68175
92203
66268
97916
31640
61559
80021
84700
66465
15768
53028
70584
23672
95486
91864
17361
51220
4673
44122
22363
76360
7195
1991
69004
75117
57879
46527
36923
56081
43689
23237
20095
52836
68067
26927
53333
78910
51315
44622
70099
88895
26240
79417
49681
59870
13031
16580
11737
40488
19187
29166
68677
84626
77168
9751
95515
509
1446
21346
74137
93263
73530
98169
18121
49697
31353
6239
91895
86084
42814
56571
96579
56482
75628
38264
29291
24022
68172
84213
82501
64072
24976
30107
86236
55996
73120
33067
89151
86122
46658
73169
72650
12793
13385
95413
44587
27694
92864
11240
56061
46121
23409
88084
53566
40246
92026
76670
16949
20023
94125
36053
86860
39628
42844
10710
91091
42402
40422
93159
72418
79877
11930
59263
57811
33838
10505
40901
11419
6882
61826
47877
27764
69005
40395
22435
17737
50159
76002
72702
92200
2772
59269
86270
94118
41527
15820
33722
41028
44641
57054
32988
95809
19610
86797
92974
12171
90127
31470
75310
14078
18004
30160
10227
77017
90181
24225
17774
77050
93576
20193
7722
86063
71414
46362
24983
31056
63332
65843
21059
12662
87261
78457
46979
87931
36870
19515
13696
7902
52099
87240
27196
44640
58853
83425
7900
85769
95580
56774
81123
21100
90596
53776
87425
36057
70815
51703
73155
51646
37971
36820
89793
46983
53586
61137
67596
88042
65331
14539
43590
92821
13785
78509
96674
90197
86335
32054
2547
18371
18995
28908
21994
907
89096
43172
54913
88451
53994
21299
44521
59230
7361
58771
22393
89162
33031
87835
6398
24317
38147
11633
71797
17358
44670
79476
64232
90091
73908
54079
26626
77780
85891
4827
24595
48701
24612
1489
35027
21786
56882
72212
19460
52643
89772
22322
45845
39757
6836
57684
2080
81320
32811
4932
17639
70567
9653
87908
46124
24061
2947
47743
88996
83145
970
97901
6070
41645
35912
17103
94741
85259
12571
81061
54791
85911
33485
85897
6645
36915
59080
82977
30216
6346
43331
33524
13706
81240
72230
1764
78879
8883
21008
55442
12590
95848
43512
7437
94328
43211
85388
33629
9912
34279
16572
52120
86306
95062
69049
96772
47661
67023
65738
81541
58861
66876
28897
64178
78327
65940
59508
36832
62886
69817
49938
42410
45219
95412
38423
94348
51874
64843
92993
62772
32237
87012
50712
33765
67606
36301
27184
79032
53619
69736
27959
722
32546
47271
7276
24544
82679
50070
88465
25717
68037
82849
7523
38132
63422
44888
95250
60199
2431
21390
74918
71197
95290
38158
36549
60856
50426
74208
28145
39307
83004
29757
950
17443
57048
72422
75314
63691
9858
866
67290
68663
75854
30662
47493
44009
83309
11752
26400
45782
29628
20665
52049
41742
32667
27175
45537
44254
17721
76702
37020
40585
81803
45540
42002
83582
15611
35003
98159
46708
42760
22569
59155
64106
2411
14202
78351
22369
11260
49058
73055
13013
20260
33123
70553
4563
74089
27424
83146
65215
5265
24181
48871
44203
13870
48352
14222
76985
3213
61072
72111
85214
19906
55850
42258
5719
68208
33980
91065
12956
73388
15562
25333
76377
79150
24668
25891
24214
55641
7873
21350
3644
27177
29213
65574
88020
93531
38081
13039
21622
6354
10642
63501
31944
16232
15333
12883
67626
49631
41923
96053
23229
33973
95057
39791
71293
88948
66143
47230
43548
52800
94822
2669
50440
30911
16120
21508
58181
18175
86076
44008
30372
17659
57074
62080
37852
21705
72068
54718
30140
2600
30740
62023
33738
68764
67
67927
22438
19411
18711
82063
482
7533
71172
59493
68346
41911
1492
72367
22470
20382
86068
43973
78198
97939
82731
13837
67892
85756
53580
4651
63542
75640
18343
21231
17283
19152
60665
68678
86590
21270
17624
5248
70246
9136
12030
23858
24561
61710
98005
27793
76282
54
90970
87522
57040
17174
79631
21324
48976
74220
86762
72595
73429
58205
41969
45950
81785
5903
46391
63990
90874
73527
73398
22262
25363
8489
73763
42823
65379
27440
14427
24064
18989
32866
88489
82263
38321
50766
13324
19050
79410
92440
13191
75398
19893
33685
3900
65654
21583
30950
70033
6474
27662
34997
79852
61143
8593
21856
21036
22449
83358
21790
93177
53723
12627
33976
52028
48728
80218
31019
62055
96448
36668
53433
22081
8021
9989
55973
6310
81518
16653
12087
41493
26829
88231
14785
43890
78959
89719
38668
26376
61933
85277
80990
14608
47112
66790
15504
93669
24747
11384
49252
17072
86131
2482
26763
3740
25328
94039
80771
15225
47211
7132
93338
34451
2728
13939
60966
30888
28236
63145
53365
58421
31866
73600
62986
28350
93583
46911
23370
8728
81968
6651
15303
43736
6980
38362
82007
86919
83979
38313
758
54042
68413
44636
3117
2748
24103
23558
69037
56318
47273
36565
28709
4847
68684
45373
19647
45843
71962
53714
13985
39889
43509
78571
87013
39508
52585
45631
15197
51043
26030
21858
53396
24881
80681
55919
73345
72191
59268
71078
51608
64524
48367
17379
45792
1409
20602
52111
83055
1737
94157
98296
46044
15278
41632
10486
63489
68701
10662
88517
73655
46328
63976
15001
75670
32460
10295
33634
62181
7801
13415
95216
41746
50107
47515
6223
30227
61001
41020
65170
22533
15204
91273
68082
45191
22133
91419
2358
51013
88737
16009
14948
26102
22350
24249
85753
69302
81111
28089
16871
74766
82199
55082
54764
30285
14536
85366
33850
17946
36809
62908
93658
61148
35297
3742
33884
61005
85610
85959
86558
75264
86486
21361
410
77413
10837
93458
22718
78315
22597
20658
3990
58267
38003
97018
43297
16927
45519
52406
3608
84206
65567
88257
21937
87822
88865
6626
12538
30806
48562
45089
20667
86556
4026
64601
43084
62369
20218
18636
53829
25146
37977
8108
7129
46271
68675
33056
96415
43416
3456
51708
63112
65490
97197
52987
6756
71298
14090
53149
93705
29638
83008
65353
45113
42469
41991
88887
15589
80367
59455
60298
12652
58252
86511
23530
87133
1841
38411
6250
33267
11942
25764
22703
3322
27577
12418
16818
29718
96637
39575
1790
9085
80492
63650
27851
28068
34493
16013
21283
78913
46208
52660
67156
80160
48645
55255
57016
60342
21903
95410
52228
89776
22173
16197
54601
9446
62819
1987
39650
42022
84363
18658
75016
49814
5125
48970
94245
60060
13277
67917
52812
80513
89487
64926
54245
53040
6526
72598
48891
69653
8180
70272
52808
61746
23354
41869
7365
6598
62380
76662
67826
17106
72226
89531
89175
83603
53355
11266
3760
52297
14295
48332
49266
87919
39233
97736
55104
9241
59358
15273
82596
26710
4388
10215
76025
67193
63656
76277
28767
83447
2527
76177
97707
32605
73076
94402
87463
95180
79254
9453
89561
66941
61524
47422
5354
66112
22702
50910
16741
95228
90076
44663
65244
11620
77500
87490
31232
94629
60245
81430
43106
18796
57139
9632
47613
32103
79570
33314
24141
53804
62246
2023
15569
31195
24994
80548
16345
31806
93750
51621
26005
52991
93233
31005
47959
96122
78989
4951
50438
5737
41157
54151
78086
49063
5053
48463
81616
84174
11647
91589
7838
68886
89315
18096
90605
20039
88836
38667
27940
91426
48515
88062
30986
83567
98128
12772
82619
97593
44108
86962
96412
23276
43484
62225
14226
57819
81569
19552
32151
86865
25998
87296
36829
45625
50037
29241
53444
86186
8761
53981
27425
17234
33489
86619
88741
84521
2952
34397
29184
22027
61957
16992
93136
46424
41538
52106
88418
97109
14886
61817
90549
3238
77842
41570
19633
56335
28882
47450
88107
5214
94205
40749
23936
89025
27661
36124
3174
16821
38305
58882
52762
859
64281
52113
92135
55017
35174
2071
96547
26009
15459
21624
4297
12595
46981
2426
17892
61011
94914
5951
97749
27715
27315
65633
54702
82354
57203
37421
45093
43899
71080
75262
96954
77035
95304
94120
27320
48974
68444
26407
74800
23203
25536
82000
85161
3098
29040
63058
58283
72255
16774
84943
52315
55646
9326
28046
26506
91924
5494
78451
54585
53735
93538
27775
31401
89844
41494
67670
3245
64876
68696
51785
899
19201
12722
65957
32482
4073
10002
9133
67809
81892
17610
23959
61226
79986
15349
2904
9642
15005
49990
3609
22957
47655
17988
7370
91107
54829
20821
17829
74162
2131
47170
47192
73088
74076
3111
48329
26247
44452
76047
47820
57606
43592
87434
62305
81529
36839
38784
86441
75072
5481
11008
41389
80802
92325
6513
174
45754
36506
21795
87062
51500
50121
49698
37645
19815
69647
11657
26074
73171
24251
63314
61943
5641
28430
93404
53828
85511
62480
67527
3890
6550
94413
90065
83245
83097
36978
33637
92973
90455
29199
60656
62129
21213
58956
68055
30896
55675
23979
48660
71743
79098
68282
67889
88747
72920
60150
38783
7923
48540
45723
23954
32213
16776
38958
16556
86295
55635
3709
7290
74713
87183
20180
49761
81777
10534
66904
928
11501
34394
56459
70896
85734
66342
43018
10772
78137
33044
21446
45580
45710
57235
78851
948
49059
35002
70750
67521
9094
87877
44156
11369
70892
75695
92670
82573
91556
18625
63926
58429
37654
56397
16389
69371
73573
50450
90691
58235
84073
62620
66934
494
28057
27626
77797
59950
58384
23480
52321
48324
91774
91678
7745
59423
47560
30442
9487
12870
63659
29390
38159
49522
76747
89923
18974
29285
98258
38672
91402
39100
23311
63776
47730
81683
77883
6480
24305
8283
55687
65518
74356
71100
58398
81734
58390
19202
49740
31393
47486
81416
68756
72546
66924
52493
43898
34927
27918
80742
15163
54389
19868
59715
51160
2892
61548
60355
534
80284
73343
76370
68636
6640
16538
81807
92852
2836
49702
90924
46108
12267
23664
32294
20081
8172
11799
37288
62998
12034
13915
18628
21479
93987
93542
84147
32146
35034
12045
17722
48495
43319
95645
61277
37414
30879
85664
80319
48963
72157
15186
82727
18537
85
25574
92163
84221
25661
4999
80188
35804
97440
41468
35163
87912
91722
88963
44485
70117
91192
88129
30954
2793
21396
75791
15824
46699
25597
8772
75625
16929
66351
57711
30386
79144
18126
8423
38998
79906
96042
24604
18479
72317
40398
34687
84687
68763
50883
55931
63779
52813
38379
63286
34616
22998
36213
68866
95883
22767
92761
58053
19283
79300
14320
23819
27458
47573
45035
11513
38498
15643
90971
4743
48918
81203
37697
9214
74607
87441
74831
73757
19126
20822
15033
5349
20680
78836
89775
53062
58278
29891
9882
12001
64478
24030
9400
96866
81998
36356
73555
38418
50833
76688
85634
39856
96849
9066
48016
20269
36784
23278
97558
84337
56894
94599
44398
41659
85076
82541
20782
28805
35552
5878
38560
59499
24829
453
41397
79966
58869
91378
28580
28320
66382
79278
87333
49820
71702
79251
78352
81886
69481
65530
17601
68345
14809
40917
26246
47326
33094
73137
94203
36625
91435
30567
22673
57226
36863
76743
43675
7813
80718
65845
36812
85921
37610
2199
78539
46234
77160
64201
97935
9831
31082
35780
44
33394
55400
81021
85350
30800
1226
61944
67833
44644
87979
76572
79243
53265
21942
51245
77214
65433
16858
89688
94474
73441
43371
61770
35109
3924
10046
78975
28099
74268
84563
28028
90606
90025
19024
79089
43268
40796
73586
19867
91274
69654
96048
57073
58281
61365
75941
65509
79955
22201
44152
12032
82329
1495
76340
93577
83103
78598
53132
92577
54228
8730
54454
59078
42114
6946
53506
89959
29569
58898
78635
55366
28116
7198
43708
78341
61641
67622
75463
11481
3943
43700
95508
13550
76749
81346
13048
21038
714
54790
84864
94450
81686
20373
38301
96112
32799
65772
77562
90799
67757
10303
57352
75954
5724
6455
2301
49101
40631
40850
26515
77837
8131
71443
82735
96400
8101
21391
1125
38354
52905
34352
37747
11324
80229
80585
3816
68832
71738
69323
41887
74531
22680
75180
31727
73957
70088
88538
80659
14341
16853
35700
14691
21469
90149
92508
27816
15458
90364
43081
307
2157
53376
7334
62703
41585
50809
35332
4036
81766
48508
78794
15776
27759
17489
61702
42647
19174
75529
3748
15753
27845
93840
65774
26106
86927
51908
87118
48148
55292
21123
43986
25475
80491
61056
98191
30018
88497
46759
55355
34468
42294
65801
14949
22228
23101
76508
12859
28048
43840
28043
35594
39557
5194
24026
82915
84403
45032
86257
570
15026
80640
23220
8376
52307
32914
29732
51656
85927
44593
73357
90671
55219
15474
65196
48801
29770
64308
28309
63702
17748
56209
45201
61948
6167
81950
8676
69554
21186
6697
49660
40966
60785
27872
38907
92806
80081
42738
31289
16341
6324
95044
97731
73452
86090
24143
5485
8308
36613
60800
70958
86542
45856
846
33548
88207
89201
8903
61193
60370
47418
42199
82327
7647
43252
89446
69800
85738
1454
11297
51627
34623
71138
74330
19404
20281
85539
97699
25560
15868
39357
28625
17170
4016
21095
57081
15248
46188
35438
11485
84442
34212
70776
92396
16775
40011
26429
16071
60250
58564
78088
22037
31461
70847
34333
93928
36264
83038
8474
33026
21515
50699
48758
3197
2129
58654
44036
53978
41736
41562
53139
91431
8710
91677
10044
54779
2065
61514
83468
94701
56411
28813
1581
9999
71431
44333
66233
32422
77712
5550
24464
78990
34640
62003
27411
71586
18829
18452
10577
15368
71165
6564
46451
21826
43920
1894
20866
68642
39734
86537
87268
31290
76154
75849
94272
44150
38335
62009
68229
49918
88508
5307
1514
47546
50967
50298
68340
53455
50512
42273
37576
12013
994
56434
41501
3004
66771
57277
65747
89627
2500
57031
80748
96230
13168
42571
89196
63536
69164
78617
6804
34429
42190
23260
369
12081
65053
74598
59586
52107
69229
88785
34724
304
17993
55835
44393
60987
48037
62965
40558
1290
54545
75484
38153
7497
93193
8713
38814
73354
44766
13231
76908
35565
45436
64628
45588
4524
52970
98003
29018
88265
95017
38825
75676
48162
67823
41443
72197
78507
74776
25413
532
84027
47001
33731
2603
60897
66311
13666
69779
78772
15658
54421
698
25534
86034
74542
65424
45949
6723
89833
89265
58066
26973
59987
80507
49901
41146
20452
92989
95324
86550
92076
11968
89804
10835
10142
648
11973
80036
40432
52903
20764
61244
18270
63555
50092
69664
58993
81987
31752
25272
13016
31410
90095
56158
68046
29797
86939
96373
84181
74314
73956
35564
20935
88282
76125
37043
6810
19449
52619
74325
44864
68501
63227
30343
62582
91454
33433
72002
20136
31463
49011
4898
93560
54689
91948
53977
54969
21658
37213
57835
67910
64183
50684
18481
41705
64442
56926
11882
61076
71179
26816
89144
2151
43245
63268
65148
19222
57229
95437
62530
15107
17408
63508
5360
30251
86729
29702
63401
47628
82749
41131
4592
10651
9765
57118
2438
6704
15364
75842
13084
73350
24562
79317
49725
57532
69732
53795
30261
4158
13290
9756
64217
72526
91357
28934
25368
29301
86551
92014
14602
73138
30934
83273
41270
26122
38983
8928
1341
8253
87101
59241
4131
84725
22833
47152
29931
75391
29636
35686
51683
92565
15831
68817
66318
92653
4588
86891
80407
46194
18608
74860
83632
60258
77153
91897
34990
67977
16803
31601
1660
18293
16159
36214
27754
66428
45755
46428
20576
92025
87633
68185
42464
36364
16942
12569
84501
21206
41621
68013
75929
9437
41762
36830
91110
94343
54544
81827
110
10828
18044
74898
38994
60523
98175
62366
41572
29961
52925
83905
16350
58490
95512
56931
78114
75305
82972
5525
83367
55788
48746
88160
18456
15925
33404
63158
14974
50560
58219
67578
4879
28275
79848
18421
84031
36671
26167
75450
83654
37022
10734
24036
52719
84628
12129
12299
73359
80248
35532
86346
34149
40207
18805
75589
49623
49374
66353
42733
93850
81925
56592
25512
58057
9388
65591
27687
43765
32243
72257
92048
12678
69764
70005
93130
56000
64596
83420
36726
39626
45283
29679
49807
14310
26017
66392
28450
7693
62445
61678
65204
48878
61212
89781
79207
4421
85156
71378
82051
63439
79067
33017
22994
92520
79521
59735
24273
59048
84710
51350
25479
96744
17115
2964
9234
62671
70140
30292
43838
49047
77417
46458
57089
92111
94382
70396
89204
50979
41223
47148
20852
63671
71153
19959
67771
26513
53435
974
5118
89448
40858
802
71421
61040
97837
76008
72744
22567
93370
25507
45627
55775
64406
45060
63449
37181
86217
7796
62923
89979
21528
81449
27692
18289
60880
51173
26445
12265
53700
3019
49298
6019
86971
15363
35637
9159
71682
47865
73695
13150
27401
53082
71926
28859
88682
60612
21011
17423
71874
88719
94826
26343
70619
43609
41217
53392
46365
55803
47882
97195
48451
45173
14722
9337
77101
97721
41159
86856
34693
78192
22858
67755
15973
30941
80950
64462
39887
90814
33444
94077
33271
37249
54995
31462
45174
66029
52314
15154
19902
12152
74364
68582
94848
75810
39429
30485
7467
70532
16505
27640
76824
64032
72868
70310
22219
80494
73239
95949
2701
46445
21115
9042
23884
39907
68880
64096
15575
3500
20904
13997
7383
20174
43530
26042
53809
62997
22354
86112
25097
88777
17441
32924
75228
71331
43407
4290
76111
83613
67871
18118
11319
90288
95114
43050
83274
55515
34625
81468
51668
93052
66953
50318
88422
34815
54881
11967
19497
15265
92727
56992
53238
95859
56591
14330
154
76891
61566
32525
35873
20833
8856
13873
76588
49913
18447
62628
89400
59131
10361
4686
15020
27670
67899
43309
90849
81317
11114
56741
42198
18849
52236
13294
63871
45972
96463
59222
69582
57020
44247
55090
5749
55920
73770
57870
4889
83254
36056
88680
25489
18963
72478
30007
61449
8082
46141
12987
77744
15918
41683
76905
43057
41716
59820
53447
95094
43158
15454
83054
36232
93846
33727
12015
81423
67716
77438
49065
41688
84103
4585
36702
2718
50369
1757
65925
88835
58394
4775
11532
44531
78379
30130
68513
23640
15979
50543
42345
83679
23684
24271
18750
29879
29047
59381
53502
32560
78883
42838
42815
43322
30936
48793
74745
10342
34196
96262
11302
23899
86005
12939
84038
72841
97084
77826
26228
54796
48662
44873
76863
64397
2008
50676
53995
98152
66894
92636
38859
65388
82223
26859
1932
97768
75798
24757
75918
18344
50767
73709
18582
79292
41049
33633
38922
74238
92647
52093
90486
21916
76614
7091
19582
94210
45839
94359
56636
37891
17898
90156
35470
93260
24443
11692
9172
91833
52190
45884
63881
39912
32792
68473
24378
41449
56708
47435
23350
84934
74232
49826
42839
82805
80661
69581
94791
93118
70347
4590
38756
76524
82250
5928
38339
3689
87770
69260
96472
80274
28459
85245
69755
10661
21164
60437
78383
4581
80979
972
77013
50642
17979
65791
48221
79866
71918
75209
98176
55598
20678
70877
18241
68760
97168
22572
52057
20343
31800
76149
52659
80567
44098
79699
80960
96988
6985
11395
3093
45490
90439
4823
39527
56639
20767
94431
41476
33302
95215
58702
72888
55260
39029
19472
31437
41898
33561
48040
60128
2299
58958
55509
59576
94880
94922
21113
26203
74906
57315
34945
20121
70180
1552
29298
95395
65780
28547
73688
42812
77682
32579
50327
7794
21748
38714
96858
30434
9861
59989
58704
1778
74917
26239
89747
2743
20396
74488
26128
5007
42871
74794
56185
56178
93671
3327
12175
17298
11616
37378
42561
23703
33228
66173
70373
23518
22954
40189
91516
76158
75896
25433
13041
63273
65128
51772
78050
44242
92062
87645
59713
62519
14392
29897
27938
72003
67231
4531
55660
77685
87410
31554
45095
45893
45618
88703
73419
32062
25793
67079
2424
21419
84637
62036
27995
43941
49217
20344
40076
57105
58907
64351
71556
64278
24219
25623
21039
65470
32840
53572
49716
17061
20522
63706
52681
92842
52215
82260
17163
8374
46982
27502
24289
96537
22261
78434
94374
46448
82422
81653
34409
40135
60548
44310
17942
61582
31840
95336
12461
9737
60560
53557
21412
80983
22365
32348
70317
91440
53465
95576
73385
49016
87604
91824
26648
74102
72652
97737
5276
52918
22222
65640
10910
34187
79925
50253
82800
50366
73341
51532
1171
13367
2247
15997
78387
14120
10321
83888
6978
88214
88312
93117
207
43947
29242
24649
92679
88377
86892
13310
36210
74866
59464
78232
13042
436
34773
37150
69572
64398
1850
78828
8031
25416
11138
74719
66316
82892
47723
64489
51292
34674
59505
45078
75292
13070
96067
92108
70062
15851
37116
56983
60993
70224
81729
87244
11188
70014
47428
75734
82737
96762
4426
2586
13852
30597
50402
17028
45443
85725
63795
72658
11623
26178
24105
50691
64798
11636
59730
16798
14872
86786
88821
25564
79151
72496
78511
3386
73879
75561
42456
62282
61232
62912
74091
62564
60521
76778
16812
76431
27379
43041
70472
14671
77164
96057
4095
44574
66644
95465
8560
32800
43783
54668
67177
19969
54760
9115
90701
62714
68401
53824
59877
24281
11731
18649
7422
85125
90106
28074
15579
17261
97430
39040
998
54084
42113
8549
79652
58262
18147
49781
90631
79657
57950
6646
91405
5973
25179
13146
3844
9341
47477
83379
4222
81951
50
3846
82365
21051
73215
67671
63645
58686
6119
31251
65829
97967
4584
62216
70665
77433
17874
55707
32761
24621
95653
9521
85329
15543
42144
66552
54857
62543
38376
2997
53456
58452
30867
4906
60985
92106
50497
55607
91045
53394
1365
7830
17158
15908
16052
43829
11325
54871
47415
72215
27684
9755
20736
41435
13329
92881
95905
64854
7871
94459
46766
6249
10829
89794
8865
57193
43275
65569
38633
72769
72680
33520
93713
20434
17119
26243
9812
67190
19000
476
73607
38482
48399
3337
62777
73346
81545
94169
50793
39419
78380
93845
85671
16129
22414
64898
63425
74275
6641
56772
59673
23750
27876
60833
16315
33384
89067
41557
14686
71584
61321
4252
75296
24407
8687
94179
76779
75227
79095
19120
68156
19596
96300
43107
51483
68437
54065
92223
55588
37154
76385
25971
39331
95207
58180
46572
28695
72443
77717
78542
8224
18901
17262
66746
42681
80391
65680
47331
24199
1714
82324
6687
73376
18631
22054
13423
73745
50094
4919
32168
29996
93694
77314
49515
52573
3902
27651
20259
75270
18588
70861
20004
55625
30446
80059
25305
19833
61170
10430
82793
43117
55657
13119
78562
16303
28375
25649
95792
9009
7462
68522
59509
63456
19325
97821
80749
88936
29603
92107
69932
1617
35557
65036
66006
3342
44343
34698
44782
92093
22609
28530
15600
72636
92575
86232
36527
69502
5553
70167
47669
88299
98000
6706
44612
70613
28262
89871
45489
10404
39593
452
29951
31744
42764
69122
9713
55146
52015
95836
60684
35879
30311
59898
16332
30145
22310
28584
78800
71946
69020
42595
52717
49105
19756
49755
37538
64292
88041
75099
61538
15086
7941
57172
63509
16952
66181
43965
54418
42663
46577
16194
22313
43185
37135
53866
58460
12852
97252
61743
75709
67815
50564
62007
47339
51090
70233
68409
94284
68259
75888
78623
70664
72788
3871
74265
37328
89742
41865
68106
88825
96974
7599
68917
71580
67003
53171
52499
7606
44827
88670
69060
31482
46359
22977
74178
28948
92884
88943
37568
67647
17577
60569
39945
87530
69305
76451
35592
11612
13485
53555
48368
85295
13692
88568
69151
50183
56682
95704
2169
20781
64979
18925
59266
47097
40105
86028
28393
18706
97937
47348
93076
16304
38068
20191
22616
84005
63729
24025
41580
22287
27889
35062
27068
43584
5803
9262
95746
91344
15507
6604
53487
25724
45485
67723
89020
95661
35392
96426
64729
53796
1804
61134
91412
45165
33343
38399
76240
13096
3069
15214
982
17225
61221
57045
10615
4184
76421
80828
97166
23606
79485
28103
30460
97377
44175
11444
11903
35078
61818
50108
89396
95886
50498
66815
43996
13286
67450
72163
91421
10854
64681
69571
39318
36288
79621
14723
29415
1655
9792
39978
38652
25153
62492
9227
45368
81456
81263
6075
92443
88174
20897
15410
78653
61999
27926
42790
60253
50179
8291
81650
67664
15513
2647
69333
7411
37567
41487
94406
5074
74815
24175
43350
17323
10060
4109
87038
4327
33587
1164
48073
80804
74977
61963
87538
60259
32844
27013
66585
58247
77556
42123
30391
85074
184
8968
2380
6832
96875
19318
85508
59995
57188
50292
25996
80011
75094
34567
8748
57323
65910
38712
49162
26098
85620
92858
10565
8467
97777
67010
52528
88077
54556
59952
53575
59313
62596
1562
47651
11349
24138
88707
84353
2905
54901
89336
21372
2686
17692
97391
48217
12740
6237
21550
29075
93858
83955
12462
881
90565
3864
64054
90807
43775
21157
51070
8198
51957
74108
62769
4733
18814
48229
8135
92110
30537
71964
13429
17940
43593
68277
8993
35833
84944
21816
33366
54733
85523
72187
26578
15518
58406
82765
77566
94641
18764
13943
34395
17104
77539
23042
60029
76290
860
76107
82028
26928
57958
5335
6405
31587
50405
63679
77163
20077
73767
97214
90446
66618
18853
52300
96106
50290
22366
65235
48574
62831
30317
29597
23556
4792
78193
28553
29327
45085
34639
42116
49972
19122
70163
29137
75346
47790
60415
50990
61691
33513
3086
60968
94407
43094
80830
25297
75206
40980
44738
97661
14214
72755
55824
70202
50424
91498
71227
23294
66769
53467
6296
66258
18540
78960
40454
72468
53620
49293
8319
27602
33201
37967
43327
32453
39567
21141
80298
22790
20518
41739
95481
3422
15837
63592
74947
29586
71810
59970
22545
24684
56574
45895
70589
2956
33347
72497
5866
30968
15594
74357
94734
765
64588
51434
81670
3666
43303
11844
52245
32874
19107
64082
2093
58769
86081
50042
55499
94967
48814
75592
25093
55334
53848
42471
8658
28877
21010
64392
67601
53835
45984
72228
64403
25205
21336
69296
17552
13312
21951
96196
3139
61260
68989
85812
57052
2910
91010
4104
31481
38975
93265
77141
86291
80292
92597
52999
7337
52742
6272
75473
39236
79749
89665
89625
32867
67074
9995
10465
68408
46522
41803
88047
27427
3185
90761
11545
57740
29042
24518
73785
24830
27808
32114
20178
22910
17125
10457
68532
64476
54473
98292
44224
97994
46461
56270
23221
50783
91441
66946
14274
59174
71551
92198
31000
79496
70842
12181
82873
34031
46200
45008
18334
40619
23133
94073
35520
24493
1249
48307
76307
46269
81026
3729
1331
2573
16926
63243
70699
64963
57990
24766
49086
60644
48790
22834
9199
40864
23340
511
66264
25770
7139
47041
36409
56928
21245
44201
48525
44240
68623
42770
85998
673
71847
77457
41859
34282
66469
41764
5757
9780
65256
47403
76821
40703
94892
25898
79972
660
56075
23098
48710
20674
35313
89535
37605
97804
58881
15139
22013
36619
62889
11237
74558
75885
97882
7817
89621
31613
35735
53113
59637
18258
24705
89837
23801
88708
42278
52653
67646
8906
29917
92343
48070
77156
55581
96820
78594
4858
72410
90920
60067
96990
62440
13802
42865
47319
23029
56829
24131
58374
74706
84810
52353
71392
18056
28332
69401
19699
14428
91899
92292
9323
56725
68213
7052
22475
74174
10276
9035
59367
11572
21940
55702
23896
25758
48299
27832
72041
38592
62639
50128
95102
38180
32347
57731
9969
61223
63182
83067
81796
94604
963
11971
2392
60077
80697
78993
24165
14023
97928
17736
50433
68551
6137
46841
82751
20079
82682
94999
67180
85200
47785
23499
41371
38195
7716
74641
47497
5309
78918
95828
66943
40407
9248
16200
30339
41987
7569
29843
38659
41508
43988
59794
23593
85391
19784
609
81011
72464
79784
45922
76209
55672
92770
69223
31504
79255
65931
26787
1770
29500
47645
69127
92179
20907
63774
36793
4127
16581
84348
28559
78011
12204
54765
56093
25595
67004
40661
40198
36630
8102
76080
89286
81089
68685
38445
88959
85611
16781
48534
71821
68236
97047
90518
29114
29487
47194
79687
79630
61165
82019
2813
62466
81104
9186
27170
66650
45591
85432
19321
82088
93779
26924
39059
55645
74555
2332
95157
43769
69784
73009
64666
52102
69781
82661
40327
37163
10731
18224
43887
55053
37323
49270
52474
93631
33631
72659
45262
41120
28714
3860
78548
91743
14329
75879
72949
21438
43834
17007
72947
70927
96113
59234
95272
31897
94323
85213
39880
14797
64360
55129
7116
35597
70678
35659
56361
45837
31991
11938
77110
73110
25444
13158
86119
64812
72715
68420
50190
30326
64554
33359
27826
78203
47202
61408
43411
44479
37481
44517
67633
66289
36278
82137
77102
57149
24416
81302
83173
14402
8605
41730
88875
49900
87688
43735
67536
42071
63535
19293
63825
32247
62629
19300
7766
23299
10978
3899
64358
31745
56729
40586
33204
26620
52840
84406
41026
16528
44109
20723
78962
15992
95137
75374
96950
8606
88358
89218
20084
62993
86356
87396
81762
75428
34632
87794
39583
29118
7728
34160
72221
32340
12144
71452
34053
5770
41518
90821
1470
71884
24879
76231
92648
47404
64495
21288
20297
50304
72006
86668
82962
12574
19703
47650
16699
42417
10747
44134
27772
55768
34816
5176
11261
34716
39081
47220
7016
40774
37146
49304
68220
30901
88338
14509
28125
79844
92274
54885
25805
1937
75685
80894
12545
45514
51028
30377
20177
36595
50430
3109
66630
52683
86414
2932
18965
28903
86822
25248
63601
1960
64166
18092
75268
21218
26727
97161
92192
29644
16425
3147
87544
5101
6284
39311
4742
52213
63343
58341
98180
61230
89613
90526
86768
48938
37555
19571
27921
8838
72219
15936
73468
32365
90681
14963
30648
60234
85027
11155
74749
33419
26423
68907
97212
50048
52430
61899
39187
25581
64844
5241
64361
71736
36555
49005
73567
76414
82104
15860
8194
45235
5301
35165
20134
76797
24074
57822
30142
24201
96829
11671
57330
98165
34491
30509
80712
78545
91699
77312
48784
86545
51962
3495
16062
77811
45309
86569
78949
22808
22667
34321
43640
21452
89431
52618
1340
3372
1010
11754
55789
69373
15203
5217
27066
80592
51066
38945
97466
67794
48335
67373
55177
27455
24125
1965
69648
49630
40317
6888
56099
2417
49607
48529
61423
65456
62684
18967
37464
12149
23397
63545
63326
26595
31911
18577
96567
55446
57481
50850
73256
36280
30283
11952
92282
57561
31550
28935
76737
24559
41015
1000
15193
2413
82496
27273
23674
85437
58904
50119
79224
77900
33136
63329
82597
58829
19097
24597
65896
89861
54022
47292
73943
49565
94828
87497
16002
46028
78712
32622
80599
59905
11994
32941
32682
62782
48847
97398
66480
91694
70350
8886
89941
36860
96233
32725
36339
36204
41700
70384
56507
94427
11089
64549
96036
9157
92029
80269
61603
67453
48385
77613
93510
24208
63202
84917
77442
7984
85589
54667
85856
7335
69726
66061
34533
89262
25196
72331
75957
56543
34354
86102
38818
87670
176
16214
35871
76363
6770
298
80734
71647
43067
28050
13289
97553
1865
28406
47811
35573
78024
80166
87768
25353
20010
7427
20472
1907
26158
39895
97250
70828
79968
76813
53121
39370
53705
85024
80496
19940
26186
10808
53271
32933
71377
83198
6954
55843
50511
12867
34918
91496
81025
18117
19659
49235
32163
50479
56509
95212
35345
19427
29262
83907
15846
26777
74429
82125
57580
30054
80952
54659
42179
81744
52941
56375
38156
83906
4551
75962
30183
73296
26096
25184
86540
28513
39349
97232
66592
55525
96354
97301
5168
64743
24312
9150
5030
48532
47885
7911
74486
72602
24869
69656
42962
41825
86523
44678
45204
8210
35601
75220
47146
20292
27632
35335
50012
76235
8888
82887
52537
21228
58665
28886
59466
25598
38532
54183
26413
93692
61609
74936
8757
9808
39776
97067
857
45345
83962
76642
960
36856
37394
44518
35221
58618
66728
10781
12217
40033
94340
74186
48261
49557
91987
77319
53613
15523
36912
86664
8415
30254
20118
54376
17538
48505
49664
1749
29416
33713
42628
18633
10980
80822
22558
69387
97575
12312
73590
52775
25728
92084
17100
54758
48686
91252
12294
33363
51961
33118
74284
14560
10930
29882
95330
51516
10340
13375
64216
56616
9748
36997
91483
96232
53798
82516
21295
69124
32726
64668
6350
7506
91828
7888
86800
37003
11662
54873
68466
78180
33457
753
38327
81349
82048
51999
14067
83543
21196
12604
17731
35666
39792
23807
98004
65365
97386
17274
13658
61765
63157
80347
25783
78163
39926
33992
37940
86876
60476
68912
89737
93765
24325
90704
47452
50060
91212
85285
12048
29174
75818
58194
76309
12964
34786
755
88919
19370
30012
24681
35974
68766
38134
15719
76500
69978
69342
34136
91068
12495
62194
25833
55072
77211
57989
7792
1724
58662
54009
49504
80694
84365
8392
84177
76532
70860
69292
97758
52089
11637
85000
86384
83650
11715
32777
67581
6637
12769
75639
47294
29469
8813
69805
34569
2163
31349
10010
66561
87940
60796
40857
24531
9645
73162
87134
89467
53019
86013
10619
19498
46426
1077
96068
42081
40640
34955
24489
65913
43298
6207
64940
16003
9998
13479
94091
8965
40508
30590
90667
12154
29550
35346
74019
17209
32175
60754
62389
55516
63006
62149
26982
34947
85444
77559
82558
75875
52366
26919
18517
6243
41068
13969
64639
21621
77343
83817
78641
92527
93751
33100
46148
97543
17646
46312
1975
2656
91153
1961
37345
15689
56789
40504
15915
93200
39297
59671
28570
81970
85807
43362
38177
69111
58300
3501
84718
8220
34176
1651
87664
62341
45798
71670
93598
45522
82987
69080
52489
37696
41077
63083
3584
13327
55739
4931
94421
96195
61814
46501
35973
29921
84661
5435
82649
60236
46652
44209
24346
42904
85392
82049
86652
17867
75190
6510
86951
27453
86598
77633
98073
19691
97759
47990
55701
8500
84754
5880
10370
18282
70479
97144
96609
85336
45171
43999
97924
47724
52211
78378
74103
19540
72476
52481
74979
68810
33501
96946
82229
97239
88301
57093
59099
44490
77496
73485
42907
10448
66959
34688
49395
40337
66986
70780
90764
56627
51861
46390
66843
5164
79467
47529
55692
69620
95265
90214
23215
32926
47408
93140
82561
78614
89893
46900
37661
30126
69757
52044
25888
20579
49986
3794
57796
98010
30294
18678
78199
88091
63466
63376
65966
73158
22641
23697
47379
41145
29911
59486
16945
93079
46831
94370
34030
97422
37670
94295
50677
18857
49373
81455
48895
92856
80752
82948
21863
92030
78531
57670
94160
98114
63317
85847
87417
7638
64966
40476
20394
25443
9124
71279
28579
6172
23056
5404
84790
58320
22971
74261
42194
49033
49277
21637
52744
1174
61960
14740
14436
48694
46741
78230
42975
7348
70647
59007
18523
96020
1768
33027
1631
17877
52679
54645
96285
29413
6665
58575
76846
45791
64416
63708
62744
4835
72081
75511
35760
25618
22663
12511
7078
16110
31128
22108
49470
83133
29626
68230
37326
71814
24887
66963
15793
92248
5843
77776
19023
42220
43670
52198
70355
40161
20437
44513
23028
19825
8774
30980
64822
86773
34645
21914
87245
37438
12691
69418
21543
51289
86197
70120
34765
77360
50063
9479
14328
72754
20486
78744
44375
11321
31631
50914
19207
78035
39412
93975
26814
41844
53827
84090
65819
22510
69163
47586
20337
67073
17649
83342
40001
58837
4015
43302
53102
74802
45118
48132
69400
48580
56871
29590
50915
83760
67167
4582
37998
33006
35777
93811
951
44251
38289
32542
35200
37639
56526
60941
91069
93618
60159
38187
60173
90918
92060
91125
86585
85433
10100
52298
72996
34093
20551
55478
87230
69902
43124
23422
32484
9801
3728
62950
1372
47642
93649
30226
80683
50448
87507
10017
49313
92733
39691
94252
83201
5837
25715
86477
59772
9947
53989
30603
31723
33551
43062
40251
94182
59788
19931
44819
36110
36862
69893
5774
79078
88402
77464
91210
6262
83143
58029
20270
23948
14348
76942
72250
11689
27621
27148
9273
84416
85456
69724
10358
84140
3481
30621
30733
95518
90314
2467
76474
2655
56961
34746
50411
76493
82248
33361
24295
27712
22455
30990
34525
54605
77931
1130
18360
85449
94761
13730
43314
36801
82046
71059
2942
31496
57311
17763
15964
13946
83469
67172
75672
61949
62125
44408
29846
89571
22453
76425
32097
56479
10016
51900
24310
95944
54181
13137
55221
136
84312
22564
65891
60981
32426
87193
9953
82036
7176
1192
28687
42772
87368
27026
53328
20814
95837
96868
29764
6269
25025
27403
63309
55851
22334
63118
14093
68310
95487
84481
5285
57758
94936
621
57806
46069
55286
1606
32539
68955
55894
48114
5061
12958
62236
15475
54546
37211
26327
78621
70631
92285
75141
94237
22587
52842
95622
77884
5476
77406
85718
68528
79194
17950
93800
39782
88144
95282
74071
576
28860
69676
11734
57543
79236
96619
64553
64579
94041
87242
97399
21042
5832
10117
25295
48939
5826
20009
65051
25497
72377
35022
50941
69485
93730
81875
3443
36078
93709
6610
7459
52735
35948
63759
10888
14363
47297
27548
7505
80463
32412
12923
6991
84634
64387
50238
93093
14892
36023
14346
11808
7407
82897
92116
57027
52294
32507
22376
27601
74730
22422
29625
78135
3914
35488
93796
6529
5381
22284
5175
4456
14355
41191
67932
22457
59405
2063
24826
68083
25526
42234
53494
76807
78171
35839
32188
71715
9866
13827
84734
33024
31455
59133
93246
43989
17482
17406
5589
75837
48485
13832
73541
63647
78030
48563
24635
72954
21067
42281
56351
11658
57029
78629
12850
16073
16521
55432
62109
15530
57123
13921
77367
50594
39503
80807
49766
96364
45423
37915
57404
9891
75679
95956
80777
88809
17099
27010
93941
37505
22416
46531
65672
49113
59690
13170
32454
63473
73019
78333
5038
50123
22979
39425
30594
79734
6562
15128
92064
16647
70761
31874
59963
89089
55338
5889
82278
48799
73154
7622
68561
56343
48575
33682
36890
6648
5999
54381
92872
38309
90165
48541
86887
33902
46114
28585
78456
43770
55945
51391
84870
27624
76603
39251
35975
81584
80226
4138
70404
7239
73576
87535
21472
65683
23941
60176
97054
58142
20544
12141
29547
1519
17660
28172
97512
43886
30249
76201
59958
58364
71527
75118
10355
21410
54000
39985
42817
39822
3153
60527
20937
82443
22825
23122
58054
17944
80835
17651
54154
74053
45319
43332
72999
40237
7988
79892
76322
76330
13256
28486
33510
58808
50317
12192
56491
18943
25547
26192
57329
27901
1978
34198
80140
32064
93358
61178
85236
26351
64298
57492
43336
42522
60449
26419
33313
43862
71353
17382
84325
81250
20315
24836
92296
45851
22711
15787
1958
44371
61218
21360
18976
12848
8631
8901
14027
32207
87765
33139
39300
16501
39287
85316
72014
76870
80100
88709
24338
70801
40662
48624
84574
26460
30745
66229
96011
74342
78366
51527
71739
54329
36054
73322
47215
59200
81033
28945
85227
34081
41206
21774
3679
27630
50115
52749
32985
40866
56232
83776
62590
89111
81412
45547
53939
54310
49081
76512
60181
26871
45100
77004
2848
91581
8512
84601
14665
13892
44114
7079
87626
60546
893
76958
51180
91259
73277
21109
74769
29496
71642
81550
84061
33703
67709
31519
47444
50797
95924
56686
87265
9786
2858
55729
44975
75725
90211
92100
87302
17393
15072
94526
52134
47968
55750
1548
52609
7333
5994
75132
34168
28100
1686
60490
83826
59597
88734
65912
74976
62686
4756
73098
11643
12315
95737
26851
51383
81593
34610
17571
25539
54504
78196
67057
53340
54239
14207
6676
72589
30289
94513
76554
50536
89911
4
82822
85356
30601
68294
68276
56685
72306
87589
366
43632
47047
26541
48548
3820
85601
21323
37037
78642
45307
30855
11180
4612
52541
6873
40904
53495
79824
41323
15076
62153
89555
56038
61176
87537
92215
44077
38726
65026
73418
26989
44898
56378
54522
17953
46423
29728
13403
10881
97185
37110
94742
3415
68463
55593
50086
5918
40024
96515
24473
65450
63928
52867
18341
93199
38692
65269
90105
7306
18232
74602
83609
64674
26606
22973
29587
77965
14482
30039
37844
6134
73584
30385
74662
67331
70397
38648
77420
86513
47652
68150
58909
78568
17730
74046
84910
85093
12764
9929
50046
1309
14965
34227
87824
26028
45716
84636
25114
37393
93776
10048
89892
51249
42893
38937
66346
84493
83169
90137
83312
10892
17077
70582
46440
84556
2375
89464
59383
41822
26162
30886
7148
76857
62411
58448
94228
71856
10761
1951
9198
3265
71490
16252
49117
30368
70506
58169
67530
56477
60488
51139
5680
44259
69905
78206
22327
26059
35613
73314
61594
28283
23724
9469
8707
93325
1922
28479
85129
25474
55454
83203
95220
33273
56175
9596
30492
39841
54101
62821
612
33430
14894
27508
546
27877
58263
44779
53709
42755
30824
96361
21777
32310
39119
28185
69447
10547
53069
20780
13214
52509
29206
36133
72776
84396
56657
75074
53720
17570
92824
47936
26802
61537
76321
63365
25532
36680
85112
19589
29464
87970
19605
97527
56605
25827
57674
81667
17328
49958
39228
69708
28681
97591
43727
48956
32402
56118
65990
84465
29512
26525
16801
37175
50690
18812
55697
72757
59256
30564
63814
56675
2444
66223
77484
65018
65989
15696
85461
49674
82307
27174
31023
9758
96301
56383
63277
89327
86162
65250
38996
54437
29446
12588
42174
13071
69274
5422
28664
75654
78047
90418
50888
64540
78
81199
30914
64920
44719
43504
1271
6988
74315
82052
3242
64467
86557
72224
67680
13079
12615
94672
32510
22513
90781
28828
14654
4512
579
71899
54041
95983
66290
24004
36
76294
67159
41057
52275
95752
15172
56795
55003
28791
73238
98186
56796
9770
74380
66590
68499
19632
97912
67481
77691
69974
69366
1298
74202
14802
49468
97113
62280
34448
74954
86014
37969
29154
38728
57683
71943
93696
35090
17501
90064
44970
65164
95148
48235
75801
86968
52944
74670
19885
59602
28514
71162
70524
55991
97605
86631
42357
47711
78525
38516
95934
20770
30392
31889
13690
17346
28461
65510
89704
65605
77518
26255
67777
29779
30058
69463
23061
46582
85465
25656
81621
51820
51314
62504
74074
3294
12169
44230
50295
49044
73722
58613
64611
32541
49991
42508
30763
93377
26172
50174
89891
9090
31360
79804
49228
17485
11998
18886
33568
13806
41592
42011
71171
43394
39345
63025
75361
37226
96782
37016
24039
32592
82462
97361
37735
58968
67384
18415
18208
72279
47423
5568
28972
19783
23852
41082
37769
46484
48170
95891
88698
96760
85616
82581
42354
60064
10264
92374
62230
92976
68844
38117
32625
68092
13026
74032
89444
393
96154
93403
97388
1485
20185
55030
83931
90839
82062
24058
12083
93533
14031
54143
13029
77813
87030
46654
90437
25566
48326
92406
78737
13288
70909
80729
341
30163
31797
89368
43437
8237
23214
62864
18105
9170
65546
9265
7781
66776
43154
10289
11934
2316
82258
94133
22578
36502
98024
87789
6739
97154
78922
75389
80938
95403
69242
46322
82975
14546
19622
25596
16953
2435
19154
16074
70054
27976
64690
70889
38155
15095
3704
86804
62094
41447
80788
41002
43473
69431
20918
10123
26822
36250
42543
18435
14045
75832
54985
60473
1803
39400
78343
96254
89576
80209
78159
14481
11939
27376
8499
27016
4382
30898
55655
96582
23410
87620
42593
40376
54282
9152
73644
95996
38626
16609
19687
46034
76335
63667
89200
19869
67311
69911
37251
7190
69776
8349
25133
73609
38066
7065
35169
23251
92892
63024
91696
17913
95734
76411
44447
52898
65169
65647
80710
69946
16636
83315
46329
64736
62286
76152
5697
16162
85440
41581
49967
88172
60141
85567
35100
28799
34074
23111
90349
73475
4027
18807
60239
80953
62673
87502
45066
79489
63436
89595
31893
20728
37943
53869
92741
95716
44334
30852
38075
40483
83785
43630
96532
80271
75158
97854
60400
1916
52562
59126
39588
92085
14562
14400
21210
86587
97516
29117
8698
20629
20334
7530
45301
92812
68250
91800
39275
87732
51768
66232
706
22965
84969
8768
98257
29808
68669
71
88728
27915
18810
50167
92334
82331
55496
39772
7017
32266
23806
59
41005
33599
27823
59465
73042
20806
72470
61762
9542
73766
71866
84887
81309
23481
90928
4508
86629
43003
59703
34125
81554
46778
60461
39381
28488
78113
63289
45086
66626
28643
7804
30063
21889
41081
36889
66095
44031
77681
80869
72173
87850
25382
14245
37949
39080
59247
9711
29349
59445
59663
58728
38950
27210
69885
9242
81707
45785
74418
44019
30445
80356
32774
90967
63731
6852
69153
29791
27326
56717
913
82169
61856
62899
12986
60004
33776
51838
87781
32617
34661
61347
34020
8179
90783
84168
26285
75565
62098
3724
53615
63108
48792
23940
62068
89586
16542
19786
92747
41957
14086
61257
34027
61493
78710
4348
32408
33025
58038
92237
83512
18102
93653
65265
83751
54392
9537
82555
35817
15297
61
94331
90985
31702
68019
31820
84967
64008
36166
79288
31444
10064
75884
62417
67990
8472
92434
68579
67688
22816
91437
68419
24478
90312
48876
26675
77637
48452
22925
72880
68182
9828
71984
75971
32716
72185
17907
78971
