86009
64908
434245
447480
531550
473610
174457
12744
465258
74052
46132
21693
503402
298002
102926
215720
10473
498640
340790
164926
457153
424284
295197
415390
196996
272600
31456
406901
403768
102565
259691
493838
97735
516980
49729
28933
433972
308883
318394
163576
17736
342
105874
117622
168478
191356
173427
18179
119272
120149
474895
503149
46100
319247
51314
516738
333766
156789
30540
81038
284692
100579
405467
221752
36808
528528
296849
369143
419450
253641
344785
87631
493877
124780
449556
18565
194830
126738
9285
74163
63026
103586
245940
19756
403474
114805
507633
181248
167959
503818
500706
411770
184240
229061
347462
255207
440722
441574
170750
315284
275921
45456
523641
209446
359486
336272
122848
519165
66129
65222
276874
236729
522536
64358
157474
146403
75375
133513
394823
152820
326142
528966
377959
327689
509236
344896
322442
237875
283939
131818
511710
298867
67858
110046
425559
456416
499288
433588
303888
287038
250375
101844
207071
112977
381056
395965
512230
533064
71300
271206
81903
311540
359619
462193
412841
434452
112154
445552
75789
226715
156786
30182
343298
155747
298053
354446
378001
530436
535300
141545
490838
410838
116819
64670
359756
219492
526422
300649
50315
308147
272070
320370
242135
80374
326107
113458
30674
154830
109579
349442
307986
381448
17050
389280
459389
512195
114148
159648
318215
266414
61358
59425
449892
117471
341265
35770
240007
171420
468593
336700
405624
91338
10895
56823
232611
32630
29822
367398
332296
209755
441597
187197
48099
360328
76249
398
295892
85199
379199
475102
525089
308806
271156
485952
191822
137668
493859
344539
247836
54940
218930
414637
367731
108748
125181
184225
518008
180776
78452
231018
139923
106885
447387
308036
136841
215491
66987
190398
310006
480829
144816
166605
59219
520610
130907
306433
31208
513979
353894
292805
474892
358392
458863
26589
402141
128308
361693
394944
278031
527508
190834
392217
388698
249286
180269
178743
105097
250834
109405
285771
376900
452067
112487
150369
262236
22641
270444
242708
437705
223664
220128
502838
330847
357580
350595
163851
74798
417820
1669
331394
521508
455919
523975
19326
63978
118234
159325
434752
184257
30530
234693
305377
112755
199062
272672
267370
289515
328892
211749
222791
343906
500565
503437
438116
496526
66101
367562
306335
360745
479572
1015
412871
500746
3518
140427
83220
100766
415547
110276
39195
35577
219068
131191
219152
387377
119492
477942
109070
143993
389136
417394
184811
4889
72323
203395
404312
237392
524504
324987
304158
59719
509513
266292
42048
10256
294923
109501
195495
332942
180673
360746
293946
510499
346582
90191
196769
64705
245410
292601
454846
159432
235777
101986
62089
241953
186835
218402
77757
424365
404830
150686
279248
173460
212316
290122
18994
145336
206973
31873
287012
118681
416359
55181
331251
26424
305482
134829
346735
367711
128306
199177
197099
199919
193366
88969
400553
121685
127144
470245
273848
167632
47261
328559
113556
115005
141958
367530
42317
525854
283968
343767
305527
406855
169691
12
113887
182899
58595
359569
361919
275710
262046
386563
526644
411567
110113
373966
250295
158017
356851
196801
433761
211229
23857
474369
209143
87911
407199
231585
295152
512828
242846
107185
215762
238887
497125
448678
520506
255169
260513
365688
47981
17899
218633
101157
79143
229202
520541
302510
533251
282044
153827
222752
14881
81940
296156
486750
477343
126871
117323
116862
279477
86367
126268
116079
535201
429741
90898
455238
469755
239209
84072
104997
183494
306434
253030
459550
192684
335932
47110
463513
143038
365247
91784
406828
20244
290579
218533
352075
44879
444344
192056
334608
24814
55843
193832
360486
14541
474254
204166
507385
211260
447080
347564
346625
119520
423749
136909
512691
388092
332556
168816
501319
399287
497940
303399
340627
441415
522733
521758
344177
452980
390998
332586
158177
382139
416137
490325
378255
439526
11652
526378
238642
63260
352912
442149
319786
33272
108946
406239
461823
193829
14592
182545
248703
110703
502695
63352
349682
524047
478450
272094
375073
520763
98765
47710
131899
362949
403171
261216
30349
168512
177161
37168
113454
42172
188634
174043
315128
490337
376336
265224
354899
238524
21093
10161
197116
90625
355166
367517
432998
176683
276277
266630
26612
239582
189025
344236
277288
359033
510597
447702
366067
387901
359069
254126
44638
308213
307408
359422
204196
171550
45652
492718
74378
255041
238848
38812
14578
446628
96295
445293
509178
101142
152322
129833
340731
122889
322950
282748
112161
389250
475576
466053
411495
239232
57327
7376
98853
27712
265315
440155
228239
421694
246565
133897
231150
191649
313932
447235
50110
349334
144469
451427
334824
71664
314946
386756
141475
150468
77710
277670
201244
45102
273131
202763
99595
418486
314237
421329
467825
323416
440190
32085
281797
398420
251434
318453
339681
306263
529733
279042
276298
423509
24945
132852
200536
432889
340811
81907
451744
17814
240563
464529
345445
107130
279564
290449
43010
116092
31202
463652
246532
272092
301806
208149
112530
66108
217330
90446
297926
385152
405153
44539
190193
161259
309928
520292
461924
237066
384413
100399
144216
220206
394059
392177
245957
116649
330239
275507
489206
313857
445503
64239
366744
65615
383862
95383
302245
16778
416573
121404
306333
517487
231084
281848
414300
438857
303735
487962
76078
391351
136133
172378
123017
317929
383367
392184
369205
146488
348696
34488
304016
248191
136059
174527
346085
530399
256862
324072
60853
197058
223082
316958
421170
86380
83809
36747
405014
41883
491147
355014
7860
317759
26123
323173
68512
52747
452761
165693
462761
349194
527976
97281
368694
454427
493298
319500
468202
202758
61903
116698
153379
435483
243780
482755
145396
399838
500708
454960
449091
45225
469961
215345
287588
466951
501994
110336
502584
184523
309056
500887
329554
108901
400182
203059
21829
531203
113939
42585
466112
260329
50053
274109
187322
288928
22585
215764
279306
508430
406550
387646
80293
116070
134039
242949
505188
328761
184901
497952
190365
150289
165197
255089
46867
100891
281934
187336
536043
121372
26310
238249
535132
529069
418535
304160
436018
136816
327735
92123
242087
265589
357205
87788
397300
261075
265818
103321
63852
369000
236280
237474
304095
162352
489250
523513
297133
183292
485524
412152
152106
204615
210085
272377
475297
361561
241515
66092
329323
85284
319690
421593
533337
22111
362533
19237
90185
444056
356185
6726
513898
8713
126047
255660
245586
194388
505340
285290
29091
102007
234841
502592
392347
96356
376300
167007
65487
243326
64982
284578
347874
97544
269916
472325
461029
51969
257101
87565
421065
456791
353346
486566
114342
400598
378919
468281
70720
213774
505542
320174
288581
235886
136915
97453
94557
366141
57735
404977
441097
484458
102957
244867
131086
399318
107501
84140
19656
377008
146773
535002
502268
259687
31149
423015
527020
403490
503242
61518
463670
365176
283165
32798
109622
260811
408671
375431
441329
335612
27038
227169
360607
524093
34959
90508
30738
353639
154975
252126
274971
30138
245767
249312
274506
352993
126095
98917
521527
18082
25368
135087
339980
107465
168211
259386
50542
529354
453503
421508
385361
102895
31390
493641
258130
367717
211785
347681
19149
232122
294039
32722
387197
526647
180045
220731
231019
230655
357400
218764
494431
248782
195359
304992
164300
167083
270836
99601
96634
63460
312898
68645
126642
455640
233754
157299
445319
149869
180171
17720
461016
149970
221128
138063
333332
103569
479835
500443
451231
291689
535640
331356
441976
64647
346146
300777
133475
512315
224287
322291
48439
362147
486935
158683
206199
407813
133781
230603
231415
7787
98803
304698
474836
246981
160461
478260
320648
106544
323188
295906
11484
5403
203833
135453
292274
382297
94116
341990
326891
424970
271765
502599
502193
34716
395036
54502
82172
383787
478659
481990
515012
186581
450189
422217
416815
486959
329674
52023
199589
223224
149283
150751
437475
527444
348870
158027
332097
332015
532380
432201
300438
491269
239381
279362
90658
363940
303100
42984
528788
365428
81418
439941
409102
399
292179
76901
115560
458485
193820
40399
275811
292078
53685
212305
117965
525991
287512
78912
109924
205238
483483
115046
324528
482570
73218
226616
225046
342327
469226
447665
10603
458253
404072
290754
526902
233349
438118
517315
457468
304167
42879
475358
290130
21506
193709
158994
534826
435790
21620
189330
357169
194639
10949
81694
401483
467590
20106
164513
444481
283311
439711
262156
176932
44550
472040
126708
456008
375860
115931
411067
111166
71050
438451
479080
306859
224758
270866
386349
454120
456952
264548
136123
109275
452966
459578
227732
218293
453931
18965
233978
305323
38067
344648
111770
281583
342553
258244
343589
488319
269988
321348
438335
476346
148140
409918
449203
67923
499522
501439
205024
358901
108694
359100
214182
46572
144819
135928
361214
50360
166477
322331
470034
411269
513172
485308
471532
132507
501108
201818
6136
132312
522045
125091
33449
478437
372547
522612
46438
66646
309936
51968
371311
38518
278850
462427
451971
250821
456511
230278
318829
286272
433994
86575
419645
257612
95642
257037
410671
263208
291185
56148
491299
197398
177293
435390
73555
397435
67685
207591
254311
221738
272023
229611
252326
355396
100290
238056
228351
234840
81650
86692
415605
51475
519364
452628
193905
425816
517100
153557
346704
489775
527031
184739
147002
28463
201819
491598
130219
183322
200292
42070
69628
463823
467698
64458
411352
171033
110970
203061
108792
397443
159676
246689
256736
95042
432316
403916
217044
531161
328874
366808
10755
55112
88169
98396
367534
76221
92437
476700
232372
34613
397886
496076
209684
423116
105752
406029
218517
209883
181082
528208
264867
502373
138071
126115
81899
502002
164891
286006
521963
43937
32441
237084
240863
397217
440892
179612
252628
221996
47333
215573
417867
427913
487344
240402
53516
30168
473227
273262
336549
72541
113192
479987
32285
154513
965
470827
412612
458939
102507
309901
234361
191761
108938
301825
357771
100848
279932
326709
428991
291103
255402
392480
41031
211384
162842
67688
392334
184574
221776
443339
148913
177442
309364
6792
502718
526965
128728
118411
135023
109384
394563
220031
50229
209697
114836
375638
192953
181738
99072
304790
225195
150552
513597
319914
282570
248100
402540
137138
500798
58156
466407
446825
523046
442044
341272
357379
202361
216398
148696
303158
256199
255257
232065
406573
514938
127513
47047
405744
391464
253068
381089
12705
443261
316681
227944
86794
757
358972
434206
350302
368629
289446
5136
72215
266546
442782
60176
513803
334335
162905
374442
529609
491940
506830
406032
182737
107184
294200
119186
80674
276399
312385
508600
408010
478378
448567
350158
213236
330704
95402
334162
276422
247546
241899
43863
118328
452700
56068
159153
454660
310054
244939
444086
194045
113242
170143
384508
163391
350323
349588
362667
109218
292299
70742
78147
224390
422699
64983
117369
260434
471173
122674
133566
424247
366702
2328
424659
293655
350709
398397
463649
403341
514209
319950
94595
107009
105441
109633
373648
77766
110254
370351
525808
163929
289569
261766
372405
512730
93318
190668
374574
503769
320108
172863
273443
136575
511804
309729
527860
139934
107265
371081
51798
101549
148202
351532
524591
271599
112987
520224
300480
157195
902
494633
520455
53498
507874
196655
529801
416999
159875
67868
134081
309226
246119
520772
259246
211093
400196
201782
275797
391269
381212
217562
201295
481646
527938
184141
256276
52482
104402
380471
249144
481241
447072
500581
260924
201399
111980
433878
528850
142478
381202
58886
185882
372366
3391
147630
70553
494572
258449
450516
208723
424919
140078
443796
176824
160796
218848
102269
365893
152175
13864
458848
125293
299187
159743
117755
55817
49359
476620
182434
208641
337046
293717
181108
363651
317587
203678
300995
375102
279869
151025
136083
292013
199076
211932
310043
83973
186785
111971
124492
3797
374216
329062
523472
363307
190906
125019
247257
471403
128486
276588
214146
198422
228072
491755
209463
100535
133627
61787
284334
349897
463164
227919
501286
326197
65758
343487
82466
122330
197130
398585
94070
458186
482746
165487
447673
430987
151353
301246
212769
313277
200600
484982
14157
366599
13096
276222
390768
348348
476058
168845
403689
234905
398176
250322
156186
407253
449558
491139
205803
138536
478416
293913
233589
316840
333556
60101
200970
519999
398788
312443
485286
320813
89552
428364
269924
197277
9901
485542
114360
21504
383972
445000
281210
178817
505022
263762
360196
211089
445385
228627
435156
420555
349502
81242
237340
207477
41231
310295
317204
498152
395227
490694
101654
254481
529506
499296
348775
404381
533444
266277
145649
102411
393883
406305
471561
109117
65075
275369
122635
86346
208612
225888
222124
220615
137694
362306
511506
327308
424801
206582
309355
11807
221609
416669
85722
252490
203026
392726
21124
474657
525039
532360
198595
480110
534734
185859
129226
203459
525317
65144
302544
404377
61576
372197
188112
28309
123147
158033
447083
464714
474458
278680
520993
52186
400577
289578
12271
48596
528977
396877
216666
367908
206621
309702
19116
380303
193712
501259
379835
99822
41830
250567
114970
302581
300341
268888
149582
248501
461852
248857
279503
187388
22453
232800
339044
44329
405020
36653
26948
162626
367097
383397
211314
318239
144587
223426
389222
507025
263187
81432
138794
73941
40482
190025
315884
38661
207847
511580
246966
84990
79764
401476
418241
129791
308325
486313
101389
286813
453191
67972
253340
111754
119591
37040
309317
48020
388176
285474
135423
417084
206530
452410
93075
188947
501839
248212
411194
88054
411647
219387
140840
78274
116180
70307
273906
528738
228036
31951
347783
288957
247961
96827
330966
76228
258387
188682
217871
148397
260440
235047
215658
155280
285203
311339
295049
24001
156314
27308
199889
450936
85892
53131
388869
245456
10737
180650
82863
161034
35950
312754
410004
56579
210698
320015
358367
290644
85372
200278
227168
74773
303107
528663
484096
211621
512406
304958
437137
439572
204537
506363
305138
456731
159447
339592
306407
136317
300880
405880
294865
44583
311297
115511
458592
141856
177793
448744
281612
216756
336280
270553
530496
414770
278933
504334
465295
277639
324244
171379
81356
225640
130243
321588
278176
238003
404802
305868
334344
213890
197465
533745
337610
318764
52013
259315
61373
55468
66212
387681
26858
296194
354726
273496
516934
408606
252460
175916
189559
455652
317754
296518
504960
523965
106384
358176
147014
66328
307028
391104
302780
263892
22127
157169
192794
304855
404092
29635
413544
257649
492513
250086
29123
512708
16200
477063
236649
303281
487146
7462
357719
526649
32908
133633
162726
165384
533768
298804
429337
172920
383892
101991
63170
166591
99162
477810
361748
127024
237670
9408
84097
359899
93074
316757
298985
332557
123374
18316
95149
17437
377236
