22123
8432
12158
12006
4167
3883
8072
7948
24448
25136
7476
10984
14993
23590
18516
18986
16436
12037
23193
9914
23944
22493
1044
6674
15581
1423
15835
17026
6526
16609
15952
24494
670
12480
26098
14942
8173
15720
20609
8535
3717
6867
2555
4721
21325
14817
25135
21680
16947
17185
22884
22798
23935
24773
1775
18746
17862
1612
21314
515
18582
6253
3251
1847
5497
19537
2692
18627
2060
25227
3753
26070
15427
9811
16650
19546
21898
6259
3740
6719
1147
19294
11265
23916
25473
21904
1144
2945
22295
5799
15941
24615
867
11070
5742
13347
23843
15419
5122
12040
18768
14963
20221
8229
19642
24199
15926
3961
16474
26504
21775
4516
26622
18496
4329
9531
822
11290
16774
5454
18528
2849
18364
2349
13491
25493
18548
18764
339
25564
24980
12321
16603
9918
13925
22723
25973
1976
15756
3153
26367
17253
25379
9750
1632
18676
25899
6590
12151
26203
9930
9764
2661
20258
25840
764
21445
10987
25241
13167
4250
9799
5714
16720
26438
2176
4375
19995
26195
1402
12217
20528
22833
13670
15056
1769
10996
6081
5453
19402
20718
25033
15578
16429
25155
15019
13570
25307
21044
5327
7375
8934
9207
21688
15078
3093
5201
2697
15993
2631
6766
239
14203
2055
7427
23967
17904
7474
4561
21533
7937
16505
10512
9828
11381
23009
1374
19555
26071
12448
4328
2052
17978
5815
12748
23573
19835
12234
10667
11434
4774
8345
22828
13929
13654
1057
13498
18370
11526
13041
25146
7236
9020
4908
14458
9444
1185
20700
23467
16354
7165
4647
6696
8224
1772
24039
5821
20833
5045
1897
24011
11816
18952
5997
12887
846
11495
2159
17580
461
23851
21200
19551
18338
19549
855
13442
5096
21902
23107
14491
23058
17920
12464
12695
18251
13247
8567
3177
4878
9302
4865
60
9486
6523
15627
9991
26409
3879
19464
19767
21159
14425
3201
24771
14926
3133
24886
3590
10575
1316
4372
25278
19944
6420
20768
7960
14599
13134
14384
2824
695
18780
3437
26161
15534
18298
24791
5198
19986
25941
8904
4157
18662
18745
3106
15286
26325
12435
26213
19515
25301
25287
8475
19634
7632
20699
15576
18361
9854
19330
19556
21535
12947
24708
26556
17359
13179
11956
14472
2385
6829
13959
19508
26173
7056
7636
8867
3648
20723
4031
15295
22377
24406
25106
6239
5749
9627
1062
18462
14281
3096
21610
2491
3239
10419
5691
1158
10724
21639
14898
1022
12020
23263
9653
11581
7271
18995
2535
1909
22439
10491
17053
18334
8684
15737
22135
14056
982
6070
23012
23567
18483
20462
15752
14759
2436
19542
5725
24253
14706
10663
20852
14297
16658
20068
15038
7295
15922
15303
11361
10615
20796
7971
19177
9894
24221
19083
13635
25787
6017
24671
14966
17979
19742
13991
25619
21830
10363
7500
13841
8594
14053
15751
1649
11948
15087
23975
11392
17743
2264
17399
1500
25873
16888
9490
20178
5226
26388
4335
25920
9331
6924
4381
2379
19664
24268
6792
4577
26433
14439
9275
11283
13822
5354
23619
5969
2760
10948
24403
20398
9540
18997
19574
10315
4301
20368
22020
20399
17195
7050
10307
16539
25932
17689
15640
17262
11930
20010
17847
14838
6581
6980
13608
19843
19503
14410
7793
13689
18431
1294
23364
17860
18979
10686
14099
4253
3119
8191
5662
26091
16545
5858
17191
24042
20520
990
6769
16514
7285
9074
24590
4008
2712
15923
2714
6015
12013
17456
1740
15105
2098
12587
26185
1948
4613
4306
2373
26133
16665
15430
7328
19191
15652
16845
17799
17950
21225
6771
18894
22876
1013
7289
12394
6535
23720
21640
9399
10814
25681
19388
22139
7647
13880
8707
16782
8930
13521
25462
16656
18346
10117
13456
9476
12330
3578
13673
23099
14468
25806
2845
24092
1781
20420
15670
18757
12653
10213
2674
1749
11481
21545
2242
6969
12112
4958
6505
6211
17520
7512
19341
13598
25389
15800
14166
6365
14909
11319
25148
1045
25323
17555
14918
6126
23199
17434
1790
7555
18263
5776
15504
21761
16659
13034
19563
24745
22877
10829
16359
11304
13931
26014
7147
12815
24812
804
4951
2547
25016
8808
148
14155
896
16747
4459
1092
9041
5470
6777
20224
19967
10160
24475
26204
22140
17677
6256
5058
17583
2752
1996
9815
23739
9529
5374
26095
10299
5447
11328
17082
19406
7268
22341
3083
9784
1344
15656
6561
21621
8944
11259
12625
14147
11506
3390
19898
13531
18488
23871
21995
21180
20891
9806
516
381
6584
22511
18144
7846
2224
26396
302
18312
11021
12789
17905
12542
16878
26532
20126
5831
8980
26127
11657
24330
2005
14258
22558
2538
14245
20950
16788
20096
7847
25034
20529
12936
15450
17001
5007
12233
25395
3881
4546
16023
8735
9276
22090
20982
17446
26370
20715
4437
5865
16069
9105
18944
12874
10835
10843
23427
25722
1826
2671
17503
24220
6057
18702
21071
7777
24975
20471
16975
23297
13839
13305
20179
11053
25260
2032
15616
6236
10376
2603
14892
6379
15935
2461
21782
22418
25962
12676
14435
13043
14177
2327
22987
24611
5133
20426
2964
4377
22685
24144
5321
14933
18031
10468
904
3722
8493
13662
23658
2342
9213
13296
25439
19842
1121
4859
10050
10815
20389
2892
6378
25694
19119
20144
15391
18000
8410
26645
4344
8449
6748
9950
187
9202
15350
25113
17205
12016
20691
4385
5925
8179
14145
5036
18087
19333
8508
18026
23579
23223
9499
15660
4756
14062
4709
4850
19877
22837
6290
4044
21013
10797
17972
1511
11856
4740
15915
11512
18051
12861
18875
15436
6796
18790
1343
1165
11663
23113
5801
14127
19425
9235
24561
698
9497
20802
25007
5639
26518
21628
19086
4601
10289
7114
14229
7648
924
12753
13631
20280
11540
13119
4950
15544
10344
8156
12100
1399
21148
3060
10322
11271
22173
18779
4684
24311
2154
10989
2825
3645
21603
14657
705
23495
7834
12078
22130
22911
4911
21430
24851
25340
16031
5741
16111
10316
3979
267
9464
23412
15667
23010
20999
8676
13354
10328
10685
11719
24478
25556
20643
24205
16279
20596
5031
21178
14724
19548
13676
20429
23660
24620
11384
5863
23829
2418
13482
26260
21307
20422
9098
10661
20130
5924
17878
24978
21244
7990
25082
26652
5950
22272
8502
2710
22155
20972
22296
9709
22161
20816
2278
12123
4493
20171
22650
16829
4930
25802
26177
12681
17161
1870
23517
15426
19696
11749
3353
2863
24360
9843
8034
5565
25506
16951
11230
7751
25163
22097
465
10014
21378
1565
16876
21673
20188
3389
21272
752
20359
17136
25396
4637
13932
8647
5937
18053
8365
156
9122
18229
1748
6629
15552
16639
17668
16997
4422
25258
21504
5473
7606
19871
7988
9158
12129
14358
18480
25848
10521
20459
17576
11875
17723
23893
1228
23867
7434
12971
12948
26259
2223
22381
5952
1394
19572
22361
3538
19893
25876
21616
25857
8609
4362
10230
1296
23856
9294
9146
6063
15155
23626
8450
5456
19260
24028
25960
23858
11049
23090
2125
466
26170
22538
9971
18639
20821
19139
2642
15522
9909
12135
12664
23011
2958
11879
8099
22611
10223
2432
25089
19184
4922
708
24887
7721
11435
15420
7368
11626
3947
16944
11449
8456
20761
11911
5902
5751
25399
25982
5258
13927
10882
5943
13129
5477
12087
19404
25306
3848
12382
4011
3010
12966
11031
4675
13090
15415
4086
16840
9504
15086
9073
8919
11520
24641
5615
952
15777
9872
8866
24573
19117
14373
7905
19107
19685
7586
21033
13213
25965
16457
23344
26036
23
7892
80
25803
12918
3709
686
8910
24966
9163
19517
6684
21650
427
2277
9566
11573
1164
20468
25150
19411
5138
25508
26301
14731
22819
24363
22774
25832
6786
7126
14873
5733
1437
13945
19455
5616
23276
17527
7413
10676
25200
5049
3074
15906
1777
13947
8387
23048
19978
13026
9933
5402
25249
18686
23262
21281
11198
23362
24740
12051
21542
24930
17982
17348
8940
13346
21656
23252
4751
16648
7469
24435
26638
3581
23744
10349
5044
23474
2575
23399
7590
3933
26525
9969
11196
23490
11782
21393
11571
4029
20369
12522
20724
26397
9234
22017
23903
25311
4004
16068
11133
22857
8861
7180
2926
24402
14394
17949
2289
21890
12821
13291
4003
8293
23172
12307
21646
3377
26648
20956
21657
1908
19879
880
10257
21501
20868
9388
25850
24541
21163
164
8418
2785
5819
5529
9371
6147
7691
10280
20968
26012
24728
3751
10131
8451
19936
16723
5329
3203
21194
11691
20219
9958
11702
11801
11332
24563
16487
24713
10909
23952
3568
18335
17046
9052
5339
13004
6636
4416
6197
20091
19261
11523
22841
15292
1524
24122
22122
6857
17746
25354
1813
15089
11799
7207
1237
14174
25195
17022
26452
16435
14047
13910
6549
20997
17971
22966
18171
23323
62
7798
1785
13174
17619
15290
5411
17894
20837
26128
25129
11433
9301
15989
488
10005
20227
3922
12615
17482
15663
13068
14235
4632
13541
15709
14756
8004
3544
8777
4895
16011
12634
23732
3220
8699
22807
15557
26588
6146
11659
3904
8898
25513
6280
23287
22909
9007
13111
6963
21577
14052
2285
7607
8761
15683
23097
4902
8330
13387
21934
8053
10334
21946
13152
17114
23793
19423
21604
24308
16441
25303
21681
12316
3684
8144
17128
25158
10311
2971
6006
7326
9884
17309
13461
8697
16663
17645
25936
826
22875
7317
24065
20310
1128
18614
6670
19132
18809
18100
17931
12532
4871
16275
18311
15893
4836
7039
16787
19410
3518
22184
25186
12244
15742
15029
20003
12803
21103
19591
18772
20883
1771
97
20927
17849
26535
15027
5541
12459
12910
16117
20925
19597
19900
23150
20792
25197
23147
10532
6962
18899
12813
15115
21618
2998
14289
18540
3333
19006
1149
6286
22048
12541
11806
24003
3324
19036
2259
2704
16904
7032
2525
4401
10811
209
16982
17809
14356
19980
19466
16773
23766
4519
23310
12427
4347
10456
21279
9816
22060
22630
23357
1203
3379
14743
24320
4614
13437
12900
17560
18938
8027
14678
2387
1580
1857
5550
15157
4907
18114
17477
20658
63
2500
4660
9157
23220
15277
4486
17620
22603
7260
25563
12830
6507
1068
4012
22689
24374
4629
17416
9862
26225
7984
24103
15009
9062
26077
1129
16332
26436
13488
8496
16020
3686
3240
2280
4869
10370
10118
26289
21740
18307
6648
17387
21436
4425
1770
3849
1840
17623
26103
12771
3731
25561
13301
18671
13757
5621
9984
20597
1182
736
2761
5874
18039
20910
18323
24214
19528
13572
17226
14819
21720
8998
4548
3545
2965
19882
3852
14509
1837
4937
13507
11337
13940
1225
26049
17490
13786
15247
16049
11409
16901
2020
21010
12294
17282
18079
5005
20125
14774
7550
5033
17516
11296
3262
26075
10616
16183
347
961
5588
24607
9827
19878
10130
8076
10499
1578
16853
23879
4590
12081
8037
664
7800
19740
8110
25361
13263
21815
10798
3167
20230
24425
24609
3646
1263
21106
13445
755
1845
5233
3680
23477
16126
22373
3154
22085
4258
7104
2016
14001
2467
5703
21421
8258
10832
22178
11836
14122
21238
23270
13893
15066
19694
11593
3642
4230
2812
24082
366
23260
14884
20300
2103
15501
5237
22836
6456
11629
21982
24570
662
18834
9138
11246
5904
9795
13317
11555
4744
10352
17967
10716
959
18240
12173
17375
1593
1671
5186
16828
13999
13966
13048
10305
1117
22684
18805
10584
1001
13578
10577
26547
6580
15582
24485
26378
15360
27
2898
6288
2420
1644
4287
18932
14583
15871
21704
181
9546
17041
1683
18622
18083
15232
6571
2214
25476
6404
25375
6864
7567
8836
6737
611
14206
6060
11372
17454
8292
13525
24284
23208
11374
11516
24446
12529
19983
4511
11923
1713
7080
17124
385
23075
2367
25467
14605
16224
24045
3030
15180
18720
12461
18002
23459
4074
8165
24729
5990
8945
24947
13297
17305
11137
4565
19155
3790
11854
25566
12428
20401
122
21000
24604
7705
22275
6653
15394
16894
5951
10360
4690
23630
12397
2871
970
20013
4880
8373
3246
18644
26164
11275
25324
17567
12436
317
1554
5966
17500
3387
2779
16352
13236
6649
17220
17172
18557
24968
14673
19116
26223
25080
9072
5911
21414
15359
2350
6355
14497
25871
11499
17581
6984
4808
4788
19803
19713
2002
26449
23331
5564
6007
9311
26199
20291
23037
25511
20124
6221
7848
8681
8443
23888
10194
23003
12261
21066
1712
24855
8947
7881
6335
19856
14070
24577
5657
21273
3478
13679
306
21166
8347
20754
12429
22285
6982
19521
12283
17981
17534
7885
14794
13060
18227
598
12558
15668
21144
12591
19841
3685
6874
15408
13470
10961
15075
2629
7233
11309
23610
4169
17096
21264
11704
5291
11455
12200
21177
18200
24389
14157
26052
2366
7355
18172
17395
19495
2132
3691
13144
17337
7552
3824
11601
16998
6001
13121
17186
12648
22718
22386
20693
5371
8595
11085
3764
1357
24388
6401
20197
1163
116
13135
25623
21676
17602
25929
18475
11855
2794
15948
3456
16322
18862
6682
4570
1609
24552
19048
16415
20172
21346
20349
21334
19413
2313
12896
8259
3039
6244
14096
7472
23528
6626
4970
3793
2728
25363
1803
7411
20298
939
3926
4113
12759
6300
2834
17453
8752
7222
23045
21233
8591
23378
379
20228
16475
17797
8161
25319
11857
11964
147
21648
23994
12980
18814
22806
14786
15479
25198
4285
13802
24751
313
23032
26082
11894
3238
9215
13933
6602
13079
21849
6730
11316
23116
436
24806
9423
5023
7693
15033
3178
21848
12660
15879
8802
21495
9841
1070
18769
26065
19008
14192
17223
14008
16879
26179
495
21096
24933
10946
12024
22956
6780
13766
14978
21653
7827
5843
4118
20926
15243
16192
8386
19759
4116
9516
11285
8582
1261
15867
24756
1253
13329
2296
19208
13388
5988
19207
16784
5494
22057
9722
10185
13404
19291
259
21989
13669
1619
8770
2805
8486
23703
19077
4639
18426
18244
8533
13095
10701
22004
19976
14447
17033
8838
26376
4960
15759
11787
22935
13321
23753
23707
26218
21891
15494
6778
25909
7940
17269
3514
22653
11130
5694
13039
7164
15958
7712
6366
26126
2673
21043
26152
2442
20758
13646
18650
13582
16150
19518
6170
7669
5306
9420
13721
18185
21920
10871
5629
10365
5534
13190
9921
18674
4241
18981
20038
15212
19669
25944
553
25665
10682
21128
8113
16066
26178
2709
21477
11147
21058
25043
12157
740
8818
21361
10803
25752
25828
1728
14773
21213
18115
3383
24084
10913
15676
19055
24200
2703
7145
13820
17885
10681
20160
31
22248
20375
7098
9962
15588
5964
17483
19181
6803
3500
19197
10911
5246
4148
16968
11076
12901
5920
25425
9648
20638
10303
8447
13127
15342
12161
9429
17019
16161
13790
1385
22368
19199
17713
24766
20453
4457
22094
12110
5356
12836
8690
7901
25943
24653
3794
21435
4532
5123
11779
6673
11784
188
10449
20938
8237
22524
16369
21347
22981
21045
71
2438
19399
21806
9965
2025
12899
9197
26160
22313
9873
5243
12152
10096
15061
16131
25369
3957
22299
18107
12941
11235
19451
2610
21172
1851
14200
20414
6125
16755
17480
17474
14762
2312
18237
5825
13742
10047
16897
23491
11170
12605
9385
1516
3854
12570
25891
5724
21736
26465
26560
13375
17813
14890
25515
21498
13501
25044
24669
4049
12505
1015
25968
4202
15020
5929
22366
1873
3505
4237
15451
21149
18933
10823
4076
1160
11984
1073
15080
16909
13367
21602
14087
24227
25791
1604
12829
1449
7729
1002
16226
20043
15904
22224
5403
23855
25812
23519
4475
26448
25368
14971
24479
6838
718
11649
1390
14215
11371
8613
25551
18865
16599
24949
15973
19497
10666
17004
9267
14846
12468
20552
21475
9823
8717
1794
12853
9608
13293
14739
23319
13422
11946
1223
25392
14315
15316
728
8435
3814
20671
19678
15669
13611
8271
9667
1415
12528
7211
1029
4986
6107
8090
22289
16463
25382
11877
26023
22844
10920
7538
9611
6252
17438
12669
10886
12870
6321
19166
5856
10414
272
23240
9283
22563
8431
9628
6359
22796
3999
3434
23751
26627
19653
14378
20162
15467
16010
23120
20862
10968
103
6848
18132
19734
13359
12010
15153
14928
18977
18602
7272
5457
16760
19046
19343
19693
10629
21015
21462
1014
22242
5442
9433
9106
19416
12045
12577
1313
25104
12518
524
13098
20094
17208
1893
22783
12718
1733
14507
1071
10020
13707
22873
7528
1798
15449
16679
19361
13361
24414
20384
17486
21125
21112
23305
2568
17499
2502
21289
18903
14513
22738
15495
17192
15203
3900
21391
6512
3264
15538
23284
6938
19579
18022
9633
12339
8297
7867
2024
19757
10840
14740
8951
1684
1162
26022
476
5425
7535
9312
12812
79
17032
20097
8516
19821
17671
19919
1603
15907
13741
19144
12893
10004
14093
9054
3971
9761
22709
25270
11639
20133
12509
24618
12600
9623
9523
13685
25434
1633
1304
15525
4089
6342
22279
16400
18818
23607
25926
5683
25408
15535
13917
5018
18365
12682
21555
26390
24594
15167
22416
25583
10659
9265
7745
949
15716
7117
11800
26549
25712
23953
14126
11498
9650
2983
7933
3300
3744
17108
18145
24120
292
13480
10135
2733
10761
17715
15063
333
273
7765
16454
5461
15796
11709
18607
6144
2818
5689
16213
23661
9986
10298
6156
20184
11763
4852
20217
14055
25479
5647
323
8586
7763
17213
16785
7031
2851
14957
19076
19422
820
11367
13621
3063
3110
21642
1169
13536
10910
26029
17643
18605
6733
16030
18888
5277
13342
8580
20052
24470
16008
11716
18835
7021
18529
3204
14875
13467
10657
23052
15396
4539
16276
11383
24712
5532
18310
3668
11270
15852
11354
12814
6403
3571
20140
22519
7757
12513
22864
10622
12479
7141
24183
16962
5813
14719
870
6431
19707
24150
22622
13202
15076
13858
21771
6046
9689
19519
24168
22431
12242
9394
3588
9501
11999
19650
22820
17458
25081
13973
23428
10466
7082
21810
17029
14180
3327
20765
16248
18330
1962
4096
19370
7195
14698
21880
8742
24530
12744
2559
11747
6677
21397
2376
10155
24243
23235
6009
20642
17374
2229
14369
6055
20193
7073
25777
6189
6658
8639
15042
7536
25814
8056
16702
17174
10535
6902
17109
14412
22537
9685
11405
10272
8102
20786
16016
19851
18345
2022
7087
19720
15584
16986
10382
10960
9945
21267
913
24932
14341
2523
13983
10092
24730
26646
21596
16135
10193
25878
23249
850
981
26114
15248
10611
22506
25005
6500
25420
1527
2507
12949
3720
14953
13785
23594
25177
16796
14218
13502
13641
9108
26374
266
22674
16943
2940
21449
25255
789
10915
12351
1730
17074
4284
2830
2205
5101
10713
8795
13764
18478
14945
8891
7668
24422
15706
24885
23516
10925
1054
14544
23072
12690
2823
21064
1004
19593
19892
25998
13556
26643
18733
4006
13355
22777
22190
11858
17097
6933
364
20012
16350
22144
16392
12519
8407
22894
16351
14589
19953
13053
25481
16629
16950
12125
23578
19769
17206
1107
3445
1255
15120
1351
24058
24202
25793
4319
25320
3703
10404
13117
17608
17750
14927
21351
16168
775
17865
16465
6088
7061
25914
14983
5851
11456
10801
24053
8255
20825
6020
6852
4797
26339
724
17132
18482
8355
11853
11929
6064
17045
21867
14761
23126
9977
19486
5193
11845
11531
8788
9228
11322
9670
17452
7088
15997
2543
16618
23140
15263
11024
20026
8286
21875
18953
20492
4353
7925
18939
2174
411
9162
2736
18411
5676
20748
6609
18264
25356
4368
10462
4529
5552
4371
25201
440
20272
23681
25087
22478
10094
14610
7044
13432
24714
19011
4944
9216
12617
25512
3589
20584
22848
17571
2909
25468
3426
9347
7524
12066
24983
4760
7874
11158
14165
25902
6875
15741
12482
9405
2966
6444
22775
18454
13353
25065
13161
19148
3073
15454
10963
5073
15281
20562
24770
17879
5081
9781
5609
11988
11284
26350
26537
8203
13206
17821
1467
17570
1877
2267
23134
7052
5954
18660
10642
3103
22682
24445
3629
14486
13027
1515
10572
9340
12957
24060
16113
10072
24173
9369
24411
24444
21179
1464
14994
12811
20316
26320
1497
7899
21626
13804
5845
14313
15873
612
15605
18961
24556
25846
10600
13767
8274
6693
3632
20750
19251
13624
25946
21135
11688
24540
13902
19004
9172
16312
18056
7300
9890
10051
654
17701
1077
14896
5429
1452
13047
6173
21139
18803
17795
21697
2653
24341
9266
2240
1767
14042
23984
1127
16981
15267
5024
18755
20339
5223
13844
22811
8383
15844
12460
14562
8346
4517
18404
13899
19209
3608
21082
25624
5260
8555
18352
263
14110
4661
4665
6192
14414
1331
16103
12325
17267
5712
9169
15762
24938
12597
3139
25834
26331
18655
25547
24279
10206
18477
21030
26200
426
9829
25422
19137
11035
16772
25463
12520
26366
6928
20820
14102
24659
13851
11737
19195
16236
21548
22741
10348
567
8549
342
7852
6904
18025
2346
24580
14792
17747
19458
443
1469
12333
12860
7438
10773
13472
8628
16489
6208
16043
15287
24228
10205
15613
5336
3207
12543
12762
15385
3043
19554
5945
13172
4879
7949
17320
10102
18037
4405
4864
6825
4247
26503
25397
6273
13302
18651
13665
1881
26480
16892
16157
12329
19925
12344
9551
20782
23422
19374
8851
5323
3155
8275
21948
23874
1904
15715
26346
11340
12178
6725
4609
24663
506
12636
3944
21949
5614
2428
4620
49
23688
582
8753
24940
26618
9325
8186
15666
3066
4165
23525
22636
24197
14916
9684
18342
12895
22990
16582
9769
18935
21460
14952
20637
6616
17687
25893
5230
1083
23392
6377
11488
5063
22865
10932
758
23195
13755
23216
16145
26037
1795
15784
319
4180
19973
25225
22494
2833
22621
6514
14750
3984
4806
6847
6062
19368
12023
21768
24574
9605
8913
19071
11905
22517
2756
5516
15802
12875
9822
9810
16316
25388
7391
1138
11188
25242
8521
4820
26307
4940
12137
14584
15507
5780
25637
7243
10981
15918
569
21776
4266
18028
1424
1820
5301
1751
928
9270
24062
4088
15645
14561
14869
17588
22863
24324
11603
11682
2403
25209
25545
22579
1146
20442
14903
15227
23336
23980
10753
23715
16732
7291
20853
15129
18469
25252
2386
3594
18366
4272
1213
576
3082
14979
21561
16116
15565
18956
3633
4082
447
9205
2270
18852
15938
10476
25934
19535
2961
24090
16678
16838
24707
19396
13000
14094
26096
22228
20998
2383
2906
13054
12614
26387
9126
3459
16749
2291
23405
24519
8617
12366
11310
23850
16865
6914
21787
9539
7511
26221
21631
26581
18005
26534
6610
12677
4356
9747
1290
13950
25149
923
24239
19679
7752
13867
14312
15096
7366
16538
17615
12335
9954
6986
15595
16726
12048
11872
697
2007
22216
21371
11920
19044
11032
10483
4211
18294
8314
9888
9575
17313
22880
13575
26181
6666
1999
10677
19248
887
12098
22419
20205
15126
1348
7183
24210
4398
7850
22893
12556
4134
7884
25440
14797
7529
24217
163
4990
25116
7308
20308
2708
25305
26013
17776
14310
14030
7390
6375
1305
15382
8963
1440
9675
1215
6929
20302
10355
1818
4463
20626
19651
10422
2852
21513
26625
4868
20333
25670
19663
20148
22902
17334
15144
25604
11258
8379
9484
182
11901
26061
23296
14730
4152
21265
1236
23001
13735
25243
13113
1742
13696
17343
4092
18450
6400
2699
19169
11810
24820
11228
23421
15304
14402
478
10389
10593
16765
2626
21537
19677
4617
26296
22608
19224
1614
17027
20297
1
21120
26421
14632
4121
16119
18886
14186
1709
8715
5476
4010
1738
61
21976
2049
21283
912
24337
13831
18762
5853
14191
8458
23112
7684
14058
9725
3670
5259
20493
21366
19194
6976
17686
3517
2614
881
13118
4103
994
17373
10655
8154
18580
26589
22019
13652
23951
4867
8235
5065
24917
7334
21924
9994
8981
90
1048
15326
19296
12496
17564
11727
154
21329
1008
23043
1102
2145
5917
16446
16270
8120
16832
26524
3314
15320
13832
5877
10506
10873
6227
12810
14417
21783
14044
5498
23285
23238
2803
8776
26219
16642
15975
11388
1613
766
17790
20624
12548
10172
17717
3365
25352
24263
229
11796
18001
5987
224
8472
24192
20508
3993
23819
7316
6032
1941
10756
21645
9654
11577
9583
24005
9932
12220
15917
11276
1508
3279
7482
1530
4346
14271
19855
15954
10652
21186
23046
23083
25955
22914
9102
16995
22548
4564
9058
3406
16492
22068
4487
20660
460
7059
7212
21235
1430
8972
4365
9210
378
823
7968
20947
10028
8863
8290
16118
13325
1899
14272
20141
25874
13015
10430
18065
18287
5607
18014
19408
5855
26011
5496
5196
11394
24109
10588
3650
25853
18798
17882
24617
16017
5711
3394
3011
9065
5490
7888
16704
15045
16084
23036
15672
17462
7206
480
8803
14650
7477
10198
631
8412
13411
20686
24282
18578
14864
21634
6589
16140
12381
7208
1822
5898
17991
20326
26062
26266
22311
24876
20557
19125
3776
14109
11280
23451
21049
12683
546
8018
9592
12909
8744
856
6968
24449
19230
23674
8360
8560
19534
24006
24608
23358
1662
16291
10648
24196
9461
6213
22318
5807
17008
24089
7616
21227
13158
4392
22818
15349
26257
15805
15548
3255
5430
7006
5596
16630
21734
5909
24004
2265
10021
16508
1037
26512
15547
14016
11957
3615
301
2600
3750
469
2193
2484
13667
6367
14226
18182
11293
16228
24495
5786
3675
14948
11184
8088
13132
17546
1819
23643
22900
23250
13483
14432
21089
18455
10268
7163
4061
26176
24569
26510
871
23817
11527
17956
10647
5363
23383
18680
8444
2036
18186
6509
8792
1277
7430
22229
16098
26076
14487
21065
21411
16733
242
12133
23974
635
24621
279
6834
3144
20585
1093
21574
13941
25916
12951
23568
17826
20022
12777
6418
2886
20286
21360
16551
893
6048
2529
19289
10295
21315
10371
20710
22336
16123
4691
9442
19787
24057
22127
20575
1310
17729
3396
7746
14879
19736
4164
10782
5387
6480
7840
17056
20857
11828
12635
5775
20152
5273
5653
14780
7253
6630
17812
5268
12336
20978
4792
4900
23870
14820
11991
876
24824
23069
17497
11401
16527
12155
26112
22092
391
5846
6996
4828
6972
6299
3808
14658
24698
26125
8553
14480
16152
16542
21443
5526
1944
6104
23274
12838
4345
26365
14357
9171
10227
2109
11689
22746
5032
10451
10510
14499
5888
20261
3235
17963
10576
7768
16344
4633
21855
21506
24219
24836
1335
50
7381
16234
18080
6871
3205
21488
15755
2104
17091
25366
5802
1953
11968
20058
1805
18925
10070
13030
6631
18595
11582
25107
24525
12862
7986
22414
3259
4111
21299
15597
11795
10207
10809
3796
12288
14799
13930
8070
11912
15788
26542
2474
4619
318
3990
12042
1561
12271
24846
23295
159
19263
6198
13271
11617
5808
1206
13324
18827
6282
25818
4166
21386
6596
15518
17597
24700
5667
24504
10151
9139
5114
19699
19084
25339
5704
21250
18710
13545
10533
11277
2129
2720
14552
12495
17233
23462
25974
4158
4943
5784
5441
21837
9416
9320
10999
14452
11910
19756
10006
23256
12235
21459
6747
11654
15364
14591
9755
16848
17874
11805
3735
2303
8960
2639
12825
2498
6945
14309
2251
15128
21589
16410
2141
3511
20805
23151
18217
7514
9542
16721
22670
6164
11224
12026
2767
11693
1568
1112
19118
3551
21527
11457
4840
16898
8643
8429
5832
14959
6117
6698
12408
11274
11208
15179
5896
15757
22652
9229
2937
12774
23002
6790
13714
537
15818
5941
5589
25054
25061
16485
3975
4763
24314
408
19397
8834
2218
24296
6471
22436
4337
19471
17868
7506
17901
3166
10988
11378
21556
1573
6083
23253
18504
13341
21124
10658
4593
25453
19264
20067
21038
20885
19826
23348
24822
338
2533
13553
3411
25527
3047
18202
4523
15764
8841
19427
17493
223
18292
8260
19800
8855
17377
17811
10741
25090
22334
13035
25178
5554
16393
20137
26472
24185
4535
15433
19819
2377
24644
9278
17437
14205
19371
17673
8371
3697
17020
7534
23088
8773
9314
21624
18326
17436
26045
19281
21606
9152
19127
2489
15634
10939
5398
18432
10731
8678
12782
13712
21476
14648
1718
6820
7918
2859
11152
1010
7540
2130
1338
19885
25765
26100
180
9381
25967
2249
13730
7810
3782
10767
2391
13400
4081
26563
15073
1123
2814
7944
956
20325
12672
6809
9415
6371
19172
12184
10397
7035
8729
17833
9882
22812
8313
3978
16926
6301
15005
3320
17572
11343
10436
327
1445
10479
16764
5046
9308
15990
20352
3163
24913
2664
1563
2802
19282
1238
12251
250
7380
24941
17675
12822
12340
19316
22049
2173
22973
21340
663
24783
25816
2360
23760
1807
18693
9219
24350
15727
16638
1204
19280
12415
17616
6223
7862
6074
14855
15986
7342
4915
23859
1353
12004
23382
10033
24687
23860
12845
11403
21214
23244
13761
15497
21698
21930
6989
2560
22424
6389
16516
1906
3439
5660
3407
1958
13014
13740
19829
22826
20807
11143
4625
3792
1641
19751
14553
16346
6089
8185
16244
23538
21312
20210
22348
8266
22064
12291
11648
25035
14277
19445
7609
19349
9574
6704
7670
18425
8249
298
6736
4766
22889
2905
9895
18340
7527
4720
26088
9061
22444
24474
9236
20213
2924
13754
17236
1170
11778
4361
18658
21059
18770
13863
8474
22598
20962
16959
21767
15892
2088
24787
4173
13344
5862
4726
12191
14282
7016
484
15988
19436
10030
7275
21629
24409
21799
19053
4032
3137
16327
130
2119
1454
18400
18112
1101
14710
20901
23261
6199
5935
26044
21231
9661
1918
14851
2370
18275
20904
3663
6599
20444
20186
21856
25538
16412
21958
1463
11820
25729
10252
8032
12685
16783
17792
17078
889
20973
21251
10066
6000
13916
1227
22690
18839
5165
17240
8937
19301
8019
1256
9997
9164
17851
24958
21765
5830
13496
2646
24632
464
5479
14204
17171
25721
7820
9390
18609
12076
11345
15257
26068
11420
11927
19830
11822
8510
4736
13678
19465
5310
2939
24119
20530
22495
20319
10775
5312
5482
14806
11829
3192
26055
973
16299
3225
8999
16426
1282
17419
26340
12911
1646
12931
7759
5182
4827
13069
14836
937
22199
17153
17376
5982
24819
10614
25390
7978
3277
15401
10813
13585
819
5868
8907
8785
8882
11012
17265
20940
21620
14275
16917
19288
21809
16608
2046
16406
18645
12544
24582
8871
2112
11450
5875
9699
18299
8969
14837
4386
8463
3421
2643
7015
1292
13661
6152
16082
26526
13623
23624
10410
4494
2903
9978
4628
11662
8992
3658
14639
11391
6781
25042
20434
9857
24421
6033
12732
23899
10534
5779
14475
8786
11807
15921
19933
20666
1823
12096
17113
24813
18778
2133
24511
2737
9086
25490
18206
24631
2080
24469
13516
4615
24593
7484
25855
13774
24998
19624
18408
26536
17908
16058
21176
20848
26106
375
3713
13216
10270
14687
17548
14308
1634
20116
25895
16735
22967
14580
5267
16980
16766
23006
20475
18675
17551
6390
12885
25744
20692
9760
16231
11487
6435
21835
3683
21463
26214
19122
25489
12052
19311
13080
24859
13511
24623
3869
17543
20187
23635
9773
16163
19950
17270
6597
13981
23694
25289
15754
1665
413
22694
24661
26072
9280
11776
1456
12005
3573
17514
25015
15543
15310
26577
4713
6687
18072
13126
25621
10919
22827
13224
20404
16627
15649
219
9372
8416
22711
18657
22570
14504
16525
24616
4818
4594
8622
16942
7041
1470
3056
25023
104
22526
1079
9919
12378
19378
19295
25373
9428
16382
10036
9588
236
20623
25573
7605
9341
5325
23397
4384
16795
7889
15658
8247
25533
20079
25669
2113
5100
5500
25191
10001
11548
551
13589
15458
13811
14250
9434
17817
8207
58
5348
12116
20472
10269
22881
5043
2994
21847
11532
13765
23861
2108
17230
17763
2616
9167
24928
20440
23890
1901
54
5879
3636
8766
16915
20151
22167
4413
20620
7964
11138
23345
5735
6443
15946
26334
19162
21664
13052
7303
25942
13255
22792
17624
5824
10380
6900
14784
7151
18567
1809
4595
11813
14557
14630
5648
19417
18076
3417
11149
17467
8602
9297
17092
20612
12960
25594
16337
23438
23807
14717
9876
19796
20531
11998
8442
2122
23612
15185
10508
1202
5822
2649
3960
15308
16349
25761
17244
16911
22091
17876
15723
17506
7816
25602
22937
13298
21710
7116
22244
13227
12295
19988
12450
25596
12557
556
6186
6289
7614
22895
12117
14375
20732
15197
17362
6417
12880
2175
6720
6831
13288
197
2648
22974
20073
17922
1302
24970
9634
14501
15266
4552
2885
19775
17932
18742
17869
741
5594
22547
4956
7245
1364
9515
9424
5213
26329
18587
1843
4033
14450
14495
11541
26330
16631
15357
3741
20111
1381
25732
3546
17049
6836
3769
22660
3467
18274
17547
25819
8057
1096
13408
19994
962
22585
19788
20698
15064
19687
15749
20318
5840
8480
18371
25478
13716
10785
13924
8765
120
21786
15851
14423
13009
24678
3817
4844
12354
4692
21197
9797
18050
26479
10870
25120
6441
2608
3673
3329
4545
18308
11906
15601
19111
4834
9851
4146
21778
7215
10706
14076
9513
15972
18598
8514
3111
18656
24382
18668
9255
3840
4499
13788
24875
1299
18444
5972
22730
20253
7533
10087
16121
9071
21257
18090
19714
26455
8971
2562
390
23179
8112
16776
12711
25188
9602
8020
1886
3260
1704
16128
25125
10190
13020
20089
19729
9032
4218
18512
18520
2172
18727
23271
3625
7883
16062
233
3732
5664
19792
7499
3298
13564
12553
7803
10041
5981
10439
9924
11564
10777
5115
12826
8666
5466
9859
7837
21666
16712
26647
21679
23757
19474
6267
24898
17279
14906
25600
5069
20545
16649
21933
6530
25300
1378
7397
6210
11756
21006
729
17899
19038
8967
1841
17342
18718
23436
22923
23920
2894
2306
15586
3328
6856
18074
25446
13875
17273
2763
15374
10727
5880
5105
26159
24891
3004
16903
19220
3915
15944
6613
11873
23691
9560
8522
22058
10904
16389
8425
19467
1148
22942
10254
3069
14219
26595
13557
8324
1719
22113
3833
1152
17712
8264
20763
2253
18797
19763
24237
4816
652
11321
19607
2033
13136
24634
832
13826
3100
581
18081
9847
26511
1992
22237
19459
19175
3609
15632
3655
22952
13008
1210
19869
16578
14834
1752
13447
23311
16634
6934
5393
11329
6855
799
11380
4483
7736
8710
25653
7172
8308
19176
21246
749
17505
21584
11479
22392
11653
1134
19874
19646
21048
7913
571
6663
8093
4530
13348
3602
25483
9148
16081
16792
18502
22330
1362
14856
9114
8978
25051
15456
15695
7201
8956
14383
17724
15509
23170
26102
20329
1194
8304
26353
25057
23534
20260
13312
15387
5674
6272
19504
10821
25687
7086
19848
9597
10309
6339
4786
24466
20211
15665
19033
20482
23171
11022
10848
15074
1600
15713
4234
11715
4991
1441
1391
8701
16261
9482
19212
15833
16477
7004
23266
22332
20001
21840
25661
7175
22067
26582
23907
22420
25009
23034
2705
24301
11460
20045
18830
11529
24105
14019
16317
3214
4979
12355
6878
17356
1284
6022
25482
10668
26058
10670
17489
22742
14668
24490
15611
26235
2899
17272
1326
16794
26141
15789
9426
22198
15901
26498
13192
25640
24160
16328
8067
6270
675
6433
20656
20254
6101
22540
18826
11177
15735
19903
26018
4455
1696
18284
1519
18513
26460
24666
18153
1605
11083
4759
25704
875
8775
10329
15397
2972
24588
17558
14084
1153
18994
8883
9064
24088
463
24715
2329
22382
12873
10632
2111
23969
10552
4553
14907
2095
7613
14248
15242
10896
4465
14023
25008
21392
23372
19279
6039
15916
21466
7091
22925
24137
7442
22465
12210
18413
21342
16976
6424
1544
17317
20644
16541
5604
6139
21677
7146
5675
7839
325
20494
1792
7077
6205
936
2482
23808
15718
12043
8321
4948
8583
26568
5340
25772
5136
12323
25631
11237
7394
14254
20851
10186
14765
26574
8482
10266
13884
24834
162
11620
5478
8887
26233
24795
13328
22333
2590
26239
22550
23654
6858
6439
17735
14520
20321
6337
10003
25844
4212
20345
10774
24259
9421
5177
23443
17749
9337
15643
11257
13876
5350
12410
13997
20787
8860
13362
21111
8270
3714
5605
25364
19621
5219
9820
6460
10746
17152
20011
15691
11738
4065
22095
6165
3549
21087
18629
26629
23830
25522
24971
23257
10400
5084
3012
17590
11722
13486
3832
11041
5928
7890
23608
21998
18456
1016
9441
16398
991
18038
13457
668
16754
6660
15468
19501
14908
16108
16759
5365
25475
18125
20867
335
15031
4318
15693
24564
16812
13265
4762
12299
5427
18165
20619
23881
12820
16746
16182
18714
16047
3842
15592
19527
19380
10842
2687
3027
12983
14270
1596
10199
11637
13231
26424
4231
20394
22800
11206
9652
4162
19215
10393
18848
20685
8748
21141
19300
20579
7333
9077
26632
208
5820
374
2552
15417
24860
25838
12728
9391
24212
15707
975
13569
15520
22086
21016
21301
5635
324
3813
10204
2974
26491
5547
17274
12377
20630
4780
20535
7081
17123
5463
12414
19599
11710
12714
10493
3046
19112
9035
3118
8048
22878
16861
15288
19259
24492
23289
12341
25992
17118
19238
8024
3964
7255
23813
6105
22903
20707
9319
16532
18094
3746
8349
19716
5405
1250
26290
18859
4068
4222
22023
20941
11172
20108
10367
26649
16736
20665
19304
7992
5067
20739
22832
15745
24178
8485
11278
22403
26157
18983
13385
13183
21638
4139
7028
10123
22739
5440
6481
19365
24223
24287
7453
12688
5191
9411
12326
774
25668
13239
3408
19731
18416
248
11157
17075
23322
13690
7979
1880
12102
1627
26202
24808
25429
10905
2348
592
1817
6182
918
16173
16800
13154
15094
12793
1833
12304
19940
18140
25529
11627
23957
17824
13789
3563
9503
10115
22614
22575
8326
8388
20582
1089
4872
4338
14083
20123
1521
1526
4126
25168
12407
21617
14086
3830
10547
5424
4364
8629
22961
17719
2775
22714
8593
5250
12202
2609
12892
13817
24215
511
2766
2273
16763
6948
21738
9127
1376
1937
7878
6638
8029
5620
5110
989
10250
15099
24353
3280
13509
24171
4854
14686
17201
3034
12720
18573
17575
22892
22236
16164
25028
21524
15824
15256
9990
946
26410
17544
15252
24001
1513
7923
13818
4456
15563
42
13413
8730
26167
595
3724
9934
1685
5013
9821
15093
5422
22359
779
18242
17256
20572
1994
101
11365
10278
16314
22482
20611
2732
6869
11320
1135
4479
12945
8361
8296
7737
8153
23237
24252
12611
2539
10608
19514
21300
4314
23101
6224
14173
1301
14131
6862
1860
5870
25050
24554
19478
19428
25022
5401
25636
21285
20946
18824
13907
23135
1346
26564
3936
10101
21597
11868
22947
2153
16402
2913
2582
5206
24247
10982
7473
2946
3890
20431
19873
8994
5857
20578
14488
2791
1888
19003
19691
13630
24322
14088
11977
25903
16710
21402
2286
1332
15138
10583
24864
6276
23092
4905
19723
9835
2110
11148
17083
11699
2345
13073
2308
23356
15940
11958
25831
16375
17777
7065
9981
1896
13688
4468
20512
20348
22025
6298
616
11744
6990
421
15841
6987
12312
19870
14002
860
11674
5673
16870
24404
18379
3292
10934
16572
15704
7655
13856
5328
4123
9951
5844
6094
20775
9639
11697
12353
12164
14505
22510
15216
25263
10420
18713
11182
4881
3501
6203
21755
3765
12423
17565
1928
13226
16595
24024
16334
14613
9176
3996
2419
26602
11119
21230
24508
24186
16799
7722
8649
23130
6534
12
25605
13806
660
565
17294
2636
26278
4886
21373
12033
8316
10246
11472
220
22081
12481
8520
5202
2790
20299
21018
19298
1801
3882
11291
16734
2658
6338
17421
3307
26298
22131
22486
957
14114
18452
23078
15889
12965
9598
20419
12309
15572
17629
18901
1973
397
19249
16606
20920
11721
17112
21895
4025
15103
6746
23780
14028
17069
401
15298
5958
20844
19029
13912
11650
18034
25784
3107
2921
6047
22970
22194
20560
6729
9793
225
12953
17442
18816
2369
24072
8925
24723
3837
8598
22557
22535
9295
20046
9789
9740
3351
25710
20034
25387
25261
17925
2375
11308
20306
5428
11986
13281
17840
24424
24249
5289
17803
10715
8686
23277
499
2618
22160
9647
13225
20176
3619
6045
13726
16520
26551
3954
910
10253
20279
23434
11142
6538
3217
26267
20196
974
16306
13398
11003
17895
24506
10866
24152
11010
22518
2406
26369
11360
6898
965
8627
18812
13601
5263
18843
3934
2989
23719
8160
10165
20974
8977
4711
1388
400
23338
3312
4083
11311
4240
19257
882
8797
3189
3785
1741
8976
10386
6188
10690
8491
26440
18505
7150
19032
24182
9803
20991
9160
10936
19822
21131
6598
1594
4616
4695
24299
11645
22543
19672
5458
6274
20559
23939
7154
25257
7845
13200
4557
2341
20501
8661
1934
15200
16842
8713
10561
14968
2231
26506
2988
11103
9380
20040
40
17609
5940
1557
10015
16411
17330
22521
19385
15830
16767
12038
7209
19943
14338
15050
24775
16621
6002
24762
23192
4670
14333
2236
7393
2630
19200
16548
12975
22088
1108
8074
10627
21201
14348
14779
13687
885
2826
2872
20127
13537
23949
10820
11734
14187
12673
19655
24987
8481
12576
3875
503
5967
12794
1200
25742
14123
11370
25449
23039
3695
24067
2448
22997
13368
8039
20323
3941
15002
23292
9874
10323
14571
21437
149
10049
2593
13037
23067
11616
1650
6315
5204
17089
14323
16708
2623
23366
1778
18706
20017
12524
23831
25151
18095
11382
20099
16841
20778
8336
25133
18160
7541
16106
13450
21583
8532
26244
14692
14441
9214
21211
17323
9130
3429
7007
8576
11560
2838
22176
22264
3142
16297
20495
1802
26255
701
4733
26484
5162
19278
23992
24398
10651
17898
2625
15165
23806
15381
23077
25849
8146
11175
9480
17918
9103
751
8298
11415
5465
11338
13433
15698
20873
21296
9562
13452
16364
10262
10399
10783
25032
25870
19697
4667
22765
11373
23509
13106
14311
22562
21295
3311
21573
23441
15211
16790
12362
794
533
25783
23269
2321
17780
20303
18356
26015
13656
16748
2365
1258
21198
3515
26621
25049
6397
5156
13549
15109
10026
15585
16397
1894
13540
7200
7651
15898
10516
15655
21716
2478
48
4987
13763
19619
22814
1035
18252
11178
3533
21290
15285
21575
19570
4295
1890
6012
12585
13443
7149
24743
25072
19970
24080
24781
25572
16335
10383
24922
113
20668
12211
10407
10314
419
1686
23698
15763
15377
21731
2573
2858
22853
12466
207
7457
6793
8303
4623
10168
8547
3827
23775
22628
9261
18996
3165
18099
16254
22171
24785
7159
15870
7424
11341
23711
11847
19604
7486
23456
5091
24264
14222
20110
23239
16731
1076
4317
5139
11348
6352
25346
19157
8408
21377
3558
4171
2402
23673
15596
9926
21536
7356
14306
18788
3945
24906
14984
25276
12347
23280
7677
2672
10425
16967
15587
23901
2371
2282
18121
9637
572
7217
2856
966
18164
16526
2867
1055
25221
9993
9363
15594
968
1371
15184
12122
25310
8973
3802
21927
1560
20527
3285
17166
22850
11765
3440
15998
26642
12850
17198
6699
7977
12389
5518
5889
3485
4688
10817
6306
19914
2261
1116
2318
3400
5366
24950
9665
17910
6842
14830
17353
7492
21683
2492
14251
3831
6919
6807
14133
18453
6473
17765
20606
8376
5249
25647
23109
296
12391
3161
228
11234
13023
26273
12009
9377
8527
10890
1033
14602
9231
21705
14911
9259
16530
15238
19398
4292
19531
16233
25374
2356
7402
14644
609
14149
18887
1028
4524
10908
5524
5009
19060
1460
23144
19698
17678
2948
11240
10343
21562
24890
13865
9046
16158
15390
11841
22260
11780
6243
22549
658
10055
8184
5963
19977
21399
17612
18254
22074
933
15798
12396
21661
21711
16844
26297
2027
14291
16005
17361
1359
26404
17960
6459
24789
16706
18041
6995
14778
14269
2295
477
11579
25119
22346
10943
24493
14170
8881
11586
5520
9989
5180
14734
11239
21205
15865
3888
26635
10514
14283
24283
25510
2695
25539
2879
15738
22805
16600
20412
16235
25108
5999
2085
6776
18883
8996
1940
16184
20142
3080
15806
6478
11400
10201
9195
19462
15853
17709
25659
11840
19409
11249
10234
3972
24503
507
13393
8241
25274
1306
26483
22564
13193
22445
25330
4662
4442
17537
4441
4058
10282
19049
20588
4208
4540
16132
21614
19652
24695
14712
24454
16739
13609
9864
6372
22453
5722
10789
8828
14051
15058
22280
11614
13049
19098
21002
18375
575
7697
17351
15785
405
9384
11333
12890
11453
1192
25359
22566
20930
10881
13276
10742
25775
16818
7951
7962
13485
4389
16033
10929
12275
23508
24085
14300
5643
14976
19867
25377
26252
906
1369
16274
16130
10587
1952
17142
21517
8175
16265
20365
26419
10412
26166
17867
7277
9026
10772
13046
24531
21382
21406
1874
22146
7030
1327
25403
19201
21209
19214
14137
4693
15834
7985
15854
18368
8812
19182
23115
12841
15773
10060
21356
10107
12623
22374
9137
10357
1885
9745
12551
3123
24383
915
25313
13138
20446
13994
3227
2554
1027
9001
7917
25273
25755
20568
1765
6411
5787
9118
23008
13505
22125
18796
21805
6142
5878
8253
370
8873
16472
26024
5345
20456
22760
13246
11754
6614
4705
26005
22316
23595
17144
25829
26081
17781
19326
21956
21239
23991
23804
22065
2931
3730
23771
11569
20780
12036
6341
25160
13149
5367
2497
3397
20817
24865
14009
15344
721
21297
23587
17076
11016
4214
22470
1525
1188
5111
20659
23328
4974
18527
3693
6877
14665
21008
412
26382
25351
4739
4837
25004
21701
13681
1764
19069
6993
1731
2923
7461
22958
16924
25161
4288
992
15110
11408
2164
1193
16874
14510
8350
24794
13331
22755
23583
13835
9192
16022
3962
19272
24545
22580
17370
19357
16009
8252
25963
3920
23251
12214
10074
3821
26493
11830
745
14199
16669
25137
8108
14925
579
25516
17748
10878
18589
4340
21509
26411
20081
13076
3120
20282
9180
21914
5132
634
5163
14899
14511
10825
2051
4656
19744
3950
7351
22159
23915
15161
4602
8221
5721
2221
25684
12995
21522
25589
16283
18239
8726
13850
12412
3895
22671
13115
8151
9006
20421
20388
17573
21723
25030
709
4627
3376
10650
15363
7234
4932
9915
11963
17349
12444
2505
1422
10760
20093
1109
22532
11687
5480
14148
673
12106
11459
25251
24801
8420
1064
8098
8488
16946
18387
16021
12114
21491
18902
7656
22719
7321
12167
26519
6018
4188
2829
9136
22657
22473
1427
9284
7726
19387
2842
22405
1714
23754
8941
13169
24645
24520
25296
17530
8385
3009
14865
25571
9406
14816
8082
26245
26406
14946
23770
8489
18624
21785
8129
15981
15003
7449
26135
141
12743
11225
10120
8291
2011
18534
17418
19426
11553
6436
9375
22646
14788
23448
2750
24622
18736
5577
23960
22066
23972
19446
6652
14958
7896
1395
16151
12661
278
17634
2040
17864
9417
597
5833
16507
6068
26064
5882
17522
13773
23024
23429
1142
203
5766
19912
20697
12385
6717
11366
4928
18965
8078
13142
17126
7136
19183
18256
11407
2689
15519
6619
1090
277
22708
21219
8441
6496
8299
4982
14844
10258
24487
25348
29
20083
16623
11471
14798
16644
21206
12903
1383
24908
25977
8478
18293
21814
25282
21415
4325
3291
21966
23833
5313
14560
7530
9488
2955
24689
12561
14027
15000
821
23394
10513
6258
20486
3031
3418
12055
11019
4790
23025
25859
7194
1848
8107
19987
13436
24727
15930
6373
19761
6553
14825
21375
11470
7398
8769
8573
3470
15135
15506
16918
23940
1583
17036
7079
6779
18220
12077
25210
5048
10433
6135
17340
2843
6410
21487
16740
23125
10424
9449
13780
17517
3818
25723
10304
23622
21670
8357
15192
23042
4062
8245
18359
5326
3897
24996
934
9681
17194
6758
185
14745
2297
16338
10403
3085
11317
22284
22328
4467
18306
5280
6983
24484
5587
838
13343
12663
9454
14617
23840
24460
14071
12236
22949
108
10437
23309
11323
24087
22581
12527
21909
1814
682
15503
12583
601
12259
13455
9015
6672
14328
12872
4785
10263
18906
8310
7831
11013
12328
2510
23880
9279
8473
22290
691
1219
4917
18892
18841
11236
21423
11883
11430
1266
2107
15402
6096
25815
8419
21899
10112
1695
6515
8896
12675
15215
17306
23918
16199
8646
14239
20078
17094
26151
20784
637
16945
25236
12742
24386
18556
23749
15621
3297
4934
16365
7495
2216
16509
3021
20513
2757
22245
17996
87
4485
25719
2589
21887
8302
7313
7970
3041
25448
591
10897
24302
21154
7405
3919
1495
22912
12443
5221
8778
5396
26250
14293
15692
21099
25536
22939
14733
24055
20865
10189
19887
21484
1642
326
20336
18017
14651
11254
18381
739
16992
19695
16803
21142
4936
5872
20931
7311
25735
1442
11267
18652
13881
37
16919
26211
17655
13262
14318
16466
3553
18377
1178
12302
3399
19815
12319
23604
11713
14921
16289
11604
13100
15300
9535
8017
8322
19702
14662
15189
11047
14216
12159
21291
1159
19096
8995
7706
9082
2959
11102
12797
23020
1307
8148
15259
12908
14638
13055
22883
15560
3715
6123
6445
23304
21357
18738
9336
7072
19255
5612
13920
372
16196
26567
8498
13285
25060
18327
23215
13495
8399
371
26265
21379
15453
15730
6080
9777
11888
3168
2660
24559
8658
12284
7444
11514
22888
2951
14587
18510
25298
10240
17212
21802
8503
5349
7450
7281
22954
7409
18837
1571
1264
2978
15440
16877
23054
20006
25664
21092
11327
15332
16004
15920
16561
19808
7213
3610
9751
14647
26089
22455
12974
10717
19768
15352
6889
18286
17190
15351
3534
585
8334
14937
16933
19037
19092
12124
5841
874
1124
22046
3690
94
24619
16059
8194
25231
11065
20766
4752
18566
2464
5991
9049
24710
13463
7679
2912
20134
19395
24477
23990
18980
3049
8849
9545
26607
711
13326
19665
22867
9550
11281
5618
24230
25702
16725
16125
16469
4783
6098
22577
9609
9711
5432
14329
8626
2446
12932
7770
13762
5633
5471
18393
24399
13195
23750
22447
7018
17852
18319
3151
12598
8853
11559
13837
9519
20355
13551
22654
7805
2114
22027
11227
23599
15201
22274
4978
21636
25590
5472
4775
24482
15413
448
9446
14349
11017
26522
21820
10680
4914
2101
17509
11219
25611
4066
5449
16241
18008
3348
22747
1626
16267
22249
8902
9911
16097
23480
1229
11658
11011
13827
9620
22104
5495
13378
25790
11679
26431
6171
14049
12515
23476
1929
16714
5209
22352
25176
14621
16090
22644
10580
9694
19999
26459
5376
22677
13903
14546
5581
12411
18634
8654
4313
8363
12656
25460
6501
12390
14889
22401
19109
3696
16963
2465
25608
17028
15748
8804
14574
8610
21967
11943
2309
3834
16339
10763
19057
24790
18646
11318
20225
4707
10769
17808
16085
10145
14626
23639
20408
18261
2893
4638
6331
24206
21457
7821
20223
25708
13784
20025
8329
22001
15386
24581
2980
16481
8791
12704
3986
22112
11347
8743
20314
4147
15398
19297
12770
10645
25581
2121
22258
13613
20563
24429
900
8577
1991
22151
7750
26442
1782
1949
13809
17888
9700
11628
979
2716
25769
1341
15945
2134
13872
2082
20049
1710
15228
993
737
3701
17771
656
2511
8528
6130
4160
21580
354
4179
20410
5161
4323
23941
6231
13853
25985
1705
5169
19265
17473
24720
14213
13539
25884
3132
24430
10231
22856
21916
3682
12101
12967
25794
6813
13458
26434
22658
4099
16353
4261
26575
7376
24624
25532
17819
9537
13451
14185
5131
2652
25284
3745
14646
9586
26462
23986
1417
18493
25058
5511
26481
2058
24115
7806
2426
25852
7663
21094
5926
19891
6031
24880
14397
5487
11539
24769
12646
19838
4581
2066
16377
6728
5522
25461
11406
21341
1230
5092
4334
8423
11667
20356
2925
6753
13602
22980
1490
26137
6846
23212
18018
22358
13866
21496
9094
11739
18620
19344
22303
16496
10818
16698
21588
19233
6451
15631
16751
1547
9522
17471
12761
13607
10291
17255
10637
12392
5979
23475
21554
19204
11187
487
8142
18913
11997
7120
16805
22626
6564
8906
4477
14655
6828
14559
4862
24364
23815
12206
24357
24491
8615
15848
3784
18806
22772
3102
4444
8198
12372
7338
75
22978
17676
15452
13508
12772
2754
11122
23022
9960
26338
3370
19801
2452
19615
17538
26006
17405
4811
25927
15721
23816
18272
9779
18577
620
17296
1663
958
13415
7618
5144
9629
2151
23139
25362
11164
1499
23710
1639
10354
14411
26344
17225
16833
17281
674
8428
22018
3444
13363
2459
566
20996
12531
25820
710
15546
19376
2378
6841
25858
10550
11584
23300
10
24339
3345
21689
18492
11904
9338
17115
1486
3412
18999
26337
16452
2384
6511
13275
18137
5351
4559
3601
19724
16394
7641
14810
21889
14473
24104
14074
3128
3836
24352
21039
1122
25663
25675
25272
9291
13070
26413
20541
9253
442
11837
18928
18288
8010
19016
25530
13063
13617
14060
14234
18247
7741
26533
12175
5052
13988
1754
25292
21140
25140
11542
12492
3965
16560
24628
2166
3438
6754
10900
9878
20249
19097
1688
3699
725
22523
1830
231
3560
14619
22560
20933
9983
19030
9412
19509
11034
790
25731
2194
22143
12555
18579
18057
8905
22916
26580
25141
16563
9175
12041
4355
7437
7996
15108
24348
6742
24915
942
10413
17299
25616
11423
15301
20386
14257
21988
25039
6872
14775
15054
17947
7479
21996
24397
18235
14363
9521
7946
21839
1967
7565
12012
20869
14033
4140
23797
5037
9577
15568
7725
9845
971
2128
2148
21790
21471
15608
4860
12127
9508
20595
9666
22686
15974
14034
19941
3216
13957
17364
20944
24693
4296
22890
24649
26517
430
859
25232
11565
14659
8544
13181
1926
6808
12731
10394
21380
9511
19613
2476
13772
6516
16061
13968
11936
4571
13429
3855
15245
14818
6412
6668
5698
2821
9528
7945
4599
5135
16076
25825
10093
5984
811
3281
17870
11955
26501
10738
20427
25568
22409
1533
12780
23391
17060
4016
6979
2456
18514
21931
7214
7631
25543
22331
5197
22257
11282
3711
1024
19253
16970
13727
23186
14752
15593
20231
11880
6169
18126
3938
3742
7581
3850
16847
23174
16247
14725
7344
10038
15481
20602
16320
7678
9668
1412
25077
9590
12270
7719
24761
24657
23927
17283
5910
10136
2423
11007
18948
23337
2698
