194118
137114
487399
294663
347443
193819
436085
511819
65370
43675
222177
235501
323009
180515
257887
310516
517424
473326
338619
456496
40629
322371
369522
486109
126945
507891
138066
446313
131296
24549
456745
15948
277389
528461
22560
146192
158861
323268
180778
320446
256215
77380
74009
177673
370185
492585
268309
471659
399472
357206
93470
28360
497585
261773
16572
322570
145811
408459
180091
174471
116642
92792
306445
17053
90035
358545
525982
299033
287634
169093
351583
101709
84006
490673
504807
275083
93521
330918
530062
175836
222039
83890
281845
164770
387505
211549
327375
444886
431492
459858
69850
360296
221242
94459
531160
410401
426759
339865
272562
148676
419830
519279
299937
202866
110969
425787
19002
504510
