4887
30720
20397
6813
22109
1635
16836
34651
32645
24853
347
1526
18254
26528
38707
19254
11950
33222
6628
658
39386
639
20763
40160
14108
28141
32081
7108
329
7990
36675
20259
18217
21997
21208
38302
25323
25450
13949
16606
9724
16112
31372
1346
26015
20632
20130
23673
39888
26411
19684
10023
12702
3667
10371
2267
28286
16465
4171
14469
19671
3392
5287
32672
23775
15827
16791
37716
1142
38810
16399
4348
27833
31385
29706
271
12940
14531
24499
2879
13995
20095
1954
37061
8076
24090
9375
5240
35869
2546
7122
36479
17284
21244
19367
13381
12957
13718
27290
30904
9020
37153
5688
35645
18336
39561
23659
25660
4501
37823
12701
11074
5391
25221
10155
23703
21907
40149
19862
14715
25995
31225
15198
21198
24907
16060
40199
20723
11067
9770
38668
11498
74
20529
21238
24900
36916
12235
15095
27601
13986
1745
6529
29868
33354
28788
20329
11610
9309
13094
4753
12175
7341
32871
7123
16453
20285
19172
8374
6537
18321
28266
31995
12241
27415
36315
13791
30849
34381
25715
4682
33187
16299
32084
27289
883
5601
38319
34517
5416
10054
25807
1849
30292
4767
16379
25609
4099
35016
2303
25899
32129
28814
34907
18685
35418
30139
35328
23721
15209
12738
9774
38542
16064
3530
4892
11446
6930
5947
27731
40593
15067
12382
19148
2200
15011
3704
23240
13871
16136
16982
9954
31381
16572
29698
34082
28615
12595
36053
39421
21260
15555
32395
26125
22016
35220
21860
3433
27619
34709
34628
21119
2162
30636
10143
10842
20189
8927
39311
12876
10025
32581
25402
2180
20854
37467
23883
38680
1242
17815
34005
1622
10509
12224
28611
24789
31469
14554
33570
9697
1238
3410
31969
8991
8305
15836
15057
21813
25257
548
21791
9691
2080
5316
27891
10221
20293
31161
11695
38358
17695
34910
9662
8673
6814
6046
38407
2997
14420
7749
33348
20977
23864
30717
35137
36612
28936
2705
24778
2585
34532
35106
6648
2275
18416
19442
25490
37250
33330
12300
15992
27058
40590
37245
7949
4779
5511
17093
20579
23779
