492957
176387
374628
32258
446866
435994
72952
412208
39248
108905
460658
48839
232909
442393
350920
3000
324461
119439
441508
157595
263215
75583
294929
354289
194660
378007
156918
500819
437648
202505
340588
489408
402119
159357
84945
9498
532518
420471
231975
18686
57922
120567
445144
479760
271235
24709
17695
534761
330820
257995
226556
192705
515788
83949
55847
213575
459911
51776
196419
370748
419798
524606
515695
49518
425650
243422
313542
191855
128621
132508
71383
497456
265318
317914
84857
44043
324941
347329
227238
535204
37765
207548
500991
156934
516111
310700
250036
401955
438671
427288
499949
381677
249089
127518
170294
478084
442674
415360
472701
394892
437909
455958
503869
119615
13954
80971
460837
447433
519208
426017
10097
431601
36805
286489
319203
206267
327979
458629
29211
486498
156903
326442
238468
209116
372736
524343
191160
351173
162427
174037
424190
177939
152805
148654
319663
166691
167254
251127
377123
373805
225438
56100
155396
154821
492576
22091
139376
437892
44351
21347
333886
250557
269607
324174
86333
516994
9585
338214
244638
170391
452401
403612
99406
520422
377733
23923
29669
414233
243128
535235
488494
162065
306125
270558
418642
112919
428753
411347
280412
165251
503732
334499
465536
263247
331680
253186
12539
449020
444478
65802
382009
119893
101415
498123
371417
357879
126355
249795
166624
278653
129457
339714
497878
463962
470471
364582
360690
194812
337201
484191
317151
286415
203316
287662
232631
504001
511692
