18039
14086
9480
2055
21222
15145
2539
3721
10162
20974
18765
26050
15071
11306
16163
9137
11647
22603
22215
1296
23763
5418
22485
9763
9911
7186
11836
1705
25207
9488
24305
17491
3527
1452
16954
1535
7698
3883
14162
2870
22740
1478
24808
5583
4305
26546
11955
26257
15197
10158
15758
8324
23151
15950
21819
2813
7402
25490
4353
8589
5178
12064
6364
21696
6288
18494
11875
2103
18161
18072
17540
21458
15091
6062
14321
18063
23445
20813
16085
17420
2534
13714
6626
21824
15273
26418
10350
25638
12172
16038
9720
12019
8970
18211
6736
1920
15359
6328
21240
12758
17145
15232
25826
23997
4423
1548
25608
18613
16246
305
24693
16111
8377
7318
15614
6535
24449
19566
26406
5866
10396
19110
11128
19655
14094
26409
6518
407
17670
22458
10065
17777
15841
1917
19371
19445
8661
1253
8173
3792
1800
16396
16994
9598
19363
18702
24033
17120
21091
25652
13062
9877
6213
5358
2326
18633
1725
19441
20059
1526
22730
8510
14350
25642
2914
12389
25292
18287
19868
16689
18429
7464
4554
12896
1570
6022
4951
23383
360
383
4350
3587
22609
22793
17996
8647
289
6081
17978
24293
3857
6451
4098
25901
25373
6901
15769
442
24756
25418
5917
1256
10519
2198
7866
6173
2212
21285
26164
3490
5545
21227
15179
17922
509
25459
19856
12338
10210
9269
23187
1116
10654
17818
25123
26262
24259
22992
25232
12829
5110
22057
5934
865
24481
13612
2440
12167
10353
5408
23597
346
7732
23450
16207
23472
20316
22469
14024
24678
21384
9353
22408
1520
9559
20508
10024
12839
5107
23352
19513
1536
1746
23574
12121
25658
25072
17399
18433
7619
24975
15393
6533
16084
4642
13428
5914
24711
14561
768
871
24674
9168
1819
5477
16663
4210
22622
10739
12166
5564
9813
18023
1914
2380
942
17281
19417
9817
4789
9897
4297
6885
17464
26213
26228
12301
26226
4171
18571
10326
1890
4734
12532
22254
14294
1082
7249
9686
12861
25318
7990
1886
26594
12125
11908
9867
8665
22669
23311
14743
13607
12924
22972
5090
4678
20393
11781
7836
20355
23309
2240
18599
451
19812
24001
20546
354
13680
14268
26433
7129
24720
17072
15089
2025
6579
13049
14036
8496
26161
1883
20891
9895
19288
683
16390
16316
3898
7507
6390
260
7555
7553
1102
18956
17701
4220
2924
4591
20062
11017
13207
19891
20838
11398
22048
18235
25452
20325
7804
2350
23171
19263
17681
17391
2346
4080
15048
21042
25425
14557
14836
23697
18483
14176
16182
18794
23673
1832
10068
25268
9169
13981
615
26194
11427
23030
2241
21870
11515
5009
2406
20281
14824
18724
636
14437
13028
2327
5966
14547
18017
6993
26206
22484
24140
24730
291
4367
5051
1003
22803
7396
5756
23910
4411
4956
597
9154
2600
3223
24960
24978
24889
11996
18083
6768
9352
9737
18696
22834
8702
26328
23953
8153
4287
26308
21190
19100
15725
2551
16699
511
10938
9172
9467
2315
1472
21369
8541
10554
17943
2300
23500
20351
17979
3087
26532
26020
2064
3546
7829
8700
10791
15827
14855
14992
9698
4157
26489
69
4012
26081
12131
3522
19112
13738
2119
21228
23184
4446
23806
11785
11877
807
20880
7541
2891
5633
14335
22334
23522
25161
8176
20387
9061
22569
5183
11541
4317
432
13787
6010
3084
12897
13061
13034
9993
20031
3901
13973
21392
4147
19534
8688
26401
3114
10837
18587
13320
15660
1574
4626
15510
11248
3791
16908
16986
24778
15454
20025
18462
3105
90
6877
5412
3418
16696
18974
792
10468
17628
23993
16477
24748
11615
13005
25190
4318
26217
20518
24630
26500
20794
25622
3286
18472
1740
16369
16102
10187
15611
16354
1310
14675
5165
16471
17166
22212
1019
21990
13544
22590
18430
11095
9164
7916
10727
3344
5811
14134
4832
6324
24164
10060
25916
8122
4204
24932
11265
18041
21756
3568
1163
17809
21849
16694
5463
24410
16291
19782
1365
11322
17646
8914
3759
317
11141
6699
22989
1635
17505
23693
25170
19765
3282
4740
6340
10014
7435
11012
13719
8724
6151
3840
3033
1417
3447
6558
13970
17722
16394
25682
23872
5739
16218
23223
12963
23236
7118
3012
13046
23402
25972
21322
5475
11001
23853
10132
19627
2981
25906
21582
1620
8141
5986
6334
17136
3132
7094
24306
12970
22857
21535
21914
17987
21026
15378
411
6371
6508
5279
11333
26445
12580
4373
18564
18517
7367
10100
26276
169
18301
14110
22615
5281
10021
21219
11195
6068
20722
22234
1798
8360
20081
9479
1640
110
22542
13736
20376
22827
17772
12952
231
15163
23244
21544
10814
7238
24536
23332
5955
12169
8961
19160
11777
5687
18972
18963
14957
4435
2401
523
7683
3466
11862
14782
9484
8926
8261
25424
9749
6821
7484
6235
21060
15829
18042
18718
23613
25735
18025
7588
8008
6851
25134
21599
19157
97
624
17280
15141
9982
6929
2351
245
24262
4178
16686
21084
10088
24093
15033
26462
13443
917
26048
7148
17859
25951
14209
26097
16044
15159
19989
21583
963
9886
2159
14756
24324
13830
16351
12530
25227
10724
10074
24467
12869
24447
15733
2325
5869
17123
12684
7122
9676
1155
10977
15541
2030
3067
5969
7782
21167
26044
17620
13699
6934
4118
11009
2808
2832
2777
3203
13569
3783
5839
6042
4358
11868
8144
8035
9956
26441
16017
7763
19746
2982
16661
18889
14089
3541
23333
14764
23316
10704
6372
5548
10538
14847
2556
6335
18859
4320
20028
15427
1882
20254
8956
11910
1745
23662
3563
23947
12016
8635
23323
727
15593
11740
24253
18849
15520
12431
25064
125
13660
10234
13270
25672
21108
21325
8060
9871
10070
16824
18585
1238
18812
2838
2845
21069
23140
12787
9888
9427
26384
23843
24633
19906
23420
16659
21722
21538
16716
6469
11790
15540
17058
1733
4010
1584
19816
22863
22980
13606
3139
22160
12281
23
9855
5696
9947
2895
12266
24774
20428
18615
694
7847
16920
3668
24793
4057
20262
50
26130
4277
4496
24491
1591
5958
724
1796
21339
23844
17047
11685
717
6344
15432
738
21278
5608
9973
24377
19529
18795
2086
1738
24814
21290
20126
14020
4659
11266
6671
20986
25753
130
7218
23979
21864
7984
10679
19657
1892
10958
3163
6202
17771
17957
25506
10482
8608
17401
2023
13250
22642
26415
23129
19308
444
13726
24330
20183
24607
20526
19370
4815
822
19811
8312
13477
3264
6127
472
22961
7443
11064
18649
619
25795
19179
2931
17065
6516
14729
16156
6366
22213
7576
16768
20829
13873
6779
8597
535
14367
25694
16640
9843
18670
17253
20314
4753
13763
5355
9821
23470
15265
16379
6849
6491
11468
23284
11330
3851
7790
2421
26360
1818
4364
19759
9267
2890
17301
16397
4168
2971
1435
4991
16582
1054
12447
23527
21102
18116
14390
8744
19154
2901
17907
8728
7752
8404
8336
2766
13650
20812
25586
23015
9823
18774
10010
22910
11803
9681
26166
14481
24453
16222
17933
158
7144
16007
18214
10988
14563
18890
8964
7174
9787
3875
18817
23565
18411
22676
17836
3243
2415
6686
18435
14936
2748
2069
16787
13691
13213
18317
6719
13307
6994
18441
18549
24516
13167
1718
14858
18442
23241
22915
18319
3949
25333
1942
22804
14003
3195
5143
17461
17278
9149
15112
22390
13233
21203
20952
12460
5718
16460
1978
19400
21670
3384
10921
21360
592
2496
20242
30
13175
7285
20380
9067
17542
11055
15440
5830
14290
13012
11211
10749
10849
25677
9566
7981
11746
8400
8048
4933
23354
1274
13943
23102
911
19267
15664
1655
5134
18614
3479
22809
12915
9920
8937
18603
2165
17021
26627
24460
21856
5842
9576
4433
17804
19502
16997
14144
19128
12396
5336
7312
9618
11119
18269
11460
12383
280
18069
25111
18119
3720
7141
8588
25599
13887
3669
17810
19427
23625
16948
590
19471
20312
26483
26413
826
9864
18823
15222
256
8307
9780
21017
4516
13996
19827
23297
14266
7409
14512
7394
15467
22695
12178
25649
9769
17899
14138
25019
18632
3065
25343
26345
2562
20885
8534
25572
23962
13665
13849
9616
8207
5321
26616
15772
7390
2671
13977
26244
3724
5798
16340
17776
551
14141
9438
11932
23299
18398
25379
1974
9424
24456
6762
17817
6234
19409
8125
9569
13519
6568
24719
11779
13666
8251
20155
1958
6620
5996
3934
23744
18175
22531
24750
3558
16641
6961
19062
6782
11904
20093
293
18055
3651
14924
24751
6094
1223
2678
18350
520
11835
6452
12480
21191
25880
19205
18152
19447
2262
18522
13274
24098
22892
2823
2373
5762
19750
15152
11840
9384
4133
10868
25322
13078
19375
22238
19974
8657
23435
16411
25419
1378
2347
7735
21930
18157
18622
12610
16475
26006
10059
19600
23589
25354
15240
20362
5791
223
6623
22382
15862
7602
11655
23581
19656
7135
3767
25338
20549
19724
19413
15653
4942
17408
7154
15895
18716
13441
16670
23262
2819
20706
17741
14289
173
12979
24554
3935
546
9596
21210
2555
11693
12268
25555
2488
8748
18256
8504
8653
19285
10333
11210
24414
17652
6818
1414
3428
18928
11040
12945
11357
23960
12843
20000
3670
18676
7436
13771
20296
6105
23973
18995
16072
15075
12423
5263
11656
25181
20975
3189
10201
14624
5919
21640
11885
9151
25126
20468
25875
4843
9094
18697
16107
10164
25104
19129
8996
10720
26342
23460
18957
12114
16569
8813
3525
15329
1471
14504
10054
6522
19723
25199
22404
2697
8116
9570
2560
16010
13621
14966
10655
18677
23471
5625
21056
23031
21424
1066
11798
10086
10782
25068
2909
23329
11756
6894
10405
23486
6609
16469
22028
15594
12210
20704
11523
11895
5269
12205
8067
3892
4020
10955
9415
7621
18318
11030
19018
9184
9428
17103
18909
9608
11273
1632
19575
23418
25486
13416
17128
17003
17487
25704
17076
17780
14482
21837
14285
15922
24822
14583
16145
9120
15497
2811
1341
8911
8873
25273
7083
12797
15706
26028
21157
7159
7059
6021
857
5176
2263
23888
15296
25346
1167
2596
24222
5370
8566
5530
25385
13114
11735
3594
8580
23591
20321
1172
4558
11881
4937
23076
20067
21250
14366
7503
21385
17842
21523
11233
16188
5945
21957
6976
18259
22680
926
23430
4047
9619
6323
12548
1562
5768
588
95
2542
15046
23852
3371
12313
13918
24048
24438
8487
14277
3663
15362
9575
650
23671
10211
15751
114
12528
8811
14568
6102
10495
17649
22480
13543
6531
22310
5245
120
1537
16160
214
21298
11723
3880
24217
7072
19058
1891
25641
25520
23582
6035
1329
19968
14622
6765
11091
11987
514
15546
2411
7155
14811
13071
16952
3642
21268
14063
1687
9457
18428
16974
16912
25643
11489
21251
18297
18921
3699
24466
6819
25962
19718
14008
14061
21430
26632
1071
24547
14876
19352
15557
6653
13952
26614
7479
17248
2094
12950
15583
22894
19492
26265
5730
21258
8331
24501
15659
15786
11101
18088
11245
9207
15549
8175
17388
19230
20878
21138
10927
19389
9225
25881
2431
10521
16400
593
11052
17375
16604
12463
739
15858
15566
17988
20876
24646
12223
20701
5274
24288
16970
22661
15506
3385
25044
26647
15343
10928
8040
17258
19979
13014
5327
24966
1393
8561
19887
21182
23327
16429
11763
23443
20763
2651
17754
10209
23073
24755
20653
24983
3812
5971
10510
20550
16376
22366
17109
7021
13107
6251
16572
6760
10328
17743
11619
5551
19970
24264
2442
15355
1423
1716
26635
15905
25953
12959
20340
2871
3865
24908
5697
15244
23600
25158
24204
25073
8857
26611
17311
19850
8809
2153
23509
577
17272
22584
2893
10402
22627
24872
10807
15298
38
18335
2587
8816
23461
18941
24741
2154
13226
7123
24444
8032
4807
5534
16552
9167
13518
26324
17398
16547
4052
11539
14265
9709
21962
25465
2377
16938
9458
17055
26010
5335
20712
19115
18240
11623
16577
11894
14079
21865
21315
22452
19484
18594
13446
16903
4048
1486
12098
10923
16518
16277
10441
21560
17570
18986
4291
22710
25131
17008
14105
24058
22599
2468
16713
14590
14776
17902
2790
24891
3059
14779
19814
3552
11808
25600
14018
11405
20225
21297
3026
4216
20339
14758
5372
22075
18067
24386
17967
21035
1285
15737
4613
8177
15977
16628
5026
25713
18782
23033
11973
17953
1377
2594
2348
2238
18221
17833
26128
21532
25399
16165
4742
4032
14356
4199
13315
7404
18828
1758
5151
10318
19010
455
18130
11129
24167
23077
6096
20910
5048
146
18006
11757
345
24180
16741
1252
3842
3240
22690
21733
23928
8162
1366
16157
9537
23611
12820
25259
23752
23886
23136
14248
512
5515
12878
12413
5576
22501
3339
22494
6039
10042
20056
5150
20958
13778
26248
2155
18978
17144
6683
16545
8758
3395
11926
13906
21061
2745
7835
14835
17952
11242
22722
1150
17645
14446
15246
26033
20865
20837
8908
14021
25706
20538
7465
9354
7591
21694
18001
14611
8503
3023
7230
7632
16692
20835
4453
5361
13366
11867
19460
6622
5185
5722
12698
11580
2169
7556
21471
12619
16988
25098
24323
3965
13632
7666
5910
20305
5587
15555
2186
11423
8473
5188
25503
11793
19684
11132
13411
7080
18748
24426
15949
24361
24363
11005
2002
5315
20661
3426
12595
20973
20119
15180
548
16775
3802
24929
25195
10627
1192
1844
19710
21213
16470
3871
4250
12442
18552
19768
23210
2386
20455
10343
15678
16668
5356
9649
10758
14122
13802
22520
5517
26348
12747
11215
3492
1036
4519
2078
6780
15344
22995
521
10235
11136
11978
23923
14921
26429
25079
2995
22841
5769
22205
17490
5016
17990
3787
14760
24828
16677
8502
22500
1903
2022
26587
11110
10458
12535
20007
3706
14460
8799
16831
20446
15505
3321
26417
21005
12220
19714
14691
24855
24394
22096
15260
25269
8771
15995
20825
17915
15969
16644
18061
18292
2223
11169
24581
16776
7397
663
25726
14416
9972
2251
26210
21234
21335
23700
1446
19468
21482
18866
20583
24327
10545
21145
11117
14678
22037
9165
7445
3449
8690
16036
2367
7455
19586
9707
4302
19184
26049
25887
70
24095
22670
15544
13885
21669
13210
18238
14588
3733
18199
23330
4223
8087
15599
899
11582
8463
25174
16930
19241
10351
18305
18917
20086
5935
6555
13353
7429
9234
14068
5706
19597
6992
24599
20802
18671
7178
16028
10832
20251
11186
17330
18968
23111
9682
8491
26110
19119
11470
21440
2540
13936
15798
8721
6800
22796
25208
505
1905
13374
20660
1261
3841
23598
13019
5779
23655
2940
5871
22801
4211
1900
12900
9235
681
1649
19339
22559
17313
4061
13095
16769
14064
434
9419
25764
23426
22400
5669
8325
2716
8453
9963
22248
3712
12203
13058
2282
13413
4209
21520
2409
9722
11529
11571
1616
11385
224
23882
24020
1149
956
12743
11021
7260
22814
11483
11954
25036
21019
3797
21048
20859
5650
16449
11143
7908
10216
10852
9125
8698
11863
11037
14271
18164
4494
4689
18653
24008
19153
10651
22588
14007
21821
24524
21336
15679
12020
9059
20749
15979
882
22367
19942
10770
20105
