22036
20587
26194
7422
7860
1590
12500
19048
11649
18587
5539
8089
19784
10348
10126
1895
10786
3157
13304
6019
23240
9399
19900
8168
6115
5134
24012
3227
18087
6345
24238
14742
8247
23549
6081
20643
19333
4557
7448
15548
21569
23567
16993
12684
261
10769
14719
25225
2961
15409
11704
21637
22303
3577
25034
10017
521
12567
3255
22478
5986
24890
8334
5826
18634
455
4502
7646
25720
9339
9750
4536
17765
25410
22860
24540
10484
10646
13146
2387
16353
15994
17849
21132
16520
13925
8033
8695
5831
12558
15255
16649
1720
6251
16638
13328
6781
19749
6021
23219
12984
3991
3729
18376
13546
7708
2192
26547
18780
5982
7899
11747
22547
14960
10000
11067
15593
2231
22830
3151
10033
21314
17480
18903
13315
6007
21806
13237
24581
23189
25488
14747
22988
11631
24696
17679
21301
23595
13653
13090
12814
20940
8794
21112
24814
11310
10108
1742
23590
8450
22722
23096
16671
9860
17406
3645
5395
20596
19750
7003
25715
14594
12305
9299
14737
9600
2406
354
4842
23431
11510
1245
15471
6634
15823
5703
18695
3375
1595
3340
6636
11752
11086
17966
24243
24392
4179
23055
9549
24655
14720
5117
4021
2577
22971
23574
9320
5234
6162
11119
13548
286
13932
22745
18400
12876
20282
8982
935
1484
3280
9843
19064
7130
26644
