34334
37279
10992
42077
39671
31806
3362
19181
3175
24360
37462
20492
26516
33512
7088
33082
24014
34432
41761
5918
32086
46044
33977
27259
28425
44173
49604
22555
11838
51715
11196
37386
40797
22054
17989
13616
43051
23298
47001
23433
10573
46571
11124
7273
19238
12666
40715
25248
35001
45012
28558
26374
2437
48750
38960
5087
5734
26178
29363
43356
13195
7405
35576
21680
11520
34307
39740
49919
14946
32155
38867
12728
46216
51753
4341
8135
17272
11757
4387
11447
37210
44930
31489
16219
23124
23302
31567
14154
14404
29365
19915
35380
6095
16837
15780
10948
43860
8052
290
21435
24526
34651
11376
18364
40429
35970
33021
44303
16095
24580
32904
5142
7967
32823
10668
47718
19861
9860
27581
9161
48042
22634
34117
27524
19428
40680
45640
28140
17256
16587
7151
2888
543
5153
9573
14595
53959
18269
6869
15455
7119
32179
20043
4975
19481
14759
43778
31802
8785
32366
20870
47140
8309
30730
23718
29190
38109
24568
14033
2095
32470
45834
24084
51337
43507
12741
46954
15983
23950
45571
34600
8130
41137
32461
46145
43670
11070
45907
30037
19996
3811
6371
6245
21733
5161
10394
32166
19741
11307
16111
21033
11384
50110
4871
8784
48279
47824
37811
6275
14644
34652
44360
7840
37566
33322
49524
41585
33014
3552
2985
42439
9411
12492
31022
46614
15046
7792
2562
30921
29935
3974
8639
50062
14456
40247
49847
4424
23391
487
47558
13254
8781
13169
33497
47444
37316
35837
50463
44310
34605
24015
42914
46257
47290
17975
42824
2201
50826
19762
29175
48926
33340
38323
3276
47645
19815
49072
26691
14983
44211
21393
30870
22923
32336
18587
21722
15518
497
24834
38925
33503
33519
19964
1978
20115
29900
45302
32951
44635
27352
29702
31173
51030
27521
15672
42025
38594
44039
43837
7526
35417
43935
22270
36099
50554
46788
38400
48067
23561
3789
32536
45385
25479
18040
26059
41047
50158
11396
3843
49143
23923
2632
30152
16218
22802
120
18764
25584
23927
53373
20374
52361
5298
7890
22769
39498
26623
50645
16702
5267
5044
48425
53061
49781
40479
39576
30455
21316
32981
2276
6781
3707
5676
44359
33876
37988
26924
39876
44518
36028
20256
3621
1325
18263
32172
9518
52248
31873
1065
20277
37964
5860
24073
30193
44583
36940
35222
26346
12692
19397
36406
18999
28164
42861
30739
40486
17131
35963
1703
18561
28265
34845
42210
21340
26758
37025
47021
4485
32552
12767
35921
13506
2058
22433
28845
52958
12860
19594
51954
51016
8410
18285
37372
28127
30975
36092
589
22084
49192
35736
6818
12983
18689
42708
44924
43963
28734
45831
41023
40160
40947
41028
41955
47130
37409
13692
51314
37903
12544
24855
21721
22238
51413
16771
1338
44440
16012
2894
5553
45373
14608
28143
3189
42779
27661
24004
18728
6779
13775
7643
3138
3320
22150
18988
17350
51099
17566
17624
43923
11161
33760
48595
37596
1724
11578
33329
31713
40094
5652
27094
2898
41653
10048
15242
25197
23301
32910
32509
21691
45762
8711
24967
24882
3627
26278
44356
25172
53825
53169
23404
5729
13525
21797
8270
37246
26571
39115
6329
40636
18214
37787
20702
22852
41711
20653
53449
34087
7049
10059
52639
28909
3385
25236
37992
24267
31100
19712
9119
48894
35297
49077
14210
39486
7939
48789
51977
37405
41411
32429
52113
31976
15618
2180
35582
26396
30600
33856
35599
5479
37143
31038
46174
28268
38982
53197
7092
28977
26801
36629
24944
35112
3048
635
3283
45957
12298
10763
39449
17004
10430
26698
12702
41425
10100
8952
14068
52163
51027
43871
51142
42325
28459
46356
35826
44030
3914
36630
850
27839
40824
30458
16567
46168
53576
43019
10789
6237
28331
38136
39062
38727
52681
40710
9967
18531
43301
39596
11435
43156
49418
17269
18092
28811
7948
40606
2395
31432
20273
19820
15180
37731
42820
29076
11134
3466
6016
13824
24455
29528
5490
39976
20559
695
12953
29718
470
24935
14938
26671
25767
4043
3008
4244
29306
44142
12847
47138
22441
32262
13148
17946
36160
7719
12010
45841
1477
38263
41162
1927
25212
22164
21358
11810
50164
53202
50534
3887
15452
20451
14323
32468
38774
18496
33710
44983
20456
7252
23347
447
49773
36917
33266
46094
7125
47585
12637
48083
37602
39039
31907
39925
32082
15458
365
29400
12698
27918
16813
4533
40984
53670
23232
18621
3741
30306
32202
49404
24865
36865
4674
29017
45699
52666
52648
9592
6152
13080
43594
21300
15755
29621
26816
15184
46811
21760
25445
2484
27529
28776
34442
21558
24840
26287
20877
44425
16138
52858
17642
52749
16538
24136
52781
12467
49306
31557
6743
19092
29959
32906
47252
25673
14376
24685
48606
43348
20252
43233
13902
26820
28030
28386
20474
24067
48689
35631
14162
34134
13990
53999
11039
10870
33020
7373
35045
50217
45140
15088
40747
6099
30863
22563
6266
20330
12653
32332
6707
21801
50364
49845
9519
34588
922
49822
46397
53823
41920
17208
31592
16743
3418
12129
40311
8613
28584
5295
22844
1739
13478
10295
47625
40442
25946
37612
2983
476
49967
48336
12963
28360
30103
33988
50330
15457
27976
36823
11568
46996
49532
12891
50208
52516
7685
24830
25287
51854
17300
23860
35640
13589
47181
52366
6749
40075
28221
46792
45383
51149
841
22597
51427
48610
22034
14871
46664
21566
5470
39718
13307
1488
16543
15570
52914
13600
20028
28121
33638
40499
25444
39676
34546
5691
17455
10819
25490
15969
23576
43059
20181
8770
4218
9679
26227
31994
48890
49365
13429
43696
18019
10760
25679
13802
18021
34232
20652
20432
26026
1613
33836
18086
16994
20947
23877
16394
32439
53276
29351
50494
13284
13251
29944
29394
39961
22471
11481
37935
22077
29664
13367
31863
47406
49548
50363
40948
5046
30706
18428
31670
44329
5147
20049
89
35514
40360
45577
8504
29178
24791
34058
51237
3052
18330
29583
41902
3681
31817
2267
2602
46020
51610
49399
48878
29689
41893
52377
17200
2522
40879
49820
41335
19039
3506
4185
35089
49759
31492
38708
51433
41291
13837
14576
5619
9949
40614
38993
12683
46602
15449
27489
48376
26941
27622
22874
36621
51357
22020
16194
22000
3141
1156
30983
35901
44392
31972
10507
2879
26106
51950
17894
30893
36104
2736
47419
44528
23591
44527
49576
40154
38524
600
19208
41324
47040
28719
24713
19704
14333
2950
53346
12539
4147
33087
4381
1025
49944
9707
19971
47963
50035
21454
20901
41262
33268
28864
47515
37708
31738
14133
25730
28053
415
49459
10736
27304
46662
52461
9238
42014
27915
15490
53729
52333
36265
5032
52460
44393
4186
2083
48000
51153
10868
3023
39004
11137
54008
18023
48818
2322
30879
10703
42767
8994
30226
24167
18405
9392
10075
45788
32540
41481
48663
8010
35453
30227
41323
18717
31193
48642
7811
48073
31791
29378
18733
11555
14314
2958
16705
17727
38348
5353
30929
15631
1257
22833
602
5663
27793
23362
36572
20323
46098
43407
25393
21619
35097
23472
472
16128
15633
42981
37149
35248
46569
28622
5100
49447
24112
35597
48602
586
35816
21609
15037
7328
23201
47772
19639
39494
33529
7346
27256
40612
3791
16352
26778
1926
24817
13520
34441
19183
19625
38846
31179
7600
23117
8388
17778
3927
52863
15262
829
16779
28144
735
31256
47244
47015
25381
43858
45282
22630
17052
11525
17087
28383
51655
4650
35018
42680
3307
10785
49389
53604
48359
20929
49027
38836
48060
30716
35429
22961
30957
43088
48773
4601
10296
36786
42193
17813
34676
11655
44881
46372
33730
5742
51229
12883
23764
52712
43930
18193
51985
6376
12802
39437
21995
32069
53242
11590
12260
7143
22351
19638
31826
25469
38310
33204
6168
40555
6845
49277
52611
29430
33407
17138
5203
46741
26330
19473
27387
19214
44248
45129
29594
14826
24724
34515
19317
10091
28828
19090
32802
31934
44331
44613
38728
46636
52644
36753
1718
9640
15338
32934
19753
16035
33798
40918
23138
2540
46684
10775
47512
53190
35705
22250
37561
43741
20356
11395
51738
20593
30340
52025
5276
6583
33088
37410
9893
23481
29915
14897
16642
41120
15104
52174
22941
28423
46717
2374
44322
47220
28898
17996
17887
49102
18257
37971
41698
23495
37174
45087
40567
42088
43475
45780
16833
2707
33010
36784
35188
4808
1466
20926
51197
2239
26584
21657
27806
37162
49468
36884
19094
46502
24450
44241
37384
12973
26762
9167
5118
51370
37842
28895
32754
12057
33113
50816
47818
4822
14102
53890
23898
13984
27226
46558
30978
4082
26705
26849
15414
43997
28702
30204
7481
13983
6234
46825
2135
50546
35392
11985
31115
7800
37525
44277
43409
11507
19443
7924
20093
34773
50386
3044
31920
2869
146
42768
38951
36967
19800
17383
10903
52591
33409
6476
7066
50605
35734
19742
3635
10027
14260
35554
14598
47955
27032
28726
37184
42475
29095
27247
28484
17734
44817
6748
33356
36546
11314
40794
29277
11480
22354
3244
15044
12282
44300
33051
40164
37769
40128
11673
8769
33500
48837
45233
11164
19377
41731
52106
47447
46049
45337
43953
46486
7217
11513
30129
50106
122
4448
27057
17120
16215
29677
25369
20932
12875
20215
22244
6158
52734
30852
3208
5389
1432
15596
44893
38607
41223
34701
42282
43130
19679
23787
36466
3359
4468
33392
10761
24474
47479
22914
36389
24264
26742
1912
34239
10582
27820
41360
30520
40325
1617
47803
48549
53797
15204
23601
23760
23088
52379
23663
2617
37721
39141
3084
38295
27852
25394
6430
9383
9712
38346
49355
37461
7714
35363
36181
8987
7536
39493
12907
1797
26135
42508
19719
24381
25425
1153
19189
47651
19170
1346
30913
11462
5012
30467
34698
14612
51539
26599
18984
12340
23547
37849
2577
17671
23418
31524
13165
18510
615
46767
19806
50400
48350
53260
6267
8161
15170
32701
3223
51112
50251
4179
31666
27897
36819
39880
51960
52812
537
23588
16655
50934
45706
53361
28938
17826
19646
9656
37874
34587
46285
21425
53665
7416
31364
9474
33547
28275
45754
40334
3812
41739
3091
18204
50358
16889
17730
29752
1696
29391
50862
40426
14950
30367
17978
7756
9551
49628
37278
53982
13763
40954
3543
33723
29230
14412
28475
26746
33347
34633
24276
2212
36369
27830
23351
11450
45446
25452
33966
47062
30543
40866
31661
48673
38414
36247
61
30191
27040
44555
52657
37068
4465
9857
19744
12835
41066
34280
22121
32188
34183
29325
40525
44496
21193
49469
2008
14248
12784
6552
14462
12664
36050
13590
11169
43254
5907
35595
50212
3327
32604
32930
36044
39440
48020
45720
16878
6415
24593
6161
42509
4830
35104
36673
46100
25474
3904
17198
1105
32395
53579
4490
42567
49624
31374
26803
2644
39057
41996
31846
39862
51806
25581
19340
19955
12023
12084
40406
18782
53438
18668
955
6285
1536
13147
29923
34920
38824
35532
3360
26729
23978
43467
7789
46154
12658
27080
14041
11179
8256
33193
48114
40836
28314
52266
16947
27472
36627
24223
22235
1602
41025
52943
37509
41267
21464
29665
25301
10308
36149
19209
28153
45490
17593
40293
53678
26401
8719
39752
13324
9074
22980
43062
30171
12025
27958
25859
1929
27338
1741
42797
45194
30693
32487
40764
24663
27970
40688
41480
7084
37766
30062
49250
32060
10494
33804
27709
19309
24155
35414
21216
52448
24354
43649
1640
25702
2697
46642
30883
19024
25926
32611
34667
12613
24831
2588
14586
2778
11262
32650
44036
43207
12839
14709
3928
8782
4974
29693
1259
16050
30751
8598
11257
35435
16345
50187
27444
39741
32923
44993
26913
31758
22803
7628
16174
45115
6534
23373
21964
28405
4831
24461
21230
42947
31515
41248
33380
45924
11185
5084
27248
22345
13926
5762
8015
16469
32276
38498
37682
51849
50153
37985
45552
17506
19592
28439
33587
36522
47046
17078
42122
12293
26156
30955
10545
19202
4447
37329
9825
44652
38893
46116
6213
37910
7829
19398
28888
22284
41777
41762
40601
28997
34703
4703
33176
25221
22593
20944
52089
16887
33043
49046
19690
22639
47943
11149
24237
48204
2163
4303
3508
49208
53209
41663
20483
33947
26079
43393
50921
6994
42262
8112
11489
18745
52079
6111
8167
15196
21578
50483
36912
39471
10486
28826
25825
44571
10253
42266
6684
1143
25935
29429
37161
37557
27868
46579
40434
32665
16656
6557
40882
7726
1729
11867
42019
40468
49065
23497
50969
36022
28276
772
11432
15031
7480
88
42104
14394
29569
41697
20231
47623
7679
9706
44152
13997
24650
49612
9690
43109
11076
6554
34744
16853
2982
38851
31103
14771
6313
11224
27933
28745
15009
28483
25941
30494
42697
45048
19257
39489
29943
28795
18921
33753
14590
12271
5369
52044
32387
9734
27156
20315
11320
35534
40711
24364
45947
50636
5995
46523
36899
2109
41738
36139
40120
15852
16566
26205
31168
22841
12242
12950
35877
21809
8720
36371
4850
37555
37493
20415
53539
33557
49103
4769
26518
20020
44353
3436
25957
27559
24604
43867
14236
46278
44239
1290
47185
5580
7123
36529
32064
20153
38097
50408
31023
17928
4771
52592
37334
29901
15504
39501
5487
50316
7316
32567
13083
40528
52574
40536
25815
37805
9055
31002
19746
3592
3874
37258
14712
51339
52302
21320
12620
34768
12706
19664
16974
20631
4945
36407
2688
12487
36563
27879
50669
25683
34484
1169
5765
12711
52315
8902
15823
14466
33135
1079
37041
24576
23408
14844
6708
38764
13700
14256
51371
7015
25609
31823
16625
10225
45228
44101
12703
50602
1961
40261
38572
36523
20190
7310
34985
12798
50297
53511
15369
47359
40139
18484
15090
21483
25563
297
35762
41994
9887
36827
43625
6987
45275
6222
15712
13961
4093
38021
50037
44512
15807
26418
43331
21611
1676
7246
39037
1393
53467
6064
48002
4050
35023
15673
50287
21798
38918
35580
3170
15495
15728
27218
28099
10490
11006
28514
53065
43821
12967
26940
46886
28078
48484
24304
20990
36215
51682
35488
17292
53747
12894
7713
20218
26045
36314
30276
29463
22078
21159
14065
45796
15611
37083
30802
35243
30761
19371
30454
10429
28401
31649
39513
1180
43071
22946
35995
21517
32035
8587
12853
42629
48097
8440
9007
37822
40586
11510
16536
29122
9633
20372
18147
765
8354
9793
16696
12509
9310
12349
31509
15992
50995
6439
42954
26957
13207
35818
46370
5425
20025
14653
25818
51530
11806
41178
17178
22868
6974
52320
22080
33718
20211
40252
37491
24680
24639
7918
7960
34455
48899
1213
50428
32928
24803
10112
50557
41133
18659
42116
18851
37178
42811
11749
5758
44249
28560
42594
21417
13414
50659
2492
10548
29556
23388
31235
54005
27393
51011
7673
2706
18795
24671
24905
34277
28154
11426
11868
39727
21666
16464
41760
44072
31575
22033
53274
45981
10399
2087
1682
27587
31217
27759
11439
47495
48031
21068
8780
36938
20476
28554
20882
6279
16405
13892
17666
29630
22438
320
1296
7688
30652
4501
43084
52196
24241
46181
43181
19620
19430
47691
16531
30874
53606
7475
4046
44672
10850
48850
51813
34186
44459
52121
20165
29145
30111
45645
26034
5260
20911
34072
12920
34267
20907
23382
41918
35011
31827
33137
15305
52785
158
6507
28299
4342
29027
3195
48612
45409
27679
26538
16863
2199
32700
8509
50778
13234
48406
53594
28169
27180
11896
7323
43455
32162
2785
4884
46026
33619
22723
31925
48967
13762
51196
17011
35761
7844
22195
28778
53861
34420
47467
45156
48954
4109
44612
13203
32549
4336
26650
32471
33319
48051
26213
30301
52703
27936
13710
46007
6701
33805
27722
1860
52959
16796
27376
12246
304
19469
24864
23783
47564
42622
44
11976
51059
6934
4629
5461
5484
40136
50906
38315
19370
20609
2683
47500
14490
9247
28741
26852
17203
40072
20110
48646
10367
25031
28135
23106
6587
30719
53404
48923
21322
22346
45340
16092
16992
38269
35611
45597
49829
39018
33492
2027
363
50968
36084
9810
28193
12133
39248
39208
14044
49554
43972
10383
5920
2111
12347
6916
18798
8650
28223
45343
20778
2818
36307
24966
40048
42898
21493
15830
16169
6413
26317
14009
43828
42008
43493
12504
29189
39983
1364
24192
17142
18424
22082
28548
19217
37453
4103
49162
49296
53067
49623
7757
4763
41889
48305
47209
26878
41054
40482
6344
26222
733
22490
8750
18036
18074
6866
26513
50072
25877
24723
26140
13137
2081
47489
17209
24806
17168
39812
27118
17752
37716
49050
19479
11403
36512
26316
2106
27470
51550
52236
5226
51613
6856
45319
31991
52740
32945
21546
11913
27278
46915
46477
3865
19844
16767
15934
1705
13927
8854
22454
7434
4396
14108
18335
11686
31517
43550
43737
1816
3395
29385
40935
3380
37900
30273
4519
43987
10790
8490
19153
53810
52719
12309
41083
11561
41173
11308
23205
42832
3000
33507
32097
11449
41500
10024
17108
52578
47621
20202
43031
6270
35235
27984
8057
9184
48826
34643
14791
5988
26256
43209
6205
30312
34079
40691
41359
43892
52999
26738
4203
888
15519
3199
48545
25129
10762
4565
23534
38345
11474
42180
16860
12743
51832
23737
44419
27382
28851
2356
45551
34030
38769
23846
42460
43850
47355
25968
28470
3105
41423
10759
45386
39680
28576
26760
521
41208
1740
50348
26755
53976
33864
36915
51991
20048
7333
45322
845
47948
44827
44880
47779
8675
43172
7494
36777
6578
29060
21056
25352
30558
52155
30805
52546
8193
6898
22388
11951
22342
1127
13298
17227
18783
3070
52608
11848
18751
14821
51008
16193
9599
52618
38192
18866
46126
3089
44894
34756
27606
19096
24505
36142
46218
51931
223
39978
33445
30190
24077
50760
35434
5054
22370
8318
9232
24148
43938
26471
20536
34718
14452
3273
39532
33733
42039
45
13389
46129
13689
52145
12914
6525
14551
51599
30820
47949
47288
41462
25142
27456
51318
48175
3507
7326
21577
49019
30275
10744
51394
36433
8086
1177
46248
30725
11998
23209
24003
7430
50370
42689
5163
4573
38971
39181
49869
23607
19637
25508
30762
52688
38410
12235
11113
16441
46842
28903
52853
25095
15394
40382
9028
14511
49333
48869
11537
47731
4031
12760
33499
13412
38042
31742
37259
1109
17659
24955
52929
11186
45148
48469
40123
17162
11216
34171
39569
30054
19178
41308
19081
32638
50135
34582
49556
15685
23389
16317
32749
52792
151
33160
8269
22232
30466
8744
41565
53894
5150
44194
22583
10749
11540
53383
3960
15158
22552
15011
18967
4463
11289
38207
7397
20684
4228
10505
16934
44026
17189
34638
25115
3434
40707
46659
4348
23930
903
38552
36820
30235
46123
25283
52371
18518
45717
13146
1819
35316
40089
37562
27368
1351
38965
7778
5921
11743
11016
31133
9448
47867
21174
51582
14624
23473
47637
38701
15404
12486
338
35574
36503
27539
20010
25509
53620
40855
49627
37666
17736
51623
35191
20912
21993
3524
15375
33855
53581
32872
51902
6042
8813
4919
36665
9655
46596
10170
26386
9150
16252
12220
17905
15637
26930
42624
18090
4210
20941
31012
159
49682
2732
9534
19567
49007
50138
49108
12602
39527
53898
43249
7191
22615
31606
30949
16724
1765
13471
5983
20632
49597
39178
48539
21991
53496
16858
30097
7684
26935
1204
21225
9039
50938
1397
39958
35515
46062
51538
44826
4756
27761
52309
3714
1404
33267
30662
8786
24306
47483
15998
12066
43840
48604
23842
5060
1876
18515
26630
40999
36979
44733
17815
45474
45171
4692
137
23120
47705
40186
32248
4957
8548
3657
10313
29449
25976
2203
22311
3049
42681
34297
46672
5089
50591
4819
53979
45354
39071
19161
37109
32390
53073
49704
5190
47259
2257
9942
10751
7706
28148
9531
2696
52351
37608
36543
34972
17128
34922
24861
30005
14691
9727
38519
3497
14293
2346
16659
31265
20970
30810
4372
36402
32153
32876
52383
43587
8878
10050
38660
10871
8023
34545
3773
12657
49876
44187
26791
28419
21853
14779
42575
47629
40630
14427
24969
17573
10292
30065
50447
47098
9975
52715
41758
16203
8608
6294
21260
13613
27012
44860
47520
50150
20854
17024
22535
11028
46087
27863
19167
31501
40289
27132
34899
27071
11158
20542
27706
32492
33454
12046
19123
52024
23843
49832
8743
21123
46968
40746
34800
29317
13601
3270
17192
43913
18854
2483
26677
14078
11233
1227
8145
52187
16838
8788
5982
22444
2473
7790
36805
13737
23694
27977
21802
53435
48292
8031
48682
48617
15888
40592
33119
49644
26892
34686
46592
38338
34594
13244
23732
43908
34242
30571
8668
45292
20667
37082
9305
48636
34223
746
18624
5516
17998
48276
2770
40666
18068
19731
26160
8767
9092
53108
36467
42412
10764
38408
24937
18667
35436
31011
29234
10005
9553
19116
1621
53454
53679
38550
38082
32743
39400
21084
47304
5232
21285
2038
39617
50750
16255
31929
26683
3968
50098
24916
37776
21833
25059
2541
43307
36740
2161
15223
22338
11365
35050
224
6456
8471
4773
23821
8116
51101
29579
44131
10375
34477
16667
52410
30524
14444
6722
2885
12633
13987
28327
39102
33092
13672
46360
19292
34458
1057
32986
7758
35102
7630
37704
18780
45958
26438
12122
14847
10360
43740
14504
37455
51692
2576
37601
34745
24665
48980
39087
25307
28768
42706
3786
28073
27973
52723
29992
35438
44385
48426
52778
13002
37788
243
49353
13822
41803
51703
19832
50527
2226
24848
51834
12791
9334
4910
32198
1679
36021
18410
4605
27607
41453
49596
47385
32388
29688
38030
1395
7916
17439
39221
29305
48269
47876
52847
17268
15169
10995
34803
44376
47088
40232
890
51168
39153
13757
36830
49752
22201
48434
36826
49754
30444
16914
38942
22459
20681
15771
7383
16323
45609
939
6697
9324
34779
9403
53032
8210
6783
22317
48851
15783
26635
42667
19518
19940
8290
48190
17239
11996
53203
33053
47882
23941
50580
16826
32994
40600
33214
5900
30849
10340
7142
39144
35139
107
32141
38653
3266
17658
13579
31066
10602
33851
9983
28599
10506
15849
45694
46957
6491
11247
871
40726
10799
42297
34209
39838
52416
1694
27212
52741
28444
18111
28104
40258
148
863
43916
22911
4353
33038
9091
15260
47337
27595
24496
46263
9034
1652
42292
47791
51889
15534
28230
47491
24850
24537
28758
12199
27415
21430
30114
47702
48519
45464
44457
35319
51545
48500
36851
14906
50998
11392
19946
9929
32663
46545
35450
30012
47866
13593
24948
31281
15352
1639
9138
7284
37831
46923
49701
39116
43257
13138
8774
53946
12729
27789
31111
45676
47145
6325
19790
30736
46358
3061
21742
24395
14253
42050
39708
2367
7922
29404
12498
48703
40492
28958
30835
27573
25849
10906
18399
13712
24411
24040
33676
16406
49015
43152
50728
49903
45209
19808
21800
36755
14594
39905
51292
21534
19772
32499
20592
12598
9051
24889
6813
4471
32001
40145
31048
309
13650
2796
20604
16641
17817
24020
7766
33111
34014
36785
5464
33332
44945
38914
44716
3945
16685
43855
40589
1898
50247
21706
2174
7846
32467
25712
40022
2997
19965
3597
46223
38894
22964
23959
4054
35768
14811
26728
23097
36073
3152
28920
32973
30368
15693
51860
10544
51078
36555
43877
48397
47433
16917
7810
44198
18831
21613
2283
38196
2843
29371
38343
37663
4621
8455
31623
29180
48762
49867
7117
12554
51076
5708
41835
18517
25647
24219
31585
14618
20193
9258
52985
4311
92
22952
48803
15435
17057
12342
28456
53040
19040
8443
37373
41381
12859
14286
29940
30247
36067
48795
5143
50283
13587
20164
47931
17623
17036
15354
42920
124
7734
45677
12103
34863
27355
8989
22556
16755
49828
103
21141
30321
1112
35215
19770
51471
40872
10236
44266
42976
20996
24797
24942
36285
40813
13554
24870
6511
13140
6875
17233
34235
39897
27774
50952
37912
28682
53113
16253
11286
7182
52875
44996
39324
32310
20587
41827
30565
29857
35244
32342
19333
15479
37053
47402
23028
40484
9239
36037
34413
53854
3743
19680
47008
3732
30292
50568
5282
2698
40573
41921
47100
50195
34191
14699
6675
42006
53624
1788
6392
36832
33174
37548
25495
5491
26970
47783
422
45034
45369
28255
4168
48494
27396
39289
11552
21513
6826
34714
27303
40464
3401
24261
23341
13800
41800
5846
21881
22243
40588
42457
43961
24521
30901
49634
12470
18290
37217
28434
54000
21658
31687
38788
33034
18868
6179
45224
36641
46148
846
499
47816
37013
18564
7541
20964
39793
8663
40650
22165
53926
16624
53601
28489
16988
37438
2279
1799
31392
22879
8245
18544
47257
52474
15782
15727
22114
42505
38987
27629
21926
27978
17875
20144
49651
2301
33867
18284
31913
47834
1110
33690
23602
51354
23766
33863
37835
25195
5841
18931
47214
5023
5139
21495
18568
26825
51270
48858
8868
18679
25695
46219
22353
50308
53490
44476
13408
29721
5578
25496
5561
19151
44090
32165
9425
20098
6771
49500
10266
16177
38504
31208
16135
53566
50768
34762
42146
23010
22612
26563
5239
31008
47964
17972
43073
36822
37947
32710
42615
1383
11049
15194
26478
8571
29326
43375
25907
27251
22653
35152
48232
53760
15694
53865
15589
43101
27735
504
24981
10728
53160
8328
11060
24418
53109
17012
24328
36651
48516
13394
51167
51368
44754
16267
26964
47845
43271
13998
7876
26475
46594
36025
48177
44761
3221
16772
41271
49029
44825
50412
53611
53806
41111
51111
21357
4584
34856
50351
49177
45096
17687
10290
34010
46752
5868
2712
48685
8021
12200
17628
27687
18725
35613
13287
45510
29179
33101
34125
1406
26499
10739
52683
30243
47367
38391
33769
46663
45435
51879
11766
9641
31027
38944
41505
25125
46345
15577
12849
27330
9467
1444
33351
3894
29894
17290
19316
16823
16294
36873
26325
11309
41789
47739
22731
15321
19376
26963
19629
24101
23357
3145
42248
49346
19929
1649
50698
18590
26882
16856
35169
48168
2677
45927
26355
51365
709
17211
32793
15304
27928
6276
27535
52177
17555
39059
46192
25123
1835
26123
53650
21540
10364
45166
10766
27809
3792
19978
8610
12982
579
26025
23350
32610
51689
43799
27646
14669
45681
25341
19932
51823
40990
7779
20258
9468
45468
28043
5443
8111
10610
32544
18758
41771
3838
32493
38542
2350
24225
28432
208
10203
30823
32811
49070
53185
43901
12723
2524
7227
51974
43682
11813
19023
40810
42105
47315
20895
25015
47547
32253
6003
43351
4393
3587
16336
44240
16235
9090
43712
23870
2955
13950
46739
43242
41170
47611
30953
6301
44921
17313
40310
12700
48098
36713
41579
5986
25382
23140
18754
47616
551
44257
27870
46699
31514
12589
964
31650
23172
47386
53360
52093
12031
16514
27712
38092
33626
28812
22669
26031
23829
1632
7396
44423
42221
5035
17522
50629
37730
8600
13659
5213
26228
8342
27405
13969
30255
10440
14930
48857
11870
19881
6086
16167
24607
24773
4596
3475
34558
45954
44854
14874
8321
22491
30995
16628
286
29167
36937
46770
27901
51945
10769
42320
29250
40750
35176
41389
26834
4063
37987
50078
33378
41268
17587
17786
26561
34075
20197
39
18748
36990
37137
8043
52343
35685
37696
29187
13913
43852
21429
222
17270
25046
14157
49169
4845
34956
46331
53509
51483
42285
19437
5325
51366
35648
46109
188
23928
35557
37844
13981
41461
31973
7808
27028
33634
9585
45826
17747
19185
40460
19980
49167
34925
30634
2206
53173
45509
1496
36589
26392
908
20479
8792
10462
25344
22674
18221
14434
34050
39839
34412
14719
28145
41371
46117
44547
52506
44113
48230
36271
30881
36698
23396
35273
33424
41086
360
30285
8422
8403
44560
23580
48768
53603
38147
34997
27311
36594
31528
8879
33404
49254
2945
4144
5216
6573
24172
11430
42093
37427
30548
31290
9510
29160
4316
20413
37573
11386
18629
15644
18455
15035
42946
23238
22838
43049
45591
23680
22749
26395
8910
21754
2519
12656
34507
45605
13894
16047
32532
26715
46731
28279
32796
44552
35749
10546
52727
15831
46667
33245
36041
34456
20111
3643
38731
6805
58
25089
33261
38317
14320
7845
41036
41043
1691
15515
53693
33796
44354
50120
25518
19252
38495
36715
22393
14457
27974
5056
14493
47677
48446
14635
10606
36502
41130
3162
4947
12427
19937
51892
51264
39137
54006
34069
18794
9798
52171
53975
36687
11993
18680
52649
53021
7424
46750
42198
23948
49898
33575
39999
39750
36996
12686
5178
14748
3652
45866
10603
47260
48981
11522
38772
5520
48404
49588
18732
25137
41793
5858
17632
27561
34421
38213
10227
8730
47346
24654
27662
53353
13156
36068
34635
7207
8061
14683
24367
46454
25273
5322
2236
535
3006
18313
9796
18413
31916
53529
31323
38485
23386
39565
32810
40938
2232
42652
25863
14178
14794
901
48467
33741
34261
32396
3822
32500
3742
40963
19119
29170
18079
5128
31389
46067
3313
4392
36987
20313
53283
13430
1033
28722
17464
32881
29950
35615
32145
43310
47989
24878
15052
35887
44715
41441
2059
53886
8505
52124
19033
49647
48385
3271
26875
51126
44695
29086
53957
44614
51381
47823
29826
35737
7656
44710
40505
53963
38024
14017
5016
16482
42022
45804
42589
35294
23141
42620
32757
5047
31959
9360
12577
26921
42709
4140
2993
4886
9839
21705
14484
26473
32832
882
6871
13197
15192
8771
25107
42841
53826
44214
9498
30956
19068
36707
27007
14100
46694
15840
2001
44944
43438
19384
35379
8928
15168
19358
40597
2049
27530
10952
23681
17447
47854
46759
24028
35784
31315
16046
52968
49718
39025
20509
52328
49407
38260
35543
11165
15699
29061
23476
41952
50708
40371
49347
32960
50925
24083
34624
27233
45839
24007
1067
5641
53137
47222
14302
41617
9431
16546
38306
43098
36828
20936
53012
49049
11866
39331
2099
48558
14411
12397
14374
1677
50729
53365
23712
17663
53688
51773
45006
9224
10877
37200
5220
16799
6803
33999
29424
30620
19626
8215
25080
3757
9278
24291
33950
31810
15450
33910
12946
26989
7597
43846
41667
5889
32038
12139
32029
38697
33096
5363
49959
20810
44129
39712
12389
8584
22816
32136
2137
43215
48622
38309
51207
40096
48666
11531
5991
52206
35061
28166
33458
53595
26519
8179
11750
17806
43478
27203
37441
13018
37263
50627
11279
2507
49362
18708
33131
4422
4410
35138
52065
35721
3094
37435
8173
39803
47186
35130
19862
23222
46359
11033
37970
42606
30260
29975
26016
12305
10779
16117
42229
41064
9821
45321
18468
37232
3931
24021
15176
27690
33981
10831
31087
7388
45470
32594
45968
12917
13851
9455
51580
19475
34748
36372
34316
5318
30850
3951
13639
3665
48199
41061
5202
2761
16629
14315
17898
36734
23008
44975
12992
213
49873
21478
12206
10101
35376
26651
6980
10626
29007
37342
13706
43100
30655
47109
18722
53880
23344
17940
43445
19837
13772
17205
52923
3650
42339
51589
9303
15603
42327
23758
41188
24578
15871
29560
50643
26413
42448
46939
35834
2806
49031
51609
279
26406
23169
6066
2278
24695
20679
2690
52192
5478
22425
53476
15552
29471
49084
41477
35032
17089
42207
17026
48868
1579
22729
49954
47246
33850
39053
34653
53428
47517
2978
22122
52831
4542
5099
20299
36750
43400
27034
21700
32300
14840
50382
7368
5542
43290
50586
21184
51649
46866
53785
2303
28033
26345
19734
14296
13701
17250
35168
28592
2832
13641
44937
14621
31990
6302
42228
46247
30534
209
32178
16382
43572
6727
28083
30651
37460
8521
36238
52994
14626
51265
20553
43556
14887
37449
33640
47461
25383
10699
7765
33279
5863
33683
46443
18749
47987
18840
25430
9996
16042
52660
29206
40981
17670
38962
3599
30449
2670
12107
14530
43504
9986
30775
8666
8253
13624
15746
24016
21702
29035
28266
4020
28693
6592
53455
46861
44676
33133
33828
34991
53039
7773
1727
8140
9754
43268
37183
9218
40706
30732
4521
32092
3088
51686
49779
8014
31963
39010
32618
45807
36966
12631
24483
25754
52208
38161
31398
46555
6443
30064
19351
8493
5233
21894
3871
782
42840
21003
19456
12016
21884
26946
3698
30071
27221
51838
39167
30806
32607
40326
17956
21594
31961
48790
52984
46912
29780
34347
14072
6217
27009
46139
14001
875
32602
47750
17516
3750
8826
13161
38344
34850
18537
24210
20825
8921
32795
38075
26206
16970
52215
50275
28590
1510
33818
44020
564
18657
27512
23971
30900
40571
16486
44209
24630
46682
41306
25827
11005
38050
32412
34534
31796
38138
18130
50240
46130
51281
580
6117
43458
45045
23296
10190
19512
7071
45441
33840
2493
12264
14496
19833
28013
12190
4478
24950
18331
25626
131
38119
46624
19015
4247
18898
11064
30539
10224
2131
29028
42795
4293
2834
15411
35702
31944
6558
22659
44344
40481
1890
35305
46202
44587
45514
51677
40503
30024
44475
5678
46649
46706
17452
20543
36391
8266
22587
3768
51352
14232
33186
1361
19536
2859
6822
16965
25051
6873
36201
51470
41095
20878
44709
2219
9144
23866
9050
38014
48502
7064
19458
51259
20734
29568
31921
20417
14076
9311
15961
53984
38632
48348
39716
39295
10787
34842
18368
33586
11131
46281
21272
9416
40054
47678
42934
18083
12956
30021
3298
914
37626
878
3923
32857
32041
3331
4493
30559
34408
44397
47749
7457
21660
28120
51688
2189
40043
43725
17577
27955
9108
47142
7586
39124
39371
25938
18114
47884
35932
32957
27991
31732
37778
11146
25624
30395
25049
30175
44069
51790
10381
24903
53341
50511
2848
41438
44706
48765
40618
39308
23674
46566
14342
44471
26017
9773
50980
19601
42895
34869
43003
20377
6715
52950
10361
17473
26235
46172
52783
12284
657
13838
30963
43710
7813
24626
14638
3517
40974
29023
35766
31565
53743
27285
9504
8078
41953
22810
49226
28414
47184
39918
34606
15868
12970
19197
31815
31954
10604
25148
49851
46772
27377
24759
31462
33270
30438
34822
28984
13967
30811
21303
37528
43985
51238
48704
31999
29952
33416
30207
30747
37655
14758
16936
18333
43175
36540
48255
3249
10423
2253
41596
857
4681
29885
28128
32036
26482
14193
32169
26060
22928
52287
18569
28218
1464
27375
555
3598
36405
42293
53916
52440
24898
43998
22600
50634
44386
43195
53304
12614
8228
51785
24669
38084
18730
19838
16845
43502
31690
2091
11082
47974
20266
11888
53892
18759
24094
22455
52773
13413
25536
5717
35975
19172
27230
27160
16920
20336
8795
47408
53593
29066
16430
35186
14642
48627
34977
45515
34197
35444
48163
42062
43929
7338
53001
33953
36582
10857
26813
5945
44301
23790
34426
29093
36795
39160
27522
36761
7468
16884
38592
46805
23586
39695
33473
44964
21681
4990
5097
51498
32407
39368
41034
47549
46670
31647
4534
2011
40660
25871
4570
52285
45695
41549
35461
18273
31191
41270
42621
4495
25487
18449
48044
45953
24341
16085
13691
9997
45029
38273
6593
24022
30096
25561
2952
15927
42753
18320
44218
50943
26987
2975
53746
26945
1922
45680
33345
22366
49939
37599
45758
29822
31407
15539
9378
34467
41980
43330
9537
52989
28721
5152
32223
47932
27194
37233
44856
17758
8604
23287
47453
30553
36155
42169
13459
11941
29895
24111
26936
39148
11441
50343
11974
21364
7570
53889
2118
44409
39172
12551
38852
10869
50074
52073
6606
1501
31026
48898
12210
41302
30627
8972
29097
2348
19357
7635
11669
10556
9019
41966
19271
38753
16816
5544
14755
22777
20905
29972
10833
33490
10951
47583
30593
34740
14474
22806
3689
49341
2490
31091
49267
19130
48977
49109
1803
16895
41729
27427
3762
44923
811
42477
14337
46573
42352
49711
22968
48479
11334
49907
5006
35946
3886
37472
8485
18971
42939
40640
47295
3289
1506
53859
48145
33900
26748
42579
51669
9357
48245
5519
21331
50315
46643
32004
49904
11890
20076
27295
20169
1019
10356
23257
49011
17241
49703
14523
44625
50873
32658
40347
28420
44744
37723
38822
37810
52158
48951
1030
47694
44120
35092
44840
5637
23220
31438
48473
1162
30372
24518
12021
16370
36102
28535
30148
23648
28957
48922
7450
13456
45039
19395
30495
12522
29427
55
33588
21471
26014
49694
4902
43947
7415
30430
11495
45716
50253
8709
38283
29763
25724
25622
20274
40214
5701
8911
22972
38780
17803
35486
47144
6516
20453
18731
15308
34928
50855
35445
22699
46419
5415
17248
28354
42863
50490
15510
34567
52709
44071
39369
35312
33682
34488
38786
43973
49633
3369
11105
28562
15444
41733
11465
30633
47065
21677
16013
43070
49618
18161
47331
10324
34429
40551
43859
4752
50342
20295
28436
16801
45673
12368
24470
2645
24767
53675
3181
26277
32634
23522
35795
35286
42372
40598
52305
11219
18396
18962
46691
40151
29507
13448
40814
49172
15636
52527
47609
16496
46542
32495
44838
6394
21381
50424
10825
39139
5834
40524
29982
842
333
45646
25953
1176
10204
25055
2731
48444
7170
27320
40238
18213
8307
21694
11500
27745
15365
135
46615
7501
28463
6696
36763
19803
21779
25488
7465
30351
16886
53115
33120
7981
10673
46465
26132
1608
51469
45158
24415
52501
51616
51693
35466
52012
30100
35908
15056
9486
50393
14081
9709
51447
46734
7212
8888
14655
10351
2672
41192
29692
43791
42808
41664
33199
41702
11713
26138
51121
5040
35529
20450
52794
16017
24194
29
16759
255
28209
45277
38628
12756
10522
42492
22894
14152
46357
9003
21526
27845
26621
81
10630
43171
40483
45799
11411
16326
10651
43119
29380
7298
27966
46317
20541
8658
49386
47556
42038
12892
28035
12469
37869
19079
48327
22877
37551
40535
7290
11691
14845
47064
14774
17013
6820
42421
53091
7440
3442
30538
2259
38669
52903
46708
22061
51938
31949
22430
44355
39404
4567
10817
32486
16320
51025
21746
35651
17667
50718
37821
35578
5952
29833
27365
25642
31033
35422
44814
42817
46944
426
6381
29831
53394
51488
4417
41175
5395
22949
43509
20307
25460
15609
14463
41544
8851
21051
18343
38418
31063
51467
53472
22219
1117
28002
11559
28553
42853
26004
33122
48052
47569
43861
21767
52207
15292
44872
39329
2423
42701
6693
27856
2536
30471
42791
13446
8099
1561
3601
34838
1956
21181
25173
39548
35290
52642
43004
12336
32265
39506
5713
33494
41062
32645
44605
26756
28311
16055
47939
46584
50607
7543
47877
20900
32102
18837
29735
40229
35939
41824
2225
14622
35287
18589
51296
15346
51148
39337
20339
11687
16725
15628
48104
17885
980
32677
11824
41103
11174
17909
45856
16184
20560
39127
5392
26948
5881
9824
42265
35325
18312
43583
41688
26170
46570
19510
29324
24125
3453
6109
46377
20787
5462
35292
23293
15957
16746
3919
40564
15099
16682
14997
25686
5531
26372
43914
46696
17532
45336
8109
22774
4922
44345
17214
11502
41842
27571
32632
15080
14575
51454
30510
9880
10281
548
53366
25274
19449
39826
27762
45562
35770
11248
49494
21235
8315
37352
47218
720
31016
37319
20661
2420
46213
17504
24796
39873
2597
18100
22380
36606
14172
39457
18534
33374
4072
19002
13686
32416
11278
50334
15730
38364
37106
47860
38913
43024
379
41387
23023
1367
32721
27543
21394
8467
121
18891
49726
26751
24939
15349
6007
25179
22958
50339
35157
47825
15210
48367
49665
39328
30004
24741
30452
10467
26370
14648
19005
7199
44027
31727
4553
9152
20726
27494
32854
13826
35239
25709
9227
53331
36408
48422
1234
41753
13349
26292
31113
43115
31701
8506
51130
26457
18042
33387
20293
17347
16459
20671
11014
8897
44720
4142
10971
34492
37286
43283
4697
25708
30251
6110
29078
30201
34167
49598
25293
17016
13870
28568
13285
10497
32333
17444
31655
52519
5459
36165
46107
15530
35938
17492
24918
24428
19118
36885
15441
45745
22298
45772
32324
39120
48148
5692
37084
50265
16029
49794
39832
47206
51821
35375
49561
47342
39805
35230
51176
25539
16066
48470
27503
35454
42660
464
44134
9683
29875
32335
50406
48223
7112
6891
42965
13243
21324
20770
28273
1392
43917
11933
25449
15008
1893
39754
18948
38959
10037
30699
38446
5833
24684
29531
47831
46427
11263
34318
1268
18189
15317
53148
34607
18710
7458
20843
32987
9009
33655
21231
157
8465
41327
19277
45126
32372
35477
6712
4814
31192
9682
51864
26938
352
38831
24159
13291
20655
22794
22226
11635
12962
22472
51683
3999
45988
28663
38166
10161
45239
46037
37490
51858
50512
43326
26853
41071
22028
7258
10312
52184
48712
2054
33775
4914
36534
9174
25741
29552
8860
41331
26873
7189
20487
37332
10918
46564
12462
6986
44919
37355
5468
17980
40532
48329
27692
25940
53027
43415
11738
18788
28728
48423
22691
17182
5069
50385
4921
11369
26761
15898
3836
41250
2215
5931
35842
24380
9273
2028
43911
38465
29158
8764
30786
36814
16312
23421
15195
20027
33632
4287
13444
3933
9888
49517
33974
30861
35094
51174
18115
28102
50687
35864
3487
18162
18392
33004
35474
44299
53636
32692
32137
11666
38583
12451
25948
7578
31473
38998
33714
12972
51979
12732
42450
29214
36960
53978
53832
4066
3607
45325
53524
2530
49123
268
27957
42613
36331
42141
24620
2441
42595
28855
41546
16386
44320
10416
3734
23808
9266
8225
41935
32989
20005
6589
41384
30060
25588
28587
16644
18143
10155
52323
39125
37031
5266
14218
49562
21898
33745
32779
42434
10372
27210
6731
4561
35236
27790
14898
7176
48514
6144
53616
19795
30515
37310
36918
12052
22889
9750
38242
44010
43224
30828
30328
13796
31562
43316
36154
506
2637
3967
45396
39684
15462
47626
17118
30323
33965
39560
43244
35062
52002
22933
50599
8648
47679
12928
25289
19901
22190
8899
7219
48570
17215
45046
30326
14743
24372
12833
23565
51672
6796
31346
48433
53589
46296
49145
42087
19598
14118
34051
5160
46254
39380
27642
12063
22913
36818
37627
41382
42024
10018
24135
25858
53712
26336
9285
20397
51217
16114
53434
20807
53144
5620
7827
1058
53318
52240
2934
52813
25592
34871
26842
16239
10300
31804
13417
7514
51842
21290
26718
53753
51883
18555
30566
8020
46562
31750
48014
35729
51656
47248
24436
49948
52001
31324
39881
49955
1267
52898
38353
7676
47484
28517
27921
30818
636
9062
270
22051
20439
43413
50912
31130
11802
31149
39398
25602
36561
14631
50957
30601
46572
41650
15913
9338
45614
47440
11276
19176
33047
19587
51186
37480
8800
34300
26233
40224
7575
36950
3832
33821
4924
40019
43104
44577
27704
17129
27730
30926
5716
24901
8958
23214
7786
14391
14472
52905
23665
405
583
19977
48728
43168
13855
13825
49433
3818
18863
43489
50770
3813
50014
43295
14852
18947
14549
33505
42641
13622
41963
3366
12396
42778
34569
39789
5993
20783
32968
36396
16929
13435
9040
24923
47582
50549
1083
42485
16432
12647
7567
18954
21555
53405
28407
8450
3085
25126
29535
36779
23920
17943
25411
51061
2643
30186
25593
12400
11178
38063
14858
3591
23770
43723
41976
16677
5336
31332
40335
34948
13078
45108
43480
14422
15001
8773
49661
16488
42167
42536
3876
51706
12799
4638
8775
7445
41200
34336
23508
35165
30947
36666
31858
7999
5049
34751
39581
20625
50121
30378
18639
40448
348
3660
20969
8484
22447
17677
6044
22745
38427
4632
10487
15683
2681
48320
20158
46083
12449
33738
43974
26456
3964
21292
51925
33379
25183
1678
855
19870
3285
7663
13039
569
31933
47692
1424
36080
42596
5243
34036
15876
34282
31900
11226
11846
31755
25216
39241
10638
34890
10758
31263
53723
28480
33599
37549
8923
26723
8397
38096
46131
35149
41715
370
14327
50300
20743
9954
7923
49946
27486
12780
44422
33447
41680
3840
16918
32151
16740
31395
20617
27386
41077
32042
10221
45159
34203
35121
37215
10072
11506
18699
8347
5845
659
28876
22554
9705
25875
47899
38793
12055
11363
15390
40861
30029
12782
40037
13801
23921
1045
52889
42821
18355
5953
15331
45858
34595
41311
1037
34245
39433
37946
28240
50555
24321
36339
52213
1457
6535
9973
3252
53117
44251
53320
40995
37234
775
24408
9422
2280
7083
15419
27195
40230
42107
23470
25116
52136
3339
33156
40351
36119
20304
35836
46476
45388
19775
17459
26775
27334
15240
36886
39777
6861
54007
18835
49900
4278
38719
38156
29492
11017
9175
15130
21627
32860
36440
8712
10434
50695
16475
42655
52359
39928
49669
44486
30766
21980
42150
37617
9323
34694
25074
34679
46762
43170
19657
28433
38162
25363
51017
13544
28642
46832
14468
93
20458
15718
10864
33355
6772
47005
51287
3540
10852
30661
37378
11532
45838
22732
32735
39242
39543
44892
24213
36295
8358
17854
35449
23119
38639
5066
34196
3078
12804
51748
50859
40565
22295
4556
27604
43064
18140
32129
30143
20979
28453
18081
1482
22682
12952
52925
45378
45165
30748
29939
28343
49872
17333
33019
24224
21662
17430
3390
47365
8404
4116
39456
48766
7511
41649
24182
10885
35996
18953
445
39568
1384
51453
37112
25522
4846
48632
20496
31503
2273
13721
26914
4053
44853
34379
21564
20769
52144
3009
15536
7660
1570
31512
50372
41846
567
51362
39993
37965
18308
26168
3844
30077
46556
15605
18120
7264
20183
44785
36166
231
30135
2425
9571
12694
38402
7446
31361
17289
16361
16427
50716
35739
14130
17151
47873
50346
15373
53968
47709
44972
51239
47578
49839
51802
49937
44186
7528
35219
23606
16585
51039
34636
43598
14249
28262
40425
42257
49
42969
52465
112
37035
29736
5634
21040
53362
35004
16688
4259
8641
24376
15351
53720
46125
46309
21977
44477
31930
41495
17494
11772
9130
6342
1991
39544
36760
42179
29088
39052
21696
3136
6076
52913
49140
45849
39507
25566
29503
36701
25830
34586
28034
37167
49396
10793
11497
53744
38301
49950
11040
10466
11822
28096
48075
7872
49563
44524
1865
38155
16529
22995
1470
48987
19879
36157
12367
729
37883
49116
4933
38288
25457
24720
12896
42787
49823
20731
43615
24330
24190
40903
18960
43702
2852
19501
14137
5994
38115
3235
51116
21924
2719
42214
37527
13937
42522
51081
35584
35710
43782
51796
47756
49963
12386
4132
1650
19390
52849
9779
32847
53000
39847
37564
47776
52677
50919
51003
27450
13455
21024
33079
9819
49223
39185
34940
25280
14059
33238
10621
21571
13441
11858
15762
20367
23149
45848
28767
26082
32511
19682
21728
18160
11256
42357
52071
31721
39424
45054
53897
41768
3239
17724
31475
27638
50654
8277
21782
35852
23230
38725
52661
22618
30214
6847
27360
17017
39407
25088
8419
26994
38118
21175
52900
15415
53961
25005
26410
5451
14974
8469
47707
48071
18336
51709
14775
33281
36065
23315
40875
12634
30333
16280
4476
25799
10492
40755
40991
34326
49893
52662
5795
32147
39055
28541
48867
20117
24404
15314
8574
46469
13194
48361
12466
41113
32841
23299
5618
40733
47953
9521
50205
27410
11780
49572
6494
16033
32707
15370
5867
20061
22266
49302
20649
35969
23931
16148
32537
24385
46730
46630
18144
3989
18829
29249
11499
45420
16090
33154
31368
52255
3112
39937
13486
34163
18265
2996
6403
43558
18796
25418
22513
10815
23399
1441
18545
17596
7659
27107
45400
7574
15077
1503
46031
34747
3764
10513
44943
12663
27677
17830
38810
33158
29484
42967
12980
26358
52706
44368
17480
6687
45133
39020
23587
5930
1175
17581
46860
29823
8166
19540
48722
5511
8964
15893
47815
40838
51784
27134
36788
44115
54020
5195
53337
41132
14544
9806
6617
23034
11455
82
42200
26645
29511
49263
4390
44349
50222
12595
10488
48978
1356
51376
7460
23085
7281
11037
47501
16124
39845
52856
10496
47560
36811
16654
20245
18222
51569
22818
32114
42128
19483
41227
13332
20819
48735
46795
14834
32850
41837
12943
1849
35547
13074
33292
21098
29459
52575
13268
38710
6499
1192
38957
46147
34901
8898
31273
49916
30902
31616
50211
53836
50063
37669
53502
29697
35221
16008
46535
34982
42565
51306
24441
8620
29932
26872
7069
39903
44724
21930
2845
18159
8114
8305
4483
16684
14503
16026
38462
19935
42360
51967
16904
48393
14639
46150
49722
40084
35073
52140
27982
24995
38256
41710
48526
36765
41052
11383
36024
39105
17354
7185
40959
12056
48920
30349
4300
43366
34547
21224
23671
13694
48428
20167
22368
13198
52374
18016
11886
19572
53456
32079
4319
12415
4332
26276
50331
33862
38490
43107
23440
31822
44902
10439
11479
22476
21699
37048
14257
639
41281
46652
34207
28792
43824
38117
8706
49308
14720
44692
6175
30869
49113
40428
9961
37779
17862
26527
41682
37889
34107
49410
31500
24783
6354
53592
44982
43361
12984
13345
5882
25516
2150
24847
13202
38183
44681
48301
44661
5494
24800
48183
15653
28410
17697
46482
45760
24060
4810
46778
2363
33344
8646
17932
13316
38226
1757
37533
48132
21876
33678
1487
42267
41473
7921
15810
30641
18894
828
17318
4705
8275
1431
15144
13192
24770
35314
37520
5384
11602
31620
29075
606
7524
49650
34482
51311
40287
39441
334
17365
51951
53319
23926
28658
34302
6062
24649
2306
26126
44867
40111
36640
31493
37131
30608
22206
7563
11726
19245
26006
36292
22869
52971
50058
357
43032
21128
40449
37904
20442
13193
45375
11652
44463
10286
48412
26773
30352
31747
27321
14047
33957
52386
53075
11163
12829
18118
15300
25134
12628
46676
34243
2304
51851
30078
35021
5076
4959
16402
13509
25865
51600
16765
49064
51702
33018
17345
53292
11387
39275
47277
38214
50860
13842
44053
31726
50829
36091
18638
20254
6618
17722
38151
3443
47732
6812
40478
44714
8844
20749
24251
47716
45261
27316
15451
37356
4770
48508
17692
14814
50765
17374
36367
46383
29139
44770
13518
41263
16451
36618
9159
15763
11454
16216
29581
42651
14071
24721
22891
43623
12144
3680
754
24859
6652
40951
7642
52686
34795
22139
47452
18400
35498
15512
49929
14209
32952
20668
23757
14340
9432
8845
6120
3254
46512
53100
34487
14566
27864
20289
39382
4527
5179
32142
46349
44225
44811
11615
3602
16096
50401
22853
21710
31591
18457
4104
1689
8444
13125
2650
12814
24253
4696
6546
29382
13110
13561
31612
32278
49546
22473
16418
30680
3224
52014
8051
40847
6472
7841
7226
53317
46753
19484
14786
31072
40994
45643
8555
17617
51846
50256
2024
33118
8686
47571
9645
17782
8754
33181
42663
23340
27999
46451
20861
33960
23883
12609
8128
12299
9
9290
19985
2371
11861
17056
45669
16781
43451
43435
27056
1745
5122
42793
10849
45295
48200
23371
6008
22927
37181
11730
6639
7322
50745
16871
37160
52497
40455
11910
2140
15818
45965
29280
10960
37347
32919
13834
46036
4751
7312
53229
29155
39966
43643
27526
1006
8708
41838
3336
20733
38381
24218
23182
18697
3075
45700
19708
33571
149
32376
43081
53187
48962
13038
29232
21350
241
28680
22501
8062
28769
31860
1810
24822
46972
17889
51850
37500
2198
7614
9203
15400
2819
31258
12457
33888
4734
35048
15048
31107
50661
46940
8075
37570
5979
20255
15271
48992
34063
48254
34486
2499
51468
15867
50747
41254
1214
43771
30700
11350
49564
45594
24259
16645
37085
47936
45506
39650
15098
34435
2498
23692
30335
33534
49086
5349
52834
29844
3738
12341
47039
5235
19220
24454
28076
3330
36026
2007
45443
32781
6501
2918
28606
23649
30377
14265
38849
19452
8511
28321
16188
52317
21770
13105
34849
51157
29657
40815
927
14924
31770
20402
18505
52630
12154
52304
2327
23249
46549
42783
22347
31228
46055
49670
48587
53585
4089
46891
28940
27746
23626
700
12861
42502
16921
19441
48049
25405
4604
12380
27126
37166
3007
53597
25612
15793
14729
28507
12345
23657
5958
49436
28056
18652
52701
30621
22822
50012
44337
17458
37030
3206
19465
40671
41492
16217
15018
28295
33394
12809
23046
4464
13362
45095
50454
50332
674
9198
43419
50176
31014
47601
1415
12202
46450
17716
43095
9855
806
37440
3258
29032
36013
49706
32204
697
9301
8392
43411
8947
14546
36174
51638
19009
2299
37389
4085
29348
52514
12478
10875
51461
50961
20366
6094
17323
23319
26463
9555
16289
28970
11641
26919
7317
25902
43731
8984
7138
12288
44999
8106
29671
52391
41903
25023
52947
45121
3210
19750
12376
1537
35701
33363
44452
13494
26254
38061
30591
5187
46088
28504
43545
10041
27614
8974
30665
49812
11958
42729
49750
1266
7623
50685
13210
13168
15606
41368
24302
52118
21433
4097
43754
44412
42867
51363
22372
45554
17025
35378
22493
30293
36634
4694
52507
50801
26552
48557
19777
26334
18662
13136
47900
38984
43593
38716
50257
15535
11046
18862
12319
32476
35178
36348
2844
33190
10757
41372
25944
26657
10535
36081
29602
48716
16175
24883
49821
23709
48384
12872
30228
4098
15892
53420
43501
25012
20302
48053
42234
18361
6118
46820
48019
38730
13931
39709
34360
10753
32050
33178
29489
48782
47229
42368
12054
46201
24200
32410
3961
8460
42290
46888
47264
37361
15000
41945
10646
35100
47624
3186
52344
6667
5436
47166
39728
18676
41743
4865
15089
41017
22435
24359
6648
11151
48552
47253
43289
17007
14119
48823
6180
37619
44291
14817
52439
40248
36470
13995
50387
39104
1066
7742
1749
25755
30676
41249
9912
34417
33617
5728
14667
42627
25455
17067
46297
43201
26942
8063
16205
48887
41601
21016
49495
48950
4536
35027
20200
38983
50019
7165
30213
21756
39779
13668
42640
12268
14606
12825
23482
7029
27634
51257
41639
5796
48064
27359
52476
8870
21522
23272
795
1914
31788
52360
9995
34647
50719
13405
50410
30242
6762
37064
27110
36463
9827
32101
43410
34076
33504
13297
3748
32626
6002
24209
50813
1353
47610
41348
43473
39500
17263
28813
19869
42252
23429
19799
40517
9195
38220
37866
34211
43235
40370
3669
29267
12231
25265
51221
19857
23578
7955
29019
22846
33081
33002
1120
34471
6420
5359
16122
31797
7931
19633
53572
10267
34422
16900
38336
33502
21915
10847
27912
29526
21421
23253
10826
11829
1693
47245
13595
10519
2547
50302
33194
13094
49200
19144
36112
36548
10199
7006
42333
36717
1080
31824
13630
6442
33589
15236
2442
17159
30563
7831
18746
25690
15167
39780
48347
8998
41555
49106
21388
23555
41015
46799
38289
35465
51345
36001
12295
7668
34599
45576
140
13823
39435
8896
994
49292
13865
22025
50902
2458
5818
6523
18133
45294
9832
39191
41415
18153
28887
15131
38423
17708
43652
2580
5939
17113
27969
52469
33774
43826
17476
32760
53314
15283
52726
46688
7133
30928
11943
12005
50776
20584
3653
32375
34189
6968
570
22216
25644
35858
43832
17339
31502
48229
25924
29868
4812
52211
26285
30128
6320
6599
33524
7302
32080
49246
19661
53904
36329
46224
36554
13948
15128
12676
19767
46986
52353
38922
7661
5387
6010
13945
40972
50660
42185
20240
17533
38909
38561
492
29561
6185
2022
9768
17130
23589
48919
16718
11639
11482
18211
23834
49846
44379
31259
18389
47475
6711
42600
5647
6746
31233
47434
53111
36445
24347
43281
43274
10448
22592
10284
1629
33897
39306
23720
41367
40580
31749
1817
40552
42021
1350
18357
46292
22360
1102
6776
24530
39765
20129
10861
30585
43078
49905
13177
11259
47399
48711
24554
15060
12096
39733
52879
47542
37107
13958
3073
35989
33785
52148
38172
12130
53912
29048
23485
7028
47224
24978
12161
52356
45188
29589
24980
21906
13496
1465
45774
15896
31636
21418
22897
45793
3593
2548
45916
45505
24946
11793
28317
21834
33134
33327
33511
12053
50567
12515
53931
46959
10438
42839
10500
51624
43428
11716
51594
15857
27523
35961
37578
437
21494
29673
16665
41547
33372
51604
46692
32730
40410
46656
52646
31813
28010
46969
11874
2916
49687
18602
51005
45892
