49792
92858
29649
50631
36079
4251
69896
20551
30908
22468
64097
876
44301
1849
51355
58829
27360
2466
30800
83144
23175
52540
60196
27926
56409
15927
6453
89088
25062
4502
27654
79448
54003
27658
70588
47192
35315
11949
20193
18438
61333
70254
50938
38392
80458
38115
90181
28437
34224
73034
63876
10719
57588
80207
39757
58526
79072
88112
22815
12649
94700
17341
32781
66729
29756
86127
67976
50517
25181
16621
22028
18010
83772
16317
13767
16813
43506
81236
93572
83098
76470
72033
12872
68677
40824
18677
63695
33559
3992
51275
5389
30278
50398
2303
30916
14196
55044
55903
29584
75676
73502
18429
5598
95803
6649
41521
14486
50200
76151
20135
5745
30538
46083
33243
85929
43647
80430
77511
32510
17205
9292
25647
75067
26359
34675
5472
30659
72092
89347
20881
75922
56755
49657
21768
56163
88388
30406
39897
17392
89312
40840
75495
75103
59958
17678
1608
23932
10017
48955
12584
57226
32415
96573
6686
73962
20614
72820
31346
32079
87988
3126
28614
80460
85211
27916
81612
83242
88097
9937
17761
29460
6099
44984
70188
5470
53433
53832
6445
14827
95116
47857
57009
58199
54673
18941
68618
34322
91309
35209
1131
42566
61754
81608
78420
53288
88080
32633
33065
67418
18408
55759
15985
15577
56552
97977
95269
96311
5628
62239
58670
77844
31305
10516
8591
32055
49470
67559
31135
2346
63911
80050
27013
18755
42283
76862
93957
83343
78397
61210
86309
7861
16090
30341
49769
42791
90199
48699
35449
9196
59082
58518
60203
65035
36210
80631
38447
38735
39042
4092
35065
12713
68055
86182
22852
71625
1190
7789
60753
71454
88723
37846
3685
57624
421
33241
73959
98126
50296
16755
71725
52166
63892
18546
25850
6542
36971
18801
54580
58730
89111
13822
20151
81796
44293
92633
938
92117
15161
81572
36829
37449
37582
53677
62196
37805
65831
52712
19442
8641
75126
66518
75711
31267
11822
34498
35268
23787
23419
14019
80637
24312
13404
49563
40739
1237
45226
96505
30697
91353
84394
83851
94553
89241
38564
41275
41841
69172
91648
10693
40732
92206
39908
65959
85795
9503
52689
20355
43818
44599
61281
80477
69791
60088
51661
54316
4351
61724
30008
17709
50314
29598
62387
55776
34506
69748
69814
73717
74159
11745
23374
38592
24459
65413
74837
26511
60647
92045
55516
15046
45848
3648
72452
66782
8569
62904
47503
17161
33743
4244
13575
13923
86514
22746
20069
49110
43996
68083
17783
23089
75229
45336
77560
58115
59534
86167
3726
74028
37369
32893
93956
24751
189
15388
46249
79534
66797
31845
64795
84151
88274
26088
3926
64754
2019
89154
64926
27474
89080
637
70409
29536
64193
41017
1738
36269
95211
82507
78111
52809
38885
87492
90305
28750
26192
84205
45273
44579
20091
45472
11449
28269
88903
48529
37008
22863
58331
85918
84367
29759
49297
34177
27895
94978
43304
12617
31988
66822
65103
26844
63466
72905
42542
49545
93097
47755
5512
8269
82506
59904
10805
4441
88819
17730
63708
91673
10111
40459
46324
19436
68751
51501
31441
81033
95609
39421
68737
76544
33109
21082
50385
23850
15689
73685
94073
69810
40172
46671
93342
2365
49031
2524
90229
904
78283
64433
95606
78263
5431
8811
50707
59846
88332
33096
82032
29773
42560
84595
20164
2874
39053
2924
69277
81471
18715
23108
57759
36708
41423
30910
38424
4230
89865
64560
13887
45627
73097
57466
13615
66535
18471
67820
726
74671
82961
15180
45544
77850
40114
47934
2958
49750
26223
93014
88879
2293
37509
68129
8088
90008
17068
72429
3928
35858
26737
65614
68756
29194
53774
16464
62659
6327
64824
91080
21258
29928
13893
6085
38643
52742
51576
90301
84085
40713
60288
56295
86175
47443
55725
88101
25713
36228
59275
20878
93644
85047
70461
1416
65916
5935
90282
91844
10257
36138
98230
31144
59891
59101
54202
541
14977
48625
43744
69053
40628
20827
24720
55881
6513
58781
66061
56164
76899
30108
87365
60207
49072
7422
58252
37430
9016
91857
35996
61373
18752
62971
23250
34556
16408
62746
22073
750
21737
26683
11263
63426
52165
5898
9681
90617
25218
19086
58869
86151
27999
12336
89018
66972
66106
95648
11222
8871
87115
13653
98000
28564
5123
46612
65155
23830
64293
98043
85802
2127
56389
22834
9696
1466
91132
87744
37719
9772
83835
74885
54549
78687
78634
78002
76654
10061
91635
87199
39989
311
13622
56837
12522
94113
60906
28039
73440
31351
78023
11042
63323
8201
57318
30509
94292
63513
42091
87706
49515
65920
58079
22676
40843
80080
87597
69894
93276
72917
12778
78707
43482
80819
91821
32771
15553
32307
80429
63810
52854
19281
2881
8735
53245
65896
86529
2038
35202
76522
5659
64959
32350
66333
73540
61433
62124
41999
67378
39428
1203
30350
41016
49105
35396
12743
73857
16269
46191
76464
37804
6116
61430
25886
19159
58475
72470
88640
49402
69525
83541
12880
44297
82228
4967
46200
62368
91334
75155
15372
20346
60707
27068
34745
61082
12580
28148
22046
1643
50372
58281
69456
83863
54242
73447
24173
65203
57098
86956
15482
81887
18183
90724
37942
45025
82612
16582
14254
54355
58205
70460
50844
64253
71091
77894
29115
2439
91518
41796
13431
94753
83910
7298
30546
45459
52322
21268
2149
86684
29450
75197
72035
78865
74844
54326
22647
6310
45434
70796
28793
5456
6887
23704
75063
80290
82419
92898
80949
4071
3852
10720
27983
58589
38462
13910
88846
89500
52172
60307
52269
63288
72097
92720
25946
80157
76419
65138
47212
9600
1952
54812
48230
1949
11609
10
42260
71206
50231
44901
93404
7336
63705
19392
6170
35595
83868
62043
2220
10019
21599
34201
84519
77194
21759
48260
48297
57825
38518
37829
51544
22177
17846
36034
73835
59090
3659
20142
75591
41995
31476
91239
69210
80266
20525
52102
19283
49770
94734
35362
74222
7717
54516
35190
19595
77080
1492
89810
54623
95658
14008
59508
39682
1517
90316
10925
87868
14192
551
69147
51528
79098
35981
12878
85932
52693
18799
50621
18885
68576
4851
36800
73483
4459
37959
22814
49901
14308
66686
92051
47761
33805
2124
70551
59413
89758
27117
10571
39453
8885
86626
1751
25256
1361
41114
45470
92981
20122
44195
85997
29230
64311
52130
31045
6982
63084
82203
11257
85208
69067
56850
71297
56569
70798
16945
85454
294
79226
20041
73767
84655
14488
2623
91254
63088
64728
11183
94950
32949
33575
32609
8878
41608
346
54383
49019
11623
31340
1620
85780
93873
2914
96564
29819
34164
96624
11710
47507
540
17356
13297
38056
74310
71298
7234
86734
83111
38417
60671
21991
49618
2351
66868
9710
84174
45754
64172
14573
72268
48589
76894
73442
28636
72442
28745
60311
70972
69094
31190
33090
26639
52696
10423
50667
4409
73482
830
40975
17418
33386
12220
27355
71048
23503
1574
20544
70390
85464
97985
77626
32787
22896
35145
55777
12533
45250
65367
33316
78238
60437
67798
37169
53341
62369
54993
58568
23160
84254
61098
67916
48769
56384
15609
22833
67773
44015
8112
32783
6
82013
17570
79641
69512
91943
29024
17196
34618
59838
58853
11968
21406
13504
62640
63074
66185
40789
66712
55290
16065
9904
42765
78439
30016
43274
81645
30334
6909
32168
88043
83532
27006
29205
22636
41673
45825
46018
58828
57959
2177
13387
69216
48145
9684
61658
41545
76657
15717
73605
16894
41958
40248
14420
35563
38819
60305
77262
65966
90665
64893
8839
5943
66409
97383
81833
44452
34223
9956
54952
49761
48165
85823
79811
7216
46247
95814
63520
38956
92564
85308
952
96275
83803
23248
31793
15331
19542
51778
49139
78840
6799
27175
23631
78574
41860
66813
90202
49476
80005
83857
86655
46355
50039
86032
79884
52988
91123
11450
45345
14693
94696
71390
46515
78577
32662
31547
57026
71342
28
60245
52576
12836
62345
64701
71678
33516
90739
96625
84544
68832
15543
42613
76167
90342
31971
44487
34436
52192
19233
79282
48949
87431
90087
51935
40748
47544
9882
70201
55623
81648
54306
13730
25799
1888
10998
67302
41369
35265
4523
56413
69448
63854
36937
28186
68256
40106
67403
60663
81542
37346
73576
2723
44873
59856
18024
85542
25586
6258
43857
31751
36903
70826
91128
32707
36625
35852
71800
70628
17422
89323
56975
15225
23853
24934
15086
96901
61238
6010
77557
28262
65668
76926
17150
69870
76792
3562
43411
42646
53172
97147
85541
87726
3447
92891
68750
23779
71790
37333
22687
12179
25226
91899
85171
45344
52585
27109
84533
5890
88256
74162
18265
3971
7450
56791
73216
18568
38349
75134
8507
86008
74590
20030
60025
27963
44459
87776
84722
12334
86392
55494
12096
35663
72700
73024
94358
87201
31207
39745
63327
20157
88769
11132
40153
14010
97239
33330
55793
11918
70886
9070
40493
22958
18823
68302
55738
461
44584
26263
39244
46138
86259
52546
81367
58178
7925
97587
50113
56846
64080
91840
76675
92975
58683
68492
35070
95612
79459
50418
52912
92486
52908
42295
75752
20465
40647
38788
58471
48076
95030
62230
56663
97437
63617
4285
22550
77684
60962
78398
80495
27777
41634
57010
21402
86662
30181
13083
66284
7703
22163
55398
44319
22923
93508
83819
92179
79330
38352
74458
27249
89521
43395
88609
48209
67839
47999
81622
34305
49505
13643
19487
52740
46803
13197
67184
41924
88150
19922
84747
94042
91559
43576
53765
97047
45303
57728
35339
6641
67654
55090
33388
49142
19768
14300
9809
40401
15851
26674
16870
21122
83162
21864
12487
28200
62672
47529
57336
54756
52561
50894
7312
22898
31189
28574
72335
86340
23436
29999
33628
77591
59444
64167
93394
63055
78047
52835
21526
8707
66303
56712
75138
46851
3622
17542
84886
12492
10361
94043
11221
20156
77987
11446
63656
40221
40740
69871
32151
48712
91416
87697
14153
83348
37702
17123
3909
64770
81520
90296
58483
1414
66724
1743
69818
88297
81904
38772
83035
85094
76315
44812
55094
30770
18249
56302
70712
17979
73985
15122
29888
28613
49023
81525
59860
43029
2253
62014
35479
9226
17197
62015
88993
4396
12293
4096
72757
88634
5883
11147
43785
78557
81589
16127
18942
94318
73812
24833
39327
36746
59040
32939
97397
22295
41112
60790
38670
14154
5737
71615
26348
28087
61497
77158
2543
67305
50995
57645
25519
60497
63750
41338
795
17734
36543
27758
34109
4079
35015
71218
23091
94177
73237
77362
42142
57567
70216
8001
97976
88021
86017
40561
78711
13413
54338
34447
53581
62854
35519
87962
82476
97035
30736
59576
29383
7282
74810
51569
90964
50309
60961
84842
34591
93439
40882
63167
64188
15808
18060
38708
50261
44558
54261
80696
37611
60050
64473
36405
95005
93128
49243
42738
26397
51585
89684
68186
30759
33885
36148
79222
48661
70227
1594
18298
37213
56630
89937
44040
90762
21366
44476
24250
59853
15785
11542
60004
36198
91717
70515
56207
3420
32984
30602
14059
80258
44741
34787
28794
53837
51356
74537
71880
90679
80829
80508
32107
23535
74774
42956
8296
24871
83510
5559
42704
9452
23142
3169
56913
92537
34086
68399
35158
88978
27593
21413
61885
76705
9511
29122
46772
76841
91782
9044
72345
81776
85215
78054
55936
43555
86925
88949
91846
15333
48123
61916
42349
60507
67066
92039
89590
68964
67587
55383
39463
21582
49227
32498
53118
5925
761
8476
26350
24102
86192
52381
64753
80433
24848
30173
88168
1954
70331
35947
36888
20995
40606
51381
67009
66825
76111
73646
88750
56308
66958
55520
92611
77298
30524
82620
11644
92379
11818
46774
88415
55328
68036
82064
52759
5408
31565
87916
56320
19662
2896
21540
63417
49777
58572
64419
87553
89858
93273
73464
25903
35407
42619
34714
34489
1926
95793
53886
52604
30747
1881
22974
38059
5688
39938
62005
61245
66276
13933
53073
76755
68483
20999
55847
32533
71196
69594
62237
8411
85166
61226
84974
54171
79716
33435
54442
44649
19848
49309
95672
46176
17272
90177
26547
71414
38674
41090
53230
14799
17930
35501
77900
20427
71654
6617
6031
13959
82214
73687
15178
21031
37315
48477
15137
92899
79169
10526
22045
78212
53129
97793
58587
13221
82414
10793
7407
28666
78759
49589
11661
62595
18034
28198
42615
74163
28323
94554
56702
3309
93861
30117
35188
7367
52079
64914
51807
77486
55455
81456
7777
28245
80590
43856
36561
51712
27792
82899
33741
76404
66223
19179
74790
4046
29945
89652
30595
40956
79276
84827
17460
63263
97524
13526
1711
78902
14389
5130
22771
69120
40135
23711
79121
34294
80170
77758
86687
96847
41913
95338
72243
27587
10680
10813
69862
71149
17257
22099
22368
91793
32956
11122
83005
27348
74435
92538
97673
26194
26556
18229
64181
28899
11058
6197
92511
41080
37114
61316
21450
75898
43192
24060
34540
29918
39886
60706
70929
51454
43615
92517
268
63484
79604
12982
71541
332
30210
19988
32763
70183
79300
49712
51056
37026
50030
58146
79014
9342
20342
96028
26371
58662
69486
1653
73907
71602
36544
34281
55008
3746
92881
34834
19243
94267
16429
16139
89248
64423
74922
54547
29279
56106
71096
15088
34476
20971
18119
43650
62353
55995
73813
59401
68815
88959
68754
70487
12497
55291
63321
82965
1239
66090
90671
90522
78183
57344
83667
24047
21685
91908
83841
54678
75928
75932
65245
69307
21620
33378
83825
29294
56700
36200
7445
41743
81401
59922
10839
63119
22760
59150
70535
6585
50262
53304
36678
2423
17121
34727
51068
15986
77179
57955
74988
19327
23928
38877
24668
59573
38114
26227
45379
43987
41019
50155
59568
10908
53661
58661
30539
19171
52488
40474
78846
71479
52296
79085
36795
14627
23623
40659
45554
70182
48879
71854
20461
55499
58271
65510
39359
36300
41220
22011
73753
64632
92944
10394
47824
943
4381
40001
73343
76369
64230
59491
89377
87701
74341
39018
69081
33169
42271
57045
8584
57602
4750
36183
82257
37003
11133
59125
19712
7917
88356
8207
39205
47726
23109
36910
7304
88991
19719
67340
19678
66040
48364
69541
65690
24920
27423
12980
39486
63170
25060
65044
37093
97130
2871
87658
38705
87085
47849
83919
76667
72004
82815
47031
85661
4029
82375
21668
49409
71686
18242
67447
65749
80729
44010
20931
10758
95223
75323
46023
94273
56664
90764
93323
45728
7524
86656
46765
41168
89069
1217
25838
17539
62570
80384
47588
26342
36225
92833
97498
73089
26527
31921
97061
23717
2449
44501
18532
747
18366
55930
79774
85184
30174
66397
72505
28556
4545
91606
40599
31490
32132
49561
71462
59166
30076
2184
61648
78035
12893
79731
63812
13818
53236
55148
28173
2665
64850
62361
45722
95991
64336
89945
98
59487
63418
76542
26436
13734
80633
66217
78185
72927
12968
95315
49275
41157
21579
12318
63532
93270
70698
22431
86051
38528
23872
7626
60679
54500
52362
92007
48839
14438
46752
22198
89130
34056
61935
25994
95166
82555
73439
2873
39601
75923
32150
4992
98025
43711
62091
82401
47489
1382
97821
13685
91651
46197
51633
48375
48614
1785
3886
76549
43172
29913
54574
17795
90571
73359
38320
58229
37197
89320
71292
50566
78812
9771
82895
74170
48843
7053
90647
30527
1441
15339
86265
91091
64957
9533
39667
5043
27378
88670
76408
84821
4469
67811
4254
17398
25042
8253
54362
57995
88454
93126
64285
86106
53456
22796
97178
83436
45878
48179
64162
94739
79998
67645
23342
36850
37142
65718
61771
15583
18394
73789
39539
41919
42839
68538
30986
69360
31133
52701
29266
59998
97628
53021
88646
60524
89125
34689
1578
83226
65511
40917
5396
81275
84880
6007
90493
18606
89543
9816
48276
22400
60662
46499
35948
1081
11388
7152
22190
8895
87605
75830
6112
32405
32149
48196
11463
36014
10877
68379
58135
64658
15680
16468
19252
61078
83204
62635
75943
36918
96290
44416
50630
82785
84656
49366
74206
6316
85343
77964
7745
34380
25925
49382
45308
54611
51925
66259
66517
54781
9962
22904
20814
30738
40308
4292
51669
32774
86560
62087
11825
64299
36297
42521
50608
56015
51914
46480
67950
51025
895
76323
86649
20539
13569
81094
20167
59253
42129
3632
17700
9619
8992
36503
30935
30196
41589
44714
62581
14409
2990
71632
42916
84687
52948
43565
33905
33125
74004
20070
18082
51129
26538
5175
73870
5873
6030
30920
75695
17718
37032
66590
27380
60057
85698
4421
1656
16082
8246
58834
43791
33915
74197
37319
78109
90338
24217
57425
12782
36727
93634
96528
82412
69394
35023
14367
47647
11875
51787
3780
82106
3712
7849
39999
60191
15800
86318
80215
74156
21292
183
58340
76218
68586
45617
16219
35093
40886
32157
36873
61234
87567
63677
89296
23743
93691
43160
84059
86714
77846
77812
35091
94749
79095
57615
16638
80860
41440
42273
71502
78799
39344
19213
7814
59785
17594
23933
71868
74657
78064
54022
79449
32597
39158
39266
4124
49668
16798
20857
50508
66869
62940
11604
49945
96540
26560
17758
78375
33737
55201
40581
93134
68021
14106
19697
26933
75962
62405
58013
8579
74932
48762
17630
69813
26657
47010
87164
69901
15793
15991
28274
69036
2893
73167
38512
16665
6021
19754
58280
85876
12719
60608
14762
73274
45600
92326
13675
61235
1532
94540
754
71823
95176
36323
43884
86608
97542
28360
95682
52138
7279
17316
24133
83374
87411
84811
82874
81963
67929
57550
46148
86965
58631
69160
41867
97684
87118
16458
41635
8122
40129
40546
84809
6567
19688
35795
34001
76986
51758
64680
27035
42787
14305
88800
89797
72698
2003
86025
28002
87331
78617
93347
92217
45927
48647
54776
16732
48292
35879
91087
40945
17187
12450
91130
41357
38747
7646
37661
97074
69569
38330
62937
53807
83948
21554
31655
65396
73388
26703
88854
64818
26341
19590
22382
65878
17184
11069
94190
53012
44256
5569
491
35742
4322
31018
14289
79171
26894
26946
61891
67635
88791
21956
32899
6103
17170
90161
64906
30265
43783
86273
88935
48816
18586
21464
96708
61817
30587
67894
83452
35159
32268
17884
28492
88010
26672
31517
19098
23916
73792
32579
82863
85867
41945
19837
20573
65338
5507
64278
28130
59585
70778
32095
95409
74377
92241
22890
64318
66248
62616
55506
33582
1181
30418
27691
19505
52402
57523
28174
44668
90444
78869
47241
64481
43932
96220
63555
70783
33995
21015
71095
48787
95484
94617
94294
15434
35413
38350
17988
40098
77941
49488
52215
96295
76681
65833
715
86569
76424
79554
10667
91164
78237
74631
51491
77620
63567
10689
48554
96296
77047
38257
61254
92021
80076
19946
9757
71645
37985
24995
27979
21363
70685
80668
23544
56749
86068
36073
84829
3572
7526
55976
45804
794
83071
43064
52867
42442
84825
42838
81657
76505
51135
34894
15844
18148
80663
8545
93912
40041
42226
78230
27267
95775
34634
14643
71881
64880
8954
24707
39562
91747
82542
59764
40201
20133
92366
70258
64392
4837
73814
48809
78980
69111
84523
43630
50502
81807
49703
86929
14127
62019
51164
27334
34877
71083
2721
21511
14125
31706
83917
95780
7767
69435
80270
81412
65219
54760
17438
90443
9728
67855
2885
35917
25754
12344
37514
7947
64845
24468
39588
45656
11121
20947
29463
37689
65604
59758
78717
34004
95402
93432
74943
39546
41538
74190
24166
83108
25841
31823
60027
79156
76943
61400
62379
95279
16101
21367
63165
49293
58166
64829
82962
61121
75595
102
74366
68343
88923
68276
15177
11880
13130
75035
53965
13438
27725
17838
79643
88754
26551
53692
20859
23195
26272
1846
54270
76140
38936
56357
55459
25172
62325
18870
8239
60851
53745
17025
12044
95858
85710
79347
98174
45928
60023
97827
54284
63905
56469
9977
21056
27831
6554
36692
48736
48818
72522
73832
68031
82595
66699
49887
11020
9907
68365
91652
96025
56328
13063
2071
74474
42338
63673
53060
82529
29534
47240
55165
82427
22835
58158
50538
41628
18507
9637
96988
75230
76635
75880
69806
85842
34460
89465
54796
48098
54732
24857
25905
73763
87855
29516
72242
7572
39147
67668
48786
18794
61438
94918
73555
91145
2483
26346
60966
22795
58015
16702
43444
45607
10548
33449
65280
59028
55253
21797
7695
5041
58394
36098
30954
96508
17405
78382
10486
74824
34183
77371
20222
34623
9048
17363
28625
48924
81570
61267
60100
19360
77113
18836
32805
35016
45769
16807
52224
61263
5371
24943
91776
89142
88206
89199
3047
2930
73261
64574
56954
77332
33231
19620
66601
22441
20454
68594
28289
66783
40955
54635
44652
77381
27108
32717
41129
9258
44746
28817
23668
62594
4888
76283
41502
58338
92733
84403
89816
73820
80345
41558
30974
24659
45468
93743
71458
36629
38302
9932
84576
97771
29552
93800
29894
67505
71584
57034
11640
70367
38321
73064
4913
22023
53443
59079
61726
42269
82285
1723
21728
78837
49617
88146
20666
66900
52190
22253
15715
67153
66046
25869
43756
35609
85264
87871
53017
74339
75018
44004
72431
62025
41640
40105
3814
78282
38746
10132
70773
4245
75234
32290
77036
42722
32653
27637
5817
91990
172
72002
64740
46877
64548
2902
74784
37856
45338
52513
43095
89698
50761
67077
38278
49960
52260
31947
51709
27304
94943
23604
51020
92889
19502
34515
35487
88284
58005
45129
60316
3586
20473
37803
79786
3340
60634
11019
14494
56327
57966
61812
55445
47321
55166
13939
60192
76322
76958
26019
69345
48397
90434
90260
57532
16838
89962
75618
88436
56816
8988
51324
70330
95287
64589
17506
59479
97327
44229
51217
96802
59337
20350
85703
28175
55799
46998
14274
55749
84948
31374
28266
69641
4497
47252
93858
50892
58133
82443
77187
82116
84858
24117
24111
67995
25681
61351
53865
19852
49787
58755
23907
84679
79130
76807
42207
95584
53827
22004
79889
72282
93472
8093
13624
68678
94634
94479
50572
56151
24992
47373
23902
23687
2686
51251
3308
44112
65697
71195
60882
60766
41758
11256
43703
72787
6625
57627
27222
4271
70747
48227
85750
95560
71681
68177
59243
43747
3178
53619
3710
66696
67924
46940
7156
28643
71046
84353
45892
45569
22589
12917
48641
27287
4011
19985
73943
15605
55956
44282
33681
7536
91178
87566
79706
22735
61673
87538
78032
30045
69495
23840
23295
66420
16620
72370
159
57071
58474
96181
63388
78004
48869
20420
14230
45867
36415
2275
64330
54192
62846
41390
41957
3440
77986
73620
73793
10268
68764
44367
37806
10113
47946
48410
89919
10201
60918
78306
62687
77532
68040
93507
52634
70952
66942
75269
39250
38171
13694
49374
62653
79464
12961
11377
81438
1591
21743
81444
82255
42395
46956
88283
11695
82539
57359
86110
42630
60535
27750
22439
53870
80423
21760
36182
70853
84354
60892
21432
453
83085
10085
46211
55058
9454
69015
60178
63982
86670
31338
76788
7163
44152
47275
19160
18652
91631
82357
60785
36983
89838
96451
70612
86023
961
7235
13283
54427
29320
25321
60689
39948
34674
79057
87514
59803
21088
8186
29542
92443
67984
64964
30850
74954
43834
3503
27521
10497
64861
97576
60666
77564
60006
40992
11714
12995
17669
10273
10821
12848
81073
41113
71867
23694
19673
65986
69314
85518
56010
41620
31007
37483
86122
61198
47912
4929
31524
80827
70072
17375
81187
50799
20132
81738
31445
63692
80659
97523
15312
27422
49439
33832
30950
49287
94979
48015
62231
15063
49096
72930
51961
40655
86934
4471
10240
22325
40310
6226
34165
2043
16179
85711
80981
72860
34780
71345
1123
37285
64118
70338
30454
12666
53144
20464
51956
9542
57535
61557
92508
56153
70165
90077
7857
21336
82382
51369
89215
2953
89881
7228
51110
63850
81356
83419
12072
75077
80531
54125
42460
53877
51084
87795
10442
13392
3075
33657
91064
60091
3313
2762
54082
70731
80596
68814
12969
5764
71613
14974
72581
88651
93216
56821
79906
29299
29405
26616
22036
46019
33335
9765
44187
92739
75161
37136
56348
81190
89285
34356
90308
24454
73022
35162
42061
95933
41429
88063
80782
35150
44249
13790
82528
78421
52118
43585
362
27060
68645
5910
76737
91808
96653
9001
17489
10997
75903
68673
68218
14017
56459
25908
37334
54373
26052
30193
32528
7904
89314
96193
71891
53110
68241
82012
15733
17659
47455
69686
90600
8131
50034
45660
71984
75820
92615
33561
20200
10124
84697
763
35028
43310
76474
39212
64270
12052
96757
23385
1844
34191
4317
97443
21218
87392
29169
78648
6966
93843
88064
39375
85053
8006
93780
29523
7508
79149
84694
13782
28482
16729
46089
22129
84710
20790
85131
87576
3614
18505
41455
840
61020
82418
38383
39175
59371
37831
93010
27436
50219
9438
72385
96805
58886
40395
43050
18144
90067
92178
1188
2001
63006
95193
37842
68384
68902
9390
5256
39810
89736
88034
36954
31889
5926
28513
448
4953
55311
96732
92404
83396
38033
78053
76392
55745
49171
81595
8682
19260
14736
54001
77978
78056
97157
61661
63129
5749
82477
45529
18569
38527
20207
79411
90065
75047
7710
13524
57919
95274
61282
30018
61895
40121
93332
15019
10931
15868
91024
34814
39782
20107
3128
48329
92767
6796
59598
54000
41064
74697
52637
6985
30367
62735
93762
25207
68831
50652
90970
73861
63871
49681
28187
75249
20543
2761
58116
37819
40861
41102
83820
38732
77236
94467
85436
23234
62164
11525
6660
39755
24636
32192
71598
1294
98268
57606
78581
32926
60635
1986
60537
28080
75005
78069
9444
51406
70247
30612
3683
78780
41085
87307
14934
64532
66306
91181
60878
68167
60782
5278
12890
48240
11129
47295
38507
50655
51118
66916
23805
18489
88839
61447
53475
65076
75998
16025
16163
33992
75587
15816
68385
4985
21146
74476
70981
17261
56283
60748
60937
97275
73088
36284
7174
26671
56344
28256
59989
64783
31192
60111
12589
73021
81497
59639
52525
76527
17195
34382
49964
94657
97271
57565
84302
41044
33458
1957
21612
43072
70512
75115
13993
49273
7504
50929
60728
6706
44398
2891
38600
22403
92665
10923
26392
81954
73404
48212
52916
90521
31916
41808
42165
70114
86117
27138
89180
81029
26270
12265
15342
57033
76857
37859
80521
91291
86202
43262
44669
34739
78269
69055
49027
8379
23151
49164
11997
18447
93080
12673
80441
16762
47554
58749
59204
32292
14757
54287
39388
74186
93674
87945
37675
91745
17117
11024
63383
40389
80160
6393
83358
89645
82266
53956
90174
49645
48841
201
70172
54253
113
117
2181
33056
5752
62273
79718
76798
77783
93664
91104
56077
83458
27703
93052
87613
53019
57386
86693
7754
82121
50757
9796
40933
35675
27173
80685
24284
17587
88591
49600
13450
24479
55385
54640
65374
97410
89485
30175
93811
55295
91513
90122
94910
50780
81783
10049
42033
83965
11975
62352
75256
93503
1323
2682
54079
66933
5037
49955
91403
16956
53031
7176
67210
15320
53097
85357
69766
72346
4095
78915
45269
89335
2718
23188
23823
3927
61899
92816
97721
71877
2314
30867
76963
33656
64117
73914
96319
29834
9339
67675
68613
44294
55422
69721
76942
90701
2967
1248
21182
196
86805
52338
59729
44490
95153
93329
18761
87998
20889
50467
16110
36505
96875
23127
15835
3204
80287
8705
88029
71093
70041
90640
53698
35634
6040
60321
42675
45760
24913
9888
21535
49713
56809
75582
60076
2412
63830
60575
81185
34868
56479
65050
63548
37643
51318
95979
42657
70882
46440
31879
84921
35900
68551
1919
18380
47997
63851
19927
53379
12009
60596
15980
15346
69535
22361
81341
86006
95634
84941
81573
78346
72358
34524
41531
53536
25131
47103
58472
920
26932
51638
70597
82688
27793
16541
27009
12602
60710
24510
80894
31276
93804
76019
54814
21075
41814
42733
63863
71782
28369
52820
25529
19361
75585
85639
47015
35935
57224
45097
53464
98029
80358
16674
26206
15486
62931
38927
51185
13659
71430
15485
74806
41222
42663
44051
57625
35308
11779
52526
78713
28474
78692
40085
30835
73968
18281
23388
13336
1003
46086
56898
64636
81311
2235
57190
18304
67057
66241
84252
65987
71804
21898
2869
722
42488
17293
37527
81369
16362
83560
50072
91998
29442
22375
25998
89745
63296
24694
34186
84286
8610
16264
61261
1126
16895
1009
22318
15730
96096
12010
30095
93647
3891
90908
12837
30484
26364
52796
56756
95651
80970
86476
85469
22140
58998
1518
84063
88981
63974
90790
64976
1213
27324
63045
79626
38529
79307
68003
17852
76949
6366
60657
63410
5560
43021
52643
56372
59175
19030
9402
61216
31439
10498
73999
59297
65109
17575
95329
83150
71647
95909
59734
5513
14636
60571
67589
15013
12188
86058
62900
78266
83105
46853
70544
69199
5865
63887
580
2128
10637
53874
41683
37167
24212
70727
34479
49519
42949
96210
19255
72088
76453
39003
60873
15359
10612
17415
85362
83796
58329
7718
10870
15621
92528
10953
57394
51292
53195
76291
87499
66158
55017
79331
92851
41278
9593
52443
38689
18389
80595
97798
44728
35987
30374
67789
6174
83422
32768
2629
40274
35470
91293
96185
96527
78249
68233
61202
79799
56011
64494
79784
57722
41330
51163
59446
45665
91946
88209
71426
27460
20471
47421
40903
15671
24556
18306
44059
77041
48334
96791
49928
81936
9118
20871
56572
22326
94974
28675
23612
70209
58412
95599
27856
48181
9734
80478
34273
25277
29471
28974
69332
77666
11856
34296
50062
81136
68947
85791
42228
46569
2771
22943
26926
2418
60788
7749
96266
87936
80821
34541
28878
3722
10824
85629
30363
31582
48215
37569
88934
43076
42390
3937
82241
42965
74511
16555
55492
65334
38669
12338
20205
76235
30846
83353
31834
80561
69197
86399
77315
23053
24391
83474
46992
36515
55394
94215
10588
37407
89093
31749
53125
79366
49350
26472
19982
66350
61146
97860
89450
50000
82720
14965
41725
8905
98017
45883
58953
67626
2231
19800
85496
92043
58376
31560
19276
10135
88787
28183
1209
21136
40231
90596
50159
70604
22433
22933
34736
84288
47311
40355
28439
4977
30041
72989
84296
81296
78294
68283
57140
20646
74404
43428
74486
76306
89839
61938
10210
96765
6169
97173
21038
58258
12902
25848
73148
35548
71902
86938
91681
25216
16889
60263
24352
7495
31417
16617
78955
25238
26018
73325
19312
10313
43815
98110
14726
30814
66683
30977
84375
18629
74984
68853
24676
15447
28587
58218
18100
81870
84864
37119
9407
1962
75740
9425
30502
10312
19473
16134
72642
63987
65118
74448
4607
25662
96207
47318
59915
49254
43045
77667
7868
46563
85549
2822
85276
62802
76521
43312
29576
15003
10176
34072
95799
17726
61607
68225
77306
81842
41147
61840
54489
70421
33351
4891
23885
29059
78972
91688
22383
49088
12362
53382
20737
26502
91638
85090
2047
64141
27638
8617
7253
3849
9235
75652
92501
44406
30242
81132
94992
85805
31454
39355
71603
64888
72024
30057
14936
18128
31116
70468
72406
35290
83126
44767
23738
8065
39080
87051
56482
95886
67679
43400
4044
97346
42629
67737
33568
63864
97923
87044
723
1084
97152
65533
71071
97904
53685
56744
48026
79186
72371
71
48936
28553
18654
14609
3919
56758
68377
35925
88621
84653
21925
37977
77368
12467
70368
63197
11137
96284
80343
26443
24524
16817
9961
31572
20238
18150
24195
49641
87837
91970
57608
88157
87064
12214
46963
44598
71471
48372
73739
60085
85860
79879
66997
6228
3536
70418
20039
59709
68484
18689
54266
69936
71364
16369
46046
82948
70102
16881
18087
29488
76293
79560
50255
16256
61455
62765
90353
2393
82921
2991
85253
28042
50595
33644
33530
57663
14086
43288
8611
78202
90645
19833
93163
10707
11080
87221
23059
36115
96430
44643
60211
24082
51496
6017
10162
60072
247
40888
25092
33825
13845
44103
93316
9049
78189
68978
67700
14440
73076
6873
73735
67104
42774
40660
75336
73195
33525
63805
96603
3694
88804
28515
18462
49862
58699
33168
26883
83168
65140
67616
55620
83240
72424
7627
17849
67429
35998
19016
94234
57021
22385
69574
87721
37401
60121
64072
1601
57484
53800
9748
6868
50439
57355
65194
65364
18825
16095
37636
20704
93168
52577
9224
28483
32965
55982
74020
42914
73413
95129
38235
29806
58971
2436
18243
11243
6186
28701
84312
20178
27115
34486
48445
66873
86373
32935
6571
20136
44562
20964
20358
66520
69760
12015
63888
39304
52441
18985
37723
13210
45329
97886
80117
62580
54325
65573
25723
34789
83533
76046
65720
49356
66257
53596
28519
35689
84525
90313
37209
59408
56685
29162
7379
65942
7431
67345
35119
25894
9315
10026
89867
20335
37464
7505
82308
5636
31171
8038
37193
91235
87301
97438
34522
76745
62901
89880
21219
48127
58530
41773
75625
89074
3900
79843
77728
35121
25300
10435
85713
72844
21054
31976
39149
20965
96008
23452
7466
5620
58348
95885
88443
2117
63076
23216
60847
87941
49560
17426
30648
29401
18357
48812
86804
78366
77966
44966
81507
16587
82873
51858
23815
63137
51632
60885
91029
59374
6940
68974
92693
41115
2791
20425
82784
11829
14146
54892
53909
15726
32453
16872
47204
53855
73625
52428
30943
42959
79651
92574
31804
60568
7192
48801
32072
28554
20232
33142
81935
55386
60867
73294
62987
51539
43592
97579
25001
31467
32931
14102
37117
79298
10775
63285
47002
45316
59083
76981
22517
36238
74894
92798
40462
14485
47221
12365
32981
30745
28988
693
43027
53900
11588
4429
6986
25480
30451
74714
52364
16917
69387
39219
83218
51855
69621
64643
28133
63849
95767
5990
98092
73881
51013
39604
28772
74792
5501
20929
18206
40139
85423
88027
92645
60703
82185
93733
94805
23052
9018
76517
58904
83505
52484
64744
67295
55971
2625
57639
77087
80617
60042
74416
41975
93548
37406
933
51691
96170
60933
5814
97881
92263
33496
62629
34707
8357
6177
52357
18138
41506
14527
66554
50553
33002
3180
68112
61293
36998
14998
71272
36385
27016
2812
74886
12181
42801
73352
66395
3195
10253
41059
10332
84064
91877
33543
5863
11312
77916
85034
33414
50760
38332
27480
42711
60877
49943
1925
6726
79617
55921
27606
603
66653
9040
87317
83836
95630
32663
1633
9819
81721
90792
57206
62961
1479
1136
23033
22673
95445
30545
61748
93191
77257
21272
13525
80722
27936
90428
67644
31463
26352
85363
14999
84012
44481
2121
5485
67227
84153
81794
44795
14716
69824
72392
78418
58117
19611
38855
40612
36320
29656
58159
77354
11146
87769
57479
74801
63003
16969
96814
65882
33246
81819
59435
66510
53524
2511
84991
17627
52218
53090
1272
86530
30806
52342
79160
74876
62119
48150
39115
18446
23018
12898
31223
44461
67807
6565
43543
6332
39639
36992
20699
26339
17181
4498
69783
2650
5107
41791
13194
51061
40122
72861
19750
55229
76266
23993
44025
69969
33254
26468
68793
81354
62593
55852
87828
71328
2534
5927
13075
75024
48931
94901
23321
70249
30353
9028
19224
53087
15260
80732
81431
36677
68905
84645
93138
67940
4352
93820
11163
45626
39840
81105
29227
28145
49896
21332
40790
69875
19556
40224
15239
91487
52558
85468
8517
1811
80493
49425
54058
60441
41564
63054
24790
3298
18264
75208
10818
33855
67267
50852
80185
44225
63536
29061
94349
24582
4118
72478
10642
59036
25012
11481
70452
22774
31096
76429
83216
46177
4816
1166
19303
92115
36805
93576
72631
28014
52128
38663
83302
75512
69352
88748
88995
14427
93695
5144
15598
21184
31884
55704
41878
14217
43122
39977
61375
41939
74958
13129
84228
48788
61299
17985
445
57789
68696
35628
82711
79829
96723
58196
36199
73328
13946
59855
9678
80231
9911
76587
65781
59527
90326
46473
56420
63613
71928
36416
59781
62907
91195
31470
47982
62001
57664
95064
89157
37753
73344
6815
16302
48875
70909
20025
24273
82724
18175
20767
91715
36004
7612
27307
64673
73151
67484
88004
74508
23140
70941
8082
80129
74072
50883
87203
54106
62488
63689
24891
17208
53776
12283
10181
40327
32423
20744
4252
79892
11570
7579
89218
35928
37908
15394
2842
36766
40555
1282
95689
56431
39211
90433
6313
66324
27736
686
66789
91250
70257
3889
6215
26895
82145
34416
56275
90549
89669
34178
79737
29792
92819
7623
94229
28081
46535
8614
52021
49882
5333
63161
45923
46943
37380
1652
47270
71586
2651
60999
20621
15511
80094
73436
13587
52184
95807
46706
66291
39953
5255
33085
84621
43526
21541
38770
58956
69900
40086
89925
30722
21251
19515
23238
25868
5986
40170
25882
51301
23730
94724
58244
27885
93662
12850
96636
65360
62132
86194
37770
24187
25563
10266
94638
65937
55219
12105
22750
60376
92408
67840
57347
78457
53198
51398
33865
51687
62558
36646
28024
79247
86930
86886
59139
20249
26173
75615
86418
1318
70130
64034
82830
28509
65840
15781
92160
71460
7935
7686
17895
58179
4109
5401
16781
29065
13015
30100
93348
51723
94964
17213
60514
14864
18481
52869
15082
33468
78674
30233
73898
76349
57534
27570
64885
73177
89629
42208
16756
30225
68862
39942
94692
91312
66688
42872
55442
5009
93555
74234
39312
45684
65455
44552
94415
31558
76809
93114
95540
95447
16037
83418
87294
81027
15887
85315
17819
2945
23726
72940
31013
35008
62062
37760
19286
21512
9812
35252
26597
72834
19756
84816
47429
95754
41082
83904
61787
34456
55199
18699
8753
16251
1116
33405
14444
19094
65359
13585
92431
69667
10282
68601
61795
48725
54102
30744
16593
51486
70841
92290
33982
91280
35405
62787
7201
49022
11319
90045
95875
71177
82277
23867
85405
70913
66565
40205
17661
4501
82616
87527
4078
84543
65128
39849
32997
92132
82765
24081
66415
40065
37252
77225
18842
8003
12437
11581
25943
62554
86504
37752
87946
75471
41361
213
62723
62970
86422
77613
50059
87368
85345
43442
56792
44005
64483
32583
27296
36566
71127
82248
62948
11701
84158
60731
96274
45343
51975
54231
88360
62158
10389
39982
36025
79854
80923
93096
77258
37626
1085
86268
53077
49483
26057
48674
27776
40109
85625
54095
48208
89609
97588
1636
53259
12324
56707
73408
22059
54954
89564
65039
78949
45496
37473
8889
38077
26118
76047
90606
42530
7074
23220
56769
54994
63551
22222
25880
16490
42310
15066
9960
12524
20668
96584
16830
78742
96199
69682
34895
79815
51840
24451
14689
61797
81962
2553
30150
82993
52640
9487
33447
1337
71052
5204
74795
28393
77784
12896
78435
4555
55628
76131
32004
54218
65611
63834
528
21594
82979
85945
75418
15670
75083
93792
45034
2764
69105
97483
81021
68473
41846
73219
94134
56352
79078
60346
86200
25019
89250
92830
19109
41299
25215
43178
93427
97569
162
51262
26344
88691
52681
55966
4375
17088
27010
24490
83252
87394
29369
51737
54904
74434
77708
78487
62938
13029
82160
15206
69412
35278
6291
34756
94595
84869
78360
89363
74282
91273
4484
42102
506
44034
34360
49241
39500
92437
39336
55051
28653
88203
84936
13249
26798
15087
65218
45417
56852
38795
83024
44658
19526
49269
69739
1467
9976
79213
52248
52334
85445
96982
70744
87308
60300
28622
11411
38129
79775
31286
11315
96865
74778
42638
53708
38616
26667
41615
7839
37507
19707
53416
36104
60218
13505
28419
45866
50188
56962
70091
8863
39564
4378
47121
69913
94382
78519
51348
80863
38145
7943
67525
25774
480
36019
89992
2514
82628
46388
30496
37150
75641
59496
36462
85577
72878
26908
86248
49915
62383
40166
58585
5967
53010
57051
44277
55639
17107
29506
79501
21655
67962
49070
74099
72535
70015
84924
54906
1128
40408
71998
48173
42853
43569
33504
41316
92354
47467
57473
69986
27586
27142
59521
94429
97010
91976
35834
33596
94559
20472
94770
81288
13625
55491
90533
62292
17875
47641
3320
36082
92497
30091
63571
1553
32629
81446
59180
82934
43238
47940
67615
24729
60138
44588
14834
54101
29507
9868
60298
46289
36209
3876
15792
39636
86457
315
91460
86415
95028
65624
43121
59047
48630
94037
54879
66831
35320
20240
61313
59522
39301
92056
58156
30083
60247
21931
24015
26631
96718
96063
78504
18635
95066
62822
33800
52076
55080
75768
89496
21504
90186
34266
29830
12243
22466
39529
70020
48976
89578
78522
43105
68943
8460
27956
30376
89439
76778
88001
54343
30490
78621
55998
56350
700
82621
96160
15273
93268
82000
43681
94027
36501
74293
48028
85852
12993
80277
36359
56139
89135
52845
15929
79890
86285
49032
14330
70446
81989
3334
81276
67608
84330
33133
13559
37564
69076
37756
51796
59984
42760
95422
8117
15556
19204
30715
57649
5257
63328
43446
63259
64792
74352
14071
80871
60765
38348
46856
87981
79878
1093
65303
57730
27781
51448
44142
18359
23196
21234
9301
91603
63574
39689
77459
97331
41108
84366
63735
77249
64164
47532
28951
61445
25491
86034
97215
11731
7594
58578
33492
34589
66300
40134
23877
32605
81518
47153
95403
39895
55067
94096
55049
6653
50414
23662
3670
51696
29270
77525
75122
36860
81463
19400
25476
76328
31583
21379
59936
29853
60362
2488
72014
45887
69713
2689
85289
96074
69202
12038
10048
21538
93070
57926
15076
86757
42979
55801
49539
93971
10264
48357
25477
89824
91116
46265
92835
38984
1256
16735
97011
52588
81523
55682
76260
80025
36211
6808
37852
82546
38407
34521
8730
52244
3528
61615
24430
11763
43372
78508
83103
14691
27290
75773
27199
63721
29521
11284
75215
76484
88718
38694
1287
4098
88238
52692
86674
65993
91692
35186
4377
18457
62138
85085
72554
28510
2312
94034
45703
25044
36180
44851
12093
92601
11215
59504
93722
64124
57960
81949
28072
49830
80323
1042
58096
91081
4356
78401
34811
55574
64410
25536
23951
18646
737
57456
14067
44752
14614
53744
3043
23486
85241
46642
77096
41370
15731
46973
97591
56871
44913
39446
51946
87338
62095
71755
96975
1372
15580
36779
69971
9019
66506
73472
91011
55352
7599
70526
38553
82558
5678
69256
28068
11754
4563
94644
91914
85685
34044
91721
31173
15823
52700
83970
54503
20837
10691
21605
91040
49986
77529
59719
44617
26170
38805
39165
57442
43477
70008
4455
53767
69769
64524
51692
36817
81724
97965
10359
76009
56122
11887
40451
43212
78098
44105
91816
15408
36552
97416
29574
7059
23664
87329
48307
10114
72072
10326
72598
64422
41226
86222
27679
33518
26022
71885
25359
4725
54542
30630
65237
81591
41492
7089
3850
30302
85301
6535
64040
90324
69610
15738
77712
8594
14408
79780
27475
49944
98028
33384
74120
56453
30857
60054
71511
64735
77464
6145
13880
14626
21316
31973
77005
15064
79564
25775
91532
4814
16605
8052
86511
83913
9041
18397
48144
72541
55782
57999
70829
41856
94714
17815
27184
2462
47126
80930
30794
45387
90255
61037
7564
51363
42342
88383
12959
77677
57187
91366
88528
32685
65530
82294
39699
7161
28714
58821
82581
17491
88900
61925
67086
70997
28605
58345
30559
1327
34558
36968
93606
10811
79055
34182
20421
42871
49848
89292
63396
40841
12149
45847
34135
92089
54428
34575
79408
54357
4928
2513
44925
21128
73535
14885
7170
72158
19703
26518
30666
91215
3749
60417
63136
69392
9260
57073
30766
44670
29876
10187
8622
93119
54826
59211
22534
84787
6703
50178
43991
12161
38174
60822
92466
77325
3067
91854
48970
13594
59433
96056
81641
67075
59546
27636
4521
34554
45091
32740
9803
92605
74522
7580
59326
53533
38949
86456
41839
12821
95089
30286
40751
77252
9271
31688
36900
77040
87858
6156
94976
89303
52433
23521
23223
55141
98054
80975
12628
7885
17552
40896
36440
43538
34765
31870
9061
71125
70592
17390
64882
58924
50381
33422
24125
97711
91397
69649
46876
4636
23969
87926
48649
72550
10575
87496
63224
77807
94547
70811
38510
28718
96205
43916
77818
66690
35972
72933
62123
3733
78986
35680
53819
78480
72840
55186
52314
90983
68360
3312
20997
20534
64631
16307
72839
78204
89275
80230
91505
33101
33177
59621
95579
82232
46332
80111
57362
50093
38236
67397
34053
77474
72161
35594
93072
91139
83193
73058
40079
79536
229
13931
68621
43965
36613
80488
49248
4139
48158
33761
50962
31297
29590
49090
2957
81352
13719
61703
15446
6153
57758
20876
83694
27258
35277
62605
33368
25635
59977
18684
32842
5554
90599
18995
90235
78601
4020
81035
72866
15825
44064
13696
20328
40331
2283
72391
95102
4899
13158
3421
12027
28451
95851
11564
80446
12754
24247
14538
14808
17586
73199
26684
77275
35066
62800
64612
15634
85548
89505
26875
29607
39368
23100
35257
76141
2774
61742
53648
6130
39543
35355
90101
11944
64570
60632
92202
87478
58496
10246
85868
36443
32800
47718
83599
39548
55061
38483
89768
56965
2208
64210
98199
27112
16357
36401
88766
37421
7005
62697
54174
22880
33116
30552
76513
35939
53370
60605
34060
89557
10968
76440
30092
68092
88823
11945
88505
38285
51643
27753
26629
75075
51358
62393
21646
18564
85831
68725
17551
44878
31574
39799
75792
13884
49735
8821
53730
63174
92695
85812
63455
66007
59967
88113
39297
11138
1977
88093
37505
52750
23334
53579
81867
8232
75173
10216
12548
97752
80319
3493
22591
49659
54715
63281
75160
79361
25442
67963
51310
25146
71294
97764
54201
55355
75837
36355
6315
93590
10395
1590
83093
79262
24404
86315
96298
39796
77773
58866
3759
36592
84675
83376
16581
92561
26515
95458
34140
40088
57324
14924
27298
79256
56661
28849
69403
41602
4723
6910
58788
83406
49113
45427
18805
93631
12630
97710
76672
78546
64913
84701
67154
19630
72511
13179
10044
81857
71233
29885
2940
14654
59696
42219
68928
83151
37020
62906
43042
55583
26675
84802
39300
2201
79996
35678
93615
88285
71619
2238
34878
6647
1928
96337
90340
35221
75801
66951
65505
27789
20635
16164
47306
63981
96813
2905
80378
89700
19659
32265
67563
1887
33860
60313
49036
72008
8284
39462
40059
1543
7522
86387
68091
27160
59127
40906
17365
25999
69250
34042
79151
158
787
24722
22638
67137
90370
88214
13324
75037
63111
41086
38399
8302
2668
14215
59103
62493
87212
29268
77593
54159
74550
20942
16768
23061
68067
6024
69519
33638
30477
69282
27503
20424
61196
8949
58900
57430
59514
41831
40449
21566
58504
50869
6220
22824
26084
76662
30040
20111
81083
3161
100
56054
64955
24824
66837
22577
84114
86138
70873
17131
24383
78573
1343
37739
17453
77335
20484
518
73636
76099
4640
40582
9252
6707
76641
2805
25459
54158
62826
26687
9936
44093
12527
31419
58106
19909
81824
50247
96591
44120
33318
26161
52508
12656
34948
84895
56044
2735
54525
22885
43605
35370
75691
77590
5174
27516
13550
87633
2479
63026
95501
54594
55112
40812
5200
85688
1635
11048
40550
58248
35399
52921
91966
48029
43184
26988
55418
81157
28424
34785
97290
78355
63079
77283
28109
37536
62529
71248
67277
42806
97800
6530
39207
95763
59917
72613
35619
89162
45481
91222
87608
84053
30998
20212
77419
44677
48349
9285
20937
6628
58638
23693
39179
23509
60103
69218
46932
2552
71505
26305
73433
83220
5215
28443
92646
84660
77409
87179
81761
14984
30287
14770
43394
6201
35423
66779
82132
63699
17436
85041
78138
63238
54275
37412
51533
72716
43334
86208
93169
62243
73634
37993
67391
77670
16738
8846
46758
46613
53354
11617
71793
21713
67237
80164
38908
81282
52141
92890
94012
169
49537
79493
7651
43058
89968
25421
4064
1736
82676
7609
21717
3311
57642
1554
46243
76725
3009
21456
82554
33626
38806
25197
37494
3904
14950
71265
61637
34897
91607
47563
1089
69564
63268
8941
24281
64800
20339
90850
54081
48078
65288
46226
45002
26534
71391
10067
62341
61437
47289
32807
50323
42747
52450
41233
80221
10165
51148
74303
86374
80756
9529
92621
73196
16723
65742
59165
18370
16215
21532
34730
8371
43795
18590
92865
94100
38163
46826
3051
3112
27927
19285
77062
76375
94583
51339
2960
31930
62868
18253
82805
26096
35418
81159
58981
81584
63019
82318
89829
40779
45851
31110
39376
26854
46672
69460
69868
2611
73516
43484
96734
34711
89486
61519
3377
9222
96197
89214
15710
47024
84582
82288
75764
6666
11203
96180
71078
90183
97895
1996
70055
45973
69795
88550
35104
10880
55040
94623
26803
6923
49146
70722
78028
44359
75833
41005
89389
31402
39626
35529
16495
5055
30589
82524
44956
57876
54304
17476
42860
49667
3842
15301
85400
50215
34207
30354
55456
40837
88557
83512
61652
27949
88535
53324
8713
14362
13886
79622
16262
39159
5002
30318
32968
16749
18881
56766
30594
50306
9692
71939
94170
63042
51966
65290
71378
19879
4666
40564
31199
2601
85095
97420
14539
94153
88809
24359
51628
92513
96550
82056
41364
72592
58383
78497
82883
66163
54063
14844
39625
20241
8490
61910
42748
42423
7785
69680
14694
59233
90348
3911
60276
10935
94795
49983
80762
88521
79128
94822
72248
21933
30290
54150
87420
34259
44606
14988
70917
60461
84256
25828
79230
58809
33709
87236
1497
27762
502
5917
80407
73296
8410
76056
72992
8016
94195
19850
20161
89593
27706
89567
64992
43568
73848
18237
78175
22421
92493
29155
86133
61189
84531
87972
16157
41395
25427
74466
54563
89492
71594
85836
84530
46722
25233
64085
54784
81194
60964
17505
16905
66569
81295
18191
20476
79541
68888
23337
16767
88698
36418
95864
115
4839
97120
95562
49781
15666
32880
14094
6684
71287
40517
19180
32173
80621
41418
65363
39884
80317
74785
11310
43628
26651
23041
71085
53985
67958
92394
4998
18137
94262
41496
10785
30378
1523
31507
34525
13230
95988
45678
29142
24572
83367
61012
15149
22649
57378
97991
13016
23301
5791
97924
68982
36988
31615
56751
94881
77399
63701
38626
81411
59953
35024
71667
85680
95182
28063
83844
95876
25475
35949
57685
54122
78532
54679
38484
67490
28783
55380
2271
77630
2170
68314
51276
50204
6906
62428
27547
18738
45881
34078
66160
84836
17660
23213
2581
66229
84830
32506
72415
16526
28992
78962
21147
12341
2461
55560
479
38714
61086
55927
66878
55990
17840
78437
8135
83932
63472
19244
52078
1941
61588
31819
45337
65741
29694
69425
28657
76302
66553
4697
56832
89106
62949
48081
97412
40350
76520
96654
26562
45873
59107
51414
31348
59447
89627
82109
66545
87446
23174
90523
42019
87378
25154
15015
45794
28387
67658
20940
94851
62774
19762
30896
36686
52907
83090
71841
50500
69952
50660
16631
80840
97446
65111
6200
87127
85482
32853
81321
60030
74632
71519
55775
72645
61593
11453
38248
64518
56920
27538
52776
18040
59876
59823
70854
35092
30599
37606
31028
16521
71538
20466
6382
86962
46828
44591
48761
50348
89509
68062
48126
74720
49691
9952
84291
23666
26231
74986
86709
25708
66030
12796
35667
65239
87920
13447
90939
94274
7878
90729
31198
64531
31638
8168
10703
3381
89140
28500
73385
18581
902
60290
30261
33987
52544
18094
44631
34721
34770
20847
16950
46256
35701
69658
1681
22391
44370
91917
19963
77820
23500
33277
75796
96928
15324
27959
94115
51176
43226
52687
24169
62582
19793
90491
72571
34549
26784
11547
75031
79895
52755
49573
13702
4856
30183
79271
95927
41586
68581
38094
29532
70430
18246
55734
85760
37409
87753
18122
60080
72289
24512
18194
61194
31833
36657
18964
20894
12485
81226
33132
83788
45964
90853
2216
96323
31176
18696
95180
91835
74496
456
60010
98286
37278
5040
75708
45629
2358
34833
73830
45528
37732
68817
67191
20412
35741
54168
74919
23785
59617
74983
16642
1113
42478
57779
49571
90363
15156
39946
77651
58129
29180
3226
36100
39029
39013
53759
36834
83768
75769
10259
74994
46223
47783
23266
39014
27844
82478
63913
78524
67957
74198
9519
84117
9324
4157
24726
34035
95899
21615
97260
18817
53278
57223
8262
53452
197
29085
67455
21390
5444
20951
85318
37869
61274
57136
30087
63173
64562
95794
24588
45947
41073
92004
9824
68681
8971
87978
12519
5280
4284
17573
50700
67433
92588
61406
21306
12805
18934
12794
5411
696
3484
43057
63221
1868
34368
44738
96053
3839
43481
21127
16931
3215
52230
87021
23995
95353
27005
553
76976
85163
2279
6527
18440
62627
41051
86407
54680
77209
84226
13099
78630
6771
10666
18196
37877
39965
40786
76025
10234
89082
9401
30700
42505
71122
52363
72227
87585
69281
79648
20734
56968
29949
94688
98217
30065
85884
80695
13432
70289
50003
42329
36703
28879
30847
72333
35693
60185
7685
27968
58341
89550
7960
43377
26866
39637
67047
25281
72449
95792
58941
16191
555
41242
89995
52157
15588
24305
70203
59964
29458
28307
48405
83089
11551
73715
28711
24627
43056
12460
28884
59622
53699
72885
97168
20498
74372
61178
43977
22410
90013
91432
27834
15334
33128
87831
46277
40988
82804
87352
74647
37864
53441
51559
4763
8293
98176
19390
64045
71527
27089
42930
53059
53061
70701
49119
2530
69765
53177
12585
84194
79321
26375
26303
8907
28930
67910
74773
66056
3028
4782
98266
13571
24453
41903
49815
78232
10150
80723
60779
48022
68897
12391
56509
77848
70581
30781
73737
76791
66513
91388
73695
60195
18251
1171
84284
98272
9640
77914
8689
58020
60941
73653
37866
58978
43723
47046
94369
64305
43551
70279
62183
83754
21385
37922
45354
83583
61525
65185
67420
59513
39763
86027
97657
9575
7314
49489
77305
28285
89048
80830
39759
85086
45997
89375
88280
39961
82385
57748
74075
31811
24418
59473
18291
51810
56857
95543
47392
86908
30088
68723
80161
67970
32164
54443
94975
94542
27512
73550
48603
49982
15097
68794
85563
38756
78479
83361
95072
85798
91094
39790
37208
93032
28559
50772
77508
63609
38514
7684
90335
60026
54800
92027
37600
35714
50270
40869
72887
82821
94197
52318
25928
92608
96902
58399
46221
47143
33219
67162
5640
38253
3762
95225
59323
70834
62747
32970
67111
87643
23697
54723
39478
14661
28143
68513
87603
23401
44885
33868
56908
34478
87685
57491
93985
60501
59828
28946
91925
89610
10027
92243
92594
76865
26793
20900
507
46078
40144
67408
48544
80136
35842
12128
89696
64557
34336
50836
51716
31667
13529
40348
29290
43136
41347
89498
9732
75459
42117
7835
13712
57822
50758
69581
69399
13973
66216
92033
73240
44610
79336
93403
43425
3166
55546
37734
64056
19227
19877
90590
66689
68471
19316
80902
32659
4835
75723
74470
51960
49189
52511
79817
20
19937
72681
19012
60672
46666
48316
84868
67508
76251
56224
96513
46597
25954
94079
26124
45276
2172
73255
82198
75783
74817
15716
86267
48737
34590
82543
50020
45208
15950
53378
52002
16380
4824
35984
14403
66001
89573
64404
46679
63017
69353
76346
3164
84368
51058
62092
38725
36142
23941
70571
17863
51306
73577
9102
31753
58626
98026
97104
55402
52037
19024
29353
98234
45088
56522
80045
6356
19801
45991
46403
41225
9109
19597
86452
9539
59961
5377
84700
9472
75372
84195
33400
42266
28608
18609
35769
93308
88664
47220
33879
64512
18013
11287
5839
39995
38412
7475
78122
91458
12987
68623
32222
97557
802
64873
62452
25532
19483
81251
95868
30843
11440
31567
1073
64345
21962
74362
92268
54339
67287
80570
83214
5800
55690
83241
27594
62320
51607
1609
93689
27329
39651
24840
79969
17424
32669
47335
78614
53879
43832
42450
47492
79529
28837
3589
93338
84956
82850
81736
57727
8757
49028
2300
54359
73119
90334
80908
95745
84193
98209
22216
78523
46890
94440
70883
42694
39416
25520
63621
85936
68823
804
54039
35132
84217
36205
48309
877
35648
77395
7738
6924
41350
67990
45394
73708
62818
86091
93909
7364
39092
95381
48282
64692
28600
2147
26640
73488
56719
10160
87727
44058
78933
82733
13300
59925
53715
7348
78737
66703
20061
36644
82922
82852
45413
61861
46414
94405
74531
81232
2088
13882
24544
39945
10750
23291
35779
18919
41611
59219
78719
52329
49467
23677
55978
90629
83711
26827
84142
2433
65115
46734
11193
44633
44410
48669
71315
40101
52153
52780
43513
17622
92590
60048
89371
78776
85555
77293
6560
44510
23287
74669
4362
77126
71283
82309
68355
49797
56517
10532
20805
87038
66597
45484
21134
26100
25282
49458
79886
15383
18423
97276
17103
91018
39629
28777
44665
23257
10023
93902
34881
46519
3996
48714
83633
52708
22561
83325
44542
10580
31581
10460
85668
40147
15892
3397
76982
40033
12399
25353
19929
46684
76109
14519
34230
25945
27002
91440
94445
62947
15354
89535
44292
81346
52969
3060
15007
59056
50845
78126
68075
12523
4475
70108
70739
77997
30942
92098
54246
27647
21954
35861
6000
29637
4562
66851
61639
78974
2618
6460
15494
54035
50143
51194
645
94867
85607
36986
31569
90725
96021
81106
92269
42588
