48746
32769
23285
17341
6455
19903
14627
8986
11262
32170
16484
36332
26691
8131
38262
14905
38736
29060
33434
42299
28008
35733
13634
22522
10798
4598
49432
4609
46687
41720
13863
21719
30074
31055
5981
41962
11730
7142
8316
17932
22378
8538
38638
7634
31816
33776
8219
50011
30524
32556
10436
25509
2785
35958
4186
17789
10190
44070
48529
2337
36797
48216
37619
8099
37541
15553
25630
29117
2420
38113
40906
53054
23188
14276
29417
37205
45640
16173
10910
30977
2725
43501
45418
19271
51351
18801
6921
7351
4705
20436
46439
10100
11301
39342
51956
36435
31108
39088
18355
26975
30471
6432
31796
7384
18975
5466
12468
6912
5978
29958
39694
40884
40949
33503
51761
28876
32887
6713
27754
4864
20574
36745
53708
18833
23350
21508
53206
822
21173
27921
2392
30324
25486
39074
24794
5853
44598
43249
12037
48496
7761
21550
15786
13938
1508
34543
7445
53582
47546
47846
19172
287
5005
34951
26265
46752
48566
16595
44488
19557
3554
8722
33367
3675
53550
3458
28965
32931
25487
37915
48610
5413
52774
47022
14841
21620
27894
29465
12747
6388
3117
34237
19653
5885
12041
16770
31634
41378
5822
29165
25733
24997
7293
4050
21576
39019
5285
49292
51920
22085
16463
34776
25180
10751
9522
4262
5751
23037
221
47099
30547
50849
24333
12581
6042
43532
21535
15388
