1744
8146
40698
11669
14311
22913
20792
34711
26375
35588
20364
38281
39294
20990
40742
9803
26982
37836
14646
3850
4259
4783
24726
26070
2021
8584
12950
4821
23951
13518
34293
27157
9687
36284
11694
39923
5584
18170
5898
18830
7806
24028
34302
15312
31482
18235
14737
627
40754
12451
14715
14501
4715
30851
38429
15483
32519
36438
4952
37585
39602
15135
30658
13287
14018
2584
40411
20483
31198
4340
3529
27454
30764
40116
22923
3623
9591
5229
35721
9534
7173
24551
6450
31129
25479
16448
16051
17413
32708
6943
3515
24036
31963
26753
21282
29861
39964
35430
6073
35866
23779
24724
290
37783
21930
101
15971
17715
15525
4885
19094
28122
19697
26553
37808
5142
11524
33593
13170
40681
38989
26894
23095
14376
40496
26889
7142
4379
32991
27961
22102
16715
29712
35582
35966
5348
25712
30853
1822
25057
17936
19762
33756
16723
7915
18813
33201
13527
3968
19308
14164
19650
35537
6777
38943
2524
34836
397
6502
34459
783
13341
4795
8264
30994
