115511
458592
141856
177793
448744
281612
216756
336280
270553
530496
414770
278933
504334
465295
277639
324244
171379
81356
225640
130243
321588
278176
238003
404802
305868
334344
213890
197465
533745
337610
318764
52013
259315
61373
55468
66212
387681
26858
296194
354726
273496
516934
408606
252460
175916
189559
455652
317754
296518
504960
523965
106384
358176
147014
66328
307028
391104
302780
263892
22127
157169
192794
304855
404092
29635
413544
257649
492513
250086
29123
512708
16200
477063
236649
303281
487146
7462
357719
526649
32908
133633
162726
165384
533768
298804
429337
172920
383892
101991
63170
166591
99162
477810
361748
127024
237670
9408
84097
359899
93074
316757
298985
332557
123374
18316
95149
17437
377236
