20181
2318
19293
21142
9301
18208
21404
612
2997
9584
6241
25332
1824
3446
14901
22561
7868
17475
15723
24440
24450
124
7042
6
8755
16512
14307
12525
10268
21821
10644
16179
24703
26144
10384
4567
24304
17348
13844
11658
2362
22230
12752
15740
2972
13744
17971
16676
1364
12003
2371
19473
2020
15878
15097
11560
5442
13502
18800
665
22965
24306
17896
6487
11948
14436
16762
26397
23656
23710
14525
4299
12462
24403
22224
10850
20609
3659
10070
20795
22658
15417
19458
9755
9503
18721
3212
9293
12020
20379
22694
3856
11478
18659
24673
5189
2124
10900
18809
21273
18651
10016
22036
18499
19343
8377
9396
7867
14655
7362
4357
17937
5193
2829
4126
16645
603
14609
8219
5454
22295
7839
15121
15130
9141
3565
14410
11069
8446
2881
22991
16673
23744
18702
21825
7625
23648
21573
9484
1642
12156
5084
16920
4247
5648
12935
22778
3517
16438
14067
4404
14880
13870
9084
4599
310
1497
5406
26291
20717
2089
18097
4843
2271
24647
9771
25177
14588
4378
25785
20384
19793
18707
5301
1258
23216
16760
4180
15880
2096
17433
6357
3096
20045
148
13721
10774
3290
17819
23518
25853
509
6984
18464
24175
2696
8947
12043
23281
11283
15251
16792
14818
12595
10839
16159
3231
25969
17084
2102
5021
3406
19596
7592
24242
8088
7820
16591
2250
15525
11773
8348
1332
5562
15366
23322
22650
8803
14170
13697
8282
23423
4660
7578
10390
11025
1668
4978
25830
827
26127
17921
25324
13222
26046
18153
25126
6816
14538
20407
26463
9167
16997
17766
22630
18884
3007
23894
25938
21524
6875
15530
25536
21919
18006
26521
2742
3944
20498
11124
5612
12600
2717
10494
15442
11851
5509
17687
17806
23724
14626
3672
15704
17335
19764
14373
16793
22287
17903
24331
26551
4728
24556
6247
23061
16251
19117
20141
25883
25815
15337
11005
17129
14662
1398
159
25842
8919
17098
11897
25440
12552
15453
18736
3697
9334
6262
19240
9230
16833
25503
20016
16843
8705
3956
3334
16254
23215
24367
12163
10230
11131
2616
9928
4121
9678
4713
16416
11786
12304
14385
25479
7395
19373
6942
22835
20353
12746
10920
10950
3976
8666
6129
10170
1588
20289
10863
20827
24988
16562
15998
2360
643
17816
2482
3770
23316
12550
2051
20249
4887
13843
5737
8261
5741
5233
12374
15285
15135
21809
21514
9272
26058
1317
15368
1623
15684
24878
8831
24605
15338
18249
14673
12630
12246
6557
8829
24616
11391
25310
4000
1479
1501
4865
15991
4425
11286
1040
22068
6671
14095
11262
3015
24115
11995
20690
7378
13442
15302
19389
3749
13760
10956
6075
15291
6361
5299
26507
21707
26607
13480
9882
19609
25500
14896
6392
20595
13336
9753
24428
16487
9660
7962
3800
13552
19331
8005
7974
20276
15959
225
6102
4185
18759
7856
21367
3801
17481
5484
13891
2143
248
11734
21804
19722
18207
9920
21494
23100
21081
9319
23844
1564
18975
20841
12074
23291
8935
19001
787
18420
11955
12733
12547
5239
2270
19726
9157
18793
22170
13503
12889
21321
15663
13392
20362
13422
967
13944
8860
6244
977
14569
7956
16051
25473
3817
6367
7870
16639
19332
23355
14802
21713
13926
237
25680
18845
17332
13309
11258
12031
6642
21012
25475
16314
3002
20644
14838
19189
16119
18370
18583
23763
10662
7684
12210
7818
5873
4367
20439
11058
18131
6160
7444
4291
9274
5285
8328
620
5455
9178
7577
17106
1682
21057
11999
22522
2545
12777
8058
7344
20099
9777
10717
20624
25841
22849
14286
16275
11932
10660
5565
20133
106
3222
9881
12178
6923
25563
25265
3052
22869
10145
475
23602
11855
8572
25594
11000
22699
20142
19181
20197
1671
23374
20378
16731
13200
23134
15820
11467
890
20833
15821
14851
5679
3968
10181
21244
5240
13940
25163
26300
20818
24844
15980
6449
10399
16825
1693
15691
5613
2579
10211
25910
13998
21996
10190
12831
3536
5253
3195
10291
8570
16345
4743
7679
6448
2428
4750
25096
5283
3452
23224
21662
17359
24195
5029
4885
4174
13858
22721
24649
15333
15161
7681
2856
25660
24260
16047
2317
11892
24563
16908
26552
23718
16919
8847
15872
19128
19585
19274
22628
26237
2478
8545
26035
18859
4330
23919
20451
17499
1708
25121
8960
16400
18456
6874
15672
9045
20501
7556
26383
13066
20165
888
26048
19731
24997
26007
3880
10140
15935
24545
8541
4471
331
3819
25464
9773
14959
13593
11346
507
20867
18192
25693
10575
8930
6518
11706
16455
9970
16927
1862
21556
17486
13658
17166
6260
19199
21984
22846
24058
4777
17449
19026
12617
24738
14414
16194
8645
13652
4641
14924
10696
19352
24412
10940
25975
21795
18176
23574
13123
11666
23345
11004
11015
20021
21190
15816
9766
11977
21644
8637
15503
21279
11288
2159
24452
9339
20706
11055
8980
19863
18604
15258
4392
12106
5474
26381
13564
25860
9915
23160
12960
24179
17856
12349
18285
22196
17695
3470
1157
12707
2631
16234
25491
13627
25884
17657
5660
10948
9224
9806
21413
12124
23398
23633
6048
24075
1924
25787
6848
25168
9211
5966
7763
7116
24174
19271
18919
8779
13337
26233
8838
6891
2467
9358
20767
2962
7665
17153
25618
4768
19248
22698
10516
12734
15372
10897
13528
3000
12206
20548
6715
5683
8827
2709
22525
19788
18178
22399
5289
23429
6788
6713
18424
5094
24478
12634
11128
9080
14386
5623
11844
26403
9787
24016
23911
26273
15933
10917
25456
11713
2891
25325
24080
17424
26386
14352
1649
15828
4751
24270
3232
5803
15497
9669
14406
13811
23846
316
12844
9964
1572
25018
15893
11581
3097
17255
7104
12145
23715
1744
5785
24181
21051
26384
1238
13069
11443
12887
20262
17461
19490
9201
25800
26377
11093
474
390
19386
19898
21091
19789
3560
22079
11349
25559
1651
14992
12985
3059
19254
10231
4615
8734
23822
5527
22817
19454
18542
21501
17601
16466
13518
15926
18863
15207
12751
3009
20205
16949
446
17855
14944
5180
12545
14953
8023
193
16139
24663
10177
8604
17835
21820
14207
24706
1480
12489
9400
11657
10158
3570
1336
7960
3646
6831
12820
13178
7135
141
7243
5854
24327
10007
21345
14431
23890
5316
24766
10452
20108
3345
11588
26488
13632
3426
25052
25334
3756
12867
21388
5087
20831
19713
3191
24847
23857
12502
14057
10331
14435
6956
10023
7582
25923
21977
22393
5981
13173
23125
3034
18951
21734
16019
4025
10419
16344
3931
3301
18142
3116
22056
8626
11148
10461
9494
7537
3138
11609
13381
14513
2168
4336
10633
16369
19953
19598
21159
8412
3430
18463
6387
5753
21005
1582
1535
14952
21077
7422
9676
16037
14461
14304
10938
3225
13118
19305
7970
24015
8233
3076
10232
19161
8324
24266
11514
8491
22971
4446
20182
6983
17724
1813
4545
4568
11835
14742
12247
2590
26317
21567
9225
13551
5831
1607
23949
17318
18716
6442
25933
20639
21971
396
19171
22353
3861
17402
15612
14340
14241
25253
3972
22250
17983
23635
26427
22716
23219
17054
23108
10117
9673
1789
6986
1422
9578
1861
21611
14073
14957
15793
19628
24767
1724
184
8814
25182
2820
15256
11810
4943
4699
4982
2134
7760
2677
9153
24305
8544
7882
16017
19606
11073
8499
1944
9223
4265
24350
12288
24621
4824
19032
8686
3561
17325
18060
6324
11001
20699
16511
19481
6066
20997
24308
21099
16109
15519
15869
14252
3291
18737
23102
26125
555
3309
8550
21473
5867
15460
13189
13094
18303
3455
22734
13714
15791
2004
3190
2286
5579
10758
9060
23525
14596
12520
19867
681
3156
4988
8888
24221
18864
5067
1764
6590
9076
17515
22154
25903
25320
20855
12421
24549
23187
18773
5922
23484
1377
20720
281
10088
10741
14481
20036
517
512
26041
12934
24726
1578
5369
13645
2905
25635
22218
10949
19584
15777
25115
13799
648
16632
5205
26196
6808
3419
4198
16819
7790
25465
25836
13224
14293
3472
24554
19576
2087
14889
21882
21152
19413
7636
9032
24417
3171
12573
1314
16201
19112
4651
1838
1580
6466
318
17199
19881
894
26230
12805
5619
4499
3523
1626
22334
21829
10736
21693
5314
7530
13927
3005
26457
3280
2889
7804
22883
18415
26172
3882
1215
25009
10669
7716
660
15018
21844
25299
13749
8024
13741
6229
22840
10011
12704
21062
3807
16061
10392
20779
14506
3621
22555
5743
24845
24817
502
16192
9281
3967
19056
20847
718
1472
16305
13193
19126
10202
16264
5109
12811
13639
20493
21106
1354
22352
13145
14450
23858
7239
15580
7597
9570
9831
14646
21189
9945
707
7196
20810
4805
3229
21781
16464
9910
14439
2634
3463
14933
4422
25704
14650
13002
19752
22256
13352
17034
16535
13649
7000
10385
15781
12286
11590
17778
22502
4398
6277
14830
7620
10109
9713
22887
6227
18523
4622
1018
22102
12407
8263
24735
21778
13769
6537
15155
1860
10134
9653
19236
6814
8071
22022
10777
16115
57
1627
24965
23980
7404
13767
4356
25201
10013
14558
13654
7080
3680
2652
2582
12347
743
6185
8183
3538
6850
18894
11574
20684
6019
12445
24374
18838
15435
5855
14882
15590
22970
5126
14968
12726
24957
18561
16336
15967
13446
4876
10342
22903
5943
13256
3251
3851
5309
2417
21096
8918
26250
6725
5270
13375
20886
13847
14683
20347
18064
19280
7945
10259
6944
22197
15644
18827
14836
20966
12584
9962
7765
17837
24413
25792
22481
9425
20809
6385
13089
5149
908
6451
20672
24091
8100
17877
13481
25582
9536
12354
4528
11873
20954
16968
21141
7972
24612
1923
25658
25956
17049
1288
4524
15620
17072
8245
14540
22118
19285
8534
6059
24353
14767
8600
2344
19341
4591
6238
25401
21571
16004
10350
10583
49
11254
18409
20487
7095
24379
15512
20342
2195
16014
2411
330
20673
10226
1673
9904
3665
17194
17321
11938
10039
547
23363
19527
12880
11973
21677
14356
9745
21160
16273
19567
2025
15286
13207
13907
5573
7303
5397
12351
5194
21166
8667
4991
18482
11236
16210
11585
23523
22417
19193
19495
4208
8886
96
5536
21416
25918
19359
8679
6800
24958
6104
15278
25082
6478
19371
8265
16678
8402
20947
22133
8758
16461
26379
12242
20030
8642
16188
2678
21504
19532
22918
16921
2164
7677
6299
18615
12125
19582
15784
16577
12563
574
17272
1960
25138
4730
25850
18306
23259
5027
16408
21672
13715
864
19845
14204
23768
42
17686
12866
8611
3047
8689
23432
22614
19243
3727
6397
21458
16981
5207
15456
4673
4638
8733
25291
17252
20567
5390
17585
9037
4771
7847
17962
8592
12440
6134
650
2797
16554
23784
1024
5993
7006
13119
13062
7694
7951
19024
5869
14282
12411
17025
17951
16863
22808
6105
8825
18970
20446
24210
23814
13867
26126
16870
176
14391
25711
6937
1968
16244
15582
15848
12571
4835
3905
4447
6492
24142
25297
7486
24896
23412
7826
8912
4744
11105
17029
16664
6748
3839
39
26075
156
11183
22748
13574
25961
5083
8243
5370
12434
13798
19998
17250
24814
16884
16381
12982
17246
21576
25390
1017
18268
20825
17419
6855
20892
13555
11157
13733
17745
24474
2178
19716
1608
26215
9127
18967
22327
12098
3083
9478
22915
14039
4497
5433
8451
6838
16545
23047
17892
25054
5742
15534
18695
17801
8976
15428
13818
2813
872
3679
3079
11499
8453
15244
16436
5123
21295
9839
17431
24980
23636
11582
2617
24149
25879
14943
2719
13804
25289
25487
2224
878
12066
22545
7181
20806
9608
18681
8607
24261
18634
17668
13868
4711
8032
16467
13076
5564
15842
12327
16700
18996
23554
8474
20571
16593
20776
21548
17408
21074
20410
101
22207
7632
10766
25572
22369
21711
4087
5906
6225
24388
9822
20032
19587
11132
23218
17141
14362
17237
24627
6060
21946
529
19489
5858
9640
17307
8571
24811
16873
9305
24758
24859
10727
24150
22752
13235
21582
4455
15852
17216
19007
10144
7649
10371
23279
6681
18637
7364
4253
10422
3911
5033
13545
9458
2448
9208
15982
2112
4964
12182
1520
632
22286
2989
15440
2133
23621
14399
17073
26348
12205
9064
8182
19275
4994
8759
20131
1182
26468
12299
21586
5784
1299
15602
12233
20745
4971
5931
10985
2033
19541
16551
23313
2378
10672
10794
12555
14167
2474
24547
14469
865
11156
7272
1152
10412
10273
12113
25080
18926
26257
3266
25569
7312
1371
8171
17639
26018
18930
25064
13254
16270
24451
20635
25604
26406
8173
7545
284
19663
12248
9696
12537
22669
18692
24830
21386
8332
10193
11813
10666
10143
15215
15060
13657
7310
17597
8291
26031
8336
20223
15174
21686
16952
20314
12281
17996
24300
5761
22700
14687
6481
20388
14470
9652
20373
21307
15228
21963
16153
13903
8415
18315
10869
21997
16682
11092
11104
10778
7035
21572
6435
12292
803
11151
12186
21169
6987
10711
19123
78
13705
5054
20419
23534
24267
17062
7912
624
16786
19855
799
4215
25027
10323
20988
16779
12226
4689
14938
815
15726
24535
17099
20646
17145
5558
11867
18072
24783
15318
24730
17963
17948
700
4414
14305
19459
12467
24936
5901
8952
13694
6793
13822
23945
22379
18946
9804
13411
11799
9988
13630
9511
1880
4732
14048
13878
594
25756
6534
21846
13198
4469
3692
5810
19028
25033
23342
14102
4243
934
16426
11002
6545
5890
8386
12389
11730
25929
13991
15553
16600
867
5715
16237
26169
1839
13789
250
5540
5949
14504
10654
6070
18921
18324
1652
20902
17786
8547
12758
1894
14168
12260
19662
15218
15212
549
456
24536
22675
14140
5459
6183
25963
16322
1113
25432
7853
22878
7453
16956
25714
6439
4825
24499
19705
3952
22743
17240
13677
19652
4680
8536
16200
4192
24098
15709
15391
24993
311
19488
13435
4178
18629
15153
4476
23418
26336
12936
11797
1957
25720
6818
21379
14508
6145
19761
21979
1949
3203
5000
23559
5139
8681
8519
4006
20934
22731
6619
18500
17511
23672
24397
2158
22002
23747
19692
1523
23788
19282
24100
8448
25775
9238
2332
13537
10154
2269
7438
18363
20742
12691
2833
21060
21656
4450
22935
26632
9483
9168
1997
24302
18611
21066
17970
12415
14926
13520
11619
6770
18280
14586
12061
25689
680
14176
12799
2789
26504
11029
14600
10568
3897
20340
22225
4525
22013
2197
3895
4737
17320
380
11036
25827
14160
4787
24014
16758
4229
14194
21017
2823
5457
9709
19158
8625
6620
12967
20757
21132
12000
8123
22996
9952
25919
7403
13845
4233
25282
19224
10024
25678
8849
15749
3793
11886
9731
13784
23288
4084
18935
14942
9989
7026
15090
2182
3210
3344
12800
166
1027
15898
651
17909
4888
23419
2489
17347
17588
18469
12765
24382
13452
19050
22403
2862
20753
4585
25979
9611
17615
24420
21426
23402
12532
22980
13384
12006
16502
118
8166
9338
3755
209
7238
6786
12273
6635
19630
5005
8331
11302
6168
19452
20476
9622
13037
18272
2058
6352
25184
7410
21758
10489
11488
21525
10675
21270
22609
14285
4115
5072
24335
21910
25363
18761
17071
