12280
6161
26235
42092
53416
17209
44131
6635
36018
39179
36676
43213
12677
15592
30233
50708
15156
50722
34953
51651
40485
20915
53275
7626
51426
26281
36594
50881
39207
51400
28492
29404
13733
21387
18866
11244
29070
1865
3626
10540
12577
6770
20218
1124
696
50479
10051
16942
44754
15083
37779
1747
24086
46923
31775
5541
49220
16843
6166
20624
7710
17258
22036
11689
31114
48593
10075
925
14821
24710
19209
42127
11450
51615
34815
14696
38900
6454
37293
7491
32357
36022
24721
24405
34998
40513
26400
1880
11139
37953
21059
16918
22724
3528
49491
24970
10158
48853
16527
2106
33065
29238
29611
14910
3243
46543
51348
5925
12507
52877
18907
2138
35316
15245
39820
46517
2189
11472
40323
36074
2517
32944
50665
21929
3550
1493
11750
15891
46145
14743
23496
25974
5552
32431
14591
42130
1820
16163
53009
4437
28927
26361
4863
40401
35273
48492
12159
5964
46337
12901
21336
12979
40851
12365
31830
664
45261
46185
39306
4807
9445
38400
6944
15028
14812
26186
38470
33453
17172
49389
29946
3913
9963
31119
15324
17059
6924
38704
31113
45488
47998
50393
23586
7052
26940
50420
23721
51719
17004
45884
5730
33618
39060
19886
22627
48914
36562
8185
48994
46615
21041
11674
13150
22582
34731
29014
11029
11950
52491
4273
32057
12463
34360
46606
14592
12931
42002
31167
32577
26517
23500
51120
10826
2924
46097
40270
25251
35369
12721
2436
14457
29610
841
25698
42165
53723
1055
4233
31442
32060
24417
2258
29609
42258
10181
52402
36065
13656
6239
19538
20065
12807
19959
19226
42902
4731
33803
6367
31799
24533
27317
40222
36663
20999
29104
28235
45182
32153
41941
3334
3368
31218
33259
35571
18861
12578
37348
21711
18955
36063
24133
27383
24504
22850
25168
275
35174
19911
34764
44759
31880
45128
25455
31734
49404
27169
20524
24972
624
29177
16
27108
28721
25752
27597
13488
45030
46148
32831
51122
14478
34058
2619
2025
29852
26913
18843
3190
25771
49102
33822
13659
3788
3837
21559
28324
21605
44311
5164
33958
6178
8355
24113
34441
45287
33231
14142
6352
46295
51223
12702
8130
20942
42071
46407
340
53656
15269
5110
19438
15554
11442
48528
15371
38476
11824
15647
53992
29709
28456
52238
37556
8431
29953
48825
12744
30071
631
5554
26289
37621
28991
44251
29465
31237
23330
33559
8193
45644
40895
28902
11419
26145
28323
16203
12607
27110
43372
6204
49621
13591
14899
17238
26817
49292
13233
12894
13051
34727
21152
36375
12285
28098
37829
7432
37276
40366
36149
40107
32186
33203
65
24773
42823
37113
33051
46716
27315
40110
21607
34171
16200
4044
20081
4988
32683
19892
23233
24432
27434
8243
44945
48263
42679
42659
50690
50147
14610
4050
32807
33860
22554
11725
40604
31445
34990
33140
2571
8416
34666
35709
50801
31688
36870
34849
44021
5729
27402
53998
29542
19708
25378
23740
35400
44752
14542
34080
33965
39110
16765
818
4156
52715
3210
40586
16803
2947
47997
32306
27270
29729
295
42316
1195
49165
15618
21527
14777
18853
42179
17489
38794
50619
9462
18701
34236
44239
52232
35080
53357
20982
20048
24720
17485
50426
33300
32775
47988
1197
11167
5662
8166
32058
1580
40575
11746
20536
23235
17452
40030
5364
15003
13772
38935
39126
6097
10884
44828
13466
5900
51691
4747
19161
5240
38917
2541
11027
44631
44483
44128
16198
701
25877
35238
18730
14557
33253
28648
28044
24631
6497
33920
42955
37092
38555
3173
50955
23794
53811
33196
23510
27293
7789
11119
44998
11498
36148
35989
48238
52404
31355
33674
51634
893
42723
27993
40573
25690
26215
40129
39273
49182
51402
21098
11605
27087
37018
8223
12867
42850
6167
45986
1981
3017
38850
28988
48391
44024
32829
36246
18340
14461
52276
32257
45761
53208
21077
44301
49208
25322
24791
7565
7109
24085
18943
5442
47937
50359
40593
53475
13583
38842
22833
21864
21802
29394
19651
48533
35638
21262
26725
33456
15377
37894
40702
13500
30979
26464
51474
37149
14894
33667
27261
39302
21895
4955
3298
19452
18862
5546
53559
23474
46852
741
15548
42642
1151
3835
44574
13682
31626
25268
15486
5263
11528
44162
27843
1854
51772
7059
16611
5097
36154
17054
18498
46547
42557
33315
15157
34689
13146
36570
43272
14745
32965
14682
40741
25047
13692
53907
52795
6255
40122
38307
44730
4158
23422
26017
39877
12598
19975
13602
15124
34019
32007
45180
3987
7769
22741
10367
16890
5152
35094
12028
12437
44070
6645
4964
47944
31667
28104
22660
21939
12327
25749
18326
40316
37744
48877
5565
23789
34133
48412
28989
308
53949
12913
51176
23307
42032
33930
33228
13372
45018
29407
17220
42794
51232
7541
32731
44318
40471
46807
20115
8220
32618
5116
12398
23758
28819
44334
11627
7461
6164
32474
24999
37638
45150
23522
50331
22697
39957
45290
53351
15867
35467
31407
39971
17083
15625
18501
17450
13946
1012
13658
40459
39777
8062
233
25196
30101
29346
26611
825
21909
14950
8366
51748
33797
2132
35134
5271
40569
4245
14705
22773
29878
32689
9914
4758
30252
52631
23446
43432
11641
37128
13218
50266
45158
26919
15519
12140
48010
30261
15436
22677
9987
27803
4451
11083
53129
20029
2792
35548
3949
52745
10028
34621
14979
6689
48745
3014
50230
53101
15030
15833
40756
32733
6593
52913
51075
20075
38863
11329
25545
25446
4666
10195
38223
3189
43000
39194
46392
49217
546
50957
6297
1589
6138
42784
17199
37258
35123
51753
28259
36130
9767
40360
39055
9802
23717
1243
13194
32727
12731
45273
36862
40331
20199
10450
42536
29749
19415
31778
1049
42700
48709
50026
44595
11981
42999
21718
53154
868
50946
16194
679
9292
45464
48413
52893
42041
9777
3205
33261
42756
44424
48277
12141
26408
44736
45747
29862
36295
4761
16138
19445
50167
42158
31525
7053
18539
39746
49019
23291
23430
34743
9210
42660
25400
6561
31108
4083
2915
14013
13462
1594
15252
46332
45516
50231
42607
26544
1843
17206
28308
13981
34732
49334
53287
44125
42765
38567
44361
33201
17460
25938
40854
31208
46041
761
49500
54021
40033
15264
15892
31292
48327
19839
31196
27858
52951
15335
25907
34632
40357
4039
54011
2141
2257
25973
38590
34601
35111
54019
33233
16849
21771
3049
27122
12353
26989
34997
6171
22744
42932
44809
38720
21920
29595
31949
46376
3978
27196
4116
32242
27710
9979
38504
4367
25861
5360
20235
34026
13569
20958
21575
51005
13920
40915
46562
51081
20458
4225
3645
31417
29149
27623
29684
25820
28368
45465
10134
5146
48815
492
52727
3734
53054
39075
15425
29636
46567
44855
37135
36292
35524
6859
52917
13655
34306
37203
10951
16776
40831
14797
13799
20361
45077
6863
31170
1755
15206
52400
29254
43377
33031
20695
8294
44773
33212
8125
53415
45415
21868
14919
53609
24611
40645
25638
26759
4995
48535
8117
49430
37240
46384
36234
37338
29008
32744
19860
5208
37920
26343
24298
29398
36119
20448
2448
27446
7584
44219
28245
6410
35041
45893
4943
20126
38130
29287
45930
2105
23423
35104
18803
33738
14208
389
19093
27390
34431
13316
46347
8035
27138
52193
31215
200
37657
22776
2463
43431
52539
11387
43314
39031
26864
32246
11307
45372
17177
12792
13967
37716
1611
21642
14520
36599
10084
36255
23278
32993
29477
23785
51799
19444
17114
19131
48448
5028
16220
39806
18497
16678
20474
42710
48600
27951
5842
42713
38593
44520
3227
45228
39147
884
46635
5301
7350
25918
49439
15540
46250
25620
24480
29228
38136
10061
34722
38186
35702
15398
20555
501
38183
919
43141
3261
52505
48174
37749
17179
25305
19488
34121
31616
22128
34107
993
22008
11180
20595
1714
3123
22698
7762
5633
11356
10900
6300
22880
8387
19781
9476
17445
2799
32418
50570
38245
6220
14105
8240
49311
6812
37433
18725
11638
9821
53396
11324
52543
7566
15550
44189
25468
5612
50460
39366
53137
49216
21829
13287
5452
9291
37961
21150
29235
6759
37888
10579
46311
45332
18632
6972
3670
46621
21298
21127
29328
49066
43316
11511
44049
52468
32008
21338
21209
44170
2635
7636
20569
32878
12934
37345
48735
37778
12855
3889
52641
51311
27719
45618
38788
33484
19439
15916
21335
27669
12967
50342
9838
31290
21537
53765
42636
10622
37469
23482
12528
42933
15637
5626
51445
53143
34421
38735
9896
26452
29614
14583
34830
11310
3177
19616
19891
22669
752
3589
49175
43207
4678
37220
51095
18902
6172
9447
24116
27121
22135
31354
25764
23418
4748
9991
38302
14438
50828
35473
25678
18395
27212
3465
48405
14499
12723
5874
7256
15459
52697
7876
29994
37476
39788
28389
1616
48449
19126
4183
36138
33790
20042
7997
25184
50873
16747
1717
36333
6674
26666
31221
40258
948
41988
19454
7078
3616
33991
31173
21287
31414
26831
32752
52712
14262
28610
44403
10165
33387
39865
49206
50803
27870
23599
31115
6408
30114
5537
7969
39120
43328
14158
38343
35191
31061
33283
20564
45572
19709
23505
15900
37786
26671
37626
18773
19071
19411
4051
34220
9962
32961
11389
49258
10155
49070
6774
7355
32163
24862
21457
45017
33740
12257
9882
9281
51279
13927
32746
36644
28258
26576
25711
21174
16920
32455
27526
5678
287
29634
42983
3468
4023
52504
21202
2313
4699
1231
2425
12940
50492
27246
19257
50320
35202
3676
53773
39407
38677
21221
19653
53689
38554
40392
40923
43331
10720
24291
12291
48604
45211
28517
4032
28415
25601
47925
31161
22647
45072
6815
3441
10027
27545
35255
52575
20113
45593
5118
13144
9877
46822
4224
12819
35499
27090
15863
44758
53246
29249
14239
42516
32009
1623
43417
20922
14020
32420
32430
13875
23746
29225
1662
18421
6195
40682
35493
781
6232
2919
32615
19785
25607
36376
13974
21990
23392
10131
4416
14560
53843
10961
53541
20660
51298
40470
19477
45153
38710
44581
48401
50469
23428
45195
4036
21645
40716
39152
290
37536
24693
45796
25687
27501
12700
32239
24473
21815
16726
24072
47930
19104
28612
7807
4284
34471
40957
51382
6382
51633
14112
31368
36572
7067
7512
28899
52590
20716
2914
852
27700
49603
10201
24321
32783
15774
38393
14189
12264
44763
16539
14550
24092
40567
39429
48733
38043
20367
6990
43139
15875
15938
43408
21408
21570
4959
18282
35494
14902
7495
26165
15896
51430
21702
5845
27457
23797
50913
54008
12714
25975
51230
7321
20754
2502
34087
5933
20239
26911
27141
20320
6912
20703
19289
16823
5256
11664
32655
37584
9824
44869
52729
40051
45936
53459
15214
27883
29568
29231
50905
29222
13824
13582
52206
53442
28638
30964
32788
12406
16243
16743
52424
7827
13060
9902
15854
20409
7448
6765
11256
34409
52773
6198
34595
34488
42317
7775
44078
21099
421
26449
29226
37525
18993
7044
27465
19919
48589
21448
5650
2023
19470
12088
1652
1504
41908
23286
577
35380
49291
27116
32504
613
42501
27552
11844
26588
46915
31971
30985
51109
52763
23537
39023
4860
46175
42095
27734
15557
12103
12613
17028
2659
25055
47931
7857
27563
29470
9885
29007
17038
53106
10381
38936
37278
19801
14964
9297
41863
45811
44929
20556
19900
44796
25623
1861
44524
7299
24064
46335
28110
7076
40251
8421
45297
40568
4675
2586
27332
4217
30293
32843
45053
48323
9441
46314
12001
21474
37131
43361
19360
33284
33220
52624
39932
585
26716
46331
26621
43089
27481
9992
49167
5989
5327
35002
31039
10317
22706
48738
45481
28565
29160
32549
13595
34724
20880
31832
9487
23567
5456
1009
1627
40984
26256
53747
23382
45042
39240
52565
35107
38798
15825
16814
16904
27953
50939
14428
15203
36163
45701
23786
4815
53616
18442
34634
276
17259
586
44216
53456
44857
2164
52960
5122
53348
333
26749
11433
9456
50840
19000
28351
22056
51725
38243
2700
25356
24576
50972
17167
32012
23682
2814
43092
19376
25388
34873
29406
21251
52958
45948
22076
7167
21915
50419
27180
25363
33010
48424
31529
23596
38253
34902
12174
52679
13380
15911
27081
23368
29208
26188
35450
28126
8200
18339
6631
26064
5713
21768
303
10188
48839
24887
38298
51429
35418
5076
6776
11831
51532
9817
38015
42156
3137
25221
52661
51768
28618
11066
13487
3273
35160
32562
15423
25718
5120
39310
24780
38869
25977
51368
26560
51609
32705
11650
13949
22831
18312
16798
27774
44086
929
15116
7221
1022
44430
39765
369
39764
10533
28912
35663
48920
12727
38327
23480
10482
24837
48695
51496
2895
21040
25618
19686
21556
8225
6478
40022
53511
45742
28981
18563
35382
10898
1824
53709
32593
38760
44565
33216
29268
25261
1988
48447
44798
13143
21052
19640
49144
2266
28470
46695
48828
10603
38459
40853
15496
40965
12494
50576
21754
33247
22034
38577
10601
33
46789
19423
23525
35393
50039
44993
45482
34916
28501
7801
48221
45726
32858
5041
51078
14073
5459
19836
46299
34406
575
37505
37305
21498
27491
27412
15242
26103
34676
5277
33575
21524
25577
29122
19034
42719
29327
46536
20528
48426
14933
53413
13880
27389
21726
25748
10781
40622
9263
6915
3202
16773
32907
6473
48145
14716
24892
34867
25028
38108
38097
50953
23453
52955
40034
3071
49590
20714
31606
32046
50914
3811
22640
6958
18437
1985
23535
17292
44045
36104
12622
35081
22661
35017
7808
39906
26089
21681
50681
13993
5886
48466
5913
51689
12307
40137
19011
12618
12566
11586
38306
8228
18556
34786
39488
10758
45115
51245
50095
27888
4336
9954
11552
15899
27530
40545
13310
48831
37903
8159
25166
4894
1989
2093
44734
11221
40825
39564
30075
39890
50080
42040
7693
44148
16697
863
53672
36601
1826
25924
11919
6598
10327
28841
6029
11289
12092
15564
33471
36179
21892
45699
35287
48026
6981
13529
4001
12663
21518
32815
29520
32938
15860
36556
9296
15092
29594
10738
33132
48817
6754
44314
29415
3697
15786
4002
18687
49433
28431
37966
13722
3182
46861
7457
44755
45145
25737
39872
13199
29514
40007
28438
33384
52804
6779
8108
25018
30
14401
4149
28724
33460
22815
18982
5312
22102
48393
46581
30271
46702
38311
41872
22759
44910
42238
50948
17068
6346
5329
15482
42849
43060
6253
20737
24067
52581
12165
7344
25437
42558
32747
20497
50046
49405
28891
40283
43074
18649
3522
10353
32509
28414
28582
51797
45575
26391
20573
8037
15219
5137
36215
4377
48149
24989
44940
39565
11091
9771
33514
32305
23469
15944
43016
13369
33894
4976
21879
1094
42118
33948
29942
1203
18953
34004
4687
32764
6053
4042
15713
4952
16559
37807
37086
51531
22026
27752
