3
8
10
13
14
15
21
22
25
35
38
41
43
44
45
46
47
49
50
52
53
54
57
58
60
61
62
63
64
65
66
67
68
69
71
72
74
75
77
84
85
86
89
96
102
103
104
106
107
108
109
110
111
113
116
117
125
127
130
131
132
135
136
137
138
141
143
144
146
147
148
151
152
153
155
156
160
161
162
163
168
171
172
175
177
178
180
181
182
183
185
186
188
189
190
195
211
218
221
222
229
230
231
233
234
238
241
250
252
254
255
256
259
260
263
265
267
272
275
277
282
287
289
293
296
300
310
312
322
336
338
342
347
351
352
355
360
361
362
368
374
375
376
377
378
380
381
383
385
388
398
399
400
401
402
403
407
416
418
419
422
423
425
430
433
454
460
461
462
465
469
471
472
474
476
477
478
480
487
495
498
503
515
527
533
538
539
565
569
586
589
596
597
598
601
644
647
650
668
670
683
688
690
696
700
721
725
732
736
738
750
755
756
758
768
769
770
773
774
777
797
801
818
829
831
837
859
868
870
875
876
877
878
884
885
886
890
891
892
893
894
895
897
899
900
902
903
904
905
906
908
909
910
911
912
913
914
915
916
917
918
919
920
921
922
924
925
926
927
928
929
930
931
932
935
936
937
938
939
940
941
945
959
967
975
984
990
992
994
995
1000
1020
1032
1033
1034
1037
1038
1052
1061
1062
1069
1105
1106
1110
1112
1113
1114
1117
1127
1131
1134
1138
1148
1149
1169
1170
1179
1181
1183
1184
1198
1206
1207
1208
1212
1216
1225
1227
1232
1236
1241
1242
1246
1247
1248
1258
1270
1272
1282
1283
1284
1286
1288
1289
1290
1306
1309
1315
1320
1321
1324
1326
1327
1329
1335
1341
1351
1352
1354
1355
1364
1371
1373
1384
1385
1392
1393
1397
1399
1407
1418
1419
1420
1424
1425
1430
1436
1442
1444
1458
1459
1465
1466
1474
1475
1485
1486
1489
1508
1521
1524
1528
1538
1539
1540
1541
1542
1543
1545
1546
1547
1548
1551
1552
1553
1554
1556
1557
1558
1559
1560
1561
1562
1563
1564
1566
1568
1576
1583
1588
1589
1590
1596
1598
1599
1606
1607
1615
1618
1619
1620
1624
1626
1627
1630
1631
1632
1634
1642
1658
1659
1662
1665
1668
1669
1670
1679
1680
1681
1684
1709
1725
1746
1750
1754
1763
1771
1772
1778
1781
1782
1783
1784
1785
1787
1788
1789
1790
1792
1793
1794
1795
1798
1799
1806
1810
1811
1845
1846
1855
1863
1878
1879
1899
1900
1901
1904
1912
1921
1927
1937
1938
1957
1964
1978
1980
1993
1995
1996
1998
2006
2011
2012
2013
2014
2019
2025
2028
2029
2031
2034
2036
2048
2050
2053
2054
2055
2058
2059
2061
2064
2066
2067
2068
2073
2080
2087
2088
2091
2092
2094
2095
2097
2098
2110
2113
2114
2115
2116
2117
2119
2120
2121
2122
2124
2125
2126
2128
2145
2147
2157
2161
2167
2177
2180
2201
2202
2203
2216
2217
2222
2223
2226
2230
2235
2240
2242
2246
2258
2261
2262
2263
2265
2273
2277
2280
2282
2287
2291
2292
2293
2294
2302
2304
2315
2318
2319
2334
2335
2339
2340
2342
2348
2361
2375
2379
2392
2398
2399
2400
2417
2418
2420
2430
2443
2444
2445
2446
2449
2460
2464
2473
2475
2477
2478
2482
2483
2493
2497
2499
2507
2509
2512
2513
2515
2516
2518
2519
2520
2521
2522
2523
2524
2525
2526
2527
2528
2530
2531
2532
2533
2534
2535
2536
2537
2538
2539
2540
2542
2544
2545
2546
2547
2548
2549
2550
2551
2552
2553
2554
2555
2556
2557
2560
2561
2562
2563
2565
2566
2567
2568
2569
2570
2571
2572
2573
2577
2578
2584
2585
2590
2591
2592
2593
2607
2608
2609
2610
2620
2638
2642
2643
2648
2659
2670
2671
2673
2679
2690
2695
2696
2703
2705
2723
2725
2756
2761
2768
2769
2771
2773
2777
2779
2780
2790
2791
2807
2810
2813
2814
2815
2827
2834
2835
2839
2840
2857
2858
2859
2861
2863
2872
2873
2874
2876
2903
2906
2908
2917
2918
2925
2926
2948
2956
2961
2965
2973
2974
2979
2986
2998
3004
3011
3013
3019
3024
3025
3031
3032
3033
3042
3045
3046
3053
3054
3071
3072
3079
3080
3100
3101
3105
3111
3129
3140
3151
3154
3155
3156
3157
3158
3159
3160
3161
3162
3163
3164
3165
3166
3167
3169
3173
3174
3176
3178
3179
3180
3181
3182
3183
3184
3185
3187
3188
3190
3191
3200
3205
3206
3221
3224
3230
3231
3238
3245
3250
3271
3286
3292
3293
3295
3296
3297
3298
3304
3305
3306
3315
3320
3337
3343
3344
3357
3358
3360
3362
3363
3374
3375
3376
3380
3388
3389
3402
3404
3408
3415
3422
3425
3427
3430
3444
3465
3475
3492
3493
3496
3507
3513
3522
3523
3524
3525
3529
3531
3539
3562
3563
3564
3565
3566
3567
3569
3576
3577
3583
3585
3591
3601
3602
3610
3611
3614
3615
3617
3636
3639
3654
3657
3658
3666
3670
3671
3682
3683
3689
3693
3700
3706
3712
3713
3718
3725
3726
3735
3736
3759
3769
3775
3776
3777
3781
3789
3791
3796
3803
3804
3821
3824
3833
3834
3838
3839
3846
3854
3860
3864
3866
3870
3873
3875
3877
3878
3879
3890
3893
3894
3895
3897
3898
3899
3900
3901
3902
3903
3904
3907
3908
3912
3913
3914
3915
3916
3917
3918
3919
3923
3924
3925
3926
3927
3929
3930
3931
3933
3934
3935
3936
3937
3938
3939
3940
3941
3946
3947
3948
3949
3950
3951
3952
3953
3954
3955
3956
3957
3958
3959
3960
3961
3962
3964
3965
3967
3979
3980
3983
3999
4011
4021
4023
4025
4026
4027
4034
4036
4040
4042
4046
4051
4052
4061
4070
4071
4075
4076
4078
4080
4082
4086
4087
4088
4089
4091
4101
4102
4103
4116
4117
4118
4125
4126
4127
4128
4129
4133
4135
4137
4145
4146
4150
4155
4156
4158
4159
4166
4173
4178
4179
4183
4184
4185
4191
4192
4199
4200
4207
4220
4221
4233
4236
4237
4238
4244
4245
4246
4258
4268
4269
4275
4276
4277
4278
4282
4290
4291
4295
4297
4302
4309
4312
4315
4318
4326
4328
4332
4352
4364
4390
4398
4399
4400
4402
4411
4438
4440
4444
4445
4446
4447
4448
4449
4450
4455
4456
4458
4468
4477
4491
4492
4503
4512
4521
4522
4542
4549
4556
4557
4558
4566
4578
4583
4597
4603
4616
4617
4618
4623
4627
4632
4634
4640
4641
4656
4662
4669
4670
4681
4688
4696
4697
4699
4707
4719
4732
4733
4735
4739
4740
4750
4753
4754
4756
4759
4763
4764
4765
4766
4768
4771
4779
4790
4801
4809
4812
4813
4819
4821
4822
4824
4825
4826
4827
4830
4831
4832
4833
4835
4836
4837
4840
4841
4842
4844
4848
4849
4850
4851
4854
4855
4856
4857
4858
4859
4860
4862
4864
4865
4867
4868
4870
4871
4873
4874
4880
4881
4882
4883
4884
4885
4889
4890
4891
4892
4893
4894
4895
4900
4908
4909
4912
4920
4922
4927
4928
4949
4951
4953
4954
4955
4964
4965
4971
4972
4977
4979
4980
4981
4982
4983
4989
4990
5000
5001
5002
5003
5011
5012
5015
5016
5024
5030
5031
5034
5036
5037
5038
5041
5055
5059
5064
5065
5066
5067
5073
5084
5085
5086
5091
5092
5097
5100
5101
5103
5111
5116
5122
5123
5126
5135
5141
5145
5148
5149
5151
5158
5159
5160
5163
5165
5166
5167
5168
5169
5170
5171
5172
5173
5177
5178
5179
5181
5182
5183
5184
5186
5188
5190
5191
5192
5193
5195
5222
5226
5227
5230
5232
5233
5234
5235
5236
5241
5246
5247
5254
5255
5265
5266
5268
5269
5270
5272
5273
5276
5283
5284
5294
5297
5303
5304
5306
5307
5309
5312
5324
5325
5342
5343
5347
5349
5357
5358
5362
5365
5374
5391
5392
5396
5397
5398
5412
5413
5414
5422
5423
5429
5448
5451
5459
5464
5473
5475
5476
5481
5487
5488
5489
5505
5510
5511
5515
5545
5546
5547
5548
5549
5551
5560
5563
5564
5574
5578
5579
5601
5602
5604
5606
5609
5612
5614
5618
5621
5622
5623
5625
5631
5636
5643
5645
5646
5652
5664
5667
5668
5669
5677
5678
5690
5693
5701
5702
5703
5704
5707
5710
5718
5724
5725
5729
5730
5736
5741
5743
5754
5755
5761
5762
5763
5764
5767
5768
5769
5781
5782
5786
5795
5796
5797
5800
5801
5802
5803
5804
5805
5808
5810
5812
5813
5814
5815
5816
5817
5818
5819
5820
5824
5825
5827
5829
5830
5831
5832
5833
5834
5835
5837
5839
5840
5842
5843
5844
5845
5847
5848
5849
5850
5851
5852
5853
5854
5858
5859
5863
5864
5865
5866
5867
5869
5870
5871
5872
5873
5874
5875
5876
5877
5878
5879
5881
5882
5885
5886
5887
5889
5890
5892
5893
5894
5895
5896
5897
5900
5901
5902
5903
5907
5911
5912
5913
5914
5915
5916
5917
5918
5919
5920
5924
5925
5926
5928
5929
5930
5931
5932
5933
5934
5935
5936
5937
5941
5942
5943
5945
5949
5952
5957
5958
5963
5964
5965
5966
5975
5976
5984
5994
5997
5998
5999
6000
6001
6002
6003
6004
6005
6006
6007
6008
6009
6010
6014
6015
6020
6022
6023
6024
6025
6026
6028
6029
6030
6032
6034
6035
6036
6038
6039
6042
6046
6048
6049
6050
6051
6052
6053
6055
6057
6058
6061
6062
6063
6064
6065
6066
6067
6068
6069
6070
6071
6072
6073
6074
6076
6077
6081
6083
6084
6086
6088
6093
6099
6100
6101
6102
6104
6112
6114
6115
6120
6121
6123
6128
6137
6138
6141
6142
6143
6146
6149
6155
6159
6161
6165
6166
6174
6180
6188
6189
6202
6203
6205
6206
6207
6214
6215
6217
6223
6224
6227
6243
6249
6250
6251
6252
6253
6256
6257
6280
6288
6303
6304
6318
6341
6342
6350
6357
6360
6372
6380
6394
6395
6399
6411
6412
6426
6437
6438
6439
6450
6452
6453
6455
6462
6463
6465
6470
6474
6475
6477
6484
6489
6490
6491
6492
6497
6509
6510
6517
6520
6529
6530
6531
6540
6541
6547
6548
6555
6557
6558
6561
6570
6579
6580
6583
6587
6594
6603
6604
6605
6612
6614
6618
6620
6622
6623
6624
6628
6632
6635
6636
6637
6639
6641
6642
6647
6648
6649
6659
6666
6670
6672
6676
6683
6686
6688
6689
6690
6691
6696
6704
6709
6710
6711
6712
6713
6716
6717
6718
6719
6720
6721
6722
6723
6724
6725
6726
6727
6730
6731
6732
6737
6740
6741
6742
6743
6744
6745
6746
6747
6748
6749
6750
6751
6752
6760
6761
6765
6766
6767
6768
6769
6770
6771
6772
6773
6774
6775
6776
6777
6778
6779
6780
6781
6782
6783
6784
6785
6786
6787
6788
6792
6793
6794
6795
6796
6797
6798
6799
6800
6801
6802
6803
6806
6807
6808
6809
6810
6811
6812
6814
6815
6817
6819
6820
6823
6826
6827
6828
6829
6830
6834
6835
6836
6837
6838
6839
6846
6856
6857
6869
6870
6871
6887
6888
6900
6904
6908
6911
6913
6920
6922
6924
6925
6926
6927
6928
6929
6930
6931
6932
6933
6934
6935
6938
6943
6947
6948
6949
6950
6951
6952
6959
6965
6968
6985
6986
6990
6992
7010
7019
7020
7025
7026
7034
7036
7039
7055
7059
7060
7070
7071
7078
7079
7080
7086
7095
7100
7101
7103
7114
7121
7142
7143
7149
7159
7165
7166
7169
7187
7200
7203
7211
7213
7217
7218
7219
7220
7251
7272
7276
7295
7313
7323
7330
7331
7337
7338
7342
7343
7344
7345
7362
7365
7366
7373
7379
7391
7395
7400
7405
7406
7409
7410
7418
7425
7433
7442
7443
7459
7460
7461
7462
7463
7468
7469
7470
7471
7472
7473
7481
7496
7504
7512
7513
7520
7521
7523
7530
7531
7533
7534
7550
7565
7566
7570
7571
7573
7574
7577
7578
7579
7580
7581
7582
7583
7584
7585
7586
7587
7588
7589
7590
7591
7595
7596
7597
7602
7603
7604
7605
7606
7607
7608
7609
7610
7611
7613
7614
7615
7616
7617
7618
7619
7620
7621
7622
7623
7624
7625
7626
7627
7628
7629
7632
7633
7634
7637
7640
7642
7643
7644
7645
7646
7647
7648
7649
7650
7653
7654
7655
7656
7657
7658
7659
7660
7661
7662
7663
7665
7668
7669
7670
7671
7672
7675
7677
7678
7680
7681
7682
7683
7684
7685
7686
7687
7688
7689
7690
7691
7692
7693
7695
7698
7701
7702
7703
7704
7705
7706
7707
7709
7710
7711
7712
7713
7714
7715
7716
7717
7718
7719
7720
7721
7722
7723
7724
7725
7726
7728
7729
7730
7731
7732
7733
7737
7741
7742
7743
7744
7745
7747
7748
7749
7750
7751
7752
7753
7754
7755
7756
7758
7761
7762
7763
7766
7767
7768
7770
7771
7775
7776
7777
7778
7781
7783
7785
7786
7787
7788
7790
7793
7794
7795
7798
7799
7810
7811
7816
7817
7818
7820
7828
7829
7830
7831
7832
7835
7839
7842
7850
7862
7871
7872
7874
7875
7876
7877
7878
7879
7880
7881
7882
7883
7889
7890
7891
7892
7893
7894
7895
7897
7898
7899
7900
7901
7902
7903
7904
7905
7906
7907
7908
7909
7910
7911
7915
7916
7917
7918
7919
7920
7922
7924
7926
7927
7928
7929
7930
7931
7932
7933
7934
7935
7937
7939
7940
7941
7943
7944
7945
7946
7947
7948
7949
7951
7953
7954
7956
7958
7959
7962
7965
7968
7970
7973
7974
7975
7976
7997
7998
7999
8001
8002
8003
8004
8008
8009
8012
8029
8035
8036
8039
8042
8043
8044
8047
8048
8054
8060
8061
8062
8066
8068
8069
8070
8078
8080
8081
8086
8087
8088
8089
8092
8098
8099
8100
8102
8104
8108
8110
8123
8127
8130
8132
8134
8137
8148
8150
8154
8170
8175
8179
8202
8213
8215
8221
8222
8225
8252
8273
8286
8291
8336
8338
8339
8345
8358
8366
8371
8372
8373
8375
8377
8378
8379
8380
8381
8382
8383
8388
8389
8390
8391
8392
8394
8395
8396
8397
8398
8399
8400
8402
8403
8405
8406
8407
8410
8421
8422
8424
8426
8427
8428
8429
8430
8431
8434
8435
8437
8438
8439
8440
8441
8442
8443
8444
8445
8446
8447
8448
8449
8450
8453
8455
8482
8507
8508
8510
8512
8513
8514
8516
8519
8521
8535
8543
8547
8554
8555
8556
8559
8564
8568
8575
8576
8577
8578
8587
8591
8605
8615
8628
8629
8630
8631
8633
8634
8635
8637
8638
8640
8644
8645
8646
8647
8652
8653
8655
8660
8661
8662
8665
8666
8667
8680
8682
8685
8694
8695
8698
8703
8704
8705
8706
8708
8709
8712
8716
8718
8729
8736
8737
8742
8744
8746
8751
8754
8755
8760
8763
8765
8774
8775
8778
8783
8785
8786
8789
8790
8791
8794
8795
8800
8802
8807
8811
8813
8817
8843
8844
8849
8851
8852
8853
8858
8863
8867
8868
8872
8880
8889
8890
8892
8901
8903
8916
8922
8933
8935
8936
8938
8939
8942
8944
8953
8977
8979
8997
9001
9002
9003
9010
9011
9014
9017
9018
9025
9026
9028
9029
9030
9034
9036
9037
9038
9039
9043
9044
9045
9046
9048
9050
9054
9057
9061
9062
9066
9067
9068
9069
9070
9078
9081
9088
9093
9110
9128
9132
9149
9153
9155
9156
9157
9158
9160
9163
9164
9165
9166
9167
9168
9169
9170
9178
9179
9180
9181
9182
9183
9184
9185
9186
9187
9188
9189
9190
9191
9192
9194
9195
9196
9197
9199
9200
9201
9202
9203
9204
9205
9206
9207
9208
9209
9210
9211
9214
9215
9216
9219
9220
9221
9223
9225
9226
9227
9228
9229
9230
9231
9232
9233
9234
9235
9236
9237
9238
9239
9240
9241
9242
9243
9244
9245
9246
9249
9250
9251
9252
9253
9254
9255
9256
9258
9259
9261
9262
9263
9265
9267
9268
9269
9270
9272
9273
9274
9275
9276
9277
9281
9282
9283
9284
9286
9287
9288
9289
9290
9291
9292
9294
9295
9297
9302
9312
9313
9339
9340
9343
9344
9345
9346
9347
9358
9359
9362
9374
9375
9382
9389
9404
9406
9414
9415
9419
9420
9423
9436
9438
9439
9453
9464
9465
9471
9473
9483
9491
9505
9526
9527
9528
9529
9537
9547
9549
9551
9554
9560
9576
9578
9587
9598
9606
9610
9618
9626
9635
9658
9660
9673
9674
9679
9680
9688
9695
9701
9705
9708
9714
9717
9720
9721
9724
9734
9740
9749
9761
9762
9768
9784
9785
9786
9798
9799
9800
9801
9802
9808
9817
9820
9821
9827
9829
9832
9840
9847
9850
9856
9860
9864
9865
9866
9867
9869
9878
9882
9885
9886
9893
9894
9899
9903
9907
9909
9913
9922
9923
9924
9928
9929
9933
9937
9943
9946
9948
9955
9956
9961
9973
9974
9977
9980
9981
9986
9991
9997
10003
10004
10015
10019
10020
10021
10032
10039
10042
10065
10066
10075
10077
10083
10100
10110
10113
10116
10117
10118
10119
10120
10125
10126
10130
10131
10132
10133
10134
10135
10141
10142
10143
10144
10145
10147
10148
10149
10150
10151
10152
10153
10157
10158
10159
10160
10161
10162
10163
10164
10165
10166
10167
10168
10169
10172
10173
10176
10177
10179
10180
10181
10182
10183
10184
10185
10186
10188
10189
10190
10191
10193
10194
10197
10198
10199
10200
10202
10203
10204
10205
10206
10207
10208
10209
10211
10212
10213
10214
10215
10216
10217
10218
10219
10222
10227
10229
10230
10231
10234
10252
10254
10255
10260
10275
10282
10283
10284
10288
10299
10306
10328
10340
10346
10347
10360
10361
10370
10371
10375
10376
10377
10378
10379
10380
10382
10386
10387
10388
10389
10393
10394
10395
10396
10443
10445
10460
10465
10470
10471
10477
10497
10499
10503
10504
10505
10506
10507
10510
10511
10512
10524
10525
10526
10539
10541
10551
10554
10555
10560
10562
10566
10567
10570
10571
10574
10581
10582
10594
10595
10599
10600
10614
10619
10621
10622
10624
10625
10631
10636
10638
10639
10640
10641
10643
10644
10655
10657
10662
10669
10671
10684
10685
10692
10695
10705
10716
10720
10729
10749
10760
10764
10767
10775
10776
10795
10816
10840
10841
10852
10853
10867
10873
10874
10875
10878
10879
10881
10884
10886
10889
10896
10901
10904
10905
10909
10913
10914
10916
10917
10921
10922
10924
10929
10930
10931
10934
10935
10937
10939
10941
10943
10944
10945
10948
10949
10950
10953
10955
10956
10957
10958
10959
10960
10965
10966
10967
10968
10969
10970
10971
10972
10973
10974
10975
10976
10977
10978
10979
10980
10981
10985
10993
10997
10999
11008
11009
11010
11016
11017
11020
11032
11048
11062
11064
11065
11075
11077
11078
11080
11084
11087
11090
11091
11092
11093
11094
11095
11096
11098
11099
11102
11104
11105
11106
11107
11108
11109
11110
11111
11114
11117
11118
11119
11120
11123
11124
11125
11126
11127
11128
11129
11130
11131
11132
11135
11136
11137
11139
11140
11141
11142
11143
11144
11145
11146
11147
11148
11149
11154
11155
11156
11157
11158
11159
11160
11163
11164
11165
11166
11167
11168
11169
11170
11171
11172
11173
11174
11175
11176
11177
11183
11188
11189
11191
11205
11206
11207
11215
11218
11229
11232
11234
11235
11240
11241
11245
11246
11252
11253
11254
11259
11273
11274
11278
11283
11284
11286
11291
11294
11295
11296
11303
11304
11305
11306
11309
11310
11311
11314
11316
11318
11320
11321
11322
11323
11326
11327
11328
11332
11333
11334
11335
11336
11337
11338
11340
11343
11345
11346
11350
11351
11352
11353
11354
11358
11361
11362
11366
11367
11370
11371
11372
11373
11375
11376
11377
11383
11385
11388
11389
11391
11395
11396
11397
11401
11403
11405
11406
11407
11409
11410
11411
11413
11414
11415
11417
11418
11419
11425
11426
11427
11428
11429
11432
11433
11434
11435
11436
11439
11440
11441
11442
11443
11444
11448
11452
11455
11456
11457
11458
11460
11461
11463
11464
11465
11466
11467
11473
11474
11476
11477
11478
11479
11480
11481
11482
11486
11487
11488
11490
11491
11492
11496
11497
11498
11499
11501
11502
11503
11504
11509
11510
11511
11513
11514
11515
11516
11518
11519
11520
11521
11522
11523
11524
11525
11526
11527
11528
11529
11531
11532
11533
11534
11535
11536
11540
11542
11543
11544
11545
11546
11547
11548
11549
11552
11553
11555
11556
11557
11558
11559
11563
11565
11566
11567
11569
11573
11574
11575
11576
11577
11579
11580
11581
11583
11587
11588
11592
11593
11595
11596
11597
11599
11601
11602
11603
11604
11606
11607
11612
11613
11614
11615
11618
11620
11621
11622
11623
11625
11626
11627
11630
11631
11632
11634
11635
11636
11637
11638
11639
11640
11641
11642
11643
11644
11645
11646
11647
11648
11649
11652
11653
11654
11655
11656
11657
11658
11660
11663
11664
11670
11675
11676
11687
11692
11699
11725
11728
11745
11746
11753
11754
11755
11756
11757
11770
11775
11780
11782
11786
11799
11810
11811
11818
11822
11827
11836
11851
11858
11859
11860
11872
11873
11892
11893
11894
11911
11918
11919
11933
11934
11938
11939
11940
11952
11953
11958
11960
11966
11986
12006
12019
12020
12022
12026
12035
12043
12050
12056
12064
12097
12098
12099
12103
12104
12106
12120
12137
12146
12153
12166
12167
12168
12170
12182
12183
12185
12192
12201
12202
12212
12214
12215
12225
12226
12227
12229
12230
12232
12246
12247
12251
12252
12253
12254
12263
12269
12281
12282
12286
12294
12295
12296
12297
12298
12299
12307
12308
12317
12322
12327
12329
12330
12332
12335
12336
12337
12338
12339
12340
12341
12342
12343
12344
12348
12349
12351
12353
12355
12356
12357
12358
12359
12360
12361
12362
12363
12364
12365
12366
12367
12368
12369
12373
12374
12377
12378
12379
12380
12382
12384
12385
12386
12387
12388
12389
12390
12391
12392
12393
12395
12396
12397
12398
12399
12400
12401
12402
12403
12406
12407
12409
12410
12412
12413
12414
12415
12417
12418
12419
12420
12421
12422
12423
12424
12425
12428
12429
12431
12432
12433
12434
12435
12439
12441
12442
12443
12446
12447
12448
12449
12450
12451
12452
12453
12456
12459
12460
12461
12464
12465
12466
12471
12474
12475
12476
12477
12488
12489
12497
12512
12521
12522
12528
12535
12544
12545
12552
12556
12561
12563
12565
12566
12570
12572
12573
12577
12578
12585
12586
12587
12595
12604
12606
12607
12611
12615
12616
12617
12626
12629
12630
12631
12632
12633
12647
12655
12658
12666
12671
12673
12674
12675
12676
12677
12687
12688
12692
12710
12712
12716
12717
12726
12727
12729
12730
12742
12747
12750
12751
12752
12756
12761
12763
12766
12774
12779
12780
12782
12784
12792
12793
12797
12798
12799
12804
12805
12806
12811
12812
12815
12816
12821
12824
12825
12835
12836
12837
12839
12846
12852
12857
12859
12864
12865
12867
12868
12869
12876
12877
12878
12882
12894
12895
12896
12901
12902
12905
12909
12917
12918
12920
12921
12923
12924
12945
12952
12960
12961
12962
12978
12981
12982
12983
12988
12989
12990
12992
12993
13011
13012
13013
13027
13030
13035
13051
13054
13056
13057
13058
13061
13062
13063
13064
13098
13099
13100
13102
13103
13104
13105
13106
13107
13108
13110
13111
13112
13113
13114
13115
13116
13117
13118
13119
13120
13121
13122
13127
13137
13167
13176
13193
13217
13223
13224
13240
13274
13283
13285
13286
13287
13288
13289
13292
13293
13294
13297
13298
13300
13301
13303
13304
13306
13307
13308
13309
13310
13311
13312
13313
13314
13315
13316
13317
13320
13321
13322
13323
13324
13325
13326
13330
13332
13336
13338
13350
13354
13355
13366
13367
13368
13377
13378
13383
13384
13389
13409
13412
13416
13423
13429
13435
13436
13437
13438
13440
13441
13442
13443
13444
13445
13446
13447
13448
13449
13450
13451
13452
13453
13454
13455
13456
13457
13459
13460
13461
13462
13463
13466
13468
13469
13470
13471
13472
13473
13474
13475
13476
13477
13478
13479
13480
13481
13482
13483
13484
13485
13486
13489
13491
13492
13493
13494
13495
13496
13497
13498
13499
13500
13503
13504
13505
13507
13512
13515
13529
13546
13547
13549
13563
13564
13576
13577
13588
13596
13599
13610
13611
13623
13624
13626
13628
13629
13630
13631
13632
13634
13636
13637
13638
13639
13640
13641
13642
13643
13644
13645
13646
13647
13648
13650
13651
13652
13654
13655
13656
13657
13665
13686
13687
13694
13715
13729
13736
13737
13751
13752
13764
13769
13770
13774
13776
13788
13804
13824
13825
13826
13827
13833
13843
13846
13847
13848
13849
13861
13877
13878
13890
13892
13893
13894
13895
13896
13897
13899
13900
13901
13902
13903
13904
13905
13906
13907
13908
13909
13910
13912
13913
13914
13915
13916
13918
13920
13921
13924
13925
13926
13927
13928
13929
13930
13931
13932
13933
13934
13935
13936
13937
13939
13940
13941
13942
13945
13947
13948
13949
13950
13951
13952
13953
13954
13955
13956
13957
13958
13959
13960
13961
13962
13963
13964
13965
13966
13967
13968
13969
13970
13972
13973
13976
13977
13978
13979
13980
13981
13985
13986
13988
13989
13990
13991
13992
13994
13995
13996
13998
13999
14000
14017
14018
14020
14022
14030
14038
14039
14044
14074
14096
14097
14098
14101
14104
14106
14116
14117
14118
14127
14128
14136
14149
14153
14154
14156
14163
14164
14167
14169
14172
14173
14183
14185
14186
14193
14194
14195
14197
14198
14199
14200
14202
14203
14204
14206
14207
14208
14209
14210
14211
14213
14214
14215
14219
14220
14221
14225
14226
14227
14233
14236
14251
14252
14257
14260
14264
14272
14274
14275
14276
14277
14285
14292
14294
14295
14310
14312
14330
14331
14332
14333
14342
14348
14351
14355
14356
14357
14363
14364
14365
14370
14373
14377
14379
14381
14382
14384
14386
14387
14388
14389
14391
14392
14394
14395
14396
14397
14399
14400
14401
14402
14403
14405
14406
14408
14409
14411
14412
14414
14415
14416
14427
14428
14429
14433
14439
14442
14456
14459
14460
14464
14465
14467
14470
14479
14480
14492
14493
14494
14512
14525
14531
14536
14537
14539
14540
14541
14542
14543
14544
14545
14546
14549
14550
14551
14552
14553
14554
14555
14558
14559
14560
14561
14562
14563
14564
14565
14568
14577
14587
14588
14604
14605
14606
14619
14620
14623
14626
14627
14628
14629
14630
14631
14632
14633
14635
14637
14638
14640
14641
14642
14643
14644
14647
14648
14649
14650
14651
14652
14653
14654
14655
14656
14657
14658
14659
14660
14661
14664
14666
14667
14668
14670
14679
14680
14683
14692
14694
14699
14701
14708
14716
14717
14718
14727
14731
14732
14733
14734
14737
14738
14739
14740
14744
14752
14759
14760
14763
14764
14767
14769
14776
14777
14778
14785
14790
14793
14803
14813
14817
14823
14825
14826
14827
14830
14848
14860
14868
14869
14880
14889
14904
14905
14917
14923
14928
14933
14935
14936
14940
14941
14946
14952
14958
14960
14961
14967
14972
14976
14977
14991
14994
15003
15004
15008
15016
15017
15018
15029
15030
15031
15036
15043
15044
15045
15061
15066
15067
15068
15074
15077
15083
15087
15096
15097
15098
15099
15109
15111
15112
15113
15114
15116
15120
15124
15134
15137
15138
15139
15152
15156
15160
15161
15163
15179
15192
15195
15197
15198
15202
15204
15207
15208
15212
15222
15223
15242
15244
15250
15251
15254
15255
15256
15261
15264
15265
15276
15277
15278
15297
15298
15303
15304
15305
15311
15312
15313
15316
15317
15318
15322
15323
15324
15325
15326
15327
15328
15329
15330
15333
15334
15335
15336
15340
15343
15344
15348
15350
15351
15352
15353
15354
15356
15357
15358
15359
15360
15363
15364
15365
15366
15367
15371
15375
15377
15378
15379
15381
15383
15384
15385
15386
15389
15390
15391
15394
15395
15396
15397
15399
15402
15403
15404
15405
15406
15407
15408
15412
15413
15414
15417
15418
15419
15420
15421
15422
15424
15425
15426
15427
15428
15429
15430
15431
15432
15437
15438
15439
15440
15441
15442
15443
15444
15445
15447
15448
15449
15452
15453
15455
15458
15459
15460
15461
15463
15464
15465
15467
15474
15489
15496
15529
15530
15536
15548
15549
15550
15552
15558
15559
15561
15562
15565
15566
15569
15572
15573
15574
15575
15584
15614
15615
15618
15624
15640
15643
15644
15645
15646
15647
15648
15649
15650
15651
15652
15653
15654
15655
15658
15659
15661
15664
15665
15666
15667
15668
15669
15670
15671
15672
15673
15674
15677
15678
15679
15680
15681
15691
15692
15693
15694
15711
15712
15722
15730
15739
15753
15756
15765
15771
15791
15792
15800
15809
15817
15822
15825
15829
15832
15837
15849
15850
15853
15856
15857
15865
15866
15877
15878
15879
15886
15887
15893
15897
15898
15909
15912
15913
15914
15921
15925
15930
15933
15937
15938
15942
15943
15952
15959
15971
15975
15976
15977
15978
15988
15989
15990
16002
16005
16008
16009
16020
16022
16023
16024
16025
16033
16034
16046
16053
16065
16071
16082
16083
16096
16099
16104
16105
16110
16119
16123
16128
16132
16133
16139
16140
16145
16146
16150
16158
16159
16173
16174
16175
16182
16187
16192
16201
16202
16211
16215
16220
16234
16235
16243
16244
16249
16250
16267
16268
16277
16278
16285
16286
16293
16299
16306
16318
16322
16333
16334
16336
16340
16344
16345
16354
16357
16360
16363
16364
16365
16368
16373
16374
16376
16383
16385
16386
16388
16391
16392
16396
16397
16412
16418
16425
16427
16431
16434
16438
16443
16447
16448
16450
16454
16456
16463
16465
16466
16478
16487
16488
16489
16490
16491
16493
16496
16499
16502
16503
16504
16505
16508
16509
16510
16511
16512
16513
16515
16527
16551
16556
16571
16572
16573
16577
16581
16588
16594
16604
16605
16606
16607
16611
16615
16616
16628
16632
16638
16639
16652
16654
16662
16671
16698
16700
16701
16702
16703
16706
16707
16708
16709
16713
16714
16715
16717
16718
16721
16723
16728
16732
16741
16743
16745
16750
16752
16754
16755
16756
16759
16760
16765
16766
16768
16770
16771
16774
16776
16777
16778
16779
16785
16787
16788
16796
16805
16806
16807
16810
16811
16819
16820
16827
16829
16830
16832
16833
16835
16841
16842
16844
16847
16848
16850
16851
16857
16858
16861
16862
16877
16891
16892
16898
16901
16903
16920
16921
16922
16923
16924
16927
16928
16929
16930
16931
16932
16935
16936
16937
16939
16940
16941
16942
16943
16945
16946
16947
16948
16954
16956
16957
16960
16961
16975
16981
16982
16983
17005
17006
17012
17014
17019
17021
17025
17026
17038
17045
17051
17072
17076
17077
17086
17098
17101
17102
17103
17105
17106
17108
17113
17114
17117
17121
17122
17131
17137
17138
17142
17143
17144
17145
17159
17160
17161
17174
17175
17185
17187
17190
17192
17194
17195
17201
17202
17205
17206
17218
17219
17221
17226
17229
17232
17233
17236
17237
17240
17241
17244
17245
17248
17259
17265
17266
17270
17271
17272
17276
17278
17279
17280
17281
17282
17294
17299
17301
17302
17306
17307
17317
17318
17319
17320
17325
17327
17328
17333
17334
17335
17336
17337
17338
17347
17356
17363
17367
17376
17380
17381
17389
17390
17392
17395
17396
17397
17398
17407
17408
17409
17414
17418
17422
17423
17426
17427
17430
17431
17432
17441
17442
17448
17449
17452
17457
17458
17460
17463
17464
17476
17477
17478
17479
17482
17484
17485
17486
17491
17502
17503
17504
17506
17507
17509
17510
17511
17512
17515
17516
17528
17549
17550
17551
17560
17565
17572
17599
17600
17610
17612
17613
17616
17623
17628
17629
17630
17633
17638
17654
17655
17656
17667
17670
17673
17680
17690
17711
17712
17720
17722
17748
17749
17755
17761
17766
17793
17806
17810
17811
17812
17813
17828
17829
17830
17843
17866
17888
17891
17892
17902
17903
17913
17914
17915
17916
17926
17927
17929
17931
17932
17933
17934
17935
17936
17937
17938
17939
17941
17942
17943
17944
17945
17946
17947
17948
17949
17950
17951
17952
17953
17954
17955
17956
17957
17958
17959
17962
17965
17966
17967
17968
17969
17970
17971
17972
17973
17974
17975
17976
17977
17978
17980
17981
17982
17983
17984
17987
17989
17990
17991
17992
17993
17994
17995
17996
17997
17998
17999
18000
18001
18005
18007
18009
18010
18011
18012
18013
18014
18015
18016
18017
18018
18019
18020
18022
18023
18025
18026
18027
18028
18029
18030
18031
18032
18033
18034
18035
18036
18037
18038
18039
18041
18042
18043
18044
18045
18046
18047
18048
18049
18050
18051
18052
18053
18054
18058
18059
18067
18088
18101
18108
18109
18115
18117
18118
18119
18120
18124
18136
18137
18141
18143
18144
18147
18148
18153
18160
18162
18163
18174
18180
18181
18186
18195
18201
18204
18212
18217
18220
18224
18226
18234
18235
18236
18237
18257
18258
18260
18261
18263
18264
18266
18273
18274
18275
18296
18297
18307
18312
18324
18335
18336
18337
18340
18346
18347
18348
18351
18353
18354
18368
18372
18377
18392
18405
18407
18408
18409
18413
18414
18417
18435
18446
18451
18452
18453
18455
18467
18482
18486
18487
18488
18495
18498
18502
18514
18515
18518
18519
18524
18525
18526
18529
18532
18533
18534
18545
18546
18547
18548
18554
18558
18560
18561
18563
18564
18565
18566
18567
18568
18584
18589
18590
18593
18594
18612
18614
18619
18620
18621
18622
18626
18627
18630
18633
18634
18640
18642
18643
18645
18648
18650
18653
18654
18663
18665
18667
18668
18673
18676
18677
18680
18682
18684
18685
18687
18688
18690
18691
18696
18698
18699
18700
18701
18703
18706
18707
18709
18710
18711
18713
18714
18720
18722
18723
18725
18726
18729
18730
18741
18742
18744
18745
18747
18752
18753
18755
18757
18758
18763
18764
18767
18769
18770
18772
18774
18777
18778
18788
18789
18793
18797
18798
18804
18805
18807
18809
18815
18816
18820
18833
18845
18849
18875
18883
18903
18907
18908
18917
18921
18922
18925
18926
18932
18935
18936
18944
18956
18963
18965
18966
18968
18973
18974
18989
19007
19012
19013
19014
19015
19016
19017
19018
19019
19020
19021
19022
19025
19026
19027
19028
19030
19031
19032
19033
19034
19035
19036
19037
19038
19039
19040
19041
19042
19044
19047
19048
19049
19051
19067
19077
19080
19088
19089
19094
19095
19096
19098
19117
19125
19128
19129
19132
19134
19137
19149
19152
19158
19164
19174
19176
19184
19193
19195
19196
19197
19207
19214
19220
19224
19230
19250
19251
19254
19274
19282
19286
19291
19292
19294
19297
19300
19301
19303
19309
19311
19316
19317
19322
19326
19329
19336
19358
19361
19362
19372
19378
19383
19384
19385
19394
19398
19399
19403
19405
19411
19417
19419
19429
19440
19442
19447
19459
19460
19475
19480
19481
19482
19486
19491
19492
19499
19507
19513
19516
19524
19526
19534
19543
19552
19553
19563
19571
19573
19578
19581
19583
19589
19596
19597
19604
19605
19606
19607
19608
19609
19614
19615
19616
19618
19619
19620
19622
19623
19624
19625
19626
19629
19631
19632
19633
19634
19635
19636
19640
19641
19642
19646
19647
19648
19649
19650
19651
19652
19653
19654
19655
19656
19665
19666
19668
19677
19686
19687
19707
19711
19716
19717
19721
19725
19729
19732
19733
19736
19739
19742
19743
19744
19745
19751
19760
19775
19776
19781
19782
19783
19784
19785
19786
19789
19790
19791
19792
19793
19794
19795
19796
19797
19801
19802
19803
19805
19806
19807
19808
19809
19810
19813
19814
19815
19816
19818
19819
19821
19823
19824
19825
19827
19831
19832
19833
19834
19835
19839
19840
19841
19842
19843
19844
19845
19846
19847
19848
19849
19850
19851
19852
19853
19854
19855
19856
19857
19858
19859
19860
19861
19862
19864
19868
19869
19870
19871
19872
19873
19875
19876
19877
19878
19879
19880
19881
19882
19883
19885
19887
19890
19897
19909
19910
19914
19921
19923
19928
19935
19939
19944
19950
19951
19954
19961
19963
19972
19978
19984
19986
19989
19990
19991
19992
19993
19994
19996
20002
20014
20017
20024
20025
20037
20038
20039
20043
20044
20047
20056
20059
20066
20075
20076
20077
20091
20119
20121
20125
20144
20154
20162
20163
20167
20168
20169
20170
20172
20187
20199
20200
20202
20203
20204
20207
20208
20210
20211
20212
20215
20217
20218
20229
20230
20250
20262
20272
20273
20281
20295
20299
20304
20306
20307
20308
20309
20310
20311
20312
20313
20314
20316
20317
20318
20320
20321
20325
20326
20328
20329
20330
20331
20332
20333
20334
20336
20337
20338
20339
20340
20341
20342
20344
20346
20347
20348
20349
20350
20351
20352
20353
20354
20356
20358
20359
20360
20361
20364
20366
20368
20369
20370
20371
20372
20374
20375
20377
20378
20379
20385
20389
20390
20393
20396
20400
20401
20412
20415
20416
20417
20430
20448
20449
20450
20452
20462
20481
20484
20500
20510
20517
20518
20523
20524
20525
20526
20540
20546
20547
20554
20572
20581
20582
20596
20597
20598
20604
20607
20608
20614
20615
20637
20638
20647
20657
20662
20663
20676
20687
20692
20703
20707
20708
20714
20723
20730
20740
20746
20747
20758
20760
20775
20780
20787
20788
20789
20795
20819
20820
20824
20827
20835
20849
20850
20851
20852
20857
20858
20860
20868
20875
20880
20881
20894
20896
20903
20906
20907
20909
20917
20924
20925
20928
20929
20938
20939
20940
20945
20948
20949
20951
20955
20964
20965
20969
20970
20971
20972
20973
20974
20975
20976
20977
20981
20984
20985
20986
20987
20988
20989
20992
20993
20996
20997
20998
20999
21000
21002
21003
21004
21007
21008
21009
21011
21012
21013
21014
21015
21016
21021
21024
21026
21027
21029
21030
21031
21033
21040
21043
21044
21045
21054
21055
21062
21067
21069
21070
21075
21076
21077
21083
21085
21100
21101
21104
21105
21107
21115
21116
21117
21119
21122
21123
21124
21125
21126
21127
21128
21130
21141
21143
21147
21148
21149
21150
21152
21154
21155
21156
21157
21158
21159
21163
21164
21165
21168
21169
21170
21171
21172
21176
21178
21193
21194
21201
21204
21205
21206
21207
21208
21209
21213
21216
21230
21236
21242
21244
21247
21248
21250
21253
21259
21264
21281
21282
21286
21292
21301
21302
21333
21338
21342
21355
21358
21369
21370
21377
21383
21392
21403
21406
21407
21408
21421
21429
21430
21431
21435
21436
21441
21442
21449
21452
21456
21463
21489
21490
21498
21501
21502
21521
21522
21524
21525
21526
21527
21528
21530
21531
21533
21534
21535
21536
21537
21538
21542
21543
21544
21545
21546
21547
21551
21554
21557
21562
21567
21569
21580
21581
21582
21598
21603
21609
21611
21612
21613
21628
21629
21641
21642
21644
21645
21647
21649
21659
21664
21672
21673
21681
21688
21689
21705
21706
21707
21710
21711
21714
21723
21724
21725
21727
21729
21731
21732
21733
21734
21735
21736
21737
21738
21740
21742
21743
21744
21745
21746
21748
21749
21750
21752
21753
21756
21758
21759
21761
21762
21765
21767
21768
21769
21770
21771
21772
21773
21774
21775
21776
21777
21778
21779
21781
21783
21784
21785
21786
21791
21792
21793
21795
21796
21797
21798
21799
21801
21802
21803
21804
21805
21806
21807
21812
21820
21829
21838
21839
21842
21844
21847
21859
21867
21871
21884
21890
21892
21897
21907
21920
21931
21937
21943
21946
21968
21989
21991
21997
22002
22004
22005
22006
22007
22023
22036
22037
22050
22053
22072
22085
22087
22096
22099
22105
22115
22133
22134
22137
22146
22147
22151
22157
22171
22172
22173
22178
22179
22187
22203
22207
22212
22213
22252
22253
22257
22267
22278
22280
22281
22282
22297
22298
22306
22316
22317
22318
22319
22325
22326
22327
22328
22329
22330
22331
22332
22334
22335
22336
22339
22340
22341
22343
22344
22345
22346
22347
22348
22349
22350
22351
22352
22353
22354
22355
22356
22357
22358
22359
22360
22361
22362
22366
22367
22368
22369
22370
22371
22372
22373
22374
22375
22376
22377
22378
22379
22382
22383
22384
22385
22386
22388
22389
22390
22392
22393
22396
22397
22398
22399
22400
22401
22402
22403
22404
22405
22406
22407
22408
22409
22410
22412
22413
22415
22416
22417
22418
22419
22421
22422
22424
22426
22427
22428
22429
22430
22431
22433
22434
22435
22438
22440
22441
22442
22443
22444
22445
22446
22447
22448
22451
22452
22453
22454
22455
22456
22457
22460
22461
22462
22463
22464
22465
22466
22469
22470
22473
22475
22480
22481
22482
22485
22486
22487
22488
22489
22492
22493
22496
22497
22498
22499
22500
22501
22502
22503
22504
22505
22506
22508
22509
22510
22511
22512
22513
22516
22517
22520
22522
22523
22525
22526
22527
22528
22530
22534
22537
22539
22541
22543
22544
22545
22546
22547
22548
22549
22550
22551
22555
22556
22561
22562
22563
22565
22572
22575
22576
22588
22589
22591
22592
22595
22596
22597
22609
22619
22621
22630
22635
22636
22637
22638
22639
22640
22641
22642
22643
22645
22646
22647
22648
22649
22650
22651
22652
22653
22655
22656
22659
22660
22661
22662
22663
22664
22666
22668
22671
22672
22673
22674
22678
22679
22680
22681
22682
22683
22684
22685
22686
22687
22688
22689
22691
22692
22695
22698
22699
22702
22704
22705
22706
22707
22708
22709
22711
22712
22713
22716
22717
22718
22719
22721
22723
22734
22742
22747
22757
22763
22764
22768
22769
22772
22786
22787
22812
22813
22814
22815
22825
22826
22827
22838
22839
22840
22850
22853
22859
22864
22875
22876
22882
22883
22884
22888
22891
22904
22922
22931
22944
22945
22957
22958
22966
22984
23006
23019
23020
23029
23039
23052
23066
23067
23068
23075
23076
23077
23089
23091
23096
23102
23103
23104
23112
23114
23115
23119
23128
23140
23141
23142
23143
23144
23145
23147
23149
23152
23159
23161
23162
23171
23177
23185
23186
23189
23191
23193
23199
23200
23201
23203
23204
23205
23206
23207
23208
23209
23210
23212
23213
23214
23215
23216
23217
23219
23220
23221
23222
23225
23228
23229
23230
23231
23232
23233
23236
23237
23238
23239
23242
23243
23245
23246
23251
23252
23253
23254
23255
23256
23257
23258
23260
23261
23262
23269
23273
23281
23283
23288
23293
23295
23299
23301
23302
23303
23304
23305
23306
23307
23308
23309
23310
23311
23313
23314
23316
23319
23320
23321
23322
23323
23324
23325
23326
23327
23328
23330
23331
23332
23334
23336
23340
23345
23346
23347
23348
23349
23350
23351
23352
23355
23356
23357
23360
23361
23362
23363
23364
23366
23367
23370
23371
23372
23373
23374
23375
23378
23390
23391
23392
23412
23414
23416
23420
23430
23436
23447
23459
23468
23473
23480
23483
23485
23487
23488
23493
23494
23495
23496
23497
23498
23499
23500
23502
23504
23507
23508
23510
23512
23513
23515
23516
23517
23520
23523
23525
23532
23533
23534
23536
23537
23538
23539
23540
23541
23542
23544
23545
23546
23547
23549
23552
23553
23555
23556
23561
23564
23565
23574
23579
23580
23585
23586
23587
23590
23595
23600
23601
23603
23604
23616
23641
23658
23664
23670
23681
23693
23707
23708
23714
23715
23722
23723
23735
23741
23742
23761
23762
23771
23773
23778
23780
23783
23788
23797
23806
23813
23818
23820
23826
23828
23829
23830
23836
23842
23848
23851
23865
23868
23874
23897
23916
23930
23951
23969
23973
23974
23975
23978
23979
23980
23987
23990
24002
24004
24011
24015
24016
24017
24018
24019
24020
24021
24022
24023
24024
24025
24026
24027
24028
24029
24032
24033
24034
24035
24036
24037
24038
24039
24040
24041
24042
24043
24044
24045
24046
24047
24048
24049
24052
24053
24054
24056
24060
24061
24062
24063
24064
24065
24066
24067
24069
24070
24074
24075
24076
24078
24079
24080
24081
24082
24083
24084
24085
24086
24087
24088
24089
24090
24091
24092
24093
24095
24097
24098
24099
24100
24101
24102
24103
24107
24109
24110
24115
24116
24117
24118
24119
24120
24121
24122
24123
24124
24128
24129
24130
24135
24137
24152
24157
24158
24167
24169
24176
24181
24184
24191
24200
24205
24206
24229
24238
24239
24240
24242
24243
24244
24245
24246
24250
24251
24252
24253
24254
24255
24256
24257
24258
24259
24260
24262
24263
24264
24265
24266
24267
24268
24269
24270
24271
24273
24274
24275
24276
24277
24278
24279
24281
24282
24283
24286
24290
24291
24292
24293
24294
24295
24296
24297
24300
24301
24302
24303
24304
24305
24306
24324
24325
24327
24339
24340
24357
24365
24366
24369
24371
24378
24383
24395
24411
24413
24420
24426
24430
24431
24432
24433
24434
24435
24436
24437
24438
24439
24440
24441
24442
24443
24444
24445
24446
24447
24448
24449
24450
24451
24452
24455
24456
24457
24458
24459
24460
24461
24462
24465
24466
24469
24471
24472
24473
24474
24475
24476
24477
24478
24486
24487
24490
24493
24500
24503
24523
24532
24534
24535
24539
24540
24541
24543
24544
24545
24546
24549
24562
24570
24572
24578
24590
24597
24607
24608
24609
24625
24632
24633
24635
24641
24646
24647
24649
24652
24657
24658
24659
24660
24664
24665
24666
24667
24669
24670
24673
24675
24678
24680
24681
24682
24683
24684
24686
24687
24692
24700
24701
24705
24711
24713
24714
24729
24731
24733
24736
24749
24750
24752
24760
24761
24764
24771
24785
24787
24790
24791
24792
24793
24799
24800
24821
24822
24826
24827
24830
24832
24834
24847
24848
24866
24867
24868
24872
24873
24876
24884
24886
24888
24891
24900
24903
24919
24920
24922
24951
24952
24953
24963
24964
24982
24983
24996
25008
25014
25015
25016
25017
25018
25019
25020
25023
25024
25025
25026
25027
25028
25030
25032
25033
25034
25035
25036
25037
25038
25039
25040
25042
25043
25044
25045
25046
25047
25048
25049
25050
25051
25053
25056
25057
25058
25060
25070
25071
25074
25079
25082
25085
25088
25100
25101
25107
25108
25113
25115
25117
25130
25131
25132
25133
25134
25138
25139
25142
25143
25145
25146
25147
25154
25155
25156
25157
25159
25160
25161
25162
25163
25164
25165
25166
25167
25168
25169
25170
25171
25172
25174
25175
25179
25180
25181
25184
25185
25186
25187
25188
25192
25196
25199
25200
25204
25205
25206
25207
25208
25209
25210
25211
25214
25216
25227
25229
25234
25235
25236
25237
25238
25239
25244
25245
25246
25259
25260
25261
25269
25271
25273
25276
25277
25278
25279
25280
25281
25284
25286
25298
25311
25312
25318
25334
25343
25345
25347
25352
25356
25369
25372
25375
25376
25390
25395
25399
25403
25415
25416
25417
25419
25470
25471
25477
25478
25486
25492
25493
25495
25499
25500
25501
25502
25504
25507
25510
25511
25512
25513
25514
25515
25517
25518
25519
25522
25523
25524
25525
25526
25530
25531
25532
25533
25534
25537
25538
25539
25540
25541
25542
25543
25544
25545
25546
25547
25549
25550
25551
25552
25553
25554
25555
25556
25557
25561
25562
25564
25580
25582
25587
25588
25598
25599
25600
25602
25605
25606
25607
25611
25632
25633
25642
25653
25656
25670
25671
25673
25674
25675
25676
25682
25687
25688
25694
25697
25702
25707
25708
25709
25711
25712
25721
25722
25727
25728
25730
25734
25735
25736
25737
25738
25740
25741
25742
25745
25746
25747
25748
25749
25750
25751
25752
25753
25754
25755
25756
25757
25758
25759
25760
25761
25762
25763
25764
25765
25766
25767
25768
25769
25770
25771
25772
25773
25775
25778
25781
25785
25786
25798
25799
25800
25801
25810
25811
25814
25815
25816
25821
25834
25855
25856
25864
25867
25871
25872
25873
25874
25883
25884
25893
25902
25904
25905
25906
25908
25909
25911
25914
25918
25919
25933
25937
25938
25939
25940
25951
25972
25977
25982
25986
25988
25998
26002
26003
26006
26007
26010
26012
26013
26016
26021
26034
26035
26056
26059
26063
26081
26086
26097
26098
26099
26112
26119
26121
26123
26124
26126
26133
26134
26137
26138
26160
26164
26171
26172
26174
26175
26176
26180
26192
26203
26207
26218
26224
26225
26227
26228
26229
26230
26232
26233
26240
26243
26248
26251
26264
26266
26269
26272
26273
26278
26279
26280
26281
26282
26284
26288
26290
26302
26304
26308
26309
26317
26326
26327
26331
26332
26333
26334
26339
26340
26341
26342
26343
26345
26346
26347
26348
26351
26352
26358
26359
26360
26362
26363
26371
26372
26381
26390
26396
26397
26401
26402
26411
26412
26415
26418
26419
26428
26435
26439
26452
26453
26462
26465
26466
26468
26474
26483
26486
26488
26497
26509
26510
26535
26546
26547
26548
26556
26557
26558
26559
26560
26565
26566
26571
26573
26575
26576
26577
26578
26585
26588
26595
26602
26603
26613
26616
26618
26644
