9247
5775
3120
11255
24978
7246
20642
12811
9867
14482
4392
22111
25439
18806
26112
20680
3750
10315
23166
26543
18229
16762
13803
19793
13437
5224
18442
19050
4784
4628
12738
15868
8068
22418
2616
11813
15524
17905
26569
8463
16652
23350
23950
8906
7431
5036
19522
10189
23468
7081
2595
13296
665
7998
12913
10063
2613
5974
16112
16753
25816
20482
2997
5158
14854
11250
4244
16106
15931
12318
25382
19912
5751
17368
15322
16962
8453
13797
155
10170
4973
16822
10510
23929
26120
502
8294
7479
8139
6548
21092
23907
5138
25342
14388
9884
9117
1383
18785
17145
11251
21555
14148
3793
1398
23527
17657
23691
23493
15783
23648
8368
3946
18823
17691
3552
1337
5915
25765
7827
21213
2356
16002
26257
17942
859
22272
14028
8790
20821
25515
24590
11328
195
7690
111
20753
4832
6520
22273
3272
14126
22815
24239
17286
14654
3085
181
7045
23847
4313
16971
15721
26194
17287
15054
26496
2650
23953
20434
25178
3497
11307
15541
9714
23199
5027
849
7968
17362
6381
25289
23245
17157
22019
14264
25430
8782
516
5400
16297
19318
7094
1052
14000
7151
20964
3415
22004
6877
22560
21360
18184
13938
24881
4549
15306
21122
7760
2568
7683
5013
3681
2682
16751
4986
13200
22887
1367
10086
24273
13165
4318
10782
1048
20280
1543
8929
2720
20355
25720
21355
15059
5110
17606
20219
24413
2781
11876
23855
22318
7681
18632
15271
13191
4176
26430
15548
9041
22685
21712
7247
9383
26053
10833
23671
26542
4179
15794
24861
22609
19441
12363
19290
5551
2896
18681
8344
14820
10721
2609
23256
18618
5005
20741
20172
11410
12802
2962
6804
24814
18935
1326
8578
15151
15570
4451
5425
20432
13818
20062
4843
1364
24587
1032
23263
12403
12776
4887
4127
24103
531
20658
22385
10601
7594
13298
8369
18562
4296
15114
4292
21388
22638
11176
5105
7017
14849
25769
4442
2476
10632
7477
16693
2803
6178
1798
20048
9549
22393
16723
23639
4486
13530
2759
11997
2999
9928
15775
21509
17406
18226
21553
23828
21541
22961
3830
16284
10433
4383
6679
7425
4487
6786
24477
633
7179
7398
19464
122
23518
17832
10113
15118
22737
6577
20724
11500
6276
4420
24449
12476
24830
6904
25950
11439
23932
16141
10012
18021
18903
22351
21857
7430
14760
6931
19963
24391
7648
7072
1214
8424
15261
23203
12399
11414
14067
10955
16927
19634
6511
4046
10288
112
11838
4436
19408
5321
22086
3178
8713
14619
10797
21440
10359
3835
15849
11645
20531
3492
25596
8270
12630
19918
9420
20374
7419
12666
21873
21369
2518
245
4203
16886
16067
16784
3958
24566
13689
9443
2528
1492
22037
21375
24388
24867
1778
22944
11123
17509
20079
7051
22576
5007
2547
1420
26050
2589
15484
7
12556
24730
9015
9805
11127
11131
6177
14009
20025
3096
14417
13074
6400
60
18504
21806
3220
19368
9399
11976
21269
6748
8342
4525
12100
6689
14069
25319
25402
20972
3151
10691
3147
2231
24610
11089
16498
21507
12039
12625
9559
4190
26396
21561
11492
4839
23605
14291
23352
18875
3199
21365
19903
19996
18887
15632
12993
7395
211
21714
12718
5990
10333
25733
16077
1668
22766
17992
8502
2498
12599
13440
11325
1809
4493
23067
1848
16964
25005
11005
20386
25020
17140
7204
1075
9790
4882
24285
17213
11842
26108
461
25847
6832
13996
11236
16156
9672
6869
9686
25454
13332
20710
1365
16351
17032
4902
14196
22504
8702
5547
266
775
15248
1211
7669
8952
545
23880
24530
12682
10683
10532
30
1935
14043
4558
26157
12253
23835
14358
26328
5466
13495
16945
9927
6229
15052
26529
4255
22112
23266
7757
19307
20901
10028
19224
844
12306
5434
560
6493
5371
6950
25016
12452
23763
2901
16377
25408
15234
17553
2710
21853
22465
12927
16454
15704
19020
989
9871
25446
22900
11662
1879
20199
23107
21886
5299
25364
7087
571
3720
17281
20460
6621
13053
12237
19602
436
412
24761
4463
834
13467
352
21358
5807
10413
25219
16683
25946
24049
16940
11945
22645
9406
18311
24817
2556
25781
12057
5844
10185
18082
13281
3093
17736
7360
18328
654
23768
5023
18254
10493
21995
21379
862
6260
18941
24853
4970
16972
17789
25867
6736
25329
19092
16355
8353
1642
25484
7522
4004
6641
20304
16606
13669
9929
17147
747
1350
2134
2596
25025
2218
14549
16837
8700
20046
24286
18261
4490
12936
4671
2994
14659
13284
20523
21651
26454
4515
10289
12377
1361
20492
8858
13127
7622
13525
19544
17494
7277
5330
4323
16832
17404
13334
21135
13143
8146
9625
19272
17517
1229
21090
3169
15750
18709
11805
832
26547
17573
23125
18857
10265
22546
5991
15871
865
18325
24580
12251
24556
15969
23942
25296
1442
24619
10018
18542
19296
7560
12991
10476
23304
15481
21517
17306
17557
3735
3153
11360
23305
12614
5472
24596
17596
1120
17277
8794
11510
3030
26154
21014
21231
4757
3081
26367
13639
13271
3794
4009
15297
23321
14699
22347
24988
20635
12696
21123
6042
23976
26482
19331
17230
24586
2840
26119
8967
2687
16720
18570
15447
15745
10095
9637
26103
7819
17708
22998
24640
2451
15751
22135
4789
9106
17384
2641
924
10302
6917
23331
3976
23548
21118
14254
3559
21827
14997
25594
6398
15690
23508
8076
20499
8686
18728
15706
16341
14360
17795
10903
13835
7092
8305
9942
15101
17313
19057
5577
16824
7940
19366
12949
15855
22548
24183
17116
11037
23603
25768
19673
10440
5080
13857
16682
11869
15718
22055
20711
3913
11446
12829
18713
19080
1921
14858
7944
24403
12906
7354
23669
18235
11944
20368
8541
11241
11896
4546
8855
20702
4579
26225
9963
6529
9277
25455
17350
10261
15895
276
17390
9466
14869
11893
24603
25721
11403
5488
7452
16776
21224
3538
23598
9652
1659
15669
17043
4101
10587
9171
15709
3571
4011
13090
20870
5161
2280
24545
17522
23893
12384
13727
7507
3570
20244
6778
15228
12193
18321
8029
25191
18011
26530
12160
25853
267
2865
18136
18898
19386
6565
10886
24677
13251
21055
2357
17704
13211
7992
10952
21150
26379
16911
26575
16512
15594
58
14610
1914
3522
16506
13867
18559
5151
7765
23934
19907
15821
14190
2921
6503
9687
17654
17700
14397
6295
9797
7449
2820
12737
13935
26527
23418
6126
445
5404
23192
17107
16035
18679
3528
14032
11760
17929
11991
13506
12446
870
21875
8995
1658
4356
19610
6590
1643
5701
9934
25583
18795
6146
16700
13300
21232
8085
21362
16005
15596
7109
18166
18871
22305
6070
21896
3310
13553
17543
18652
3355
19287
11012
20605
20134
20167
16731
8683
21658
5913
25914
10703
225
22542
14099
26609
26049
856
14559
24237
3948
21846
8766
3307
6969
17980
10593
7746
4199
10206
1515
21707
4321
21706
24339
8555
15943
4431
19532
20372
7296
22742
1219
21965
24948
10661
7729
17134
23797
7133
13756
11927
7517
17567
15626
3442
8173
18628
3112
10123
8972
24601
13063
14268
5571
13225
8553
11938
13483
8784
12885
25642
18432
8340
20445
6627
9789
19503
16894
4259
12943
10441
23123
19218
12798
26420
16749
12741
8834
13115
9309
3952
25618
19350
5920
14518
15584
15815
6863
25000
3004
13438
4871
17925
24480
5441
4113
10438
9900
25614
23703
23657
6572
12564
16621
10608
17326
5147
268
19579
15811
10969
19687
2157
23357
6656
9873
851
12206
500
25949
6760
9661
5250
19253
24165
15667
24983
4345
10716
1537
16780
3582
5120
15646
616
14589
22240
22185
20345
823
3349
10883
4352
9143
17849
15873
24629
7397
11152
21250
25143
1944
2499
18193
1432
7951
8023
1744
16175
20879
1623
13411
14795
751
24400
8990
10980
11791
7952
2322
21871
1256
23474
14693
7896
488
789
23212
1602
4152
22506
3323
13896
10737
5588
26178
15927
18689
11609
16937
8647
9673
16833
15550
20019
4462
16541
18720
2744
4217
22707
6114
26022
25351
23809
22188
13703
26073
9697
22109
13892
6407
25638
87
26393
25078
15883
17033
2482
17818
8276
349
7743
13940
25251
2455
905
2511
7948
10380
23191
15109
13343
5365
11300
5842
16925
17420
3416
13163
2737
21240
10259
21061
20231
22577
3826
12835
8608
15432
11920
9908
15685
748
15388
5232
24377
9318
8169
8865
2032
17331
6532
10216
12305
982
17216
8923
8084
2260
22122
19208
24358
20363
21785
25190
15999
5955
11161
19046
20874
17577
3350
19642
15411
5931
25685
7849
7448
6522
12500
3963
16799
23604
13761
2448
4627
24035
26612
25902
23737
25411
19914
25977
9876
19436
15977
6189
13253
10892
2061
20501
20139
15002
9654
473
23000
5331
19624
16062
26412
22529
25185
24240
3857
16095
13943
4537
15696
3611
10876
6970
3758
15184
1228
1384
17829
9987
8873
3561
3326
25457
19704
21415
17191
22452
19960
3771
24518
1939
15710
11104
11852
2439
3613
12217
3264
23154
5062
20566
23888
19222
6729
6751
26509
13267
15241
5656
3203
5846
22765
17469
3687
22333
7447
7737
5249
16890
26494
171
26589
26611
14495
16617
1672
20554
10862
2406
17342
12665
10786
1064
6181
17634
24248
18982
5997
14186
25490
18895
5664
21822
2780
3288
25774
25068
14800
4381
22999
12092
21895
23770
7771
20398
262
7965
13909
24021
711
14240
25083
18353
6257
9814
5265
8435
8246
24946
1304
16565
24227
25573
9228
4133
23369
20327
11002
6450
16662
4272
23582
8127
17039
22075
26274
17487
8403
106
10809
17340
14756
9037
682
24422
15913
23151
2300
18598
4355
7473
6227
21471
14221
9823
22665
4670
8410
12603
3940
22832
11034
22651
10074
12172
1406
21264
9874
1331
23417
10854
21247
17114
15084
18454
16430
26137
25318
4033
11550
5924
19201
14933
26140
16476
3025
8396
13359
3663
22092
8783
878
2699
8941
9433
15325
13484
23821
23846
21266
10572
16311
23436
15008
12550
8810
5364
12773
21956
1148
20881
2747
4861
9151
2766
2824
24891
23253
8189
4178
7811
16059
13015
1377
8850
16070
8407
9808
17303
6256
24923
18915
675
13524
1166
3194
3828
9260
24306
7113
12513
11831
15336
25827
22928
8347
1605
12385
12826
12334
21438
5206
9163
16770
11070
1335
26464
1449
10166
20238
21028
20584
5719
23242
10454
15538
18654
5537
26011
6498
10511
7199
21937
11544
7078
15589
5801
15974
19556
1009
546
13041
5458
18490
11464
20891
21825
7002
16680
21854
212
23044
12229
4283
203
900
18076
20038
19861
11405
18421
2850
975
26537
23451
1479
16069
21268
16218
17461
7257
17558
912
7149
15239
15300
20007
18228
3419
6873
8824
3658
17840
6305
16285
1604
18201
5890
23680
7954
12427
26173
3580
16628
18576
15173
23233
22635
22041
11376
25240
18604
2483
16274
22015
6624
18509
5178
13546
21458
11891
13829
23632
24708
20987
22213
17126
11425
21949
4733
8982
8962
6742
9085
17690
9363
11571
24823
6380
17242
7570
17136
3214
1499
19411
20508
23026
21279
7485
6604
16629
19891
20769
25272
14517
3235
17846
23173
1511
17926
5316
8661
17605
5859
15774
25687
26206
11967
14522
26013
19197
15512
16803
3911
8194
12689
5750
18577
1840
6941
6956
4311
11420
21786
12454
13169
9725
5099
16608
7063
17298
23567
22865
23971
5495
5785
4108
4085
1504
23819
6136
5649
1687
1464
20497
7576
1121
2844
10944
14002
24753
23882
13928
23546
14117
17086
1569
17253
7276
15257
3179
18973
14431
248
7248
23353
5996
10589
12495
9535
97
10069
24096
17036
5850
7346
2809
5527
17370
16159
26632
20856
10336
25322
20699
1639
19838
5669
26145
6981
17205
20988
15115
14821
16935
25654
5726
16709
10822
3469
13602
9322
21103
17084
4532
9456
3859
7697
10843
13569
5084
12760
17345
676
7389
21998
2652
15107
13097
12110
4070
20125
4987
11018
17271
1292
20581
12274
23794
14119
14270
18623
1635
3595
14293
19346
25608
22217
3620
6041
11741
23145
3523
6884
9923
11502
6504
17300
26517
19973
6397
868
2228
6731
18508
5805
4827
15096
5828
21038
19627
22792
7020
24782
23849
26070
7631
22327
3747
2366
563
2925
8188
23435
5605
7442
4266
19073
21145
2042
1800
9882
16624
15092
19263
19881
4132
9018
23614
2817
24953
17966
13407
19049
3874
11489
25180
15126
18101
1831
16493
6226
1775
18119
11355
24328
1564
2557
25126
18532
16715
12108
11525
13723
14226
4867
13685
20213
20024
4679
4763
20994
16880
21916
4983
22844
19492
10117
2420
12527
25988
18853
16032
11455
16949
10023
20553
21947
20500
916
17065
5862
22321
6036
14106
16161
24762
23159
2264
11981
7720
12472
2661
2416
5481
11513
8544
11746
16364
16048
6629
5257
18597
4620
6020
10085
9305
7391
25406
19026
6349
1807
21265
1395
8651
20575
20086
26533
15544
17566
7806
26052
11778
20761
24693
19920
14856
6052
16337
24982
16525
4835
17166
12780
524
14617
16414
25562
20155
6022
10928
6447
22823
22943
6781
12685
24065
2847
23206
2342
18517
26337
7356
934
19657
22477
23213
9404
6320
13341
4428
22901
7709
22001
22162
13731
14227
12339
7770
8182
19068
12017
24618
10621
3768
6652
21399
21076
7192
26033
3617
13737
4202
8693
13772
16567
18718
22828
18288
14420
13133
21988
14149
22231
16122
20427
7027
10645
7792
9801
17571
959
23356
12765
12105
25286
24475
964
8870
15518
19563
11047
16221
3099
11903
21597
12366
5912
16444
11291
5326
23397
15948
16688
23122
23090
19882
601
8913
10781
18958
999
1
19843
15553
18133
22179
24872
8791
10614
8140
21190
14814
13697
20306
23118
9670
14568
3244
23586
22464
6186
1173
1514
7861
14023
12482
21559
5821
25530
12055
23824
6002
8921
18303
16153
23867
2330
12117
11487
24949
3563
603
11384
2006
7321
17410
13194
18196
21968
1235
8696
24930
2565
18360
25663
13447
26292
11221
7915
1792
12466
22036
17746
25651
7047
15960
12379
25814
20360
3651
8752
5182
11102
13491
12950
20129
13898
10828
9958
23743
3181
17189
7736
24105
15715
24756
21058
17104
6191
15149
7964
4028
14548
2170
7979
25916
18730
26499
24131
9204
25210
8557
19289
19989
17664
10625
17328
22861
17813
8283
19027
8998
6580
759
25310
24010
3753
2676
15867
25619
14384
2158
13307
2614
14132
7877
12575
16065
19032
20700
1104
8316
332
11069
9886
12756
22818
24355
12338
11468
7751
17968
12317
3820
7778
18697
10390
2429
14908
13999
1124
14217
3971
3649
18259
10124
25371
26135
19293
21589
21629
8078
1490
21382
8727
1294
20477
23783
23134
6267
16876
126
379
9905
23443
5310
1076
11895
16622
5745
23622
108
2212
8072
16406
6341
14637
13978
9887
4484
3437
21898
5162
14998
8996
13470
12235
17765
14918
972
1446
2711
9355
26036
14152
3920
19745
3752
1016
20108
12945
15816
24628
20413
7875
15802
18956
3313
24088
159
13246
24383
11915
3637
6107
8120
5048
18358
6205
2670
19077
23066
23235
18449
16740
5273
13321
24793
2944
24937
2882
17285
18518
13751
6449
19445
3258
1849
13121
8374
7532
2567
22088
15717
114
21983
21383
14304
12175
11272
11567
18830
7466
24385
24957
2021
9990
5098
19787
6134
5590
9777
23879
8751
12973
34
2073
26421
9010
17433
21215
4253
18927
6154
21736
14738
6737
1608
24120
22559
11925
18505
11472
3648
14519
18086
11885
18202
22750
6966
19841
6388
19430
1787
14160
17534
18497
13541
17843
1547
25874
2277
13167
26213
385
14550
24072
10726
24013
15094
86
1973
7506
17012
3090
16568
17284
16610
13600
12673
23599
21611
20328
22824
14044
5247
9030
8308
18053
18295
3260
20094
4760
3996
22851
5660
3324
19199
14700
23715
19789
15571
6589
10343
5047
14309
16867
25761
24249
12722
1531
22948
23155
7039
2065
24819
24710
1968
16271
18415
6586
14209
17863
21698
695
7422
23901
11397
25176
25305
2117
15263
21324
24926
2028
24157
3440
14369
20828
12414
13743
14439
20644
6972
6951
18636
3293
11518
13767
13718
15029
17503
26272
19064
9377
19871
2606
22932
7348
5166
15412
8743
11452
19540
15005
19238
987
20787
20974
11795
20110
22270
23923
2542
9904
8987
20563
1880
20657
4214
13455
18683
4082
20935
15738
4418
10346
18260
22656
3790
6994
16180
1194
14905
3400
5657
1030
20200
22898
25038
20261
6695
8767
8581
3786
19432
9611
18791
8532
11639
11125
7688
9395
21484
18888
11409
5305
24057
25335
25784
12983
16519
13188
12310
3908
20453
16291
12185
22302
2946
21800
16759
3166
21769
5983
15915
12637
6862
12901
24663
2571
6439
9511
20668
8692
25982
24044
2864
15556
15064
12632
11158
9521
25017
21085
7960
23150
19390
2082
12225
4121
11708
20737
12226
17977
4717
15788
721
164
860
25882
19352
18060
1925
16572
4904
4885
20359
9276
17076
2358
13537
11601
7019
17023
5052
5999
6733
22017
2783
456
5939
9646
1592
5863
25238
13415
25611
2140
3107
16167
17971
875
14178
9655
19025
13231
11156
16970
14078
10753
2915
16641
25648
13208
14275
15191
16024
8096
8804
7641
2795
11103
18695
25537
418
22012
10687
1645
2227
12405
16818
16424
12333
22829
19300
9944
19059
21582
26045
10397
20105
19586
17923
6666
21169
22967
19207
9217
13226
6829
12999
9199
5184
23613
13132
13490
26473
12167
23295
11021
14059
16428
22313
4533
24203
23747
15643
16205
11638
21394
1010
25839
4008
16429
7786
22981
12174
9142
638
17939
16184
17970
22152
11640
2081
18439
2314
3031
4232
5930
23120
9883
3500
3843
5762
15494
8729
5565
11524
4151
8677
14922
684
23673
19061
9052
19104
2011
6372
18065
10365
14842
15708
23757
15327
11083
20959
9727
14674
10548
13705
15535
3039
14087
25258
10727
11527
1152
16234
26081
4480
12714
14115
18877
15649
13937
1393
14125
24724
15520
15134
6207
22989
25488
8348
4948
11388
9014
967
651
21327
15588
22972
8877
26064
14731
20175
736
26448
20503
13057
5477
8157
25043
25418
6579
18433
26211
19205
23395
10043
23969
11122
23910
19321
8074
19893
20634
22059
13547
24989
8429
4544
21864
23359
17693
16051
16672
1099
7156
12370
1341
1462
19982
22009
13615
504
16695
9737
1035
15819
11467
20660
4312
14552
4316
9086
5771
241
12865
18743
763
17779
15090
3827
26071
15846
10643
14484
19782
24350
14165
18446
21971
23790
11594
17220
19771
2169
19654
18186
4137
15458
6085
14978
5271
4947
26067
2076
19835
24047
6965
6592
15138
13222
26586
22641
17784
9852
22391
26536
15702
19284
11474
25936
21809
10791
9667
7446
8144
1101
7101
4239
7678
25044
22921
11696
5168
9040
22198
18092
14112
26183
10676
15076
1070
6089
21602
14621
3462
11904
7797
17141
4095
11530
1044
11817
4637
16013
11948
2372
19196
22201
13168
13172
22062
10650
1669
10808
24528
8030
20412
242
7129
5486
12353
3111
14825
22662
10099
20567
16022
17075
23179
14996
33
11210
5672
3033
1954
17117
24759
6445
16556
4299
5662
2943
25354
3864
22121
17321
4622
18878
19722
11065
2180
11473
14416
3273
21263
3137
14705
16779
15533
20080
8190
22501
2612
14587
25192
2313
5928
24700
5764
12107
2164
10251
25239
3998
14544
2898
25947
12530
5451
17446
597
8295
10522
14407
14964
1013
26409
7142
14066
16
25129
3968
7541
13215
14725
15773
7292
8774
14810
1165
4720
19936
16724
6770
16472
11656
24374
3234
9418
17008
12671
22057
7587
4556
7534
5067
15394
10631
15630
9973
1662
1002
22094
13819
17386
7455
8849
23731
23164
16383
6389
15121
22161
6316
13221
12643
20837
6298
2662
7408
15376
5713
14906
23296
21172
16711
14691
24623
23383
24360
24752
19311
12111
22307
23807
10772
17623
2149
25549
13634
15956
1730
20745
3604
10331
13368
475
25661
2150
20414
23597
8477
21181
20364
6240
23813
23552
478
5055
12440
10961
13117
26643
25662
17332
26095
25699
7665
7009
16086
14801
24290
18302
4233
4434
6746
7414
1865
12591
20627
16865
4237
19698
6682
388
5528
11972
872
13285
14003
6871
13592
14017
12553
18247
20962
19710
9602
15824
1510
24279
26327
12368
12510
18637
11837
17375
9574
15539
15945
14684
8458
20883
5550
6289
21372
12303
3961
15954
6393
14866
18905
22196
7659
3056
25829
8963
5069
24204
11979
21643
625
2822
19373
6006
915
20141
11722
21032
14500
1409
6419
21072
9256
26331
1606
13004
7663
24789
18099
12320
22390
22655
8386
13566
20685
5284
4430
7826
21411
1747
21954
3365
18455
7884
1411
8469
25380
24050
7307
1192
9187
10425
25035
21337
7685
7620
26618
5449
9695
15595
8394
1519
18954
1277
23997
2393
20257
3390
13911
24783
13594
22612
12487
22603
12115
4652
17361
15023
12562
17068
24214
16366
25782
5194
25961
23438
9879
23049
25121
6794
4971
9738
26222
20437
19223
7499
21384
3142
15359
15754
21371
1401
19752
19097
17037
1906
9314
20160
13357
1618
737
17365
854
25522
1886
19427
20869
19405
14526
10920
9591
8520
19486
11230
14191
23664
10020
22677
4564
18763
7287
6015
19726
24312
10026
7900
10163
24066
25722
12458
575
21679
13854
7803
22136
24688
25602
11553
3774
22177
19677
25587
18719
2919
20578
11611
9503
5833
2823
11702
10451
1990
11342
10504
14777
15620
9172
2751
16746
22721
2924
18012
3905
14844
20798
3297
21180
6654
26133
13609
9347
1796
25776
16021
20521
24769
15428
6373
12456
4109
17680
22280
17535
19974
26005
18923
3684
13182
25188
6557
10347
21354
5868
17003
431
20201
16996
10611
8181
17294
25590
15577
16293
12576
22697
22211
26394
5223
6952
24903
10196
19640
505
12605
15796
12642
7582
12165
22614
11461
4530
8290
222
2384
8363
20648
3840
18984
25959
16481
9880
4322
8024
6377
8437
4475
15523
7868
12337
11581
15858
14015
8563
3904
25736
20556
21246
11598
22398
9376
12242
14322
21982
24687
20131
1808
7551
4739
18540
12815
7993
5879
3527
12203
20475
22003
10927
16422
24607
16983
15757
7671
23536
24087
4280
25212
13073
4314
17480
744
25729
7135
20511
13874
22866
17007
20234
22897
19252
15919
392
12833
25677
22979
14491
21163
18227
24908
5311
15451
13836
24053
3676
3009
9216
16202
8291
23470
20688
9542
6312
14010
14762
25672
11042
5215
10499
25665
19604
17549
23324
13290
17897
24569
9181
1157
23194
18987
17179
9703
21005
17343
16697
26551
12359
24884
24396
658
10960
13788
752
2826
18892
20127
21156
18831
18859
9035
10003
26219
26139
17124
26544
24274
21557
22511
2543
13119
14799
24653
3345
15028
25987
25968
24287
7852
1961
7006
11121
6232
20273
7469
16721
17238
21657
5575
1136
4195
26552
1216
19699
18363
3888
1830
20600
17070
8864
21610
7777
6309
10284
6584
11340
12697
4140
4736
4762
25316
15409
22883
19515
8090
23579
17497
17322
13312
15698
1997
8094
20322
11298
26639
9991
11617
24671
7719
22127
1252
4467
21115
25444
22073
10834
26281
9743
740
2352
8747
16852
10132
25075
24322
9552
81
24729
624
16752
18909
8538
11681
1908
11797
1135
13457
10136
6363
11558
13559
5604
4695
18161
11879
2913
10744
2842
22131
23453
1415
18019
24293
11691
24686
23845
1524
17864
24507
3048
1599
15488
4836
18284
18552
25641
22799
23328
13814
25401
5338
12090
10523
2502
9429
24591
6516
13521
1596
12076
12894
16338
18143
20762
12215
2178
16245
7825
6602
21071
20379
22571
24563
17348
7555
14174
8552
4950
12619
1731
19431
19620
14713
7195
4565
10653
21445
6184
23146
44
13095
26457
25203
9056
17338
4635
6643
24102
21351
9614
2208
25991
4167
15519
15583
10709
17079
23692
14670
7842
24048
3994
19214
11164
4079
18305
1790
15835
5085
12382
10933
8381
12953
3515
5202
12854
4243
1752
487
11616
9373
9688
17052
19324
7342
6254
22648
18213
6273
24831
13785
16365
7800
3619
9007
10592
25084
25288
26572
20027
21912
23064
21185
22556
14506
7470
8016
3567
20528
6027
2003
3076
21199
16265
11285
25326
19374
5544
983
21489
5683
2981
7801
22163
19894
11336
12641
1700
7161
10860
4375
16094
17123
11363
24651
9296
9095
20073
11900
904
22252
15674
8639
18463
8154
23909
12362
20594
1233
12387
20461
20763
23329
21564
1911
22370
16755
24238
25824
3190
16380
902
22100
15513
7830
18805
7244
11321
579
1598
4485
671
2760
15224
19410
26645
5471
2637
20431
17330
17817
16075
10472
25979
19116
4119
21867
5674
23018
23421
6005
13564
6294
26400
8568
24863
1856
24542
19852
21205
8610
26634
13043
25081
3802
24885
9981
14834
11319
18995
18945
9221
24343
12818
12210
13400
18680
25277
16868
1651
8102
9102
26332
23077
3767
13768
6606
463
24381
22241
1183
23841
22480
18555
22902
3819
18077
22329
24906
20838
7289
10575
17496
21855
18955
19363
10461
173
12061
5135
20795
7166
25905
4656
17069
20719
23378
4783
18879
13948
6425
16120
13831
19144
4148
20447
16410
15024
8019
2468
13488
1288
7110
10943
21119
7176
10806
4852
19935
13863
4976
18301
17523
14536
26392
21826
24081
7865
16053
25482
4273
23105
2258
12670
22284
22249
15250
22104
20493
8196
2627
26571
1926
24832
19959
16906
1187
14974
9375
22526
2724
3002
80
628
13235
9572
5096
3921
3156
6130
15464
9662
16204
16173
19508
18087
25206
21877
20469
25543
3413
6194
7232
12489
3478
13345
4552
7344
24430
4934
18206
17642
2680
25632
18006
18525
8671
12267
25789
25862
22209
15378
13056
5602
5176
4765
13370
7592
16543
11552
10221
20124
4504
16549
16412
25359
20103
24822
1746
25328
4336
22486
20663
18103
7512
12179
25650
25252
21687
19428
188
7571
21705
23990
10233
7945
15124
17
21130
16441
14651
5959
21862
3959
16317
13601
18644
17439
10101
2767
15379
26428
18048
2490
13714
10629
7558
9764
13055
419
22040
1895
1276
11559
18355
20152
9545
1923
26311
25200
9382
7057
25340
9479
1422
15638
3265
20271
9483
26307
18334
23312
9858
14565
8491
1937
25410
19985
14835
1087
26595
15851
13888
9332
21976
21281
328
930
23465
21036
10404
21889
950
20298
3257
2129
14375
18602
17358
17152
22896
8558
18933
11855
807
2040
10025
23524
6275
12878
7859
16436
5012
10648
20570
18111
14709
24915
15907
24538
9633
13555
22206
25711
24900
13809
12112
20770
10925
2376
15881
2080
24787
25445
1095
5992
8326
19660
4732
10616
21762
4841
24974
22885
25221
6720
943
1738
6206
1894
21342
13068
10741
8787
10973
18801
9339
22543
10215
18731
7691
3026
24060
25835
10335
10897
7486
11462
6987
7174
5444
6801
18827
18837
9343
16100
11297
4705
11014
10956
7864
10531
3303
16195
2022
14211
8802
25388
622
23918
5002
25516
4566
4114
5387
18843
23830
12372
23933
13973
14811
25373
14534
24067
12970
5394
14234
6923
7843
20389
14632
26125
10912
6989
14780
15893
1430
20291
18839
3728
13395
8598
21944
11233
25943
3095
16589
13354
15203
21083
16923
3661
4790
6982
23562
14948
12380
1902
3389
11783
21810
14644
23316
20198
24110
26460
1625
16280
9161
24771
25754
9562
6901
7286
5668
10930
909
372
11740
21006
9621
20683
8759
52
22534
8961
15859
8828
9636
2797
11664
14137
11286
6820
3494
21053
2152
12617
1080
4661
17598
23840
15659
9573
9678
1675
11715
923
15697
22802
14216
13318
23890
3042
17096
13711
23009
23072
9361
13385
1600
25447
1578
23786
8676
10377
25681
13690
25844
11534
21697
12525
6834
774
16660
18278
22769
17506
8066
4177
19150
14954
15063
20116
23271
6540
7677
9613
13072
6578
20275
20722
23545
16305
26629
18366
25737
7784
2933
12087
16853
9045
12918
2291
26236
23147
24015
16563
11547
7510
4497
13326
11054
8332
25198
6162
8330
13295
24620
25690
5037
13174
15527
1965
15061
22342
10468
281
22664
4445
7710
25449
6890
19422
23070
19518
11101
16540
15235
15178
16643
2717
15755
24869
26296
16423
1912
9517
25935
13904
25327
11261
13595
7649
25320
1963
14361
19863
409
24666
23662
3157
10529
18257
19467
23240
8708
21016
9835
25742
13516
15346
14507
14951
14595
1892
8992
162
12293
24451
9539
4894
8896
4288
12887
21498
7904
8322
21312
15320
19785
18310
7251
18908
21620
26520
14917
10873
25708
16456
5816
8284
8248
8126
8474
24419
17978
19507
23999
21765
20986
8208
14882
6771
15804
10102
5502
19192
18886
24702
4630
13503
23268
13786
15705
12020
13255
5518
20014
5679
10060
18530
3135
11731
7168
3683
7598
13613
10701
24445
9484
4697
2307
21197
20750
24282
23371
2450
10230
13695
3795
300
3730
2370
2289
13270
5964
8514
16129
21064
19048
22442
10634
664
839
14815
14638
8883
19603
25172
17731
8536
14039
15837
17097
19675
7016
7846
5450
2950
25886
15249
5237
12595
16011
23114
9894
19708
325
23140
18114
24634
22157
23832
25183
1024
2414
7437
17259
19490
14928
25197
1483
15009
1773
19193
26195
5140
19550
17856
23059
9398
6937
6633
3242
745
23498
25397
12571
18396
6867
23542
24316
8911
550
17796
8388
4076
23041
24794
584
17894
14524
16748
7549
18944
9700
21136
25136
16614
1303
14192
253
21493
6118
4242
22471
11809
15903
21534
14791
21654
18885
7912
25836
10291
13340
9839
21148
6865
20996
6658
4511
20399
20075
6443
21429
19426
2852
19191
5988
16738
13551
20509
5498
3880
15479
1619
10823
4193
26080
25262
3274
9280
25924
12104
2373
1970
8584
14487
21807
18668
1190
5019
21378
1348
8525
8815
18515
817
4439
14569
20394
1373
12602
17798
2975
1307
26004
20191
3109
18934
22768
5152
2984
7613
17273
54
21924
10207
10778
15729
16485
14357
18656
25344
24109
11543
17792
9026
12526
5304
4989
14030
9100
3621
13636
20978
18856
14885
2306
11072
23429
6744
13016
23075
19463
8447
23595
22597
2923
4078
15450
15582
25102
117
22920
15967
130
6943
14646
9889
10816
6782
2762
1241
13941
1130
1544
6518
16085
2716
24476
11748
6730
5962
1045
17559
3216
26360
23334
6332
24954
731
19451
2879
447
15831
6560
16947
18214
23448
18819
22949
15087
1575
18044
3633
3210
20250
12687
23022
26324
25028
17826
24944
6277
2563
14418
16288
13945
23851
24436
8920
17725
13216
7208
16191
17305
12348
4334
23590
22623
12499
23724
5878
24129
13992
23694
2026
10477
15665
506
21477
4175
8249
20119
24417
17473
12873
16736
14803
6582
15777
1671
21077
13698
19999
17568
13265
18622
10375
22066
2120
26462
15700
7941
6013
910
23700
16030
8814
3965
25280
11237
12919
16333
17257
24070
16219
21537
23285
23884
22376
13958
8113
13887
6953
1936
24140
24575
4540
10253
9976
16532
25384
22925
21793
24971
17862
10108
4883
26160
10898
5376
13044
26405
10602
1728
7313
5288
19017
21773
26413
15922
2138
9526
18102
7634
5170
23110
24574
14871
19129
17540
2058
12164
25798
11577
12653
9906
735
21869
16982
15453
2086
14679
5891
13412
24742
16981
25604
19012
12542
14177
17099
22208
14981
5298
17565
24460
1811
16371
6814
22099
24443
23104
10332
8826
10706
14445
3600
24054
23967
16575
23494
6846
16877
21300
17440
11415
16488
6728
5675
12465
15105
14728
14060
19820
12124
10729
8108
4105
22859
21462
22489
25008
4788
16190
12724
5545
10909
20776
22444
10604
19479
18337
4446
5253
25161
5269
24434
19829
23618
17049
2810
12246
9510
7629
19876
23943
18922
15778
20863
3606
133
6893
10439
21007
11201
21617
18234
13688
3513
21814
14613
6792
6199
14508
20150
7772
7258
21228
13264
13964
21060
7187
5841
16767
19323
3969
704
25780
19818
5666
14960
23229
783
18441
8230
2292
25755
19707
22246
5856
18472
15769
4535
25569
18327
13306
2266
8192
5414
5627
9843
7963
18981
16997
12137
19209
8202
1940
7591
9358
4425
13823
7097
23952
25643
17208
22050
16671
4766
13653
4450
18390
22343
22332
24032
10434
22137
20826
338
2869
24418
21558
3866
10976
2034
25479
25052
6339
1741
16805
11977
5050
12046
4915
25113
11239
14903
18413
23252
11296
8002
20122
5401
24155
16466
17442
2287
5169
18029
17997
21524
14888
8010
11100
19466
23859
21955
9967
6315
5648
19282
25023
7444
18100
18824
2922
16224
1188
17021
12005
14172
14570
9403
19090
22630
24669
3012
8351
24394
19419
4059
8800
4741
6797
9794
2507
23627
17908
11807
19329
9841
4003
8667
23972
3741
4368
22141
11563
26600
5094
24494
829
20419
8900
21844
25752
13922
17633
26321
22401
15019
24696
13545
18960
20860
10560
22611
5767
6367
20270
13993
12883
9995
2942
1958
9711
25383
23917
22753
26031
9465
26479
2926
21899
22085
26267
17551
20232
4786
23994
2132
6537
24644
14658
23960
18121
1149
17091
23301
2057
590
12103
1388
25055
3632
4422
15377
15486
15277
24785
6026
11946
13894
4426
1317
1876
10079
4874
12742
13806
16264
7890
1457
15080
754
3627
6012
5957
19376
19450
8977
8130
7755
21376
9813
9077
12806
20043
25972
11075
16881
23251
10118
17918
8318
22946
6823
24714
26205
15168
13721
9489
200
18613
14057
3364
15905
5678
4925
1654
17580
9785
8715
13140
13966
2836
12840
20613
2445
11076
3936
13855
3034
26117
13671
22234
12265
15654
21839
20980
10686
25199
2977
2807
15050
25963
12173
14499
271
256
11082
1594
309
10173
5115
12960
5557
2756
8780
14665
5424
21586
12994
19944
12207
18634
24796
12358
13838
9384
15387
25502
10674
4761
6132
1641
357
12352
13283
15135
15164
19678
2893
16404
1525
9450
21395
1976
25586
12900
14899
9824
18137
26014
5030
21573
23344
8748
9434
11320
21584
8247
12116
16071
7515
23482
14547
23862
13103
22693
10919
3957
10280
15898
23533
22279
7136
5972
22718
15383
11017
14004
23827
17172
2558
230
13328
19542
9631
11358
24806
9931
11229
12150
10609
5638
17609
9087
19792
21605
22585
6064
7911
897
21638
10014
11674
15979
2629
19976
22426
24188
24029
17249
5640
9391
6958
21977
7023
19591
3717
6245
25414
64
15611
11953
23512
9034
10278
3689
5720
17755
24987
2754
10617
13144
24323
11256
18828
12023
5217
20470
15053
12395
25159
12066
1433
18374
18778
848
16768
14721
11679
10554
17438
17646
13047
7693
18124
18194
21047
232
4358
5066
16126
4508
20872
129
5031
25331
24931
20925
14173
16758
13049
8107
18599
453
19460
12788
22286
2435
20850
6054
14088
22378
4978
1553
9560
10917
26574
14879
18821
3521
10073
7789
19593
5369
21636
18224
22974
12411
23626
12995
3761
25778
17957
24247
23320
15392
16210
9506
19457
6738
20992
15390
19901
11699
5167
5688
5606
19379
6203
20313
5507
4805
8359
12491
9371
25313
21984
20653
4756
1813
22760
6009
3113
18422
6433
5935
1327
10447
7157
13989
4144
384
1774
15190
1820
1204
17128
12679
997
11463
6789
795
6984
3917
1810
9481
3459
16007
8746
8684
13151
18493
17103
21314
10665
15307
25168
14582
18014
6892
17850
18052
13811
17367
2861
18772
5236
11663
19404
16320
22580
13358
20744
14310
10098
881
25738
6034
1477
5360
15966
6408
25214
14745
24924
26415
24718
22519
9423
16465
10518
26227
11479
6813
21013
7004
23927
13877
8099
21724
26563
8851
18811
8836
10373
23793
24502
25735
17972
5810
20582
8178
20690
17074
13677
18527
26334
20202
2466
887
8160
1123
178
14898
3425
22236
2052
19106
23992
1802
3722
10764
26035
8315
15827
21070
24942
13092
18412
5737
23771
7986
14828
23993
24172
2109
12899
12732
1597
3377
1427
21973
16583
25220
18263
13023
16009
20510
21717
15407
693
23785
18796
8390
15670
13052
19728
12044
22134
12552
7330
2236
4160
13193
20456
16637
8934
5611
3277
672
18946
4768
22143
7235
9050
13199
17919
25858
19406
18221
12106
25284
9675
5685
10489
1265
19784
22192
652
10637
6239
125
24916
5017
6536
17299
18041
19808
14759
9733
471
23831
11180
5766
25124
3929
13428
45
8939
2827
2224
847
1309
3369
4583
25366
8445
13734
19951
5561
2645
19702
24525
15617
17083
22809
2521
3488
5676
6485
7068
15315
24076
23237
19018
21660
880
3997
17750
13862
13157
1613
8418
9246
21716
1459
22387
24457
11551
24911
12537
12024
11943
14603
19925
13606
13630
7580
11975
16019
17101
1110
18294
6954
7197
23348
16211
21046
13220
5235
7003
13980
21510
24337
8478
26025
17004
21508
17828
17176
8375
13101
26153
2597
3175
5124
11905
4372
10271
22473
13947
13160
24001
7939
24037
17530
24106
3047
24094
649
6482
17619
14724
19326
24552
18648
17659
16004
24259
16080
5312
7025
4385
6712
3875
10287
23661
26278
6699
13344
12663
25588
25872
5534
3225
10696
14436
8214
12782
13464
5882
8358
25435
1506
19718
6360
24368
15720
2771
6375
7725
13528
18742
14601
15400
14208
5795
6079
16595
23959
20216
11177
19946
11834
14075
22839
2139
5482
4734
23023
14214
16268
24877
1248
2013
4306
11824
18531
18852
1291
14086
21856
2452
8423
9193
5970
5205
7949
21815
22945
3148
20976
11067
24471
13381
26215
23892
17389
21054
15196
12009
18148
12291
11309
23570
8184
11579
11575
1850
14236
5060
1263
20784
20884
25431
20314
15374
26093
21094
21328
20266
19022
25528
21794
11676
10947
8523
10993
1418
14011
24738
26583
1576
1329
16145
4074
20809
6891
24621
13753
22755
19697
11310
26560
10984
19069
20285
6847
16827
13886
9650
8055
21675
9394
6023
9103
356
9240
3953
19551
7511
9592
17801
12543
22411
17377
19958
15990
4185
21952
22855
7596
21594
14673
4901
19016
17629
10576
12139
3395
3714
8535
3040
17593
348
24045
20949
14143
2155
15133
26374
15177
8764
8382
25393
4551
23602
24116
1353
8522
22820
18209
9292
1400
18253
9504
9529
7957
10517
1100
21271
10296
11856
592
4129
4538
2701
19164
12905
15711
7145
4001
22613
14945
4263
20543
4364
16237
23745
14574
5348
15886
24410
10484
21817
12972
11845
21377
3569
6251
15892
17448
17307
12148
8837
19176
9979
15560
16407
5904
18581
24196
11729
23480
25333
16117
2947
366
1215
6142
5897
3294
24022
23379
17883
9135
25877
26399
10784
3291
7130
23721
12018
13450
2309
1116
24735
1718
26426
21958
13107
13933
17241
24220
18479
1719
4979
18375
9454
9370
10320
20197
2229
12988
11531
16247
12744
4134
7775
830
1236
10490
8885
19429
7434
50
8357
20205
5709
26562
2647
9138
12640
22889
23157
14405
2375
9513
12627
26401
19215
812
22814
3919
1767
10307
6050
25066
12522
14021
10387
3387
9308
22173
18274
17710
3158
9118
10724
10066
3320
26433
17900
1206
5900
464
20096
10465
11444
18612
26353
937
26191
3529
1232
22021
23130
11815
21789
19458
4230
3984
16483
19086
6128
22203
3530
4238
15480
5475
547
8887
22455
4936
391
25171
6500
22510
8795
1570
21288
12735
9915
24897
25003
15743
14109
19717
6458
26285
16750
8106
7848
250
25179
3038
13210
22439
16600
22180
12113
15128
22550
19303
20625
4223
5910
5798
16426
23578
26255
18343
892
8217
24912
8694
14167
2590
610
6175
15733
6010
24114
26040
6538
18034
4125
2211
21641
5824
6803
12764
24913
18794
25945
11788
10997
15215
1626
3744
10524
19194
17369
10906
8573
11153
16950
4432
1565
21791
18832
10017
2839
21554
18420
9019
17996
13604
6461
19247
10041
12435
14742
24543
12803
14629
15078
8045
13740
15462
4015
24490
20147
7259
9282
12908
25355
23643
12125
8145
17357
8450
12423
8264
3740
9668
22652
8616
25297
15601
18262
13837
21622
23507
11303
23812
26391
21227
15742
13317
2555
12326
18074
16613
15695
24876
4247
8465
26090
17808
8617
17373
5736
11074
17035
23583
25337
23208
24880
18591
25799
18
3450
24564
8556
17194
3230
2587
19396
20033
3430
1191
21743
819
26286
12880
25965
19365
2365
15887
835
8071
22663
10257
18693
2446
14090
7415
24379
21521
25207
14350
209
19795
20064
23281
25555
6906
9122
17283
24505
24428
14330
21664
16142
3122
20403
1603
17275
20841
877
19769
16401
18538
21435
16037
4878
13204
1357
23734
11370
22171
553
16687
14872
3133
7364
14238
9878
24011
12548
18282
20195
4578
5020
9009
3238
762
26459
22
3139
3914
4666
15256
21491
1571
28
417
5708
85
15216
22592
25985
3625
14926
10311
20320
295
4895
20904
25828
12579
23965
3197
16319
17293
9090
25635
275
787
19161
22456
10091
4210
2626
15557
358
19742
83
14564
26001
16076
19118
7134
15790
1972
302
5146
16322
22912
15744
16015
22427
12297
2639
11312
12796
19567
23001
24265
1711
1151
5049
23523
18231
2983
25396
21357
23375
16974
522
7140
19646
3558
24104
18820
3608
4212
21879
208
16647
14182
1667
5228
20882
24510
22642
167
871
11499
17432
20559
9828
17645
19773
22304
24007
26649
21361
8432
19585
20774
8968
9073
21349
22396
917
22168
9762
11295
12518
15555
18283
18848
24484
18027
9609
24115
11337
12509
9134
11974
11245
19703
9409
23719
8495
12070
22508
25177
17060
5108
10957
20950
22539
26348
14818
25140
25647
12799
15642
12374
13561
13106
2046
2757
24003
4595
12688
13771
5405
10685
15904
18676
2570
4460
24727
25695
6105
10460
18000
20669
9921
20249
7787
7201
11299
1860
7226
26480
22987
2284
22250
8475
21406
12154
16866
18551
23258
16924
2790
16849
17825
9237
4389
6620
18141
21614
10305
22386
4135
8324
21755
469
18392
26151
19533
3411
5986
25285
22103
790
7429
4021
12606
5628
4405
292
13631
3332
16985
4626
15365
6678
19341
24936
11315
26159
10855
3765
10381
706
2800
11710
5453
22440
22042
20217
8750
17583
16897
21536
21888
11812
15753
25922
6725
22966
3545
20620
1054
3510
8621
18304
22485
14280
19188
3362
14794
23958
13499
15180
19398
23407
17159
9745
26181
24225
16546
6830
8245
26345
21532
13972
12327
5480
21495
20914
9279
8646
1795
18130
14386
7172
10109
3701
2579
9832
15355
5188
22955
17726
6842
10918
2814
25575
6115
1107
25848
15361
25173
21639
22224
6241
3070
2232
4678
4262
21044
14798
1828
10368
9997
457
3250
23500
12450
14877
9130
2259
8922
11062
19631
25150
10172
11292
25497
26061
10953
16083
6632
18042
23861
1610
24533
26114
20931
25553
11832
22084
9346
9826
17961
23011
13820
15066
23624
17653
2788
8021
23003
8623
17715
18185
23236
21496
3128
16103
8043
4866
2815
2201
15786
16270
25056
4120
23516
19933
4748
22214
4284
25518
5894
14105
4365
12191
21305
7885
18402
11493
6561
14776
23380
18737
18989
14697
25741
11375
3041
11614
1695
24928
3618
23696
7300
7870
23030
22117
6986
24746
9468
1058
7813
21374
26366
12008
7523
7014
1371
4275
11667
12152
2510
25974
7980
24429
3280
7376
5819
6795
13766
2270
5144
16087
12101
17783
11646
3508
13623
17870
16091
13422
4993
5729
6741
4401
1289
24197
25153
22466
7907
21693
11294
1131
23863
16649
23440
19288
259
13712
20319
9269
17564
9740
1059
11120
17576
17320
20343
17344
5114
18658
4042
3694
22929
6342
920
16646
15243
12628
20377
13614
10194
977
1763
1881
6509
19980
16462
14348
14024
11883
21436
2577
11260
14458
19279
15082
18480
22591
2262
8492
16857
6310
10785
4022
10538
10533
2500
2964
6996
8209
17223
5259
8697
7544
24437
18387
11357
12406
22145
5783
21098
8576
9783
24332
3485
8505
8735
24170
25184
24933
7612
23557
9105
24625
15259
21562
10072
19938
16591
17185
19688
24743
9428
4220
25292
20818
14095
21938
13603
3131
25508
15386
23939
5594
11254
5024
4596
16240
1720
11585
18812
20346
19356
23606
2333
20186
14302
2181
19939
11419
25034
1195
19529
26466
2714
23141
9811
25127
21522
25698
21539
21777
9232
25626
24283
16164
13507
6635
4388
11717
23716
5691
18293
13362
4772
7879
20865
18790
20446
20410
8658
11995
25871
7481
25998
18520
4984
10911
8131
18399
16314
19615
18299
19883
8049
17699
569
4204
3424
23829
7185
5385
8675
16425
23789
4900
2223
12421
23119
360
19081
26481
1210
25884
14483
8618
23076
6979
4708
21186
5398
5612
7798
19896
1345
3825
22962
23317
20341
19734
11271
21490
19052
2949
14260
12957
3061
15785
23087
13994
19740
5123
21677
8456
9540
23684
6096
21402
4649
6501
11890
11939
25599
18840
16527
2093
5949
23577
26531
24041
12459
19777
13929
24034
20383
23834
19043
7041
21550
7282
11781
25888
9039
17847
25849
9537
15088
9392
26647
26166
2959
25298
14422
15093
22953
24739
3759
2457
14599
2659
4563
24121
16394
12890
4122
23530
14708
22531
2348
22274
20932
4173
24859
8732
1793
20049
11888
24409
25374
3960
16227
24513
6626
14121
17786
14600
2471
8063
18314
1703
14273
6706
947
11327
2966
13452
16344
16054
20505
5698
15454
24193
8533
448
2104
24130
23491
12574
14331
19344
5889
15800
11290
24023
26186
18113
8706
5328
20329
8709
14363
6223
15172
18726
18746
8827
14311
15806
13828
20907
12277
12789
22709
962
25353
23610
3180
12159
26030
21420
19399
25937
26452
459
7196
16088
25706
11202
10293
14504
17886
8574
25491
9598
10825
6968
970
3429
3370
16150
25059
21860
11001
22315
23679
2523
16754
10680
15525
19812
26041
2183
12441
3433
22291
7411
13914
8370
4465
24572
2237
19403
13420
9816
19815
14720
20003
10422
18067
12611
15384
11130
17712
22601
2145
4115
6597
8104
16889
23654
13744
2763
6479
25107
3312
18333
9845
12350
14977
20867
11488
14013
6024
23725
13884
306
16684
2460
8086
21623
310
1842
12200
8050
19679
26223
2176
10528
40
21565
12155
7189
8954
7375
14077
17252
7931
13035
16174
15534
23519
14889
17453
9713
11187
13349
3319
18336
15938
4780
1385
14070
10725
26397
25571
9289
818
13475
13544
21644
4093
9644
6287
16539
16437
7058
1324
10478
17776
15266
18692
24960
15408
2089
12884
21619
17938
15255
18249
1901
3993
19700
3703
25506
11584
324
24833
5402
4536
15860
8128
6100
12391
15932
16307
12451
5692
22676
12763
15857
23333
19562
4171
25775
1332
4452
10739
3329
14033
21275
4922
2704
2873
3308
21439
11764
17173
15660
12726
411
3512
20780
16994
8343
10131
11818
21141
8953
1859
25673
6878
12989
20287
1969
13629
12793
18017
673
9396
16692
26161
3406
1456
15870
4512
21690
10817
9556
4302
12102
5623
9061
15194
5579
6470
22830
7966
3557
10443
6650
7198
22793
5654
13094
11872
5291
14215
6756
18395
21424
2143
24932
20351
16530
12118
7971
9202
24672
19823
16725
24264
7812
24848
14607
16657
12470
825
7699
6886
20692
3327
11227
26305
25471
2927
11621
19157
2335
25019
5229
4663
13497
26132
2167
1847
8430
20051
16090
11206
2243
13187
2421
26651
16905
17395
4754
16686
16510
18085
17265
20221
11985
19650
21661
16716
11032
23633
2113
3248
15110
4773
16029
19504
11235
15161
5941
4667
22113
18651
11678
8218
7146
16995
24407
713
14296
7285
14694
14883
13939
8496
17914
21256
2220
3092
23293
9784
19878
6630
15497
10475
24132
9174
11949
18187
18994
2694
5711
10202
11999
5825
14560
5727
22705
11417
25208
4025
24875
5362
3626
2177
14893
20448
7883
10348
19220
18267
11680
581
22176
13748
7922
6567
4369
8577
16963
19166
26381
10295
7260
11541
2029
9411
14797
5275
23188
17046
15326
18797
18030
7117
25568
21513
5478
19580
14625
21645
19145
576
2805
15363
19848
20792
3391
4980
11041
23337
23055
9596
7272
2765
8876
11265
18453
21237
6151
4147
16951
12417
14702
20061
22076
19801
16361
204
11947
16673
1092
13533
3992
11654
26447
18673
9182
3665
4325
24333
21235
19671
9728
26262
10213
3782
1302
19922
10100
9111
17855
26309
23061
13268
17819
969
16592
1512
8506
9890
3499
1408
20176
23509
1301
19762
23298
3572
4988
3019
10358
25489
5755
12807
4863
15899
16154
9922
23587
1096
23396
12529
7996
4328
9200
13917
12443
9939
5808
21738
14682
8428
7428
15010
18826
26018
20011
24466
11866
12920
23289
2324
14873
5101
6815
5985
10205
25462
14696
23297
9763
15253
12809
7606
13028
4141
9968
12376
21632
16783
5183
8965
17449
12892
23434
13927
1627
25605
3688
9497
4278
10455
10033
22827
7308
14662
23214
12947
12524
5290
11253
17649
5258
2600
24176
4340
25483
14444
25302
4842
5901
1709
14323
25788
15051
5763
8594
11077
22500
660
8371
17013
876
24158
11825
23556
15940
11744
8978
14046
10430
16299
18704
4395
4634
544
5447
24847
19666
21015
10508
17803
8867
24774
10269
4916
8254
17203
24448
3249
25652
20258
2238
4946
15875
26440
9660
5222
14168
371
13849
3947
21863
14312
14845
4068
7675
6379
378
22013
3401
21196
5532
4060
14490
6424
12460
20546
16010
22469
10393
3667
8785
20568
14383
883
20585
11506
4006
14475
15812
993
25893
13142
10428
22587
18590
17329
8548
14771
15952
11389
24905
5356
895
3217
373
16564
21530
22658
2246
255
12198
396
17447
11504
1389
17163
1119
23315
14437
23099
10263
16047
12322
7956
404
20259
8742
23521
7460
15467
1108
9388
2472
5607
17802
11780
19701
25519
5
7607
17674
7776
19200
1615
1601
9004
1566
1783
3434
19167
13278
23368
25290
20361
8013
15741
5191
6898
17456
25830
10458
3922
5951
2544
8293
7337
10062
958
16627
15382
16732
26597
4399
22228
4245
715
26588
20140
20970
20782
15803
21985
17975
14450
17546
23947
12220
594
20225
26322
14063
15645
20028
24968
24991
14533
9094
18770
13578
20934
19459
18847
17859
5995
10464
20649
11725
16714
18762
4309
13444
2998
19110
22947
16463
23826
2355
16952
5317
888
12996
8529
18199
13858
18056
20941
3516
4935
13288
8634
7290
2027
17631
21533
25133
4138
18026
25158
8438
2016
2467
19763
6390
9036
13389
12321
11901
13050
19132
17542
9588
11910
18323
16262
24334
14272
21907
11828
1458
15731
10768
6912
20606
4264
9528
4286
17599
20462
4207
400
1734
6819
1338
4582
21084
3950
12199
25160
25636
16236
3259
5186
3954
7175
23163
6533
16470
26175
5081
4457
20429
4642
11407
22106
24345
5303
420
13262
9485
1951
12758
913
25030
14338
2691
1723
11115
19195
23808
3298
25772
13755
6215
21299
17986
3375
9104
21448
1268
14627
2733
16558
821
26209
16545
19583
3467
2487
18488
15268
9048
561
12410
7366
12560
16667
21838
13654
20929
523
15825
24414
14354
20529
23739
11803
6164
273
23698
6029
428
19892
18277
3379
13325
16566
4633
503
21042
14056
6858
11603
3654
12967
25992
23549
5700
26506
24728
6420
19589
7674
6841
16096
11554
11244
15284
6094
6921
1306
16052
3590
14982
14366
2709
14157
25045
11829
16681
17423
16489
23014
283
9088
36
8203
5351
13396
8860
5467
2469
14341
14180
24327
18264
16980
5584
14207
299
14624
20712
2440
15398
8974
14438
6637
14505
7390
10502
20483
10340
22726
20005
19262
25521
24382
11951
9488
8999
4645
17334
5905
5377
2961
4116
7871
10298
20698
8193
17941
5046
14957
5433
11304
13498
3361
4591
13747
15106
2985
393
18125
12971
18528
14045
2000
8588
19729
17177
3281
12463
22406
17827
9709
21684
25241
9895
23772
23148
24994
10832
25637
5015
5831
14773
4447
21211
6758
2340
21798
6195
12939
15485
326
22731
19074
12647
21829
4966
6708
10705
17155
17772
14459
17824
7494
14736
24716
3677
20624
23094
23534
12861
3003
4685
4956
16490
3831
1153
10986
18167
23116
20326
7158
10135
3562
18208
21606
14076
9544
4684
20252
996
25723
1779
12857
685
25580
7616
4018
17466
1818
4798
5128
12230
12158
18091
22068
980
24649
19531
4982
25271
9367
25010
7805
25806
24113
5156
20801
13152
17112
12580
23750
10889
25913
9977
21931
15290
8317
14092
19333
10161
1579
18897
16845
12559
17267
11480
12990
22160
14289
5858
18408
17001
13773
9263
21915
3456
15639
18714
1217
11882
18469
20659
4503
11003
869
16199
23517
24689
20442
10864
18364
11704
17059
15209
11512
6872
19133
10222
1305
2660
1250
13256
14356
13477
9836
5929
16278
16988
10112
4424
22310
3824
6418
14139
25535
19934
19565
16607
20796
8580
9368
10015
18834
9120
2035
8365
15758
8560
17876
2290
4414
24681
23100
19456
1803
6412
18095
8235
3736
20886
8657
18410
4164
14537
192
17962
224
4683
19970
23170
8586
680
10939
12188
13572
23196
18814
23791
3898
12095
13983
163
26594
20843
5950
9069
17174
9802
12302
14328
10151
21580
14282
4326
9519
6553
12834
14874
3083
24573
12396
9859
19060
6072
4710
18268
551
3504
4416
11238
11424
976
22165
23197
10089
17510
23921
2700
21894
17751
4664
4196
24221
17415
26548
22910
185
15810
6066
18156
4231
8871
24546
10256
6822
10542
4456
2075
20450
23636
26276
14789
1994
22858
1437
4211
8228
22796
6707
22365
18132
17319
20515
26300
16757
6684
23576
9751
23332
3088
7332
217
17316
12969
24535
7492
5909
10057
949
15452
3110
10666
24062
23063
17108
15015
10558
25228
24493
17812
11146
26472
22394
20725
6322
11718
19655
1708
11800
452
26342
5902
8626
18708
11705
21730
26012
15809
4557
21891
8866
15843
10789
12478
19186
16321
1193
5340
12133
14698
23844
4522
10888
15389
14396
24966
11203
5503
26422
5041
21616
5739
20768
46
3634
216
13612
1089
15424
7319
13293
11686
14016
24280
9264
13258
19555
22767
9541
17932
24042
7914
17325
4599
18511
21546
2808
17597
17539
19830
23137
19648
14880
25379
25565
2643
21662
5003
13387
10179
13186
16710
4791
21294
25270
8037
26398
17575
5968
1938
768
24642
2884
4061
12639
9500
13299
14573
16903
11224
228
18919
23269
15606
5423
10503
5261
4023
2401
17898
994
8216
5313
18444
165
19767
11770
15531
22784
4735
21992
22478
11934
11124
8739
6973
19869
14686
12739
24474
8707
11637
7451
25911
20387
25616
413
8321
3990
25306
26512
22200
19358
21454
4575
11421
26380
4337
24501
23362
2642
2025
258
18752
24781
7632
1015
18929
4960
13891
20878
20301
15303
14730
9021
10678
280
14373
7032
20380
19039
15772
26549
6099
20017
6766
26268
9862
5243
4886
12270
25760
17613
18318
25732
8583
7652
12319
18764
26347
23279
12948
10788
23126
20875
8714
24308
24631
22210
13327
3860
8385
6610
22159
20947
20104
15127
10363
14219
13920
18963
1885
22277
14579
1454
3629
11198
18047
12264
9583
13008
11714
4332
6355
20282
26404
20444
21239
21961
92
3897
3035
14915
19535
15608
7144
19617
5457
19592
26553
19800
7574
12916
19381
23323
11754
5724
23355
25227
1928
21359
24080
13576
19198
16477
2828
6137
5139
26502
26511
22759
25336
7694
9259
2671
21692
20942
3072
20165
12583
9417
7335
14250
18346
11986
6899
21174
17098
3742
14141
5021
20817
18400
1497
18434
26607
23288
5887
2669
14851
10844
2203
17240
7186
2054
12980
15401
21575
16447
6564
25763
5111
13637
3360
971
3074
5689
2121
22787
7862
4514
2546
13331
21704
24302
11693
14476
15683
26102
24920
12934
18062
1150
20789
18320
22372
5723
23422
2171
24174
15112
7271
2945
22153
2883
13502
15395
10755
4691
5008
25779
18200
666
18526
17560
3374
2127
16586
8975
17250
3764
15756
15212
4026
20697
8931
23128
8737
609
18833
9097
24904
6314
3043
25527
7605
7331
26289
20336
5839
16223
10573
19070
20520
21588
21152
11117
19308
5541
24524
1147
25531
22572
16160
4404
20120
7147
13764
22747
4513
11216
10731
7689
23372
11423
26293
19919
8744
9970
2554
2859
6231
26646
17866
14414
1441
22027
10904
1368
20727
12569
12040
15836
8725
17113
24215
26168
24551
19618
8198
16230
10758
13769
20036
7222
26403
20433
16281
11385
18939
18610
12771
19692
17201
15413
1941
14062
12531
11142
11088
1897
11787
4032
19855
18078
708
17195
21934
16969
19659
1681
17243
8793
8325
8907
21981
9969
7881
17903
8015
13292
24168
5043
6599
2192
1178
17644
22620
7103
12074
21273
15129
1126
26477
18781
17056
21946
6048
22326
9385
24749
13404
5787
13054
1724
25211
11850
16026
11043
19281
18703
21166
25526
4945
24415
4161
12795
10000
3118
15759
26042
20375
4681
16213
15021
13908
14961
18774
12910
15823
13579
811
764
15031
13315
15042
5580
5090
20778
26438
8404
10850
17401
24777
14956
25925
14170
10649
6481
2303
6762
6483
13390
1766
321
15179
25743
5598
18168
191
22388
13954
13644
24208
20958
19898
19997
17885
10712
7487
18331
7240
25042
5145
20039
12582
434
10334
13175
4377
18425
13655
1019
14035
8596
17749
11394
6887
3798
16124
1017
9566
6581
21922
6524
7833
18232
5741
7111
8350
3568
22462
21120
9525
4038
12786
19172
22781
15037
25906
6514
19807
5234
24722
10966
2165
14822
19075
9902
88
7102
627
25432
12041
8089
22497
5526
21778
7668
21837
24482
24731
21607
26077
19875
1227
13394
6019
10042
14976
149
20050
2083
9178
7857
24622
8391
1650
10065
1439
1246
15000
17877
6928
24799
8973
4386
21116
22806
17102
10992
5626
8606
13342
9946
3709
23243
23349
8547
9799
526
7343
21505
26427
10507
22371
4519
12604
11769
14865
13417
16596
25525
8038
21157
399
16352
25169
8730
16999
14875
16580
13531
364
13779
23854
4574
772
23875
4767
22311
16097
3335
14966
14847
26098
13482
10034
13977
19174
4778
1376
21225
5388
3712
6594
9185
25425
23272
10323
16594
1922
15246
21466
4629
8262
13902
22392
10013
13875
15763
14042
11080
3285
24773
5756
18172
1440
12706
14155
12390
9175
65
23525
17339
21649
4458
12171
4570
14779
25556
2014
9062
25217
5260
3869
10840
9919
25679
12998
11293
19412
25232
13719
2001
4937
7854
1837
12558
2508
15490
24962
24845
5074
4584
25103
18949
21019
22673
21511
13339
15391
22834
19964
530
10684
1005
8027
15781
13419
9049
6897
26167
1037
20423
9461
26312
9239
12962
23973
26101
20539
18646
15495
938
7256
21149
16765
2486
5392
21515
25155
13077
13926
10322
19320
1336
25301
18313
15206
10569
13924
21017
16786
2345
20495
794
8053
229
6646
10044
11875
6903
4367
23894
23732
9590
11371
7155
6945
25441
19635
25762
9756
236
21884
20608
12681
9912
8175
6236
16046
18664
8664
16123
8470
17705
18789
10985
25167
10675
8666
21137
1470
6671
4117
10547
4254
9918
6462
13260
2525
6753
20332
4808
23313
13957
16978
24401
21556
14037
2048
19509
17912
16382
8150
5201
2217
1270
26432
15352
12388
767
26434
5264
13434
18096
14887
14743
17947
9917
12245
18674
8472
591
24178
19558
3172
22752
351
12002
18127
15415
21519
17175
25857
25777
24200
24827
8378
13076
19147
15862
25093
6655
26436
17839
5289
26019
395
17797
663
26344
12300
14946
15218
4969
26210
11175
13248
9066
15252
21143
24090
3080
327
7919
19733
21051
20294
3339
4320
26185
10695
17490
10094
15814
3089
12660
15968
3146
7837
3817
10036
21545
17263
16878
12233
21310
6335
6836
17333
14111
17279
22018
20631
24030
12394
13626
11220
17398
6653
234
12059
22876
9950
26423
23174
7165
16976
15736
19969
9438
9694
18050
4112
13302
22786
12432
19506
23390
4694
2908
582
17601
1680
2433
18159
10570
7345
17504
4150
4774
1310
22031
16049
23760
2956
21209
5372
5732
24009
5032
7038
2135
21192
6523
19731
19085
16031
18330
1399
19942
10201
16057
12520
24659
19210
25015
21603
13048
12572
13969
1843
18239
11811
19825
18216
11757
14189
3408
25855
11535
7601
8805
9822
21504
2664
26126
23753
20179
12691
15211
17078
11258
8716
24354
7655
23336
22063
724
21154
23591
2856
22860
20965
7404
17607
8466
2242
25222
14481
18864
11264
22360
7982
22918
19571
11373
2617
15440
17018
26491
7753
1657
22564
11219
24459
6453
11278
18457
21514
9648
9501
4559
20076
22521
14224
4089
1710
17514
14984
14235
4153
16601
21713
13319
629
15193
12684
24207
24169
17314
23415
9254
6366
19095
13763
9546
9369
9943
3251
10521
3206
25609
20022
26411
24662
19566
23733
3321
9448
2731
22138
3708
11851
11087
82
3022
16663
7475
3975
9255
3769
23630
26089
4285
12978
22853
14455
7311
243
9425
10412
10371
6717
4293
22937
7163
1693
22872
22522
3601
9242
15657
24179
11435
20759
4271
15026
23937
2599
11703
3823
5342
5769
17760
6851
2454
13991
11634
11048
3818
1617
23573
4417
20726
18155
17799
25050
13039
2665
24715
19255
22990
24519
17936
2958
26471
8035
26130
24211
21030
20765
20356
19988
24925
6156
18471
3331
16411
9988
15339
26614
13237
24051
9016
17536
3631
7975
17505
13932
18499
23346
25453
15694
342
6139
15033
22363
14792
24864
5208
8163
729
918
22923
23239
20211
11713
23262
5693
19230
8822
18779
4394
19873
18430
17214
24878
16847
7266
9445
22644
6902
330
3743
2390
24890
25099
20912
16408
11465
19384
6338
2254
9486
12004
24788
26590
18860
16432
1673
9458
18279
5800
7482
19435
19663
25718
19867
11898
19213
17256
5033
19694
26172
12704
2991
22431
5390
21640
21671
25014
3690
4912
20083
19502
3266
23769
5812
9023
13020
17186
9378
24973
12570
15318
9651
6889
3077
6983
15020
11347
5742
22512
8258
4729
7934
22871
5470
24678
2892
12462
25674
799
8039
4572
12792
17192
5871
26402
16873
4833
18376
19978
18043
2524
22409
16469
21226
23776
13245
14938
5278
6039
7923
20714
22251
21936
19759
19266
5896
10635
1582
19102
5777
3412
6864
25984
23594
9444
1419
12162
18291
13646
20526
16402
13423
9647
7874
9054
22292
8416
11035
26522
21380
22424
3152
19140
1550
347
1114
14408
22831
3177
25889
3531
16209
8629
22123
11184
23608
20479
15879
16276
22995
3149
10105
18251
11051
979
10800
23473
8014
7698
16181
19548
3851
20173
12439
426
7453
9029
19525
6150
21020
19714
3448
7418
26564
13893
8951
25931
6874
4892
13687
14703
3279
19672
6721
21847
24230
16107
3275
7243
22412
4075
3396
25420
21112
9442
25424
1111
19348
22671
1538
782
2470
10761
21405
23053
18405
24577
9982
104
17865
26625
17118
23132
19347
9025
12515
8054
15891
19242
13320
21732
14001
4043
15652
12345
10598
20230
5262
8603
12161
8168
26287
6739
4495
21544
17574
7529
1014
15167
2533
22991
11627
19723
5500
2261
13070
14750
14372
14988
11284
1202
24969
21025
17550
19493
23241
7326
9961
4850
11961
11404
21566
21652
17062
6827
10167
23257
25898
8778
16730
20098
11998
6455
4647
3772
13804
15691
20713
3854
5589
11313
7029
12645
23683
25006
19821
1758
10328
896
12751
22207
3821
22295
3855
8948
18771
10660
20519
5823
10620
13297
13178
16796
9157
12083
7190
19598
17562
5028
14602
5926
9261
13662
3305
20473
25630
24570
2708
10159
21066
446
12787
3693
24351
4012
14837
20851
23979
23699
20247
9490
14689
6211
15245
19947
22331
16303
10314
6840
6849
8635
19866
3564
11721
19776
1513
6754
25703
24553
623
12762
9984
24402
26453
13472
8593
3353
22813
8723
10847
17739
3276
16134
14919
9307
13897
22821
5818
25049
18126
17407
17489
11154
14153
2111
9413
14655
1042
26233
8197
2341
15884
17443
13463
9947
16457
17612
19336
13532
17014
12455
21459
6494
5633
1434
8005
16127
10338
2636
17309
22023
23274
23714
1952
8300
882
25346
13000
10526
10084
2209
24341
23706
14805
13089
2601
4964
23034
14080
12344
19391
11222
9771
14712
15926
22764
800
19183
1665
13557
7405
14
1980
8253
18475
23283
24128
5332
4268
701
22078
6938
21011
22682
8806
25901
2386
8077
19471
11188
25873
7488
24412
7327
24744
2938
6193
11438
13001
4041
11779
1247
25539
141
19361
13424
12700
9957
5439
6173
7028
24107
25348
16350
2235
23752
12842
20498
11496
20218
8490
13657
20428
26141
18271
14796
14580
602
5569
20899
15429
17268
2221
4999
863
7958
18462
15760
15712
22575
19155
25433
3079
20281
41
20716
2456
17698
9213
15661
15679
19278
12804
3138
22221
16603
5126
20830
18755
21771
640
9821
10463
3506
25189
3215
4315
14271
17930
19126
1920
22646
16874
26084
17533
7031
8239
22582
9293
14950
26510
4554
18952
14329
7458
12589
9499
21695
24256
22730
12794
13907
17280
19856
6859
3341
286
1516
1387
2479
12123
27
18804
19264
5886
2288
3439
6591
7643
14561
22005
17239
5639
7531
26620
22980
21529
3553
7372
21600
18292
11447
19349
10137
15805
24055
3069
1648
2854
19244
7581
7735
18943
8025
7024
10948
25640
8733
3941
2931
6200
24712
20283
19235
20421
13122
25646
20055
22934
11820
9152
10308
24775
24159
13509
22877
1077
13480
15574
3680
17066
9830
20975
11027
23878
21283
18583
14732
20060
2532
1143
14671
23871
20849
23250
2195
6694
16918
17106
4792
18367
21171
730
20224
22445
23168
20123
8241
3896
25852
18896
25541
11329
8796
6673
17823
24488
8441
8818
4058
9341
21408
8503
758
9170
25476
11427
4002
12986
21056
21739
8615
7368
19243
17874
20619
20166
311
3229
10882
20193
22410
3262
15316
14612
19418
23801
5337
25152
19952
15340
8753
21963
17603
17709
10600
5497
7839
20675
3745
16612
689
5196
16795
3784
5134
14939
5843
4657
8604
24257
16158
22670
7970
1535
15563
21182
965
17041
12126
3454
14660
7238
15285
9940
25182
2573
8672
22358
15465
24732
26271
7533
7978
5704
23456
9689
21127
15676
8018
19931
10954
25693
26501
23986
11186
13548
21621
8917
24778
21914
26142
6217
16222
23535
25730
8903
17296
24726
17763
12457
4249
24263
22260
26435
10258
25274
13353
4625
2918
16515
18424
21004
22826
19204
14672
25731
11843
13949
18768
9705
14538
25046
14222
577
3915
25345
18368
19397
17621
611
2513
13750
3594
2265
7217
16339
21908
19653
5189
389
19477
19443
4877
6866
17640
18140
1782
6225
23637
20960
8898
11078
9779
15975
5632
6348
16620
12051
11912
7393
11955
17310
22459
23036
16455
10946
7573
9331
16959
13789
20574
891
18999
1460
8278
19913
17111
4665
2241
21230
13409
17229
15776
10303
26043
2297
18451
14335
13505
26505
19137
18657
10355
5159
5209
25837
24526
2044
25116
12964
9427
25299
3847
8443
4577
25086
24734
24268
7763
19338
15100
12058
20695
23165
6587
7150
15877
24854
22958
22763
17431
7194
23940
11536
15784
9464
4690
21669
1528
11591
16909
20126
17875
15995
23649
18349
440
4706
7022
4373
13589
15597
17274
10350
16707
25897
21437
486
18650
23720
13869
1159
15719
12068
13988
16507
20720
7269
12260
2695
2247
20671
23033
17478
16163
13880
20586
2965
4130
5079
15994
470
25899
22740
20264
13739
14220
2843
5501
12129
10627
5830
22619
3368
1103
17632
24514
23420
16226
17402
23210
7205
2043
25870
13266
2349
24125
1858
8417
4461
16882
8032
26475
22689
12453
13279
107
5531
17182
24453
8788
22692
21109
1022
18007
18163
21102
8843
25495
17071
9001
13021
13276
20289
10022
19294
18803
26182
20099
12433
5576
23462
9926
20618
3240
9042
25532
15973
23129
16289
26617
11737
2122
23399
10394
20078
6291
2273
2225
5153
3489
3852
22930
5768
2683
23857
24438
10697
7943
1857
5327
26298
12355
21296
16679
1390
5058
6942
5864
13348
6508
14427
5653
16255
17916
6432
20466
1279
5740
5631
9616
1567
25452
19664
22954
11846
12516
26619
17324
20746
22951
282
12538
20636
25684
12565
12062
1257
12959
21142
6691
8408
5499
15189
14494
251
8863
4488
10272
10383
8397
11629
370
1144
17724
5944
350
25664
5280
2038
6484
3713
700
12843
13081
7617
105
13061
16706
23198
2990
2477
3650
7635
23287
9515
4959
14577
20812
8731
5647
14225
20989
17153
24038
24371
6113
25967
11169
6735
12042
17451
10319
17270
5958
22931
20760
25392
1836
8789
13981
5510
7228
24958
9284
18698
1934
8056
2424
14970
20378
15097
850
11171
8637
23980
8123
7215
15666
8251
5292
4338
3876
23957
7317
22674
7495
18614
10427
2005
5620
11816
7116
25060
10870
1918
2574
8918
8257
21634
20418
26315
24670
5813
10513
12050
23688
12669
11174
25039
24427
5163
15949
20735
16446
10111
12557
10792
6016
23728
13026
15747
26164
24408
2516
20572
3646
20969
18661
20058
17485
16553
19299
12888
15547
14116
21848
14557
12122
2484
16419
25496
5570
3104
9623
21200
24456
4261
12886
2885
1834
4169
11318
2350
25667
20184
25242
11761
12733
16990
20938
10756
2323
23565
805
10027
14531
12750
1112
3036
24083
24541
5038
25964
3044
7180
4769
16500
7793
25041
22352
13430
437
9294
6123
26203
15367
1845
17092
19972
21366
16861
10388
6843
6268
13968
13329
10420
10145
4470
11626
5428
9298
21783
25846
9577
21760
1862
14072
20890
15269
9992
6765
19981
12064
25903
20534
26458
23109
5230
1426
21633
18465
7498
24026
10352
6784
26078
19781
26532
3778
18487
7702
1891
14308
11730
2658
26487
1898
25595
11085
12268
16061
25758
17595
18494
26519
5092
20180
13540
18665
10734
14667
17800
16196
1948
20159
14343
24173
1254
25542
22349
10019
25767
4180
25064
8151
17160
8164
21325
2905
13826
19387
10050
19173
3328
5420
15792
22374
7774
1057
22276
24108
6962
4128
6961
7935
1614
11732
16435
19581
22626
9935
26277
11808
23144
7284
24433
5448
13486
9522
4804
8439
12091
12429
24980
6165
21111
11619
3636
5616
4335
5665
5193
25876
3942
15640
3962
16132
24950
13571
18248
18033
6124
25600
15930
7373
20514
1465
2506
17311
20411
14412
8223
10268
17464
13218
20544
16635
13997
23904
25149
12271
26249
17837
1273
2315
16879
20406
738
14027
11098
1391
9002
19440
18190
24156
15223
935
8710
10219
13461
25260
12875
10116
18447
14448
17143
7253
24540
16579
10561
10982
6047
1424
5652
6101
23886
6569
19656
2813
16574
10407
13356
24330
5721
8645
19685
19526
12612
5835
6667
5459
6280
25908
15254
25317
520
13138
8161
15986
24578
8620
8119
25021
4597
9191
20693
21502
13912
10913
254
13998
16384
12311
13558
20246
24801
19953
12501
1435
2062
14337
23246
10467
12731
6055
26244
9198
1342
6082
23806
17672
1815
1500
846
15561
18516
21267
5686
4967
16650
13800
15349
18094
7926
15852
4872
21421
23084
24294
20535
16560
26248
11511
13798
25819
18342
14218
6718
23744
21338
17193
18165
12514
25162
509
23788
3699
20777
19720
5465
20382
9315
15309
14528
3933
3103
13085
13213
533
5277
11259
14034
10208
14616
16282
5793
6170
22169
12065
20321
7323
7171
552
22288
23364
22907
3995
187
20471
21134
1678
14925
19029
4908
11016
732
15672
17793
2690
19109
25051
15425
7816
8607
3141
10424
12013
20665
5845
11868
7050
23051
12982
10083
22348
23780
20148
8703
3255
26424
23881
435
6665
25581
17341
3837
11007
19388
5714
2654
17544
22460
8227
19475
3126
24442
11052
19378
7734
6190
19553
21672
9599
19770
5315
513
26060
14345
15197
5874
24548
24098
9955
10090
13802
23175
4590
12354
21711
9643
3143
20233
20187
2024
2786
20325
4187
15517
13844
2698
5754
10330
23619
5636
8345
720
19844
2328
7983
13408
23964
1495
6056
22984
3246
9752
16502
23726
21404
18589
8020
14979
2099
14937
2007
16639
21744
25080
9132
23620
4234
16844
11066
18543
2785
10766
22264
18482
12474
20537
8986
11022
831
14907
5029
26204
9426
2413
7377
16913
5245
1909
25523
21068
3358
22710
14083
20611
17015
7338
18419
23996
23774
25195
16201
14860
13337
7768
131
22035
10223
13839
21787
21728
8011
21516
589
17743
23086
2625
8565
10991
2789
5587
19643
16948
15436
21
14127
10647
7878
15013
16147
6371
9446
565
25058
25230
8891
13012
12783
7988
2672
8927
14008
18106
7119
4975
9354
16561
8442
10290
9649
9930
10639
4048
23025
15294
20525
8384
9834
2722
2890
2723
4687
25472
11827
8426
4379
25841
13508
20557
5646
6848
21701
24657
8811
4448
10546
16301
18090
17042
9642
1776
587
13369
3686
20758
14839
8612
15575
24862
10162
20670
2186
8406
21948
20032
11275
12214
1825
17675
19470
3183
7568
4188
26333
25294
21463
11393
23476
23948
24821
4045
23571
11476
18972
26377
2522
23032
4166
13931
12942
16653
25850
22377
5268
26054
580
2283
17967
19501
24058
17989
9914
921
23839
8302
15153
16398
25464
5943
24660
3972
14344
1328
24151
22817
26429
3696
19549
5994
11199
5035
22777
13586
16928
26580
23651
2996
23646
525
8884
21581
16938
20455
7265
26492
25960
19375
2667
11655
7474
11919
19487
13171
20089
7990
22334
20012
2101
15653
21696
18865
12364
20267
5468
6534
18104
11401
9192
5880
1063
16734
14488
24492
2880
19417
25540
3363
14452
3045
4251
25427
17248
19181
3574
2041
7445
405
20385
17834
1573
17669
6233
20115
10180
10672
8361
11160
1742
18151
13399
16121
25391
23428
17472
10895
6284
25589
7575
14645
14274
13374
11361
1870
4406
9150
15281
16656
1050
7316
13950
26207
16802
23068
19139
10915
9372
14571
1591
9807
18572
1991
14812
23818
18894
25106
9640
20161
5226
2263
22698
17696
23938
17109
14752
14614
10076
22679
22775
24745
6960
16941
11877
19246
16920
3388
6038
23278
21346
6387
21986
11906
17207
2430
3834
22579
19764
6796
1480
14325
274
10199
31
22680
11726
26507
3455
11346
20276
22978
12498
23318
6875
13549
7357
118
3746
3397
14306
4055
1062
890
25702
16092
14026
16718
11507
18675
20900
21686
15664
10204
6745
21302
12992
957
10574
11565
8328
985
11830
14334
6188
1196
734
16379
11526
1982
22992
5218
18855
16782
11053
24478
13762
4158
22963
16520
11965
13871
19887
16791
21023
11556
21752
19123
20323
19495
14014
24452
26593
6344
17729
24028
12157
4818
18937
15047
9212
24320
23607
13406
16277
18733
9197
12014
17411
3756
24695
4614
3858
6004
2489
3999
22639
8110
1073
4494
18678
514
11538
8823
22596
4932
3267
11697
7178
8205
11707
8653
26642
15987
2871
6757
3937
23574
19259
17142
1996
19169
22602
26201
19804
641
5908
9006
15353
7909
14110
12180
18054
4219
22711
11685
13584
12816
6732
8765
12419
3762
26633
22772
26383
498
18022
1264
22047
3464
1568
14362
3398
3775
12507
17541
3811
6539
16325
24454
26038
17882
25932
22573
19961
6521
21776
15826
19693
17047
19924
6808
16559
22293
26218
16836
2934
13660
6623
10376
12608
4005
26638
15444
15338
6489
6468
2706
13650
23944
1001
14758
15673
2529
17301
20018
22492
13275
12561
20629
23850
22248
21808
26408
14166
19265
21065
10495
22194
12261
12136
21750
5860
3868
18866
10605
2381
26387
26150
9317
18474
2778
1161
24299
24504
2849
12078
16842
7577
12437
10798
14229
11276
1082
10931
5422
8048
11060
3614
24909
5716
1913
10053
2267
5393
11481
13870
17353
5306
1527
8444
23799
20235
5155
25773
11269
16661
17349
22149
17019
6930
15337
6515
9586
24813
14895
12467
26372
21184
2049
10861
8485
17527
19089
1822
10097
10297
21579
9610
13347
24236
23883
17038
19096
10655
8817
19498
19749
645
24271
2505
26299
26239
20288
23340
22593
26622
13663
17860
25082
22382
946
4052
16393
18324
7917
21866
5406
16266
14093
5059
15586
22425
6693
13853
7831
2230
4506
7468
13181
18561
22498
8339
15141
11135
9971
21147
9748
23307
1993
16335
23686
22816
17376
1359
22453
25653
25428
10142
20318
10842
19520
21219
20686
24245
19788
113
22265
6021
15713
15103
1253
16113
12001
19811
18975
25838
15549
11700
25561
9734
1739
24611
15521
4868
15011
3011
25793
7461
3886
20272
12027
15981
13666
14649
1560
15703
14676
11308
26283
10633
26516
4341
22903
15291
25308
687
25918
23270
7845
13905
11395
24879
4721
12099
12541
7438
8387
13242
1320
75
17628
13009
9349
24888
23495
1043
17470
21416
25451
15146
4845
12304
24397
20452
2968
12288
13397
21804
10805
1733
20071
16287
20622
16395
13851
8459
26196
6568
11112
26354
24489
18485
24593
22308
13526
20512
13065
21097
24185
22325
749
826
22438
20117
23024
6104
9167
6474
1290
18069
24690
16140
17637
17020
2279
3271
25579
11015
11683
9600
18212
15238
12109
21373
1028
13842
5195
13465
17884
26231
5608
13511
17888
16778
24485
8191
22973
21298
12343
16273
17199
20597
19983
21795
23589
13478
10006
12772
13822
12341
7407
18223
14402
14576
1689
25582
15864
21997
17617
6857
11935
2064
12325
25615
4781
25079
8046
4801
6668
14435
9750
18164
18347
15896
7365
13247
2963
18379
2535
14987
803
6265
2382
22628
10710
11006
22345
15188
18671
22530
22515
11881
26106
3211
9082
20347
3123
16420
1554
17902
15308
4753
22660
5251
11352
17488
21967
13364
10456
8412
16888
5355
4191
6747
13616
13611
6769
23600
2327
9285
4013
278
15201
19005
3544
17667
4593
15003
17581
22020
22801
18682
24940
16831
8602
6269
1476
2085
5966
26596
9110
17337
19444
15198
16966
10622
21799
15280
3926
24676
3579
1841
17811
17379
20384
3445
16253
17585
7809
10821
12365
757
23616
16108
16116
796
16168
18706
15289
22375
16451
11914
15894
11332
7121
6135
18354
26253
18838
11369
11894
20486
11930
18142
13782
23373
19760
22840
25275
18423
3176
23496
14298
7083
25026
15748
8166
10922
13899
3461
11141
4854
578
16855
12847
8268
19250
344
8121
23037
13775
22754
17232
2066
2719
19616
26190
13474
8313
3484
19481
5794
9089
25697
26561
19098
13859
2561
22091
4712
15292
7315
5319
20731
7750
7536
4124
632
4410
8052
7947
11659
21257
25955
9133
14378
2196
22561
26474
7412
18808
3399
16220
19803
6378
16790
7527
362
23635
20944
11690
7987
6037
11451
25332
18961
9635
10775
16764
20956
25564
12038
26419
7255
5407
26602
25057
2432
17278
2592
8721
5942
9071
14755
14896
6967
6826
12629
22397
23667
4274
10590
14661
22183
12686
15071
5776
24997
1714
18225
19927
10996
3486
13979
24380
17352
14543
12975
3239
3662
25013
12631
8910
427
24893
24871
7048
12349
18218
3418
24972
6117
15489
18246
10857
18348
3108
25625
17652
22746
10419
18393
21329
22811
5132
22046
6046
13448
13515
15950
10610
3542
19468
10945
18544
24118
15817
12930
2496
18460
9407
7476
23674
1168
15692
16669
1750
21000
19741
17775
21175
16208
22909
22893
22116
780
2668
2151
4837
19885
20823
6068
21398
22381
21501
2296
21443
6997
3546
9555
17244
4329
23995
10747
14477
10818
6566
5375
26021
952
11723
16157
11058
10763
2845
25468
15354
19143
25512
10541
2678
19385
14947
5895
5131
21201
6352
23490
20595
10494
18659
23054
3352
4797
10234
1138
21551
21754
9148
17758
12813
23520
21258
17643
4920
20766
16038
19312
16079
21082
4820
20210
3609
18061
1924
7901
11109
4235
14073
17964
9047
9137
24303
6031
18456
19304
6711
6057
5064
14342
2404
25716
1122
14184
8916
24508
381
9252
16806
16644
26063
9685
4881
20858
19607
22420
24506
20449
855
2199
24019
25269
22048
11170
19353
26581
17484
13493
20146
18510
1727
6853
21811
4624
4509
3863
16642
22481
18624
8848
18582
9327
3407
24119
13794
20128
15044
7085
10186
9507
4542
5765
9008
17498
13866
12748
6014
6212
2615
18238
3161
10863
11178
13134
2312
20149
13479
26290
10514
14465
11406
10209
22647
13190
25705
11712
19758
22563
345
17486
19761
13543
16427
7250
6993
19929
5276
17555
16041
25952
15220
6920
11459
17714
4716
20562
21592
25054
16774
23585
7420
15581
19163
17993
4793
7780
152
24874
14025
19874
24941
18788
7929
723
6051
9092
20638
13593
1819
10998
25209
14540
2862
20144
1838
25944
22126
29
3987
23043
10254
2060
2821
19836
3020
10277
24017
154
9627
5460
341
6933
3679
18858
19024
14140
12284
24798
3007
25108
19641
20451
20755
48
18486
71
19605
10416
25745
21940
4225
20999
11675
6611
3102
1761
19846
22983
22316
10156
9951
1794
10367
1772
1164
6710
18670
19560
15573
25073
25053
17904
1621
12928
15270
929
5339
14678
15471
14314
13676
3899
19511
11287
15056
15749
15341
25694
10197
15275
14135
24219
26378
14332
16328
25740
19768
8944
15404
2419
5978
9169
11716
16942
14187
20237
17794
11572
988
329
17226
13207
14890
25440
146
13075
25753
14894
14695
6926
25237
14161
21194
12481
14669
5925
13064
4056
6426
26006
9851
11144
19421
3715
19054
18500
1137
25680
2663
22341
8497
16017
10652
18359
24723
5568
1047
16194
24646
10414
23361
17830
24161
12817
11532
14404
12120
21741
23045
16283
25273
10981
9769
22584
1950
23195
3059
19906
24491
5323
5875
11063
6353
8486
19597
26155
20137
5107
1704
5358
7046
11137
11348
7402
1343
21689
21917
8124
3560
5136
22202
15296
6364
5583
5847
8296
9854
8599
23083
2835
5368
22323
15283
13793
23805
17022
5172
1421
12413
9850
23112
11498
10829
22080
3739
4086
19236
2776
698
11344
2593
6252
20095
18025
9275
2146
8060
20365
16694
10735
1529
12287
3534
17867
19462
8419
9160
14049
19842
17953
4483
4010
19765
6297
13580
12316
1989
17604
7210
24808
17508
13942
1027
22822
2649
103
16727
23060
3292
497
24124
14233
6088
15833
16521
26131
11994
2906
183
13876
22888
17392
8226
15301
8821
25264
11523
22728
7061
21910
4527
3163
19819
3428
23641
23617
7363
16781
12202
16354
2405
3724
4673
38
24499
12752
6704
6336
10370
13458
14944
2399
11819
11010
10344
14853
4027
12711
3656
1640
16609
23935
20178
17892
9937
5384
14202
15854
25109
57
8942
17304
2681
10449
21942
4444
18242
20459
6752
22708
24446
4050
19794
15770
19148
3270
10715
19930
25011
95
22695
4775
26252
16492
21179
24112
8899
8219
6460
16611
9702
10582
20362
19994
4222
1139
16043
6306
23021
10896
19330
3517
10530
18370
5010
23103
14807
21089
8893
11223
24733
13536
16975
14971
537
25566
25485
4252
16306
15232
23291
6806
26540
22748
423
3711
7374
26179
9168
5566
22634
15880
240
9980
15604
15983
25868
13177
9253
1927
15330
3725
19217
12361
7513
24562
24191
3586
3970
14245
4613
26015
10047
11013
5427
23925
20008
21782
16214
18189
9173
23804
12634
4260
15119
4814
9639
10339
11933
8567
6726
17211
12081
4744
14108
6340
25236
12987
6502
16722
492
10286
20339
17756
13647
7021
11305
8582
5442
25493
12336
9857
7320
23339
9989
12946
9993
9653
17747
6807
19434
22457
25818
18383
8031
13534
3383
7219
26444
19028
415
3938
7724
16358
22491
19036
3879
16231
11960
1670
16689
9435
23810
18117
14963
2274
22139
12272
3691
5596
15834
2402
11735
465
25276
17931
15980
2351
21177
18109
10838
1346
25552
11996
26269
6990
15914
1349
4809
15928
3660
3985
22225
11771
18609
22154
22625
10326
5121
11682
23423
5009
140
13485
11119
12119
3487
8609
11011
25585
13585
9225
18204
13635
16505
7153
2087
15017
3675
10304
22483
20673
22723
15420
19990
16883
26221
14920
8861
23189
1053
3296
17946
22895
32
20848
9936
22144
13815
22739
13272
9447
7112
6065
570
10878
15491
25387
4958
14688
6427
6640
13975
22678
3813
25621
9116
16654
17678
11647
19107
21646
5456
25969
1523
13125
8004
19849
12616
25864
4517
19206
25832
15935
4453
11937
26242
15615
21974
24262
10987
3480
17418
10584
13624
954
14605
20047
1134
20369
14861
8955
10599
10974
2774
7131
15155
6329
21849
14785
14520
17131
21642
6192
24658
5476
18615
4308
2553
6471
6411
16726
4350
480
11520
23860
4077
16538
8070
18880
9156
15671
5000
14932
19537
2598
21457
18702
11583
9965
12424
4157
1872
12378
23330
11268
23656
5285
22741
20308
20496
3354
24093
1209
4686
6171
15909
11190
2361
15227
26498
7436
13987
8274
24918
5937
5367
25923
7500
2531
2128
5911
7106
22244
26330
11470
20416
19084
21763
6008
17754
19045
9432
26416
12034
26317
9158
16901
14719
1882
5430
5560
25012
16146
9514
22942
1155
15169
22513
9278
2411
2846
26100
4065
9864
3347
18345
6929
22916
17615
14413
8098
7416
12048
9952
9875
17317
4051
15148
20154
14767
2872
2240
21045
11529
10143
5490
5065
12911
14371
1664
12373
9717
13686
21286
16491
7099
20864
4889
4413
23779
25474
18035
14316
5307
20973
25205
13856
13380
20832
9739
5893
12874
1220
1558
12985
18286
21430
23327
18655
7761
8561
21919
14766
22605
16960
10395
6278
20182
24754
26352
12958
4477
9594
17677
17016
11566
8091
10252
9098
13066
20299
14562
1661
19111
18175
7340
21278
18296
12838
26630
6361
14833
16089
6544
18458
1170
17878
14739
23078
17695
11398
4812
7752
14276
16119
8775
11460
14969
18741
23916
4933
20927
2742
25981
20269
2530
5399
15529
25395
9496
15528
16712
14206
5687
14258
20573
22502
11599
1666
2102
18252
18580
20802
4849
61
11374
14441
3848
17719
7118
20454
19117
22140
11573
8395
6258
21386
24152
6900
1471
12644
9704
8383
2904
20310
12404
11020
17148
5761
1117
8449
9287
5479
24886
10282
24455
11338
12098
24917
8512
7484
11139
5391
115
13105
246
8515
5283
6526
16244
13487
6343
21341
3842
11580
15530
4737
18784
12715
14986
11539
7756
14425
24645
22783
21859
6179
8792
15048
10874
791
11322
10910
5336
22083
22892
1777
15605
18686
20438
6870
14912
24309
17651
6435
24866
15333
26096
16460
18401
5440
11569
2172
21397
16415
13632
26026
21214
14283
22988
17414
8354
3588
18537
10329
5822
19665
7820
1271
7062
20827
22368
12532
4403
25287
8255
24288
9795
18541
9251
26023
11228
21731
24840
21691
17381
7295
15782
3638
9716
14474
18080
15348
8575
13720
21574
1169
16068
17026
4631
23856
11612
186
1521
7098
8476
10583
6467
18081
19747
1407
15728
25766
7224
10799
244
8625
3315
18481
12060
6935
11148
6475
22262
16926
24370
12812
19967
3635
4419
3049
13682
2951
11339
272
10923
17702
24766
26224
4200
1962
24142
17135
11921
18519
4510
840
10774
10190
3749
3192
3602
6345
25510
6288
14411
1041
14993
2124
3414
8846
22789
23082
18978
18601
10881
1452
19051
4816
7426
20835
16823
22590
16189
22389
10317
12810
19932
55
2332
9983
18571
21293
19273
16200
1646
18004
18899
23161
22383
22736
10243
12464
13674
10389
17351
6169
7011
9051
22744
20065
24609
23221
5341
7766
22056
9691
781
25887
14050
2689
19524
6550
2874
24630
10462
21363
12408
3470
6783
2940
21131
5658
14446
23631
6614
9265
15916
12581
686
13934
18240
6512
8481
20081
2197
25715
4962
15590
26578
20920
17608
9320
14864
1861
23687
5536
5898
24223
16486
90
21217
10515
20330
20902
543
719
5861
2436
15578
11036
19178
24955
6963
4007
14992
9126
25973
18411
23098
9337
14578
7714
21262
11822
22361
17335
14753
10746
21595
1649
23207
6687
22607
2308
4580
7385
150
20831
21970
16747
13921
24281
22936
17387
5403
1788
8093
11380
25478
16125
17500
21583
9074
22346
14680
621
16602
16233
5601
2644
17663
16511
4347
9017
2371
5866
13696
25808
15089
23489
20209
6040
1312
2972
26158
14113
17913
8242
3106
5759
24199
14955
322
11333
26088
9796
742
23308
10435
3577
6998
305
144
17531
8279
7847
12273
1069
24705
14368
23138
18584
15832
10211
14952
13439
20541
22891
21676
19249
25878
1785
9415
9576
15075
17095
4126
20813
24089
6033
18716
20208
3201
444
21650
6596
14052
21191
14347
3507
12577
8628
7906
6456
19226
1237
6790
16504
13843
17787
11046
22142
10613
14717
20260
11672
1685
11056
20220
18038
15200
14406
755
12584
12428
5054
17572
3101
13429
18495
1590
98
23309
20552
11400
19362
10795
4616
24604
24825
20350
6091
20733
22223
7722
17156
20723
6001
11873
25147
26020
12330
14294
9291
20113
19645
3566
2894
8781
1231
9205
25037
8051
21989
19003
12713
18398
25863
7333
25593
9974
14200
13112
12360
14647
7514
11105
3188
8172
7403
11633
23121
4276
14339
16251
18171
23615
15944
8360
16522
4607
1240
18690
16152
7599
16215
10351
21159
14129
6659
26260
15004
24582
19652
15648
16760
4044
11257
8346
2838
2586
16623
16279
14927
21128
12195
23260
5609
14376
5429
10276
7396
18748
24614
18083
4376
11343
18426
8058
5539
10357
8334
17671
22187
22749
22336
739
26234
9924
18521
1949
25831
4834
8210
23135
10225
6675
6556
8770
16872
14641
13196
8200
16084
9581
25390
16640
11908
15027
23347
7503
7706
11752
18620
11990
7892
8225
19127
18369
6670
17781
3304
22449
1534
9421
6221
15144
9231
22586
7143
18329
8701
2318
4499
6003
21176
4921
5160
21870
10819
21680
12656
17987
1736
4090
19995
9325
21333
19636
7967
20687
16066
18468
22026
16787
5710
15328
17495
1992
2301
20820
11806
18533
22599
20422
17409
19851
23612
20030
11738
5637
11773
24751
17048
16045
17161
18573
20885
16063
333
14706
18145
17452
5119
15035
8431
2447
14749
24440
10195
12777
2646
9412
23439
2395
24141
8980
10568
8067
3900
778
24321
12791
10940
21759
7124
6197
14118
1286
5334
17821
17323
1784
16763
22359
21834
7821
3014
1115
6122
13130
771
24085
8306
24865
9127
16056
4047
21126
6370
14989
1469
6153
9410
2674
4795
1863
13860
9495
2426
19424
6076
23046
18220
21878
21216
6939
5086
5421
6617
21683
17262
14953
15634
15085
15543
15137
10740
24405
7552
17121
11966
17532
8937
19076
4198
23621
14237
15962
10149
22524
24632
6856
303
17289
13658
3615
562
26476
12749
13895
23354
8808
20068
7410
4995
14609
26528
12869
22517
14469
7721
8841
13599
3844
24964
26469
2732
6554
11316
22977
2791
13783
15069
24627
10267
17907
15997
19011
23231
10473
14480
11586
9350
26598
19162
1561
1791
14079
11993
16267
26524
23915
13239
16509
16516
9819
8932
512
22833
9729
13645
18335
2329
12231
14430
8769
5373
17073
12893
26557
7301
9467
23275
2955
11684
1091
14714
25997
22312
10820
19433
12392
9338
4926
15599
10814
25074
24588
14385
7618
14154
20484
5784
8047
3247
23097
15998
16659
5463
3086
6487
23366
24470
4991
4081
11364
501
23412
20066
21331
10021
4319
22841
22653
5927
25904
21043
1732
14904
17002
23817
8273
6702
6025
2023
21969
12221
11514
26246
23282
12836
18548
20396
5673
15888
19146
16992
13361
20646
9665
14618
20691
1272
1762
13742
11957
16178
18023
24495
4911
19904
23427
25139
13436
10061
15311
16678
10783
17791
5293
13607
6809
7639
6446
3357
26382
14367
7349
3068
25948
14525
4651
21330
9333
482
21096
3748
13291
20
1701
26046
6692
23311
62
20576
11475
16943
16761
4118
11772
3380
20507
11648
8165
8690
15613
9597
15416
21304
14084
612
7528
1716
24559
6399
2974
8546
2464
6595
15959
1853
10470
7303
13069
20481
5174
9336
16389
10630
18813
6913
13080
21183
7937
18574
4905
1501
24167
5122
19534
5945
6167
2233
6817
8643
14020
25118
4106
14726
6007
5899
1296
20106
6976
23176
3054
3367
14486
22090
10386
10064
42
14841
15430
12753
22058
19637
11208
19343
4366
496
10158
13900
21433
14257
14546
5309
26143
8859
12347
11635
5063
9257
23177
19091
4750
10345
2867
18243
18028
17618
5241
5619
7856
11833
18040
6330
10539
99
14102
5204
15686
17219
21414
12615
24895
24812
8825
4880
2320
7584
15456
6978
11365
2412
21913
26490
5076
3906
6672
26284
8159
17441
3797
15874
5690
4534
12600
10191
11942
3979
1429
7339
22733
2939
8494
25598
15941
13915
10743
25660
15522
23510
3426
4840
22447
23142
22258
23906
13596
5559
2226
19301
19360
17785
2410
25545
2707
26116
26463
20409
24052
26570
16118
6084
25352
8467
19251
6940
19596
6243
558
26176
20143
25295
20623
23444
23002
18701
5975
13597
15419
16452
7595
3757
25368
19530
5396
2295
21073
17981
7233
4954
4884
13378
3359
15213
13834
16136
893
24079
26165
17354
13184
21074
16756
25324
3738
1546
12308
2784
2640
24218
10577
21710
21002
12496
18344
15012
16248
20889
11457
15853
3872
3721
4859
20602
5177
177
172
1008
168
10891
16771
11441
18381
4940
11587
12279
11668
17258
26439
11588
20728
2474
18476
2110
25734
16696
15609
23152
17364
12683
9022
24469
2286
9907
14440
2162
1899
23872
16916
23171
11045
2438
20002
22553
20436
6980
15434
21095
15072
17848
9402
21320
17985
13633
9682
3807
18841
8229
16302
24786
13573
19248
6392
9273
17437
3417
17896
14930
4415
8114
17521
21334
1295
10965
13233
24560
11836
25817
156
10612
9271
1242
10103
16863
23425
3833
11172
21681
18477
11610
23464
12163
23981
8288
20162
24411
5524
2622
17745
15293
22621
8487
4785
25389
9760
19711
20228
158
22880
26341
26604
15740
6944
25655
16008
23280
11246
12755
2673
23391
5780
13036
7625
10500
22952
14300
12984
4174
22030
7921
16327
14643
21409
9848
1167
4621
13083
14831
699
2993
25675
13147
14857
16514
2369
2354
7182
3907
20248
23299
3610
5300
8699
25249
8656
10341
239
25036
14136
20338
14179
10306
5872
15001
17895
22926
25156
7382
20254
5345
20617
24655
14277
2712
19682
14657
24313
11354
7218
8829
574
8134
25783
15405
6558
17563
23038
8336
4307
14053
9351
25398
15360
25909
5455
20504
1218
19071
1769
838
18882
6401
14535
1974
16494
6109
3479
13427
19986
2578
4909
13575
10292
19038
10877
205
13180
9295
2937
25076
1583
19357
21518
21851
16315
18013
10656
24092
13104
2608
15204
5963
4707
17520
9774
3895
15978
17679
15402
6080
19572
16658
10760
18352
4676
9215
1200
4944
19268
67
19211
7465
19175
14722
18780
7942
5142
4256
22482
5198
1823
19047
15627
8882
7985
25803
11814
8571
15433
3094
22636
14453
16480
18466
17030
10300
3881
18996
9554
24935
13619
8970
9302
17616
19004
13451
11776
11331
12774
8260
11323
8069
20806
25500
9755
11892
22454
4088
26177
21461
9803
21549
2107
4608
3785
5179
24190
20435
17396
10442
26075
2234
17982
6436
8376
26370
1806
16260
14846
21577
22598
24568
12285
6715
8303
25620
10690
4277
18641
14501
9176
25231
19237
8642
26365
15552
5722
7056
1684
11484
19335
932
23139
11377
8879
10767
1284
7888
13113
18585
12924
23754
21978
24252
22505
10970
20101
24929
19044
23342
15122
2105
26099
12695
10869
22657
19420
9571
2153
220
26264
4181
14910
22373
13879
13005
10506
10498
8559
6527
14239
7891
17518
15077
233
22102
19719
25628
13198
16496
13185
15771
18809
26605
15656
18195
11727
10153
19276
22778
9342
23974
12974
9353
20579
17045
1805
11064
13388
18431
16531
24297
3964
9203
13446
1182
17080
2739
2989
25920
1255
16885
16691
21067
1729
25891
3581
22725
22443
10030
1203
14194
12089
13706
9083
23261
11408
4443
17146
365
9430
10168
15920
11167
22939
12093
23945
11267
19662
17569
5436
810
18773
6497
1374
21813
2194
2305
17372
5329
22494
8630
1007
10423
6517
6369
21772
22719
363
15362
23540
6662
1977
24389
6238
9245
24192
2285
26608
24101
9699
5799
4016
3378
15205
10628
18735
7400
12828
19298
2383
11755
12069
809
7367
15091
11657
17759
4752
11095
7381
2359
20142
12015
25186
637
2108
18484
19033
5655
16296
6396
5718
6696
4731
9229
17399
9436
4067
2174
25386
1966
9861
23219
26310
17164
14994
6628
8853
219
13667
4655
1443
24424
23941
13758
1987
11763
26003
5615
5694
8880
10681
23358
2198
19766
323
18002
4862
2045
13363
11777
13154
21178
4996
17720
19083
21613
13716
9692
3309
26493
19626
7547
4472
5363
3167
9793
10175
1333
12296
25627
11847
7640
12649
3670
18564
1029
13471
17809
23902
4543
19245
22694
3405
20844
5519
23874
3578
7399
4094
879
15844
7590
15426
5802
19369
14585
21548
21276
1883
19497
2112
13496
16794
20169
16773
10378
20400
18529
26386
21918
18063
11450
21368
3394
18546
21790
11143
22229
13960
2193
11698
2562
1205
13930
6749
6323
25088
23707
15668
15587
23865
2657
20545
1817
9818
19510
22413
19280
7071
1125
5395
429
3518
2368
1539
4619
18869
14515
22904
7108
11936
4562
18219
4931
6272
6949
13355
22402
23374
866
1988
10581
19079
9455
17854
18980
8220
6395
7239
3706
18300
15274
3520
10534
15970
8674
14199
10154
161
15344
9645
8298
5578
23709
2250
25394
15199
26121
3351
2588
16359
18237
5952
17920
17217
20293
24217
8758
22065
25096
2834
13120
15848
13965
4929
2703
1225
1340
26068
3300
3046
25361
6775
22869
23970
25438
26568
15625
2705
15185
8174
19987
5540
13084
21010
26558
24641
22032
21836
13373
454
16908
3221
21319
785
2391
6636
12503
13489
22875
18036
631
16162
11907
16330
9166
24296
1588
4713
359
22433
2248
6168
23405
7275
25879
13741
22357
5733
8736
20946
16497
17206
14666
25554
4654
17093
12814
1507
24329
15313
15357
21964
6505
17483
10325
19575
19030
25551
9043
17630
20824
6365
21039
24843
19837
4291
21202
10309
18215
15734
6106
24826
9618
670
17261
20909
8925
24523
23310
23193
8012
22993
9827
22016
17417
22093
16151
22296
17727
9531
15397
8585
19774
1463
23766
11372
13324
20303
7759
25170
20966
4864
9953
19716
13007
13832
19669
9773
20991
1829
14942
19772
18711
25834
20111
718
3382
7472
8282
14262
2
16900
1363
10399
13665
3066
8451
18983
2907
25250
11173
7214
15038
15730
1686
8341
12797
14788
8976
20588
5213
24517
13765
10415
1090
7095
642
7636
2878
3134
25128
10596
21911
25544
19389
19902
5682
11383
26336
4384
4344
4581
16197
6644
25820
25119
2493
15564
20001
24258
2520
12601
2478
9628
15370
25557
9622
10924
23792
5857
14457
7318
15865
19372
25257
17656
25132
12490
3222
941
5496
20530
16578
12745
20684
10255
11782
13224
25607
6480
22570
18361
26280
16958
22684
14151
4183
14868
19577
24795
20893
4521
20000
4062
9300
14541
3125
13529
19955
13830
14870
10801
19513
17602
23467
18723
14447
22472
23183
11853
6182
22906
11743
11086
6791
26306
438
0
11620
4594
15165
26259
11555
14393
6368
21026
15924
24907
22581
2794
21144
25804
20868
2697
23588
24137
16801
26214
26627
10978
25825
4688
12213
11094
22720
26484
6331
26442
14959
15006
25890
19523
443
24244
10519
21902
21768
17723
16808
3982
12340
17436
11749
17260
4844
17024
21733
5322
4435
13520
16690
3796
22028
1351
11445
10929
25956
8991
2334
16664
10400
22514
18306
4653
1352
24005
26465
17029
14162
6161
14567
20307
25174
16735
5705
17561
20805
7432
1770
26329
9064
15514
6429
14975
24849
10187
12012
14634
22399
22857
26616
6093
9058
26369
19543
5914
14315
15688
14635
13709
10826
2114
20227
8468
10227
26297
25145
7010
477
18108
6049
3301
3930
26072
1487
3136
4977
5137
14470
22400
1505
11745
13418
25423
16772
20388
16807
22074
9629
4553
18948
4149
3624
24784
12759
15976
7054
24111
4776
22051
20214
11471
10588
3121
20607
20381
18365
13825
2008
15302
17058
2648
26316
15240
15829
7202
16343
18403
21835
10274
2078
18777
23254
12053
9684
21272
2960
5564
14683
5350
9567
26644
25415
24270
1394
21356
25895
15996
22864
18881
16433
1281
20010
17269
22532
9723
12073
655
17405
11491
24673
23181
13817
12912
12832
9638
15972
10048
14163
12675
25233
12852
4110
4644
23877
24680
15439
13114
13679
20333
8179
7588
8112
12127
12468
17857
13223
12856
11353
25833
13780
2119
20151
19941
1034
20335
24363
753
17421
16448
21570
14727
15739
21456
5397
10972
17582
13029
21890
18792
12578
14774
24472
4539
9283
19965
143
12323
8847
4330
17948
16346
25601
20803
21460
21391
21656
5382
572
3348
26055
9721
16551
6774
8950
5817
21049
24709
24359
20041
2310
25929
20262
4609
2331
9523
5667
6303
25146
18386
19877
22043
21599
2282
4523
6198
13183
9352
6714
10141
14183
3514
18639
21318
12335
11607
6612
16743
19684
4298
15288
5359
10229
17077
5091
15923
5855
24947
24235
9761
25771
5877
6098
2168
8832
2745
16704
4930
12072
13974
7991
4476
19750
20279
21720
7281
25009
19053
4218
14423
13776
14867
23218
10578
4851
3501
22488
14642
21173
11631
24012
21162
5411
722
24390
21223
9681
2160
12416
23230
15789
1319
12282
25791
24421
11929
4246
605
19880
3233
12211
25061
12720
16838
12610
4258
22544
8311
9781
12778
21101
13263
8756
10865
14566
13141
10059
1552
2620
15558
2020
2130
23561
5053
15423
9180
5853
7619
14365
14252
25657
5774
19135
19327
3144
8215
12903
18645
263
6883
14775
26538
15260
7997
4398
24750
23382
7082
3021
9780
26587
3845
20551
4910
18600
24934
24956
10342
5078
18039
911
24352
18275
6634
9326
21874
3208
4722
11226
11449
8356
21960
12587
7229
10557
17956
24266
11849
11540
19644
15482
24016
15761
8400
3075
4615
26389
11114
17064
20788
16665
491
3010
19775
20561
23492
7052
12141
17053
12216
8380
10777
11134
24000
2442
26146
19354
442
24770
20842
6964
17312
18429
394
770
6476
8040
22290
4030
13813
16533
6018
23544
10177
992
26235
1078
12680
10813
19062
2385
14737
19683
25135
1868
15847
12968
26355
2184
24020
22463
1967
6709
11799
13951
1781
15286
20971
6144
15921
24206
853
1313
14019
20775
25279
8234
23460
8065
10907
17465
20401
1023
23742
23541
401
23638
1334
9812
18633
26545
10848
18829
19291
9067
13128
17416
449
16304
11390
22120
8777
4240
6358
17188
13641
9550
20825
18417
23403
22535
3533
18816
1933
2948
6235
18031
25224
18416
22335
6394
20933
566
10580
22654
24824
24348
3973
7299
25347
2215
6688
17434
12648
7795
19295
17198
6818
24626
25215
7927
20215
17292
2069
22416
22114
2602
5068
5954
15542
19651
10107
1768
22079
17419
26373
13333
12037
23666
20035
13153
14652
13046
14590
18406
16098
19557
9013
7684
1959
17158
1754
13729
26034
1185
8530
22029
16369
21637
11798
1061
8263
24498
21048
22193
13913
22624
1223
16733
17150
22957
18496
2249
13648
16115
5520
24163
12356
25460
10183
25263
19582
5600
5088
11982
1633
25166
2538
13901
20373
16475
11733
13618
2995
20491
25840
5603
20316
21568
5870
20194
20637
23058
2461
6282
16130
14943
226
9842
5333
3643
8776
8627
19832
22060
1955
17676
2833
5464
18001
21865
15885
22419
8524
11582
3540
10902
20647
16933
4123
4598
7781
11968
8493
19128
2819
17228
26503
24608
17467
1749
3207
14824
3024
9722
12781
23216
1631
37
21930
5281
336
16993
15662
6880
15839
12077
7496
17984
20349
26350
11649
648
15207
12633
4351
2501
376
19229
15818
24078
5129
18270
20026
9258
20084
6669
25481
15305
16050
11454
2967
4374
10410
16272
10501
13425
8945
14958
12447
13367
7615
9190
22627
25622
19409
3466
20560
15727
14630
806
2621
6615
14916
23322
25338
1071
2900
1971
7898
22629
13365
15906
4592
8904
4382
25120
22838
25678
15503
18157
77
7206
7764
3882
24747
7791
4526
21340
22724
10051
9868
4800
11767
16625
20603
21673
2623
6359
10492
3150
16841
13517
16250
8946
23455
20085
7209
13375
21332
18593
19696
24210
542
13209
10615
5725
2497
12444
619
8224
13161
7252
14286
15170
5552
6894
20334
3668
1049
18502
25111
7637
14479
3853
10664
17686
7234
316
24008
16128
16105
13149
16569
2189
20919
24922
4139
22089
20696
21423
14850
24467
8681
19796
25629
6631
1473
18298
2480
12418
2336
13087
9119
19621
9079
15807
5979
10262
12189
15504
22216
20177
5354
4813
14804
18662
14256
8434
23184
6740
6825
11456
26523
18953
1146
8803
18630
22914
5922
14723
8874
3901
5782
7293
18822
17429
20655
11870
4700
4928
23478
24860
26368
22734
6337
5936
15509
3850
15593
9693
25536
17025
15866
8266
24305
9032
18506
14370
12256
14123
12734
620
8757
12153
24393
3867
8665
17538
7018
18418
7918
12407
7230
20550
24061
2125
16104
17374
2182
8064
15222
3091
24063
25692
17051
5071
9099
1467
6674
650
2895
11194
25114
16871
3168
1230
8528
10250
7530
307
5318
297
19943
2796
2491
21392
20614
19512
6081
21578
24261
24378
13827
22266
136
8508
26148
5599
17034
24624
13236
6932
11302
17090
24713
653
9893
8001
23454
22965
6588
18870
17511
8461
13625
21350
4103
24404
1712
15946
3733
13728
10591
7726
2830
19414
12730
1593
7713
26518
23998
5130
2749
7065
22303
1587
14884
6271
21801
26076
3171
17499
12586
11810
5523
15655
25859
19975
16040
22795
26488
13164
8983
25962
7462
6319
4758
6492
20013
7409
21057
13563
25634
26295
1199
1740
12346
6571
9364
2952
836
484
18198
12381
10831
8835
2675
837
22054
20916
22155
3490
1874
808
20277
18986
5670
20630
21587
4468
15356
17963
6788
3182
17887
21784
8017
18173
3805
22287
19915
22540
20441
8138
25658
207
25574
4848
600
24998
19778
20478
12596
9820
24846
3547
9847
6248
12084
23398
15569
16917
11652
19780
7424
3314
12533
2816
26258
4806
18640
10088
14138
5118
23984
11252
16177
25707
13610
21832
3657
3783
22275
25883
13955
25125
6507
15680
7471
12043
4943
1698
22606
7211
11546
2053
9563
10362
6404
16645
1402
25339
21708
24353
9767
8905
15628
6613
19425
14171
8082
16391
25577
4029
24503
11453
19119
18557
1508
26535
18836
7005
20527
15602
25787
3159
2560
6451
24707
596
8550
12707
8510
885
7093
13010
15483
21233
7079
13550
20042
2136
20706
688
23961
197
9321
5772
8924
6777
10382
3100
7799
13442
23568
16708
6828
1438
19751
15351
14242
7152
12923
4890
18118
24255
21449
3198
6473
16788
14924
18799
13230
19000
1412
25894
20571
12705
20677
18699
15677
25369
1888
6166
5044
23913
15988
16252
12661
11434
13416
3978
5435
3227
14349
13314
10299
12870
210
3549
20408
12389
21401
10270
21206
11501
20324
11889
1145
3205
12657
9401
12142
12951
12176
20093
801
3371
13699
9028
16584
24764
14701
16020
4810
10959
16914
9932
19257
19315
17346
10651
10682
20651
26418
21140
15045
9345
8213
14784
25869
13136
24194
7122
12712
8981
14478
14134
15650
23277
1896
6060
19015
22309
7572
18315
7015
15287
21345
8654
9475
19921
5335
6300
661
21648
15621
18097
6995
4711
13527
7705
8256
2161
14597
23514
25087
10804
21585
12965
6242
21315
25517
20040
19392
4682
4738
14248
16023
2360
15592
10115
19601
21953
4131
20866
21108
25822
26648
24758
14410
2009
16275
23249
19313
10071
5511
11887
18079
9397
15735
6244
4541
2603
4031
6444
23376
24520
1128
14588
1055
22779
12821
6519
3816
16058
18322
9164
13162
15663
13473
23156
23441
6549
7712
19691
12184
12872
19779
12915
4623
18766
3587
4636
6761
5981
9348
18700
16474
6246
4994
14512
24487
8718
13670
17689
2736
15160
16785
8894
25513
8252
4099
8869
12218
733
17638
2735
18906
25934
22407
3105
24856
25813
1530
6138
24364
2337
3421
1585
23386
16946
11971
7741
8379
3945
22306
3934
23008
23665
18492
15841
25812
6043
20069
12135
21781
432
2743
6069
21170
1325
12544
4066
5113
3511
1517
1929
12178
7053
9414
25473
15058
17869
15897
15991
24697
12904
7913
18503
24910
5641
6000
68
22414
8292
20171
22118
515
430
7645
3949
18626
23069
7328
13401
11758
9964
21285
16517
6838
11989
6421
12197
7823
18932
8158
7086
24850
24295
20794
25801
2299
23430
5786
5643
22846
23200
24143
26320
11335
11689
8994
9000
10457
25926
9214
20132
9557
21251
20203
2610
3386
23424
13078
17516
5892
26062
15911
17594
7745
15282
19905
19753
21447
17115
10
17590
5180
22924
5438
19283
15154
24921
4069
24816
7977
4421
2728
25007
9605
26303
11642
8088
9985
5933
23949
9998
6598
18687
7841
26626
21295
26187
5982
10659
3130
6147
9978
8724
2584
17673
499
21905
19037
4333
15265
16183
8221
10241
25509
18394
22997
12151
15536
25511
5505
7810
22960
6573
25448
9195
22687
17761
13088
12862
18179
9207
15947
12654
14381
14838
