36372
18786
42990
37956
5917
36418
23389
6489
31518
27862
12637
899
13491
1381
14868
43622
39059
39298
21652
28403
32424
14334
5873
3239
33000
38276
7518
41062
49367
53015
35028
23620
11506
36417
19917
30061
49134
50703
36824
38813
12367
47702
7371
37454
42016
38381
46550
53858
10416
36363
53077
30650
43538
45002
15410
23167
38572
8271
35687
51739
13428
20457
26821
41893
21878
31696
5265
754
51738
53593
46640
36602
18202
46358
45381
16251
22878
33551
2715
23132
20069
16133
813
3438
18003
25772
34584
37807
3043
19488
31454
33599
34482
44105
25465
5746
20907
12721
51833
35074
2356
11975
26984
47982
14710
36521
44885
7806
52724
20419
33435
15330
52557
6371
53546
43865
15139
26726
24144
11749
35944
48742
53253
1146
30579
30557
51319
18934
34970
39744
32168
40406
25352
929
38822
43540
33033
27816
18552
38264
28779
5558
29380
18296
21747
8169
44243
16754
36344
2995
32379
19273
37901
48340
1800
45364
22198
25893
13034
38542
53261
30855
41685
41470
44707
39873
35507
40004
53893
53856
17267
48256
45851
27920
28471
51879
53419
1833
39195
15791
30822
47653
19747
31272
43516
19087
25237
28984
53750
29756
18337
2492
39934
6372
397
24561
52700
22614
2723
5104
34911
44406
22374
32937
9942
35464
53235
12890
50885
53874
37188
36268
19973
38193
10241
49069
39608
37920
3234
47005
46331
31904
46692
2618
28396
30509
874
51300
8905
21468
15023
49346
30448
2114
10797
35182
27688
9330
34568
19156
50046
51361
34239
39853
12979
46864
48937
47132
5881
12882
2382
44289
43550
23932
32991
41586
16697
5251
41480
34468
30938
9261
23805
19933
25138
17424
37313
48013
50740
44620
34524
28418
11225
13031
19607
52621
48768
51509
6054
17138
25351
5467
3730
35704
44148
20865
50720
4058
6882
11510
32961
16894
8105
7658
2167
50313
42509
35728
13573
45985
14362
28125
36439
26675
24131
53127
35648
5830
20500
25454
51469
35019
5985
8896
28272
15593
50773
35695
4271
1526
13216
740
3655
10044
41888
20051
1115
45666
24547
5592
14833
11721
38131
31552
11577
27202
11366
39039
41733
11089
49976
27370
36990
31067
13046
47484
47405
8262
39483
16865
7458
19105
15627
36591
15977
30162
2316
25484
52179
7600
4206
22107
4609
42610
37032
9841
28453
49946
452
12934
49998
30107
45506
12755
4135
6353
48828
42227
18688
21344
16699
47685
42290
38108
51911
10373
19723
34825
37139
33025
47015
31775
28412
6429
10504
33886
25785
21075
53813
15827
48920
7318
43407
46146
9661
29676
6731
37210
16644
41921
49954
32662
46586
26052
50482
4021
41668
40905
14172
14084
2623
28092
28215
44600
7057
39253
29839
17779
16345
43477
26630
15192
13953
7201
47166
39822
44411
35148
28451
16373
36811
39210
2404
17979
38915
8436
41303
7375
28204
47616
8762
8208
23888
6800
37712
17641
35743
43589
25974
2509
10444
27716
6330
16554
43302
38039
51093
40895
28707
17382
51548
46525
49963
27520
37679
8301
38594
47163
44445
27044
36144
49041
31355
30382
48651
40118
21484
43463
48764
37005
24513
15571
42490
14110
51337
53710
29689
12716
17928
13187
1159
5549
19578
50136
48494
36847
25403
9906
28928
25948
48566
24172
1540
41943
41881
17124
6506
28470
43081
51307
33368
24737
6190
34165
49658
52807
38930
21770
2288
12102
11053
19767
38749
51613
41207
39203
7716
22654
23339
9719
32288
18141
38327
35215
37245
32005
42951
44755
51829
10194
45046
9036
24900
33533
11661
52376
51094
21287
19601
34275
33026
26082
49909
12055
20331
49573
33037
10027
16340
1127
44579
33279
51559
26650
14098
575
27685
12456
10709
25300
21175
9836
35466
17797
6700
31040
16714
30337
3292
5662
21430
6251
16405
37115
14652
48337
17185
46660
28653
1938
25629
41291
40620
35505
50008
326
10159
30048
47963
40281
10017
10971
44219
31837
1585
17885
53178
20569
50200
6024
42634
6625
53447
831
39733
24023
8536
33713
31641
42512
1502
12886
5858
36423
29991
36392
18058
39485
16809
30368
38501
22814
21377
50004
27133
665
48686
19210
48815
51668
1066
19374
51118
41141
4469
47098
24645
37688
34702
14216
17092
26340
42264
44308
13976
49071
8753
16160
11214
44099
51085
51565
15945
21966
23185
31687
34129
27081
2697
12211
7573
24549
22742
14612
47081
3449
33633
9783
48077
19887
44277
53636
41042
35636
15116
30259
17440
52330
17103
41111
49287
11733
2452
4045
8002
36161
1404
40936
51439
26055
13939
33705
37353
3627
52916
28866
30640
36554
39001
28889
47308
52516
1265
37947
13335
22280
35702
11169
4620
11843
45106
35710
29462
30362
5348
4477
45171
53991
16078
50424
19731
18485
31744
44537
20108
41477
6310
18658
48673
53787
27577
15796
559
31204
14276
52186
52442
502
8985
51706
7061
2524
12573
22162
53242
41840
47007
7603
23564
25711
8961
30543
49971
29879
26559
38240
24289
12241
6665
7879
36492
42153
16131
30703
45103
26540
21051
33809
827
28620
40921
6693
38448
40912
3854
23759
27400
46329
4149
9927
24425
24260
22047
23465
24309
13460
32712
38607
27648
39997
36237
14560
8714
41700
20635
34624
4328
15491
48643
32766
22027
24228
49942
9410
28031
17000
3547
18374
31140
33714
36839
346
9746
45669
1085
14047
30713
14881
17946
48406
16640
49866
6152
50615
25058
1616
42289
18971
49432
26225
46701
5338
29841
4702
22912
50741
29272
27682
14996
35037
49538
16977
8069
46112
38227
34469
23806
33478
44814
1746
50377
19023
25405
1376
29543
20382
33242
16088
21581
30849
19356
5730
38783
26094
50559
9761
52177
9802
50950
14159
15616
42609
45707
217
38863
4218
26824
46834
17435
29999
49574
53062
52188
20963
2805
38670
9806
8474
31658
30794
52024
27558
4510
14330
53130
1362
47801
22052
43542
25103
14405
15008
23441
35605
43557
48349
40451
43122
10649
11594
10863
40283
13601
19173
27679
26587
13923
799
12231
17705
32086
49435
39199
2719
30685
14162
18529
46778
53511
14446
9432
43753
25877
42727
17660
8087
20853
5318
7018
44767
19399
22688
47606
17125
45244
43888
13581
18120
37348
2839
44547
9769
12164
49938
39117
29628
45950
21512
14816
8044
27083
10129
35935
16034
29303
18318
37772
6825
53214
48641
3101
26936
5744
52159
24543
11672
12986
10090
44283
36512
46002
20725
38473
2397
10250
13055
32201
24067
11213
30416
35070
50209
647
40719
9046
27122
16504
36422
976
20535
5062
24024
5456
8051
1947
39407
53768
24355
28729
52417
36513
52775
49788
25815
29156
43839
27843
37440
29662
46750
27005
15894
2021
11183
39587
49707
18731
24498
52797
4027
10997
3496
28520
37774
49030
43058
2803
42601
49684
5026
36141
42935
47083
6956
20841
46994
3192
30128
39211
38252
35497
50972
50534
13706
4929
43293
13828
15260
51988
52064
48237
50183
20248
43032
12110
41548
38292
37538
10226
3573
31824
3909
42408
50961
41228
6736
7724
30547
43431
21349
11802
8591
32645
11655
12523
30614
39487
11947
20814
24199
9023
19281
12559
5757
11241
5409
47306
10506
31595
23062
29917
18238
11897
51186
31725
13344
8494
15484
23649
23699
46926
34590
32468
23569
21283
6551
35335
29894
12698
7871
42768
32278
16060
3528
3861
29980
45132
33082
2141
52224
50374
16722
21794
51891
1495
27295
4492
23336
34728
5619
18831
44975
36837
749
53634
45210
52450
36356
39762
3134
2372
9980
40008
36736
3147
24462
3800
14181
8323
31914
51568
32829
39989
35149
1254
4159
5451
35629
42856
27215
7762
20954
24306
50657
6145
26310
6627
960
14840
30815
19102
43061
11121
31768
22083
29069
4540
12524
41128
38115
21006
26588
47785
50599
42493
48745
28034
1699
19503
32349
15759
35681
51876
53635
38170
46308
42788
4143
25911
23957
45991
20080
24335
13499
43761
1624
4230
18548
29633
3319
21639
38773
21237
50379
46738
17482
50152
14031
26203
7172
3539
44270
25388
7611
35726
46566
15591
48630
37086
38571
12734
44515
26441
35197
48141
11464
38853
39662
38400
10080
2743
35476
48819
16449
10037
36294
36671
39695
20838
46452
2131
51185
8024
38626
15604
31867
10799
42109
40358
36118
48588
37908
37969
19177
17244
32782
18547
41687
7567
48230
9038
34374
25409
9703
44085
17741
39288
21155
38845
42513
16968
49492
42108
8546
32988
11838
27722
28268
26905
52933
40532
3437
32949
21724
38187
8450
5018
17960
21800
2334
36959
43297
11704
26584
51227
2761
49292
14119
25926
32612
51773
37533
18052
13397
30497
12133
47764
2568
37981
37763
4935
10620
49488
1899
20728
16077
20196
14037
44273
3849
7632
8167
10972
15316
39430
44684
6891
6008
15176
1644
31555
27982
9584
40147
2287
11340
15219
43619
42901
41103
8563
42790
29121
17226
25136
3747
46332
22039
21671
13423
29482
44094
8974
37053
22078
26597
3404
35145
33247
20026
18253
52140
918
49186
4704
19557
9421
52332
51690
31622
52759
13080
26149
38324
6475
21547
1412
53183
38557
49223
21459
33245
53403
39313
51050
7570
19927
3133
7388
52931
32556
50069
13840
16467
50975
27174
8370
26672
6017
9411
3299
38267
29594
14355
31294
41429
43097
6117
28773
31365
5680
22464
20097
33470
10071
28677
41994
49064
33192
29580
37178
20049
2775
46804
38869
21180
46745
45895
2215
6838
44638
53574
42167
17007
35222
27433
10323
18877
35700
11353
37256
45454
1125
12766
11483
15618
20992
35986
15394
39247
50047
40924
28275
39364
34985
5640
48414
48320
23227
5865
35905
12373
49023
20308
18385
19815
47048
38291
41825
52396
19566
23377
21447
9369
3442
49417
38168
28996
48384
53493
34700
19055
53835
28697
39598
41589
27212
37703
525
24295
29583
5231
16383
36804
31088
53280
10808
50420
38421
23848
37720
4385
405
30296
22857
27949
45762
32541
17976
51931
25031
23288
38442
46028
3666
6636
26378
28389
4635
1639
16217
7412
32382
21505
9111
30936
23366
16546
7754
7917
51001
44633
29837
23149
18177
16769
26927
39523
32387
4880
23574
10197
44223
51332
31282
44876
24554
7714
47002
35038
51178
12727
45788
36484
8715
44617
22478
28856
21989
36802
28709
10651
42998
16545
39292
51170
39052
45744
38062
46071
26979
6201
8722
42805
46904
51612
23305
13024
45652
2890
8779
19304
44
34558
11509
42660
3490
25253
35489
14706
48799
21183
12534
34089
17366
51734
3047
43699
36302
53836
9865
39133
20204
52034
3157
320
855
8263
1750
51900
3753
21159
883
4962
27140
16495
37962
14221
19224
51618
25538
335
37511
9973
30828
13331
18041
13422
27271
8383
10126
21164
45144
35223
12981
47097
182
804
21691
37693
11484
23532
36787
28169
29395
7813
37523
43606
13618
7700
13689
40381
16939
12609
50190
48557
48876
17515
33557
48723
28919
27953
46785
18056
18690
43492
31632
18135
15860
2067
50558
28805
6797
5979
38316
46989
2938
13857
11980
725
46357
17229
49536
22397
42224
13487
20000
7638
5486
50003
53356
41737
29392
30484
43444
32159
21815
2030
15175
20824
19604
6996
1170
28545
30374
363
27466
36948
48264
19119
47339
31711
27951
17362
43581
11330
34646
25387
9401
31635
2903
24317
45121
40961
28581
3724
39357
50896
38506
37943
53239
10898
4367
14087
35170
52079
32099
51270
23110
21563
32490
39563
19248
27931
17149
22554
20871
51541
27006
15226
44376
14970
15276
45910
29950
26036
45539
47389
35776
23023
20539
19145
32367
53824
47700
3004
17561
6013
38699
5102
39539
11860
19312
30205
2593
5056
42687
5699
15673
19575
17639
51133
42468
42418
11946
49004
39512
15699
1568
37108
22455
26803
38664
22894
33750
43949
18438
53416
44249
2981
17638
23348
7317
34168
50170
16122
36951
31314
14910
31951
16353
16130
7557
14184
35963
50405
2056
24488
16788
24494
45535
52149
29414
5027
2051
21210
37342
27198
24576
30231
32524
19730
25449
1534
46323
1256
12965
10978
42161
11026
14921
35181
29771
20517
14007
24834
42875
10836
9617
4108
41171
27487
47085
21481
39544
7236
14930
41885
7041
40028
49343
48326
26765
13850
27999
27046
1504
22058
8454
36413
34395
49175
39712
44054
10864
10658
39808
49118
38765
4461
27482
15459
48465
51212
36131
24674
47139
50137
23126
19631
46174
45285
11776
24993
31434
23544
34427
39839
18079
27646
41884
31849
38690
19157
13431
17493
43455
31005
48625
15552
25954
39285
35884
29378
14199
7521
3410
4663
34889
14765
9938
42560
29063
1710
25198
29727
29538
32343
28342
31471
23758
33892
3670
51448
11951
2598
21841
32446
51639
49246
47588
12001
34666
35818
4054
26292
36189
53809
10074
4778
12220
47552
20135
15304
31313
2299
35326
3384
48898
19235
16113
42825
26610
21755
35297
47949
24328
34006
29674
44676
38155
48251
41703
36713
51492
43271
42203
53958
52408
37662
44324
8160
4567
33299
17514
52695
18723
27323
31885
29308
8539
46734
26148
44561
14121
8963
28844
25545
17341
51975
20897
29036
25656
41500
25169
9240
26354
38676
17376
52077
14332
35715
33300
17710
49039
42516
8900
22333
6898
43777
35674
35087
18136
45924
6304
19384
19878
53973
5557
50263
26837
28987
6723
54023
39572
18055
23816
9328
38258
50168
35358
215
18677
6499
18065
19367
13703
38011
29057
1752
3340
2559
22057
24907
4938
51305
8068
45020
40286
14589
38617
17818
6490
45028
16115
44225
17981
41702
27187
26302
14904
7620
22446
37480
35108
34790
35643
43148
923
24245
30565
26860
12183
20082
47506
15548
7516
40601
3302
21002
49809
5846
36757
46617
13919
7434
26121
23051
9188
8774
2414
32992
8305
105
31305
31417
6696
16859
13511
13968
33429
6470
51221
27168
14800
9368
47172
11113
37841
12574
9116
16259
4873
484
4179
8982
13421
23194
23528
47708
5309
14702
43663
26798
31129
9683
627
39390
8941
14941
38333
2388
170
15745
14933
14690
37126
7647
51916
8346
6868
26807
39770
36114
44013
25355
31969
6573
38646
28233
32072
24711
54019
14521
45659
27052
47149
3126
14429
46330
18034
52880
31662
7577
17108
16328
23748
48601
6100
48927
4435
20911
19402
10002
45396
38985
42478
51382
5282
19820
38127
26170
37851
4338
40062
3388
10600
24836
7067
95
15143
16346
52798
27438
44872
15007
26032
51029
5218
3911
36914
37639
35688
17338
10832
11417
43569
47635
31383
33364
31866
15934
24933
42608
27977
7071
48281
33770
24859
39854
8854
5897
23144
13987
26088
36284
17684
23876
44477
52421
16136
25853
40386
42009
29362
7618
8568
17554
7576
25304
15405
17247
18349
50055
40941
21827
52589
12900
1365
11219
29201
50732
25345
19890
52942
50188
13225
9289
33138
19988
32840
41107
50459
38677
13167
10103
30626
24124
7615
17613
17076
43419
46820
32443
25630
20057
49060
3059
6191
16209
7814
14536
36508
10784
46341
23193
21115
22769
48285
32606
45692
5931
10529
34934
5329
12210
48186
35984
3538
47545
50334
36663
47887
42691
1176
44292
31651
3433
19296
37014
23018
19928
26932
35654
8451
17008
52533
887
49556
22210
30419
44773
53669
2816
40543
36054
44501
3017
41786
34290
26306
53151
48133
32946
7932
5884
29382
36432
13310
20707
34046
23325
32396
53466
19929
344
50825
41925
52252
30903
27740
15263
35135
23276
39679
18532
18573
11656
29667
23073
13175
8562
33327
27259
11281
26072
51662
12419
7395
12680
53699
31974
15849
27895
40742
46863
39946
48178
22185
40791
4572
39727
16601
44246
828
28642
1692
11349
44650
9211
39786
52667
42402
44291
46702
37966
37450
31043
53776
28224
31742
10305
34626
17643
17782
11408
40193
37536
43955
22720
7994
6
15075
1897
15301
52503
14637
53073
19053
48821
46124
9273
8524
48484
38344
424
42826
49595
24608
28195
35272
38385
42174
47127
34600
43607
10391
45195
48267
33782
21795
33488
78
53002
14480
38616
25504
38655
27199
38711
4840
29683
37735
38245
26136
38103
13227
7110
9250
49122
39186
13037
22495
3118
39115
14876
18714
52217
53132
29346
27045
30024
25789
4117
50099
17850
46715
43616
955
21972
16746
27947
1960
44646
49923
24421
18718
42746
14714
35708
9420
8949
48596
17664
22281
16334
44905
32551
26604
37717
48025
47516
14708
44640
22652
31099
21354
49215
49201
10572
37232
28284
12154
9796
35273
36793
47681
24033
28452
31413
1801
7152
47460
14005
53866
8839
13607
250
19587
384
44982
29393
21692
7
38987
25874
1335
53919
30647
29259
33711
5312
32664
37176
574
32542
16503
3626
28203
16377
8640
17752
27338
49151
46973
44244
53503
43417
35237
48762
51804
4221
26602
23307
41797
16392
49477
37498
16839
14561
20880
21762
10218
29270
18686
35902
27464
20037
52373
14370
48062
24348
12140
24610
44619
34948
42969
27497
49676
18930
52299
50662
10370
15266
39887
29715
20862
38229
44098
18775
7850
37589
23652
48259
41185
37938
44261
1468
45781
48266
38780
32217
10629
39215
4333
41420
3945
36577
42434
50849
47527
49697
7084
5418
8863
35426
3917
5937
32119
13944
52227
6688
31162
30006
45767
23829
43163
47933
45565
34056
52364
5667
33440
2148
8104
30495
19366
29923
17663
32194
29389
37312
14819
38696
7362
17594
38728
16822
25420
27675
19906
46200
28122
29566
37677
46462
15285
45706
15483
13603
24112
186
21293
44366
14776
14442
39128
33694
35769
3719
2576
42624
28705
43458
29357
49995
27292
15107
35134
39421
1695
53931
2690
23625
10767
17452
37050
46046
44254
20100
43321
21978
43683
35515
52479
38925
30537
30672
33340
26364
41578
49543
5426
35499
5582
37382
26529
5367
8922
37091
27632
46851
25523
21932
34552
36994
53806
37406
20770
12694
7148
34226
18155
16750
53933
30406
13967
28684
39613
22578
29221
40223
42767
51912
10339
41504
2218
36296
1013
42425
3421
41260
39561
4283
4037
16945
43467
27478
51886
24356
47787
37499
31634
19843
14311
4174
50347
29411
7382
1903
28807
11152
38030
32966
41345
1494
29474
49288
26641
52530
4363
1425
1510
5961
20203
46118
38579
18283
51940
3370
10867
32364
40220
4982
27475
34922
24072
46578
26621
6676
42261
4169
4679
247
28378
35927
21646
15634
47380
24375
51634
33988
32621
35623
12270
9367
50257
30438
43359
42785
50708
38641
5096
40968
40140
18115
19921
9393
36593
48132
25397
6302
29781
23067
3175
36924
5221
21186
44785
44590
33367
27234
40331
52285
4719
27097
24783
47965
46177
45048
38820
44231
43875
33972
46240
10423
9854
19914
18497
42126
41278
15173
31785
6617
39899
7464
364
9327
48573
29989
50232
34895
16848
32813
32545
15662
35891
27924
20538
10139
8710
5431
37381
45200
46547
14926
51616
7309
13342
51647
33370
30860
11104
50722
32845
44914
51700
28887
40200
11508
13193
50542
27068
6903
52593
32228
53954
3100
23208
53299
21860
36479
51005
13812
24877
12821
22467
53819
2500
21443
51924
1490
46651
5566
28253
18427
34340
45693
30886
39118
50775
48989
1295
19641
44077
36154
13398
50788
30081
45140
22488
31999
8615
46356
26152
3395
24962
21329
31620
2119
34087
775
73
51965
41922
26971
23092
29223
23853
38912
52716
14303
46434
11184
49889
27283
48823
23485
53758
32001
27957
38567
21624
31923
49777
53689
4113
33987
52213
17370
12953
8914
26849
35318
11356
40250
41321
41640
23601
34109
40376
7646
45122
49182
32300
22655
50746
29274
47197
18857
51944
51159
43546
2813
19289
25177
6231
24504
48092
4036
7660
25814
39928
44405
33912
38606
26574
29243
30173
19743
11314
32323
1251
44310
8317
45775
25857
19062
12475
42510
11677
49513
11131
354
42586
258
16808
48893
27795
167
677
12490
8978
37125
9814
32939
12173
21759
18528
9115
14746
8090
23568
47782
45477
35331
38443
39850
27570
16108
27538
37021
17576
675
15367
21013
42821
29743
18498
48681
13126
44555
22311
53607
42250
53785
51671
37177
37413
4602
27043
25422
37039
7792
16031
17492
37437
36590
45929
16436
51092
50433
26975
12391
37534
22500
32644
24915
1678
43754
8251
21842
50108
33924
13713
17673
47110
31649
19477
15382
36438
6204
7968
49438
52286
37196
31771
32071
16904
6194
10517
30909
19993
12892
5161
51451
48752
32291
31571
5953
28439
18134
45377
26631
52514
36220
37010
21211
9378
17089
8073
17531
30091
41940
30568
5227
25446
45458
30237
37755
4564
48619
21901
20133
7604
19188
5991
23882
51022
9600
16202
13763
34894
20766
6063
28841
34174
4055
45026
14657
31151
17415
3146
2758
27411
6793
29573
11527
35106
31115
304
12153
6611
28797
31583
29258
48974
2042
50258
37462
3264
36285
538
7234
26122
48111
12887
15245
53215
49183
15028
31034
6433
12689
42766
26992
18849
4353
42193
25165
18077
10961
26773
4818
8091
10196
18863
47180
16153
17532
11688
25502
27263
23105
40312
49337
21886
22650
4403
16063
52847
43364
9281
39020
32254
21279
29998
33309
21466
23240
12511
11049
42527
8759
53481
12580
48169
11081
27902
22648
17769
12249
50260
23901
38230
9964
11136
29572
3293
52657
11845
33968
49095
18184
11413
10048
23729
19263
32669
19363
52800
48398
5224
16507
40392
19311
15186
10742
30551
7678
51365
4577
5984
35029
35521
33601
2541
26064
9231
3364
39479
18414
6554
9233
676
21513
17252
16536
22383
39874
16806
34150
21877
529
28982
18811
19657
30818
44842
41143
47694
48575
2528
17676
44108
43129
8851
3505
34804
53353
8990
8452
21732
40734
47287
23623
20281
16620
41446
40237
42437
38730
50323
13158
24093
34738
26654
39043
27293
9697
13124
18439
44706
51745
41078
1086
38181
2850
29979
40806
28231
48761
4568
49584
11609
11834
45375
48047
44130
20580
11247
34456
44237
8793
889
45277
27575
46492
23334
21743
29777
33223
29561
949
31528
13039
10523
7104
13881
10316
6732
40600
40475
13219
4438
16810
4264
29483
12414
8686
14919
19997
32113
7717
12818
32112
13044
16927
8231
5629
16563
50319
12443
4319
36683
46203
46501
27588
19788
35459
12192
8886
52267
44745
24679
1106
22007
41567
3789
49785
12302
28455
50858
52048
51302
27032
6065
41882
22796
50272
53011
928
46082
42440
7050
35377
39262
13583
21092
26727
37303
46431
27440
44759
42577
17733
10642
5729
12784
21403
47194
13148
3107
53177
1084
9693
45615
29541
35926
14061
4431
2487
17174
15288
41752
3704
14001
11059
30295
16755
6612
2923
35033
49906
14205
32050
29429
29399
16220
37257
48222
20720
40154
40669
12907
44196
12316
5004
35021
45844
25634
12976
32788
20715
9452
14176
15803
43181
50400
11395
42936
3249
29696
32177
3513
4945
2533
302
10136
8596
25644
15060
39800
6197
702
24832
26972
21975
16947
48954
27579
30570
35928
42294
22321
8895
45072
26230
45484
31624
50634
9143
21392
34695
28954
35593
43840
1664
53360
34614
9596
13087
43834
7076
35307
9846
1427
1478
1220
11193
12535
25254
7819
27704
16139
44328
46613
34518
16366
4443
44160
2952
33940
21867
45137
42346
33061
35967
27552
16049
25609
53615
41644
45451
16241
28402
36441
14889
2551
6928
9467
37090
835
24718
35192
17553
22451
8186
4851
30243
4239
33562
26455
31160
40783
35896
5575
33083
17410
5863
48114
14995
23966
37320
48869
37136
10191
730
46971
31667
6244
14556
49008
26015
21583
16547
26596
47136
31212
7998
36227
28477
10512
43452
24577
30050
19205
43696
29921
23937
20502
49465
39846
14599
13634
46482
3461
10337
44900
21534
3039
21258
22235
24819
25587
19036
11575
44567
24000
21776
32093
24004
19512
14777
16195
51464
28695
6503
28668
42979
47609
44381
28935
45697
22202
25092
48638
21204
4956
20939
19582
29890
9366
22193
25106
47144
28361
50647
34931
21106
28849
6502
45513
38498
28804
48669
16148
39956
35761
27462
27089
9764
34599
33695
52771
27757
6071
9198
9458
22630
45069
23368
2990
21361
15632
47252
50324
19821
37375
46030
41099
31707
40951
39900
33787
11789
4662
13131
2338
21215
10326
2028
24396
21733
42498
15956
48846
27640
28703
21591
10479
27066
51152
33278
10087
13354
25290
40763
34184
52436
244
51172
37445
25840
8056
20780
51529
38015
24499
25482
52402
2242
26350
45255
52909
8072
29295
12
38522
18109
7953
25490
37208
33560
52823
9637
11522
53942
23475
11406
26133
31720
28074
7669
42529
42542
1179
35343
45382
33685
44008
52983
12883
2474
8681
38588
11207
48486
4899
18945
37573
5570
10561
21979
37963
45370
48501
37580
46359
35949
36750
7949
31425
22669
26917
14609
33281
32038
32885
46064
21052
46110
17442
17326
27504
27737
14461
26892
39244
15840
184
53914
46669
14663
49903
4776
39640
4017
29209
35093
45290
35649
43502
30180
13160
37551
49300
85
49137
41774
18138
42184
36171
7023
11735
32230
39136
45445
40621
21274
48055
6571
43159
28232
12913
52356
39511
10466
29300
33157
11015
39827
21607
44923
36808
8843
53764
16275
53139
7847
52792
42665
52041
33944
30339
40332
48522
18060
8446
30931
43247
47720
24509
1229
28870
6717
46197
22345
43667
35667
47716
10208
4999
27356
40677
23159
49374
49494
12847
22237
5718
53021
16304
51164
46800
2777
10073
5785
808
33178
44448
1034
51155
40364
40079
37696
20370
1331
43803
14924
439
1239
9024
31153
8540
4514
29753
1807
44119
52654
4124
32068
51776
34698
28029
16867
44875
45060
30908
49405
6758
35368
29079
40926
15753
379
3926
52618
41416
53916
52276
48078
20827
13212
22069
34927
11610
22429
43079
42231
13780
26663
40775
7931
17858
25330
22566
45394
22676
16653
1306
32970
50045
45146
52564
15679
9202
25378
1081
12472
45281
34287
51882
25142
4464
51219
36173
16804
33963
32779
12776
42284
50636
47755
5142
20236
20398
38093
50870
20320
2998
7363
36703
14331
48621
37664
24575
50552
25054
29093
12514
32566
43852
27022
1602
32935
50565
19454
23979
3000
9951
27526
41828
9957
52809
35285
40619
29248
226
31050
25133
48024
41273
24143
23858
30299
11261
28892
25574
2707
29143
26806
15612
14954
48149
27443
44176
33409
49804
47679
40181
53450
3821
18712
11096
26473
15499
3534
42476
11355
17579
2230
1333
15691
39385
48476
40671
8920
39675
52350
26010
24478
5109
11240
22117
8628
14003
41917
20972
1359
13297
32915
1781
28136
41756
49969
43158
16054
41822
17270
37143
16213
38211
1418
5121
1480
34793
50667
11602
39925
3912
34549
8281
7584
47930
21876
19722
42155
47793
53859
25992
2098
3158
40862
37020
23330
7374
48922
33462
37475
49881
19593
47813
4459
5910
34428
19768
40579
18243
22315
42712
16124
546
10324
39420
18984
14194
10669
21606
2236
45400
44799
28777
9590
47358
6877
16643
45795
17052
41918
14475
14676
44051
13153
40111
5530
41585
48165
36140
26548
44388
52954
33274
47174
51034
41937
22454
49972
4163
44757
26493
23282
816
45573
22431
2617
45283
35308
30812
16406
46057
12528
28569
26879
13916
22254
38979
42190
48034
15713
40784
806
13908
41908
41869
18525
21539
44607
5786
50191
4983
14796
6780
25521
13751
30225
29136
30284
24192
7644
30064
46849
9245
24179
3135
47542
21971
9917
293
16784
23313
44513
10421
10429
7666
27477
25565
3273
24209
32360
522
34764
32246
41749
43471
44577
19551
49120
12866
18818
30857
28050
1923
34092
30883
34933
39863
39291
49316
9107
45101
1633
44055
31266
12260
13089
18251
41766
5880
12011
52124
43216
46575
24675
19761
21261
40311
37610
23651
30302
16919
47302
15081
19085
9550
8771
12225
52449
40770
6361
31254
12187
5170
37360
47749
884
6885
39838
28020
7826
20585
11653
39342
50488
34227
43945
13755
10381
122
35992
19549
3523
6064
2792
3904
46705
43356
22641
24681
46433
10925
50016
9096
33978
44137
32596
19047
47796
44333
30433
41341
41388
20276
38897
14685
32423
35771
7602
14145
52510
7855
34667
11696
27720
30286
35756
49789
17865
28591
33419
10873
35252
45591
10922
2330
12819
33049
47748
23988
27221
4141
29866
22308
33615
12489
34404
27388
5463
23372
1765
6595
26420
41945
47870
2297
45109
31580
15522
45603
46313
47732
20747
1792
5864
25073
27488
5294
12585
11832
3787
30245
27555
50233
18323
35396
32458
19471
37532
8456
25586
27748
53662
45624
40974
2241
6282
44972
12800
11478
22682
15233
51207
662
23790
27247
51226
35178
13902
39177
15383
42651
47639
20462
40318
8505
47196
4329
23172
44836
12318
37038
46020
16585
3188
18061
31811
25809
11916
28044
17674
52290
22779
14085
5293
50820
4657
26108
31404
29244
20400
44341
16295
4754
46224
7114
46533
27251
21407
5378
17754
26316
18258
17038
47573
6079
44611
32657
6739
30577
7637
46695
31328
26902
22100
36152
24978
42251
24441
33097
4890
33150
9934
53868
14147
24248
45230
18362
20734
47290
25585
6316
49769
18285
46201
32609
26870
49867
34543
51180
40032
52978
43816
44430
9050
43965
36668
23338
22543
42855
2793
41161
52813
49464
22939
38697
17580
35031
9442
21983
2806
46605
48886
6817
18476
34721
34630
43338
45126
53565
42571
45718
1625
5904
29420
3174
26282
36867
7053
39742
39840
14574
17020
34477
36533
44284
17043
36606
25389
30502
11283
46985
15022
40736
8184
3598
30062
7942
42888
47802
46877
43459
53266
11725
8751
25216
7415
12744
13842
35837
40006
51592
17202
45337
17967
43485
29088
29006
4223
1206
39334
17670
39764
1456
37986
8719
6950
34172
41125
7174
47722
13930
27838
44286
6859
53076
4306
32517
52208
1190
44146
21808
53064
39987
12837
28107
49444
16624
5918
42612
36991
33788
11285
42015
30964
5850
17975
23746
47570
11481
23964
3592
36540
29183
15611
2407
25501
27732
25752
2642
15088
29517
11647
18480
12107
18073
39540
46908
49196
24465
28086
4830
211
52359
12147
35981
45902
1458
40729
2000
1492
24812
14495
52820
27011
14122
38595
39596
45414
42457
933
29877
45935
17702
49545
32493
3844
1543
44038
36402
49384
40853
26337
16470
31418
53374
6387
26922
2857
53164
24389
24891
44060
23021
11270
51070
43429
38895
19497
20525
51331
42063
33304
19894
25123
512
6154
2037
24696
48330
36667
11931
14272
41728
25526
37279
7225
40716
44287
21072
10244
16174
12792
9832
22704
11209
4395
25603
23355
49113
13720
34388
20452
33735
11901
4600
3397
1539
29480
48167
15573
7461
40746
13359
20146
25162
50064
51701
19268
2966
25754
5249
875
46391
10243
27571
20693
36188
29112
19829
16764
26968
4087
39448
15877
31014
42456
36461
26958
45257
23697
49872
21807
20465
42035
29168
46336
46517
41561
50949
19509
37195
32583
22700
5541
44912
22868
41408
35384
36893
10041
10133
35112
44050
41290
12234
12604
4388
4562
16437
23402
13070
29656
26447
41887
13304
31830
27284
2443
50832
14046
23310
26371
31517
31298
46392
15265
1523
48947
23838
16815
46404
17371
9621
11660
366
25488
17616
6937
263
46870
1481
31427
36790
