2587
23889
25584
14113
16490
11165
25863
21397
37020
573
26419
22801
18063
38019
27567
5227
28180
30803
428
33954
38508
32542
12560
4007
30509
27161
24505
16134
28870
37177
20804
38907
20659
11958
16860
3884
10664
27646
161
31341
18554
26745
29447
38606
6279
24733
13550
14633
20904
16080
13669
15038
23690
10924
6024
10122
39069
3149
2278
5472
39422
40320
6195
28260
3726
28714
12953
2158
4311
15709
11239
18194
8895
17329
40075
33160
26305
24426
20809
26374
19838
16149
38075
29791
34477
32203
36585
9598
29953
24557
16878
18135
34097
22059
35472
450
40445
13169
34665
8425
37044
7593
4451
37045
18980
24466
37841
30939
37532
9393
22562
9053
29808
16393
29712
23775
12663
38549
28140
39150
18347
17714
40650
14480
9254
14108
30134
1591
9776
10956
5006
23899
33270
18434
12139
37370
8084
31001
18804
39060
36410
12335
23981
12551
25319
7988
26350
14930
32020
29588
13196
40557
10377
37436
32185
1093
38227
1890
40668
20620
338
27036
18564
18646
23687
36097
1081
9839
2898
34468
28379
17126
19801
19763
36252
24731
14678
9729
2237
13522
26431
20844
5741
27990
32317
37675
22472
36340
11925
9654
24700
13592
36119
11498
10065
3764
38694
29509
14654
29209
1510
17799
37387
21225
6365
3802
38477
10408
5938
33471
26929
9092
13456
16001
15233
5335
36826
2612
14110
28619
15270
20755
3261
16770
19360
23116
26874
39004
22839
14618
6673
103
27413
7184
25611
27681
26205
23105
12634
14497
19933
39822
13256
31876
30606
30865
15968
32786
14263
1377
23226
21807
5425
12030
22844
36998
11326
20376
21900
29873
35645
7367
7055
25202
19715
28719
23442
17089
26086
15896
1662
16323
33456
17753
1526
31523
13135
39020
18253
37669
1374
36260
31401
3076
29575
35423
24758
2997
11814
13576
13544
12836
40189
5996
1421
6986
18457
33291
13439
8317
5113
6324
3977
36868
9435
7021
37144
9007
28705
36857
26684
12554
37643
15075
35727
3745
26138
34451
24884
33760
31051
445
31868
3052
17906
37115
27540
30568
23006
26893
15301
21950
10965
25684
34782
36484
23804
18467
32589
775
31756
26131
18387
11182
36021
40001
31270
37377
482
32264
13406
27841
24469
19854
15856
1102
6668
35159
38568
34370
266
11002
13611
29852
9768
40095
25110
7264
4183
11174
12730
20861
14624
31618
28446
17572
3494
24799
16613
19185
10878
38165
25382
22773
36507
24943
25002
3717
20138
17919
20735
28772
7193
37346
7154
7274
27963
11106
26401
24096
29861
38169
23633
1833
8747
1734
26621
36137
11408
37641
5654
2290
6056
2752
20445
8316
34586
5773
6418
6748
9953
30051
20444
34208
23120
4842
8926
10402
25632
40300
38922
15525
28015
4481
14771
16430
12422
28454
5418
13285
8850
24300
12453
26009
7019
32711
2349
10369
10657
2916
40246
1529
38616
28639
14655
152
29194
19175
24052
15953
372
399
14984
37749
33009
22786
8209
38913
24202
14617
23310
9136
618
18652
40115
4169
23409
7776
36290
40569
29375
32023
6052
6990
29331
32977
11696
34303
29848
1545
12747
23134
4632
16572
25756
12269
2116
39443
20255
34459
11273
37017
40736
8761
35883
5896
18201
1427
39907
9716
16649
5176
12998
10357
9850
23436
29520
9137
35996
37419
11843
38895
29371
33334
31130
8831
38009
31233
40481
27745
35593
21662
33670
22718
17068
15755
28223
12439
3876
15106
3514
5862
32176
4628
19279
31153
1674
27010
11297
24941
8980
13180
18410
32353
31712
2259
27208
1284
28284
38154
38620
38278
34292
9327
16698
16223
23386
20362
60
9976
20567
36663
19445
24054
19502
38719
13330
24280
32046
4194
31321
37912
27896
13197
14345
28668
16627
36316
25494
32662
8566
30083
24818
36268
7635
13251
34899
15368
18895
13129
21426
23688
8502
24908
7226
15637
20327
12188
10807
19090
40059
36093
16803
12593
27698
38402
5811
24214
29577
6033
36761
7819
2199
15945
33492
34104
33319
38292
39654
5253
24670
16919
6856
3201
20841
20748
21525
5701
20772
10697
38047
35163
29116
5152
20057
40757
18066
38443
37801
32860
8441
35460
14178
6803
3741
1046
38807
21529
34580
10993
20150
37512
11747
37896
6977
30074
39579
33431
26141
21256
2924
17025
13901
31157
11346
34189
14731
24089
12277
4417
37036
36122
8715
4227
17035
25118
38003
17196
21332
9693
7122
37150
16114
38994
15297
5214
23110
28869
2398
35802
14013
3019
24737
38672
7216
32075
21889
531
32609
22151
488
28259
22687
32623
598
12868
35032
14714
13208
35055
32551
23720
14182
39208
19523
8560
17421
32189
27241
15600
18854
29517
20290
39831
34570
6100
18687
10219
32493
8554
25401
12581
3194
30000
14643
17016
15299
39640
34038
9958
13777
28350
9548
36556
19826
1098
37723
3798
21167
15289
16718
2182
15062
38014
38235
5240
12914
10699
37837
5055
6853
24506
39448
37686
21228
40004
33195
26241
22189
18488
422
24215
2636
9313
1028
3792
40648
23026
14012
9975
3044
37493
19018
36823
4244
2485
38305
1513
32276
16111
30377
33772
39117
12846
4998
29860
27488
23636
37564
26643
12230
21872
39452
22688
4750
23691
19266
7397
12080
5488
19176
19169
8678
31644
9228
37678
23051
30431
26157
30486
18119
18580
10933
31527
33385
1767
8445
30570
5813
172
2238
16536
39178
37102
8079
27461
39562
34009
3713
35474
38152
2102
11494
19828
848
27565
16734
29438
35312
39327
19403
10650
22911
6849
5142
26221
9544
1578
7846
1610
1774
9292
29967
4256
28599
27570
27263
38207
8262
33574
182
14336
20635
38866
27031
22155
18059
127
20634
36733
20050
28427
20622
21006
11503
10235
3040
22761
35520
15457
2082
11218
16693
20091
28563
40818
24403
6255
4437
2456
33333
32920
16355
31235
19389
9585
6107
37797
4062
481
21733
28985
3058
19683
35551
24293
24708
35638
24911
8835
34260
20965
38634
16451
13776
3026
7959
10171
21675
40166
12413
40313
3336
39462
19437
34175
11194
2963
21271
6652
19020
38764
6790
16062
39245
33176
34277
38820
40298
18567
39543
13679
26851
30899
13605
18798
35687
19975
14066
9878
13377
15762
14524
30895
9027
39434
7731
28538
32716
8221
2208
13694
8214
37405
12662
19979
3760
24319
7834
3869
26481
14943
19675
5683
14337
29677
38573
30160
3662
38805
11438
16298
23937
2178
9407
33618
35810
39737
8806
32659
25923
8537
28151
30089
15519
8109
33056
35829
33536
2698
30006
13980
38867
19008
19865
36692
4872
36040
18706
18400
20950
12968
4034
10056
37290
588
18514
34359
6270
17815
6121
18847
25771
24325
10276
40501
18601
16550
17156
26155
38056
15046
5536
10366
30798
25297
2730
2477
36681
26042
35651
14088
15029
36588
36274
14652
25321
20136
2605
26910
5550
11379
40327
27694
36503
19712
19081
31227
16299
29858
9120
40188
2678
3099
11012
17567
19158
26365
2215
36319
18068
2771
21326
24313
28115
40024
18487
30727
9365
3469
8386
30777
3563
1663
19993
40373
37312
33371
28409
21905
7399
29167
11702
40199
10205
22819
38233
34610
6008
9860
16051
20577
7268
12086
16782
33198
16910
11163
776
10545
1223
31165
21824
1248
2718
33612
14499
32525
1060
28907
7601
754
1515
33217
19233
9617
30696
35226
18137
4958
26735
2055
24904
33589
20415
26496
1829
28600
20104
20399
38486
23877
4401
30886
11214
27731
30363
33716
2745
40768
24410
21874
10740
34523
8768
30206
14836
19861
28928
30960
25979
9694
9552
17426
38131
694
331
33147
9050
39954
17891
31331
3746
23341
9200
30352
36283
1053
33584
16136
27782
36972
33134
32239
2784
29657
33254
26623
20746
17732
30211
111
29329
12617
37381
22858
14075
30411
31979
13935
33128
29152
5614
9586
30530
40176
9342
15466
9375
39119
8208
1379
6806
7377
25218
22948
13965
18420
21226
13629
5302
28812
19596
22017
25635
32548
5685
13414
20896
14038
18890
24146
32517
36912
13853
40395
13188
12890
22456
16898
32628
32226
31196
30434
12265
5134
35137
29726
37375
4424
10994
18901
22890
12276
6420
35188
25641
27916
14933
19927
18231
1019
58
33784
2939
9605
17551
528
1393
16506
3499
24839
14579
4829
22650
16246
35138
29502
40534
18061
4453
31238
423
17863
30150
16754
25054
13053
20371
13559
533
34465
14115
29567
27942
18000
34966
3157
5020
26248
1684
3805
17593
8702
36061
23111
26438
4078
5758
37798
15439
3324
28072
34505
4516
26422
8018
13063
2079
16955
39521
6469
15070
28204
236
4987
30556
35870
5895
14744
3172
10817
23024
11089
35744
36111
38505
37027
25781
10345
15241
35791
34796
36078
30784
10590
11086
18014
7672
37958
34284
37079
27868
8354
16248
12261
5781
35987
11932
11409
32983
14017
18219
24278
35241
12341
33177
37162
18191
26584
6368
3129
2923
9870
14128
24697
20948
17798
5409
16182
14782
21438
35896
34649
36292
6772
18027
28342
33060
4166
25112
28554
17687
25093
26324
261
21457
24952
23741
8412
13372
7370
24835
11219
6543
5305
14304
38643
1911
4542
6997
9432
19637
10406
34743
23681
6245
34051
11906
10599
36207
24558
3298
39375
27566
20671
23260
1971
19344
19553
28915
26292
25574
8205
33527
3178
31488
28997
35181
17626
11894
26061
36787
2324
16991
20757
39113
39914
28052
28851
20929
1074
15074
615
2201
28898
757
16249
18221
24963
1875
36092
10443
3607
11993
1906
9641
33121
8356
40000
34964
8785
20179
13608
29813
14705
26425
24774
84
20902
27206
26358
15821
19897
29333
24672
21221
20333
33370
801
32839
33105
18528
24116
3066
13645
13982
38684
23477
10496
2780
17930
7795
33285
4776
18990
25444
39132
20056
37575
30440
30295
16600
38303
22453
40358
29590
28221
34871
19003
15923
1146
19887
8864
15925
7823
35111
20998
38277
11661
13210
33769
17695
1936
21336
526
12465
29054
10420
11260
23470
22066
1197
11691
33557
9308
36406
3681
39530
24198
20143
6161
37199
20687
7341
20302
14862
34476
10672
6352
25477
26380
38753
34721
16250
23883
20140
2230
35491
22778
4714
4010
9587
32531
11004
18897
20394
17859
40561
4905
26807
35003
19922
12384
18875
24601
29012
5783
660
16000
20501
7549
5000
35814
193
9299
895
40342
4002
35618
12260
14852
40153
11951
10799
31578
23127
13660
5078
8418
39768
15987
20423
27217
26615
10072
36171
6618
30538
36420
10278
21809
16468
14795
15471
34983
26791
16033
9398
12301
34445
11371
15786
5628
31206
15906
49
21669
961
18440
23946
3769
30841
34340
35187
10384
21421
36148
9329
17547
16722
35855
14322
12937
27790
15400
31713
28496
39014
29607
17261
4137
2506
33507
30597
241
31399
3906
32348
36792
12322
26736
13024
5307
19181
23178
22167
5692
35026
1459
36908
5379
12720
40530
3765
40219
9855
10291
13498
40082
30322
32235
23344
28949
22882
14192
9527
39561
38314
16372
11005
75
38788
13181
9118
23027
13714
33525
12850
20783
34707
34738
14270
31710
31457
9258
32182
25091
18378
29948
32975
8119
7025
576
19593
13587
30009
690
5080
37123
25985
18171
8159
863
3853
20987
7773
29420
21393
12282
8691
4176
3193
33736
5445
18471
28575
4421
21348
8977
8173
1404
8939
37059
6743
19346
23550
31640
20615
12064
15236
39419
39455
35735
672
4152
27204
25951
36058
31978
30385
36619
34970
27598
24824
40363
36883
34608
20356
34258
6261
26474
10567
18375
11754
8549
19972
25931
17941
1117
22412
30041
24310
20605
37844
40446
22418
5855
24430
2824
20261
23038
30782
26755
11052
22350
39321
13440
9653
29243
873
24117
27787
37084
39832
21363
10507
6558
11919
15173
38582
7211
6665
23491
15306
15616
23190
27941
27981
19423
6978
4161
5185
15728
15932
9708
37848
32365
2313
24816
6014
32870
6664
17968
34859
4861
39816
11488
5689
20587
10810
25424
27838
36130
36519
28022
30059
23040
4357
2234
27018
11571
18276
27456
3861
5671
10444
22552
4667
30239
4296
19531
13975
37680
10447
30993
39134
29644
500
5914
35
19498
1270
3192
21448
16665
4585
23313
7076
7770
39427
6954
38856
39890
12994
38768
11599
9321
6536
14438
3265
34150
34098
3238
36856
1079
18300
22131
40145
20533
32556
31209
34356
11781
11413
20900
12872
11687
7884
12966
15296
36755
31991
10676
37640
26171
33369
30519
19293
21376
39289
35957
4529
8927
9091
35352
17583
7065
693
17469
40800
29191
10256
30618
7037
19465
39486
39430
8657
14131
11606
20738
30421
37270
7893
8844
27274
22170
18818
7378
1901
15848
36434
32077
6129
802
16389
23210
37416
39581
37266
34630
37444
36409
19578
6193
19168
1030
21264
6037
14348
7395
25251
113
18306
25932
38088
1498
12677
4460
22172
27419
24654
20039
37849
2704
3554
26967
10515
6800
19834
21493
20487
3615
20094
35358
30035
34120
15832
25194
10114
31297
12522
19612
11623
1948
20230
35580
20049
33441
31388
30966
7772
16387
302
4079
26039
33779
32250
33220
10792
6612
12082
16601
9481
26486
23707
21158
38230
7913
30467
11031
28497
27055
38952
27839
29931
27730
14262
13061
260
39953
35061
26179
17305
326
37774
23774
37942
19109
35466
29488
9718
31000
15119
30161
23209
22424
5056
14658
39770
28481
32572
26583
34540
25508
19414
32758
11275
11944
5808
2549
23157
39752
5234
16533
29908
31023
15533
14832
21922
11684
38947
6791
39202
40038
12690
14081
9210
37905
17174
29328
8909
3525
35606
31295
35468
18121
14229
5294
10031
12891
32433
28753
23146
6436
10146
10474
24855
16356
16805
2987
16942
23020
200
26369
9580
15150
4394
33483
39711
25792
870
17652
33596
23108
5120
8618
9108
32068
32338
27536
12514
14233
5761
32221
15265
8661
975
1522
13895
17564
19251
32349
28525
8799
18372
39365
2982
27424
33731
31775
3195
31976
23441
10003
39820
34060
18233
37448
30240
6423
11784
30366
7203
11504
7509
18775
17889
14324
10021
12505
13459
23435
25261
18004
39019
21592
4270
31744
36892
4179
15132
3904
11230
25913
26998
28150
9673
7204
9043
40696
8105
13390
8016
6116
3690
9640
34184
15423
8211
23980
29335
34690
23647
30203
16694
32343
1320
39932
12038
292
20608
27723
25858
33498
27692
18499
9465
18819
37458
35095
4796
6366
28909
13255
29293
11187
8373
9643
36475
15746
30186
22427
39512
29261
21604
24578
31651
40592
10365
28948
17075
9056
33877
28901
4193
12117
21562
37238
5542
39288
30403
30380
39851
10508
15726
13805
12507
31159
40343
8780
16913
6971
17396
17420
17367
1367
35573
31947
6048
25025
38244
24279
35552
25672
22899
23075
7758
40560
30125
33310
35145
36230
38666
21048
19246
6678
19615
955
8882
40408
21921
9269
23248
23517
38013
12428
35588
35392
3586
28102
13839
14763
2059
38084
34194
28861
40476
6248
361
3597
26787
3645
39294
15568
24125
23200
12912
16293
14548
20953
31148
25517
10707
8921
1681
38860
8488
21112
26062
30824
32643
8760
18950
35324
3755
35014
37404
24042
36714
28270
37646
26976
10836
16765
3162
9436
37810
1555
22867
11380
33489
21052
32427
18120
29562
33722
2437
13735
33888
27376
38039
11475
5250
20560
34884
14121
20632
8809
27993
10454
36842
11487
33558
38339
8376
22569
34592
29487
24647
6685
9045
23986
21556
40772
249
10774
8917
18458
13139
24864
22504
19740
9253
21480
12250
18178
11558
27568
25239
32734
38093
18627
29159
9182
12553
6630
7095
15850
29857
13236
33133
12204
24667
36023
36884
17112
20612
36790
39944
13503
29500
16454
37176
33317
17896
33644
24227
11853
30173
7934
28019
29871
16379
10764
23089
2929
163
28878
24594
10449
458
24059
8315
885
30297
19471
18634
2948
32384
24195
4486
8602
29529
12168
22420
3935
28338
30901
7623
20778
31113
24927
36047
8374
28139
1380
32699
7496
23719
22014
34706
14483
32880
15846
39996
17087
11361
475
7904
12091
23056
19027
14990
37156
33757
24241
22233
33415
7062
37860
15186
4781
26124
11071
20277
38707
30010
33560
26551
6489
20339
21424
12639
22101
7186
29490
3363
39588
19075
27971
27930
20921
18446
29118
23998
21607
4572
28222
27775
24438
27378
35835
550
5690
20010
4952
38031
40111
10359
22981
15037
2691
23605
26762
31571
9836
22803
11934
21498
18908
13583
10355
31800
36593
29187
8293
20763
29944
2690
20510
27803
38326
2298
3414
29125
532
35096
3989
10246
14895
9808
13819
14780
9591
38050
35085
21682
22183
3043
21375
2315
6755
22498
32099
14376
39234
12370
40339
9578
37276
10916
31243
19171
11629
6647
35597
12394
38716
29204
8158
26744
31565
35830
39595
23886
32639
29536
5211
17818
40461
16707
14024
14809
14223
10588
8561
18246
38904
30272
24145
30549
3104
150
1456
36243
27212
18032
21510
21714
35190
26507
15379
30414
3256
32053
2132
13866
22041
27703
36879
27382
14772
10890
26513
8384
29878
6015
4748
5994
38187
23083
13625
17772
8180
11771
12046
37913
36169
29459
22693
17345
15881
24044
22490
8505
40837
586
35243
35370
23211
32929
2692
18530
34569
4281
21626
15635
19371
2235
25197
21157
38932
10077
19373
22757
39574
7740
1275
10927
20151
35722
25627
37881
5043
10381
32459
21942
4636
17128
1400
24387
27259
31447
21247
38037
25131
11697
27198
30985
34121
12535
10482
7424
28650
2378
30688
17067
23555
39336
22686
3345
20164
4222
22506
22016
16045
9159
9019
24541
19650
28460
40843
11074
369
5693
18028
40016
1353
6763
13470
1759
7821
25722
40449
31722
23653
3857
14580
4679
7599
7605
33354
31352
12118
25919
24365
21892
28225
9925
277
26515
12042
18647
9793
13475
17774
14745
36558
30712
5529
31662
5168
30466
39849
11400
14329
3183
29206
6334
31072
39441
20344
38132
592
18102
26556
15733
11253
25742
19969
32981
12940
11059
34798
4249
23085
8142
37326
3295
17199
40532
18237
38257
31607
20354
27959
26691
19584
39878
24216
5217
30034
38886
28090
7375
32310
26095
21817
9559
505
10963
24970
22366
24710
3617
34329
34906
29958
12680
21613
26236
4869
23646
13350
11019
28846
36391
11456
8185
37688
22389
8824
37933
15685
7149
15260
34216
4058
3158
30031
34865
24863
21593
21000
12088
23438
5889
20486
21996
32540
13626
27808
25944
20723
34124
15004
3112
38358
7982
10822
17163
7299
97
28343
11145
37359
26460
17867
6712
16388
7615
33789
29665
8438
30399
15451
27678
19150
2287
34558
943
18254
16262
38431
20095
11353
39975
28633
21029
21150
443
8342
14447
13915
35009
7340
28977
31504
24662
8124
12860
31257
35454
24694
26311
4761
39265
512
25334
20228
6540
797
54
28951
31726
9143
28874
32483
25624
12420
7305
18478
19056
8048
19282
21778
10423
38262
12899
35763
19191
9208
5264
19503
37304
29134
22606
26985
26180
16326
27187
28771
3964
28834
33301
34105
31002
29741
40223
25531
5779
37870
15536
32455
21718
15139
11441
7386
22405
3777
27939
22723
9889
40537
29893
39051
34606
28888
38258
32843
25381
30498
36387
762
32233
18275
14892
17761
10718
24194
26145
19273
37826
10702
17360
22777
7403
14749
24182
22818
32281
2868
13433
7053
298
33440
542
21103
28910
9328
34904
23571
2405
1754
12176
21469
31910
30713
23560
38902
9871
11222
3862
5441
26650
37819
17862
30651
20588
40452
3002
14785
4207
21843
23666
17054
1609
13933
15111
151
6584
9157
10742
34837
16557
30931
25542
35807
20315
31849
11477
7667
22053
12150
7004
37495
9869
30553
23293
29887
34731
11421
24806
21573
39386
21665
19513
25754
14732
36795
14605
20572
15714
18845
5566
16146
8453
11985
3416
20919
27250
37227
31408
14414
32822
20083
6115
29868
29833
37647
30702
7606
14116
23904
3262
29837
4470
19783
20740
1032
20286
7520
7468
38288
9496
2239
31888
3349
22006
10115
36096
39888
8055
33776
19341
23533
23466
6661
2374
39191
36006
6663
37527
25046
3493
39377
12821
7269
15331
33940
27711
25679
17744
26409
36474
32369
6585
29437
28394
33907
7446
14107
7314
35681
2934
4793
20884
12203
36113
457
40824
24017
16631
28611
3074
4523
26463
14757
10092
29040
8468
7862
6972
29683
35785
31152
14788
8410
19634
20639
16220
35992
20885
34391
3757
31598
29925
22868
20868
25571
21587
16982
37533
3661
9820
23087
34836
33639
32682
34927
11649
19631
8681
3012
12862
135
18710
5789
25369
28041
26290
35274
21197
1802
8019
25332
6756
16976
18248
12351
7780
26254
11575
23801
2377
9175
33555
36082
17179
2033
37348
13185
35919
31990
36580
8283
38432
17724
31822
23018
4833
12337
12835
20153
34302
31
35013
15362
5665
21300
462
23826
8841
25705
6546
14491
12709
27267
40803
25414
17368
19343
22636
4383
25138
14204
36139
11902
1913
10208
22031
28797
5182
40114
33925
7221
23410
30501
28330
25345
22531
2434
11352
40462
25600
27351
28367
30520
20753
11244
21719
15675
37536
40690
24779
23219
7728
13042
5866
31122
35971
3167
18832
9180
33631
28045
13526
27099
27406
25338
16902
24045
38875
24519
11858
7448
34267
36612
30778
37423
16905
31319
6656
16974
29729
1249
13117
26914
29714
3135
7304
12888
20943
1205
32710
2593
5997
9266
30484
12326
39508
37431
6802
18731
36630
40669
5777
34893
23304
37904
15607
26763
24159
38067
11811
25817
30602
31998
24393
38342
24
25068
27360
34343
5704
4000
8252
10407
21652
20426
33892
32601
19859
14435
25006
34980
11534
30870
1923
3806
28236
34461
8413
10106
667
17193
34611
38111
6998
22289
9478
20369
24051
12938
24418
21232
1599
4699
27576
9778
27877
25357
6509
9659
17276
15193
35691
26280
1133
16276
12473
22011
33708
4411
10188
38046
39484
22554
23596
6751
6550
24997
35874
14581
29027
36083
33090
13606
35320
13071
23478
2518
27913
24833
17553
26596
13910
33362
39111
17251
5607
18005
18811
4374
11544
26743
8302
39596
28124
33682
11358
38197
13720
35157
21974
38083
685
19689
20665
1420
39726
23754
26031
25465
35260
32557
31807
29636
5112
5396
9807
40766
33792
11136
20442
26595
31499
983
33944
33809
19860
31959
14560
36341
31474
38035
2822
9485
38414
39708
25235
38452
24714
40851
10074
22222
4519
16687
36933
16886
19455
13580
827
40738
5319
10986
2978
40831
21698
37665
7747
30849
3831
28919
12616
30362
25936
35798
25922
2630
17712
15815
28666
38838
20637
8873
31363
5530
36437
39116
31171
38297
29672
25654
24487
2141
2048
2975
13938
24448
4812
8571
17656
28550
39535
26902
3222
28960
13281
8320
28122
27457
7189
18109
39709
6264
14035
28871
39300
27289
28402
33947
38556
6847
6928
10885
24740
26199
3844
19298
11374
32486
31423
12961
35993
4162
30540
19672
38370
29188
2922
32208
12518
20986
14244
26315
14226
17948
9505
32625
25472
8415
38948
4306
12290
10724
15887
5642
1651
12126
5015
9948
30890
38884
22870
19501
32368
19464
10781
38615
15996
613
40505
22994
6738
18498
39974
32740
40615
16005
20201
14688
21927
29834
15560
5934
8606
22613
17258
37451
27505
27743
20276
35647
18537
13275
27361
38809
32751
19245
19549
40432
12602
4681
2988
12457
25719
6
3263
8774
17390
15378
30056
9688
36269
14883
33677
36014
12291
30033
21767
33179
197
12569
20384
28741
10118
31671
22296
16521
27385
24352
29615
13392
16928
29617
37642
18898
3816
14720
31230
4943
3323
35060
6297
12824
38226
40707
23090
2582
13529
9514
22896
35587
13624
13888
4400
17534
10102
11257
8190
32945
33577
34805
32855
27370
17470
38268
26637
18776
16766
10502
30400
35833
15094
823
20219
26833
14429
23346
9344
14891
39237
3874
39544
29197
8357
39345
36173
502
8401
26559
32677
35052
16915
9665
24589
32889
23353
32033
32398
34571
36324
29821
39984
993
1919
10882
18810
7712
21861
6268
24244
5980
37769
7265
30847
32807
34293
20566
11315
19613
31538
2478
38557
32621
11426
18419
12969
26537
3594
1841
11043
28685
27079
15893
28227
24102
20966
33357
39903
27175
36051
40065
20285
12736
18888
3599
8652
33652
38560
38695
16466
23287
20657
28957
901
1894
16285
34700
5795
26470
4333
14382
31735
26986
14139
35793
27232
40637
3929
32423
27805
23362
29055
39675
21671
18592
21205
36350
29733
28534
31349
9411
14401
17956
11021
16215
11506
621
5223
15737
23561
15576
1338
35434
38530
33594
23509
28835
1665
4217
38
16186
34946
28738
40639
39727
25048
31283
29768
19139
25145
4898
39674
15537
30725
6522
12622
38665
15124
18322
4407
18923
19660
23984
14282
2038
23961
19699
14469
39147
31881
9295
5744
36672
30048
23701
36329
26018
6899
24973
55
9534
2928
34668
30215
40230
5732
17776
23326
5370
1260
3688
18544
27334
5830
11386
6783
9082
995
34168
38162
9581
22683
12297
35490
18760
23735
25190
15564
35196
39648
18886
15920
11111
19733
18913
29790
39368
14042
29933
29949
18140
2572
19332
9099
23784
13721
35718
10577
2041
3458
8023
4537
11514
25827
38535
2200
7965
31042
711
12105
17830
38256
14635
33836
24196
22337
36114
23738
871
31823
4425
10692
16085
38385
25022
37452
31859
19668
35099
31939
23036
3008
9340
1930
13435
12582
465
16129
36003
15823
28048
23786
4449
7504
20425
19439
40771
28991
36679
1017
7671
5713
10700
35590
7820
15803
26283
1671
21703
8328
26021
19510
17192
7775
36115
19398
31276
17749
2992
34651
14922
5916
32725
26427
3565
16656
35349
18384
1264
23789
2511
9166
34453
3182
15609
11648
31902
421
31915
26338
37254
18719
9416
30804
12469
6282
12978
17727
21972
34907
30893
31420
17084
24546
30339
3926
25533
35736
7302
6796
953
758
3936
12722
35462
12097
17718
3738
27328
37133
2757
31432
9251
11901
38225
4521
22546
22413
35087
20766
28740
25663
39569
31579
32704
29354
21164
14451
6823
28889
25150
38309
19573
29217
5444
32481
27747
26020
8212
24389
25680
40743
30450
12184
2143
26289
28688
19124
38463
34753
3367
17296
33505
15452
37172
2856
10163
25442
38118
10607
36952
32115
7964
10191
11954
314
26940
39668
23102
7838
38659
27920
19982
25809
24657
20913
37345
2732
13892
34074
710
17541
28298
31856
3001
28032
19936
16727
13561
2359
17937
28295
38236
939
15506
11446
28930
24437
18855
22397
17726
14825
21523
14344
9454
3609
40055
14193
24183
8655
32076
35421
19588
16570
5398
16638
34500
18280
21120
27715
2785
14639
38920
26357
13123
11296
14848
29990
29792
4548
25201
18599
24788
37157
36489
33005
19602
9123
33797
6045
513
18796
39805
9126
19558
31145
40128
38196
9865
28659
10422
24149
16
24210
9918
14092
14917
27767
38352
38655
17274
40047
7094
4274
38441
37031
12145
40064
5915
33448
7213
22213
4039
15091
16930
7145
3176
17378
39318
2971
31379
2919
11306
3925
20216
34510
4377
40492
18040
30917
5263
5531
28308
29184
26997
18242
28500
32042
27753
1536
33042
18611
12845
17999
34779
21584
7481
28616
7112
16852
4923
34472
1042
21453
5183
1967
20917
22821
23521
36928
23579
21084
38538
30820
8868
4571
2738
11485
21022
7618
6226
1963
14303
38085
16017
38274
20543
39703
10902
16197
29466
21110
36193
9202
23109
15669
10125
15946
37314
31676
4386
33518
15556
24641
32186
14611
17495
16338
8264
13570
40533
38813
27491
8251
9802
15187
40622
6975
7365
32411
33835
29782
2931
20235
7918
2490
6526
28014
22422
37494
23645
2736
31704
10370
27437
33364
38353
11501
13151
36968
35873
28965
22888
31013
24540
36264
12438
9894
654
34745
30537
12191
30907
31109
26962
9530
33917
3185
10096
11127
12028
15687
31353
38555
25662
12755
10316
40267
22024
23994
3584
18133
3467
34925
29788
25878
18588
36241
13355
13201
12943
32447
5053
28660
23389
853
2828
7580
24682
6184
1013
17104
8021
7751
6571
30368
32478
18398
7725
40321
29481
14432
13695
20617
7756
17452
31932
22480
2866
468
34040
17864
37683
5627
16789
23746
10629
27634
3091
33719
15480
12910
18168
35158
6682
2503
22943
24323
27517
8161
30353
16678
19905
36973
5420
40148
5383
34146
7854
4663
1880
28642
1100
28426
9364
18049
25668
39266
31118
40286
15063
37977
34959
2654
5947
7813
36783
34420
35946
12443
12695
22267
24651
36601
16452
26440
21629
20307
12752
25855
5106
12934
40806
27842
39513
10411
16922
35364
31950
1560
17074
28303
7085
11695
12580
26749
36839
36293
34183
24113
19105
33851
29117
25016
8429
10358
12286
13939
5588
11931
9293
2345
22904
40107
30997
33634
28089
31074
3641
15287
27
6606
196
12900
3744
15366
11512
6424
1933
6889
6209
11337
34605
4396
16383
28787
14689
36089
10833
8394
3214
25881
26013
11048
32832
9119
30759
34452
17318
33931
7477
23917
9753
32954
13055
6483
19489
36567
37195
33655
24958
33080
17291
39099
25164
26972
17284
15454
23838
16349
7519
11202
31466
231
8567
15593
24965
26760
40633
14403
11007
5165
36847
31404
13110
9541
40698
3552
27917
8270
4822
10470
25042
19337
33636
27462
31675
25532
4931
25314
35931
8336
25954
7720
26954
18979
21286
32345
4202
38518
13314
20319
22432
21063
20514
36707
33834
21122
37103
34010
29314
36253
31721
30079
33659
15125
17646
10252
24414
26176
10325
15520
609
39728
17842
13709
25376
23565
19461
11095
7875
40335
7330
14856
23453
12482
9791
17300
37861
27225
22895
3466
16418
5342
25167
38347
4974
34234
15653
2791
15826
12815
32491
35894
21517
19178
39323
9000
5421
38498
21897
3153
21564
9031
24616
30580
2755
31333
876
37414
35301
11097
6915
28153
20836
36655
37211
17907
29453
6782
14900
9594
26979
4408
28231
34555
12512
20082
26137
38879
25268
17287
18009
5233
2481
38110
28987
24397
2590
22669
24609
21790
12288
29757
10320
18870
18563
31880
15153
19151
5612
8036
20264
40643
10777
13487
36528
22956
12321
23162
21794
10388
10181
26841
35430
27796
13278
33977
29057
2168
25996
25513
6502
20895
5569
13385
35989
31314
574
33899
7585
34006
774
16318
10037
35510
1525
32130
7787
14412
24664
21109
4510
32664
2542
30627
18914
15585
19633
40710
572
34882
31631
2837
14472
40359
29533
12344
34020
33724
6225
6575
12798
31695
27270
5724
32859
11157
36654
31920
35885
37745
37041
7256
3841
14562
18503
11316
2749
35947
19466
11046
13227
6905
16552
37256
5678
6602
32922
21312
28681
17346
34741
4855
12644
17926
35650
38554
36084
22947
5953
40376
3119
15356
740
18966
9873
17697
20068
5857
10587
15540
33971
30676
31980
1072
27239
6032
25868
27872
13867
30738
15809
11521
27835
2588
31180
3772
5559
6729
19294
19544
9387
27878
35680
25721
39408
45
5108
30277
18015
34082
29383
11452
24246
5637
11851
27611
40126
16330
6484
2310
26667
9692
20458
11121
11882
23957
24768
24109
40582
40362
34467
8766
7505
22542
19438
6238
25466
8087
39192
14851
11601
39698
23286
21853
17442
17201
18149
12090
653
4182
1233
30078
37925
40440
33028
12409
20949
18430
3030
26773
19669
36100
23447
14441
33727
18656
39915
38837
9415
34193
18217
13479
27429
35879
2250
7169
23297
34511
27961
23577
22933
27097
23779
23710
3328
23532
3817
14388
25746
16176
24893
10093
33152
24395
23632
25547
25361
6534
14380
31092
3311
28336
18054
18016
16378
28974
34591
29234
19361
30839
14924
20192
8612
649
26087
17529
3871
40221
27132
17443
4345
16289
4028
8968
8984
26525
27690
36248
22501
11291
32206
19773
11412
12513
6976
6675
10280
17623
39003
22037
21519
15594
22245
2881
8045
25522
13468
31779
11483
432
36183
9455
1855
28360
26070
34609
22138
20806
37735
34100
32851
38509
15337
5349
1481
25897
38478
3228
9193
17357
6845
39492
39296
9489
539
9796
1891
32426
7609
36500
15357
9943
11411
29719
24345
40811
7249
15240
814
35898
31021
39255
13302
704
31495
14814
12148
27368
38982
27561
26030
19535
4654
7610
7113
34416
24889
29565
35698
40407
341
1395
34498
40249
933
2742
27027
9572
2620
2076
31872
7140
32215
30456
28621
18086
33311
15238
3144
35945
17817
25606
14478
5778
29986
34961
24726
6373
35246
14036
21471
9394
14439
1740
1251
93
27999
18678
40713
35794
16681
14887
1360
2491
18578
6421
12440
23548
34066
34096
35790
479
4388
26606
29092
13280
9233
29165
27091
37083
25171
32590
14016
38123
5738
24048
26446
27168
10798
2817
3697
32804
20578
3492
33303
30367
6514
15590
25276
1668
34034
26758
4338
30407
36334
32184
37399
8263
20268
14715
38174
13093
17486
23316
1482
20282
21956
30525
38649
2632
33561
29277
36677
22136
26696
19517
10113
22062
30581
16331
31719
370
7544
35209
8349
19499
7801
9023
39316
16850
37952
18668
35544
25372
33725
17872
30857
28362
39354
3696
24155
21859
33676
14651
24461
24086
26855
34390
31817
1480
16167
38237
33313
32351
26689
10971
36953
67
3028
1769
31992
33129
31052
13097
20435
1398
8997
6229
39501
1939
4825
1483
20100
19284
39593
1624
8940
2772
15215
30934
8932
34481
29364
29883
30567
30852
88
20649
4147
34941
37361
1810
26281
39923
37787
29264
27236
8854
38526
5068
19623
386
28130
14207
28384
24602
31038
11391
17967
18287
12141
26922
24977
7859
21831
22671
4939
27661
29309
19646
30293
30642
12590
22674
6046
37992
4291
26385
19219
23662
16775
26958
5038
14794
18677
26960
38041
3424
27095
37137
24953
4686
9639
28241
17885
13466
24062
9010
11568
8615
35198
12130
38071
15852
27627
30643
32112
12475
5243
39933
24147
17574
157
35700
1633
37865
31759
9468
40396
29320
40133
20774
19770
4887
18853
36121
5537
491
9736
12826
5687
3895
4594
4259
4744
29358
32326
31214
16370
29115
26870
14156
33264
30311
5860
6473
5854
36415
7023
21162
25445
30636
4506
31729
11530
7311
1067
9662
40770
34169
15413
10596
24742
35217
35610
8720
29265
25233
3337
11154
32093
18435
29847
26906
40094
33997
37634
11416
19146
28271
8198
36862
38127
1281
9946
3533
16133
17629
2847
37605
27752
14100
12527
26994
9386
11169
5873
24899
2111
30436
35379
31088
22156
33580
30800
27592
16088
8784
27989
5483
6732
36136
30503
14445
38868
1584
6692
19006
40741
36363
38179
25860
17333
36383
37334
24996
15158
16980
40841
33739
6658
25140
34947
14118
28206
28064
39686
20026
37463
15710
8886
17001
35589
40103
6807
17965
1127
538
20733
15445
15872
10099
24458
16705
6296
5003
38141
14196
19618
2133
21087
6922
3784
14693
18733
18981
15686
15795
33025
816
37335
11995
36315
5229
1904
39425
34211
26933
26488
15180
36718
34485
31391
5285
16470
17866
34509
17373
2789
10653
33966
22068
35553
3583
21310
26626
2642
9801
36888
5722
11743
23272
31446
28123
6941
9811
7163
7984
27058
10661
40296
3723
11051
14157
33051
34671
21073
28818
22880
21181
28946
24924
40579
25318
19943
7874
2583
36762
16485
2005
29157
12484
6387
17796
10512
2169
33625
5157
10666
1330
33401
12754
521
13014
31161
17635
23556
13715
30044
33300
36002
33248
35634
26578
26574
29425
4496
7536
5897
12534
11355
20829
38637
12162
11083
26506
28920
7695
31692
15126
36869
34460
25413
19622
39066
10180
18955
1699
11967
16739
11947
33734
30723
4586
22621
10287
20688
13445
6730
25946
25303
23617
16332
227
39705
8093
33365
14850
24914
10005
4466
35299
17716
35655
26555
5709
9424
95
12493
16505
18722
789
18625
879
11950
32674
4764
10990
35000
12451
40346
14399
14161
16351
6994
1603
29439
25749
7444
37822
31686
6695
7072
7405
15588
40780
4651
24409
17386
2157
10598
28182
6859
7779
16334
39340
1899
28937
23021
1743
22734
32262
22576
29246
3138
15563
39920
30916
27016
30471
36855
28767
37922
23323
18714
18834
22142
32272
38346
28050
10541
18261
3889
27653
15404
18533
35594
32232
10010
6236
34590
30940
14783
36127
23201
14975
2325
27948
30202
29995
20941
30898
35613
38263
26633
22436
12725
34396
5580
3649
31481
20174
3369
400
16927
11492
28838
36837
39689
15922
25630
39514
35314
17685
7398
25066
1308
16069
37225
28690
37171
24890
39591
26747
25841
13090
31791
8054
239
38404
20352
1635
37965
13628
3981
2256
24503
40238
13767
26845
6964
4715
17975
15859
32903
16142
16753
22065
2741
19224
34736
19880
34223
7903
2172
6213
25327
40769
9897
12977
34053
13752
35325
2171
19704
25853
32915
13202
11522
14209
8987
40294
35398
391
5730
9290
33388
26019
16166
1857
149
39811
31033
28504
16563
1934
18848
39034
8483
22184
13511
3386
10712
33234
34848
34230
35377
1084
23993
9845
30596
26989
17090
31030
29263
4023
10300
1234
30970
40178
28314
23194
24069
17598
27840
16911
13948
26132
36357
24560
9680
4902
31570
22026
17427
5244
19547
4785
19649
7603
28266
20715
12251
15789
35167
22372
33524
11068
23793
36162
20475
3740
14231
16253
18052
22651
27622
23044
14538
20449
2607
33528
6468
4164
17901
12946
29361
1879
32175
33155
14363
7700
2499
1557
9187
36215
35542
34126
26276
2912
11153
10337
7200
6930
11916
14027
16515
18645
3436
26670
286
29009
525
36828
28416
7760
35041
3601
32518
12704
7168
32675
8176
31133
26156
7238
17570
13518
7271
31373
37576
16816
15902
27820
30053
31737
11846
16531
14228
12921
24169
5231
29841
13620
11980
14098
28886
11517
18302
4446
1673
34681
11034
12058
6634
25210
8754
22265
11644
27801
38126
1180
9444
28357
24077
8123
6499
16609
20396
26273
14409
15509
16691
12740
483
7967
29231
3500
34338
7248
3098
9887
32597
1085
24584
34869
4326
275
30952
16951
1863
8718
25894
23822
26865
32393
37571
27349
19734
22391
18073
28866
9832
13232
40507
12347
2019
15221
27754
25926
24248
32464
4312
5247
24135
32578
20591
32960
32708
10619
6212
38354
8083
21437
21745
30092
15689
38427
11708
24992
4203
1231
636
26903
7853
16590
36702
17518
24158
38375
12623
2258
30445
11077
4934
10504
10403
17619
21191
7564
19940
15539
14815
17935
24072
31955
32499
15694
39239
13554
2994
21574
606
19295
39271
2569
19321
37161
11979
7538
40381
36417
21632
32458
13446
29694
14919
29914
25019
33316
22699
22987
33222
17250
16648
15868
28585
17431
26017
33494
27988
20446
9607
4363
19702
31182
21248
18967
15421
14067
11840
1271
25399
34757
22859
25484
16711
34225
37205
38063
1937
33435
28011
22329
8902
30999
15858
2245
35148
12014
28004
5849
14318
30876
38189
16431
1073
20044
13228
5584
21127
20520
26204
14928
22148
13604
10892
3090
12242
29697
7824
6000
14638
7259
35812
3461
11732
15155
15112
28219
11705
28322
36978
34310
35282
39988
16012
26186
7572
4043
19954
36780
37223
32312
25373
23282
30806
17472
12863
2480
3778
29707
1817
10391
32789
14940
2801
7416
2404
18062
31878
36678
13142
34786
27171
2449
13018
11186
33745
34022
317
8530
39091
8275
30949
40063
28785
4280
36909
3605
1876
22623
13418
35750
14495
28043
36422
30265
21954
5166
32074
7715
16247
7753
19148
4959
22419
22137
36860
34361
13162
19968
13220
31327
17166
4778
29017
18504
34532
21484
8574
33559
19104
27098
23332
11453
26516
1642
24336
32818
3972
4144
1978
17602
13872
30325
8213
39633
16259
23795
5894
31312
19189
1303
17322
6669
20232
31220
38969
21596
4912
10887
22729
31031
28306
10155
6009
31777
21133
20780
11924
27662
7973
15055
40268
12922
26719
12840
30485
26830
3729
10532
24188
36180
7372
33288
19342
24998
9988
29592
11936
13533
24160
19411
34526
21816
34720
13293
33428
22957
27802
35121
25330
30531
26089
30120
30140
24094
29147
36009
7273
28149
14753
14626
21284
39373
9168
18429
13438
30853
19585
40815
3707
31370
25885
2727
1118
15754
26448
15943
8244
12897
40701
19436
32958
16655
13356
17335
16949
35281
5670
31584
476
31453
12786
2711
35554
13885
16541
8573
36891
39798
34295
12853
3160
38925
9629
16193
6275
25191
4351
5132
29144
7239
17671
39174
7976
32063
1034
22218
5917
26752
18778
35360
11069
27549
1749
22054
39439
36477
8218
1345
21751
34854
37583
14218
11717
7121
36635
4520
15988
40057
20178
11359
22033
4866
1994
22920
30745
8017
2986
2246
22034
28391
21757
25097
36446
19208
39399
33463
29280
40510
28023
5107
20273
19647
2833
17513
29323
14918
18385
5600
37656
3021
34867
11431
40104
38601
35633
14597
5881
20822
20901
28594
9203
5063
6407
5790
34174
25516
15512
29910
5041
36321
19698
15308
2533
9606
12450
34766
36056
1613
33975
33499
32683
31672
8869
8887
34758
31371
6539
35614
24954
15464
30439
11478
3314
19226
1661
12727
16426
24794
20853
32781
38453
27997
38437
40056
27297
5533
13366
38331
630
35545
22229
10611
2740
3959
30785
37529
9533
1363
7334
7251
5768
548
16889
36403
37112
21842
4919
18867
37267
670
4809
33094
1955
10026
24468
40393
39121
19028
19724
36095
36440
5581
25982
25607
24610
18309
9651
1055
21659
1188
1091
25534
31731
24787
33037
4490
32031
28085
24917
781
31430
8426
38945
22972
8586
11872
28578
402
633
14513
2610
37840
28411
28197
23674
1837
15334
4458
39366
1063
27677
35393
38713
37489
33473
40400
30989
10142
8656
34762
40749
2040
40135
10486
11247
40545
9723
27389
38079
15700
15561
10281
13032
5498
15281
15603
34619
30360
1795
34919
31380
9346
7298
10154
24696
4913
7012
31628
28371
16523
27806
29669
725
3795
6529
33553
4777
40636
37308
4798
40020
30825
38308
3248
6242
12464
13581
36550
26004
28088
22348
38924
34910
36934
39853
18568
36853
36549
28376
3391
26027
38448
23374
36948
25748
17754
31338
35203
1917
22255
3942
19162
7761
22991
24229
40625
28999
24760
27980
34620
29465
27324
25324
27107
38030
6398
