48254
17489
81415
91306
72748
21672
83419
84608
64589
72501
81665
22165
10544
45016
13247
32488
25549
37410
16992
74387
74917
70306
39881
95082
95249
73328
16561
29947
58544
66201
37606
61486
69618
68148
74404
1038
5985
71482
36037
29350
58316
70931
1499
19266
89571
65362
81380
13243
32188
96786
7305
9478
55597
63486
67374
71098
61047
13779
74134
94857
77916
50462
61615
38849
57950
30273
34298
97240
81755
87952
32179
63557
25529
56285
19478
33174
14673
21401
3175
45228
86329
80533
32399
46536
76735
17964
21222
62154
30752
52682
19003
60212
25901
1087
29159
75573
69021
82100
16903
65295
80853
75886
24406
82510
86972
28447
7485
84754
43145
70184
40031
68903
27665
94194
66808
489
95682
69336
52903
43730
56462
67530
85163
68965
36977
36883
79491
30597
29712
11064
48751
93350
94528
37325
82142
15583
75185
41609
25711
22003
7685
49016
71864
74788
20382
5785
57186
60847
2312
97668
29112
46229
68367
12890
51714
79886
72735
74308
52111
15548
57454
33763
63854
40077
3656
56461
15866
64719
1543
51294
63502
11331
88210
40359
91675
66673
38206
10167
63422
7900
69193
34326
45843
85803
42206
75500
29478
20446
50174
55776
11630
35051
63994
63921
39408
48345
50774
73993
85596
91214
57109
80606
50985
15368
20862
30470
78676
25824
33556
87050
13988
45513
33065
36881
51794
79983
32061
14756
3392
84408
58776
39074
87343
6249
21673
54649
19430
72684
11301
55041
58122
10063
77503
16200
6551
79041
13659
12055
68373
46831
46972
26512
42400
46273
14320
48471
5514
73214
16194
8209
14377
35554
23484
53019
49744
67533
80757
66775
53385
75890
13053
2617
13376
44245
24110
39426
91948
71169
70520
1547
2590
15486
70484
60216
38167
13234
80873
14595
5258
48551
29647
59138
28573
83296
71616
44532
56975
35454
48457
58714
25093
53338
67381
10851
88988
91653
1573
24029
26505
59884
75348
72405
31228
74136
75264
80473
45853
72311
67852
62970
74105
78374
59197
31978
9658
48291
54235
60901
24048
19552
61727
86305
56573
87145
23954
84958
72649
2110
3334
42656
7322
86892
28525
6557
50858
13148
58064
53582
58619
87295
17424
36157
32097
23184
20766
22883
97606
5558
298
77330
29438
40403
56845
37582
17870
6777
284
18769
90312
55613
61848
27146
59723
25174
70190
10350
33530
93239
86000
93365
67267
57612
12577
62247
72677
39345
3537
21518
72302
22329
40686
1327
65153
86275
12739
85179
34709
10351
15786
43721
55748
82061
1079
21867
79100
12397
39844
30966
14452
75607
40706
96713
38521
4524
13698
57
72755
10011
61821
38765
25471
25169
65754
15439
27773
700
67354
49277
36564
69520
6253
43010
91280
4194
12594
62828
71725
92591
38588
80446
61711
52594
22564
63193
56131
72535
90260
14332
79198
85384
60208
85707
8508
3236
51055
4320
13016
31002
40026
43603
34494
8196
70655
491
4638
39427
52839
13507
22117
51804
79606
84192
60748
64754
89135
80304
67762
50445
28376
27284
90024
93540
1372
86563
50063
63792
9835
23415
4062
2479
87932
29721
74885
49548
6286
12178
66100
51147
10897
82820
80176
67121
2261
97092
83141
56411
26164
90769
5353
55027
6244
76593
10776
26594
15008
12104
49400
77572
7449
97811
57218
37387
69611
62721
62371
9390
40268
85160
39389
43407
75167
7608
92594
88807
34138
30336
45403
71898
13902
41398
41415
4878
8067
75146
41770
24818
54580
13971
87066
88981
41026
35721
68036
71576
50562
31290
34305
9319
18631
22910
71910
47830
32497
3996
85194
23965
24078
22618
19642
52716
41425
84039
1208
77449
88336
42921
49082
24783
66076
21018
94345
76416
40533
79628
26116
5091
5927
16417
24007
71223
17707
83714
44600
63821
86861
64315
15889
95672
56645
95574
61585
95954
46197
39403
28491
23863
39682
74333
45100
57145
48162
34728
60202
7367
28158
14541
49716
32754
22186
39774
19002
33920
38249
16838
63856
68911
27564
40522
72860
75737
30952
37680
2151
56342
61525
71400
15712
76018
66663
53646
69627
71673
65318
36313
562
40938
51137
32732
36370
69416
64891
34607
36116
25642
16036
86522
37879
69241
97182
65239
27886
14709
97414
75464
91662
76348
64046
83046
48517
18942
15756
1276
25961
12259
41447
48276
57294
21200
76859
81383
60720
78565
16914
86399
1827
75276
94204
85472
90898
82141
94802
11050
88390
43643
69116
58008
19856
245
30284
45409
34438
282
37169
67925
89287
84209
72261
46031
47833
36659
23326
81545
51184
76267
34671
52549
37198
94474
46960
4844
46945
11494
95579
48339
73167
93556
92020
58354
22055
4502
61511
43002
41558
42324
71658
56267
65019
80602
16223
88865
22156
79994
54681
37128
58362
15696
17473
97212
26504
54183
36510
43269
57371
143
62549
52496
33345
35668
10301
82191
53059
54187
63748
37076
43634
53
88157
52552
14795
85946
67094
52588
14227
10177
26537
75590
76864
78045
53638
71749
83311
60873
89448
88027
20815
35427
29493
35734
70433
78306
18473
54201
14568
17703
62479
81877
64933
64925
19053
16127
27937
58923
71982
875
1290
73230
97923
44818
56100
44985
63347
57393
43236
28998
63874
45000
1493
53773
49512
62462
91164
14149
74838
69407
36997
24630
5105
37741
88237
5872
17616
89173
61683
40
40739
16452
50539
54598
20883
48867
33735
97633
83510
87358
31846
95746
72406
26902
68672
65272
70200
14448
47186
19685
35394
30339
42042
73099
84343
5543
28817
44891
28172
15573
32032
64900
48079
84674
47853
9867
33968
70347
48378
36457
89439
54796
26449
40304
79553
45032
95252
19647
2480
31455
51697
72904
14257
63780
75136
35806
40664
27196
26359
86536
754
38133
55439
30262
42150
3078
92859
59890
76071
21492
19073
28523
60435
47748
57202
67451
87064
70926
70634
35063
86829
86269
50060
34035
29709
32830
79814
28887
39639
73847
48450
46552
40803
35449
59896
39095
60877
64166
69177
3984
19218
72161
20720
68525
93278
15858
28864
55288
87278
42473
24259
62326
66347
36785
60466
57627
63695
59224
96575
64643
85597
49131
71100
29806
70270
15634
43544
10242
53241
79617
91756
62284
72002
85972
65810
43865
52365
75994
44171
17641
70867
72965
29124
24492
24404
78029
4581
51160
96048
64574
13981
33534
94732
90012
50977
83522
90814
48677
10873
68078
41952
51972
15570
82881
94644
64129
83998
68828
6614
21075
50617
55356
31891
74685
97789
52591
23180
50974
92920
43329
90553
57163
75166
37342
20799
51666
50493
94294
37866
59689
24342
73605
22853
50891
3503
60033
20189
17971
39216
60431
44830
90991
61758
22696
49132
61791
16920
40369
73471
26431
40132
90733
46863
91483
64558
66489
74209
50993
6332
18902
9971
76688
61967
77915
36983
45219
11813
24056
18102
2717
62722
72634
87344
81713
44348
18696
11884
7086
75191
90552
65006
18051
42237
44453
21182
86908
59329
64798
23739
58240
15847
81374
42460
91470
2530
25797
11040
43008
69865
55928
38303
92414
28171
30786
64192
58265
42456
20168
5969
23153
37786
59506
95020
49831
9372
80614
20133
9152
66496
97119
56689
77776
25714
20637
21151
13794
4894
20368
56159
81628
21131
67628
80518
81078
32109
80844
29004
15717
12770
16748
36009
21651
92244
79577
63020
21013
25277
34487
66784
52618
83001
78165
78095
826
71933
4724
51672
5984
90770
74674
9348
66764
55637
69877
27437
50804
32646
49867
53790
25318
59449
71720
64538
40400
82116
75235
42213
59290
38860
25910
66240
34318
37271
19749
92823
13388
39644
51065
22713
25622
27233
10420
79674
38254
38789
20662
10823
62102
4542
22953
71434
14023
66750
35039
39177
65039
95741
66350
40790
30757
50781
31747
10029
2357
567
6588
94158
26791
14844
60105
12174
17320
29197
88135
26042
81982
84772
78310
53429
43751
95341
47311
53600
9819
41071
10382
1103
46970
73432
67029
70903
68504
81092
3219
72178
3240
76159
42420
88913
82637
89220
88825
59437
94475
36191
41538
62441
80371
83508
39319
53807
17631
91386
46911
69983
92001
36497
38600
82276
76404
89635
14901
85616
75975
96700
22054
60857
96692
54265
57100
64156
88797
88569
89146
89317
31526
235
21336
67982
82521
78918
22985
59866
7750
52047
74586
69455
72220
19534
7353
53042
44833
94845
58968
51463
36213
95970
83357
9065
5577
97396
45280
49942
73467
60167
35587
73086
75174
11239
10987
37306
90416
23717
70945
5509
81861
48727
27786
55066
35574
48074
34847
14297
6860
83837
31377
90803
83130
22049
85283
44789
8507
96764
59387
28291
20415
37242
88327
64421
91150
11024
57800
51415
29701
31956
72327
58386
34527
18983
64035
25356
88735
46207
52002
85300
29268
30213
76948
40083
28083
56232
2715
79021
92963
56082
90426
41649
7070
19339
95075
1935
90635
95229
63687
78043
17994
49453
86343
75520
77508
65044
74017
49929
91032
71203
47669
24232
29959
96456
94150
43040
26005
55845
63518
42866
2834
35551
19718
14118
55717
83880
38040
64408
10856
20291
6274
7746
6743
58124
19664
74783
24426
88211
92904
81164
63465
83997
98126
87309
97907
64214
1504
93263
83483
24510
26922
26482
25281
70191
42446
41469
22845
16407
9117
98234
86308
17051
77310
42741
50853
13291
93025
73188
25768
10565
50432
40485
68845
70916
91618
41394
33367
55914
87441
80885
96854
82991
84270
60749
85180
40125
18591
67653
83256
58895
25266
73741
90008
44189
84497
8638
22236
45927
60664
88080
33077
34791
43202
64446
42399
71274
65522
43702
77768
48796
37285
87938
8467
54359
31947
8287
57035
8245
88548
38262
2795
71014
70216
21542
14661
38038
10418
97969
25907
68230
60350
55600
60176
7869
3198
65080
63790
39173
80994
82708
8570
69260
14640
67131
48674
76615
29876
89183
44538
7254
84182
91071
96751
57643
32255
60838
7646
79428
25820
51064
12861
65144
50195
54876
80071
229
75692
23578
46049
90358
47425
53169
56149
50702
10021
33738
90982
8159
55087
20320
94581
58755
76997
4494
92862
47019
58717
58154
30814
64040
93686
29198
65709
61479
45952
27117
20377
61574
23140
28513
84024
57927
26719
65384
30373
56377
26485
71127
79015
10746
8106
87260
27732
47769
33032
36931
22450
94087
24369
25848
90309
94080
20359
39626
55020
70397
47581
74704
8304
86130
50913
67783
12825
75017
34959
14348
32506
5525
95673
15231
27161
95236
63852
30052
54010
60012
65218
73648
58771
4197
91413
28825
65784
57452
10735
16751
76645
32129
36989
70251
29225
50942
51456
86131
72927
60378
3356
37055
83762
10917
77851
70518
41441
51213
63636
96038
87659
56509
14410
84313
21871
7597
24311
68471
20058
88339
54019
67284
62992
20056
15991
33042
69405
78625
10548
23587
88029
40854
11377
15722
29568
69307
71557
8646
51885
28010
22235
63591
43635
14303
69862
24756
35052
20649
35796
64537
62626
80981
13961
97108
2339
40696
30320
12640
58447
68426
56287
55626
34179
81746
21374
75258
1011
3154
27812
53336
11381
84653
89703
70375
89382
64770
75933
62294
20226
14794
69489
33954
97932
28559
16850
89155
17742
75007
94485
41783
59363
96627
57321
97177
11194
8569
50508
22586
88688
64153
96864
88315
9093
82139
69725
22655
19682
86823
86609
91267
67821
70502
70454
82078
88073
61226
94163
27530
78985
51254
28410
49705
14535
49364
39876
20450
54594
75212
69463
54646
86338
95281
57384
29644
55692
55633
42610
97437
69534
55285
49516
70977
10854
14575
46598
1053
532
71124
51645
82412
56200
68360
15138
51259
53260
68659
81769
20984
7545
81147
49369
38824
60327
55777
44158
47244
39313
85890
26819
80223
80001
29168
16081
68495
92292
5228
66670
47694
93936
32679
52000
47583
56137
11538
81314
21212
52119
8090
17463
43962
47276
3932
1938
76322
24357
54737
73936
57446
56811
54657
3689
34541
3403
43815
37122
66048
80361
65149
71026
5628
38798
75611
89208
35829
36426
90350
73074
51015
50311
15123
57901
33845
20605
93189
62836
3624
91014
28134
59508
26731
83425
68702
87588
57139
75200
57400
14444
3036
49270
52399
52408
37369
28244
29851
319
24323
42926
84738
18412
21831
3851
85558
63099
28852
67141
85775
48851
65360
65486
42770
74515
72655
28888
80712
64275
54301
77475
43156
47409
14905
27350
64636
22798
23761
96997
87308
54493
11373
92586
60627
24097
87649
87623
37264
84785
66311
6807
56717
60663
68946
80462
31309
12559
24609
58359
91482
47361
60047
29756
61808
43106
23449
63610
38145
85977
26154
64088
45376
18232
12337
70024
29998
97732
88686
27121
78784
45976
53264
62468
4190
3833
58323
57391
77358
5113
70731
43135
1323
17811
53279
68111
30198
64168
3422
69084
98103
85443
97186
86594
37616
60246
64326
14506
69871
12399
77157
88221
68331
63076
70631
34497
61663
28350
1601
63737
22760
14414
90648
20878
76126
29522
36782
92835
40095
43925
51152
62452
61200
34193
77748
67043
27743
4474
51483
11994
58670
26517
86187
59885
71666
20804
81233
63867
67004
45256
94607
21901
1531
57237
75054
6050
86293
77987
93071
60656
34585
87702
1966
43710
74625
52412
25127
20733
72857
29162
66949
18259
62544
68507
48844
63763
75640
4098
52405
4764
75479
33165
76816
33795
65315
32406
10225
25097
56385
76274
7391
82380
69341
86665
84383
850
82186
36751
41517
14654
7325
76651
5793
68716
54517
50510
29991
14537
40594
62863
7683
73535
8940
55487
49808
72709
95491
4282
70092
97237
91456
91098
59360
179
11263
95590
68792
20864
80244
22171
8869
21616
38576
17470
38905
84651
84590
82941
45678
3088
72811
13761
29008
32112
5358
42727
37660
67426
67488
3488
84800
63638
68255
65987
23762
55544
6649
58234
26420
47513
96425
8838
78356
69738
49753
72537
41097
51563
10027
15118
31980
56222
80935
58835
25728
57494
43935
82386
35077
87070
85885
14605
20149
97502
42923
54838
22160
25912
30017
78156
54108
70914
88100
11255
14347
6436
95429
45702
53032
30999
90549
13630
93574
67945
37382
81360
50334
18067
51347
31380
78708
1577
85299
71107
9400
88191
7797
87684
46702
60138
72529
31759
35512
24307
57954
10228
52686
67378
77530
28141
67804
28191
35098
91301
81530
8643
63344
86798
65921
81790
54478
57799
63747
18145
65751
22178
81382
13817
14868
89674
16642
82364
51479
86680
25796
45536
12510
45550
98191
41149
26300
32295
14146
67724
96949
68416
13271
27588
30919
65109
35933
156
93197
72672
34529
49176
53280
31396
67825
79888
26039
7590
72793
69346
92608
95178
53978
64525
96459
3511
14419
24412
28889
66712
73287
80783
22620
58009
9361
59075
73092
53672
94619
38959
59164
82160
5878
43699
87727
8709
78645
61422
48516
24959
37247
64349
54324
73405
92820
71913
22665
55569
29041
36264
63940
95441
54566
15773
42509
1303
27699
56039
60400
56011
43244
89383
37086
1744
80609
47685
30417
7114
66876
92523
96137
16094
70528
3276
37868
10715
47601
49947
13387
77874
95144
40153
84203
2608
72089
31654
14887
90596
23639
2065
67482
50744
61038
54141
28871
7484
58056
39090
43661
37446
74696
71163
76434
60095
78798
67632
10394
73919
43532
92587
87498
28112
89464
55009
61501
14857
96611
97412
89453
51598
69717
86377
65403
74909
96707
67900
11505
33278
33447
87676
80669
48898
83784
54418
60287
9957
93252
62481
49577
448
34180
1281
35359
19299
34492
90641
3775
79117
40487
58504
3463
9096
71135
22741
80649
80243
8730
66582
64486
64461
34777
42061
72283
87812
60772
32926
51946
74128
12330
24242
39939
21995
55315
90407
13054
40396
16952
47545
7528
67626
51344
81406
49681
52984
383
81515
87439
31832
22781
58612
19405
43526
72814
77953
16462
52807
25509
89791
33226
65136
93070
75287
23027
43698
51662
2006
94771
11942
18932
80209
72252
2824
60916
40767
29390
33225
2567
3571
41778
85549
78912
63225
76893
1368
39180
42252
90441
21833
52417
3546
38618
20070
12062
4292
89263
56902
13335
84470
63206
77056
37590
48010
9539
30651
26208
46445
66906
37303
75104
54153
93918
50175
34168
56265
73085
45458
8990
9362
13910
47786
79779
54745
87120
19855
37140
23788
15094
37674
21407
33291
89238
12187
23543
40634
87111
16039
52340
583
15927
71052
85164
10951
37766
920
39681
11761
88257
24042
79400
60757
34913
91339
30629
23504
54972
4540
95459
96653
59782
7585
18583
78463
40317
77678
83119
54311
63402
59541
31058
65096
59141
67067
78642
47733
28707
39148
60326
39961
68662
96852
12448
89123
25162
52533
50287
70799
28780
69393
64152
7127
58195
8532
97408
51886
30040
63370
61470
1056
19272
11684
63417
40885
6536
43157
66407
53144
85131
15578
64969
28458
73241
25302
84090
24347
19399
28432
33347
30585
6949
42699
39050
70772
97903
30028
78103
83351
60079
31246
87372
84416
63760
14967
89950
60031
10236
37735
56046
53737
11219
18287
39973
11869
92432
25254
20796
34817
76861
25812
67040
47657
59271
71018
95609
93888
36453
56514
48221
54695
46528
59757
38172
92580
54997
44460
86749
35509
44128
13658
15936
72199
42092
23257
64014
63091
13463
54275
74442
48073
23846
1450
19654
31395
80856
37959
51350
1067
16740
51183
97876
15841
85284
78320
74981
74573
60629
37532
39321
28642
76563
20920
24780
10254
30877
63496
45242
67498
56072
52500
70396
60964
51710
26897
44494
63986
33462
89553
87693
6641
94965
18636
9789
65317
53731
91580
76022
60679
2386
9085
95183
93571
89815
61717
20606
39527
53720
76842
13526
52584
2109
56721
51023
27236
21851
3457
57651
20716
76220
63997
88874
107
62262
22264
13461
59830
16817
63510
18712
26600
79378
94171
11933
3553
8115
67088
21318
7876
64696
9503
14120
27177
81949
84675
94740
76770
59109
13636
25803
32386
66622
74509
29618
37289
15080
95194
88037
18563
23888
21850
5852
53821
91533
51402
5393
63573
65081
91453
50457
2379
45116
23085
68250
53684
55143
83459
47150
75616
2526
12061
14310
16874
68076
22933
88710
63567
4712
41564
38041
27435
36939
78607
36508
32520
74539
95325
85289
85489
1330
5777
82652
67084
66073
71290
91114
74468
92636
45
27613
25364
63288
65950
88066
66237
40940
87176
26499
59252
24822
39118
84589
8521
2343
7833
64294
85945
90839
51392
41459
48714
50802
32693
58682
58592
78145
18537
94551
29355
35763
25122
69745
34041
70139
44552
87321
49864
69198
42949
59239
98262
72479
55013
4944
37462
10857
59068
8124
30106
67438
61401
8241
45372
49472
7100
30402
79025
77414
91751
27305
40617
94769
85982
33481
67051
49232
2003
22082
93007
84559
79971
63272
61491
5764
20017
64037
78301
4196
49061
51192
92531
72616
45589
25827
38385
4442
87489
85932
9706
2170
15963
45368
30436
37137
19906
39862
81332
93781
54198
39890
86015
86846
35678
41067
10863
4314
45203
6497
33804
53315
76717
82556
38137
16401
60719
47433
38461
98091
87739
55375
47431
87424
80457
27916
185
70762
96974
73246
17238
43602
38164
15410
15348
46433
66652
72117
3262
23983
47107
45496
39938
1278
16942
39161
2776
8139
66931
16306
14274
59344
20392
85120
92306
76450
66589
1089
14467
74047
79283
44016
27702
55624
87254
55882
3926
35849
87217
94618
29404
56288
20726
60128
14514
17060
47831
30184
55187
88628
27245
65352
70993
74747
37256
54827
45862
36746
91334
22369
89854
51797
41886
28577
39930
23673
72099
3061
56062
15165
4850
68153
49173
35922
11853
72526
74576
5305
11923
28439
28483
83642
69579
66851
9092
55707
60140
64916
47222
90326
48728
46771
18980
35406
34608
29869
57246
94642
26295
63430
61637
44694
27518
29271
43201
94081
1244
37514
17325
54107
67293
73668
28442
41798
78841
76949
57998
9163
44163
5956
42861
59679
55147
94024
22288
15458
43680
56520
28095
58666
71756
45567
89999
97249
33374
26166
79601
15849
2499
48257
37921
92100
55051
92888
63551
75632
77370
28704
74643
66149
79907
84340
9233
23946
6994
20109
75927
48118
24662
94035
97279
42639
88338
22984
44232
41281
31398
13117
74983
51371
66484
22324
94182
18599
19006
77766
28947
15967
37183
96295
6508
1136
81069
34104
71308
45311
68817
151
86237
20998
72653
24150
68091
41104
33683
48581
63938
61699
5338
27680
77534
6029
26373
20872
37460
90881
64367
20558
55828
59008
51225
57249
23676
48984
19089
97467
53567
77644
23101
92409
70658
14802
39233
75365
11617
44741
77517
29612
40292
87857
40055
7776
23932
34962
22977
12637
39145
58106
12722
38446
81604
95089
1595
45425
111
75111
40654
18359
38064
84926
40416
9608
91351
47827
25531
16141
75655
19092
90867
45928
28102
59313
43875
83466
10437
97835
77814
86703
19822
15179
22006
12093
82131
33147
63133
45475
76174
50854
77470
73688
90903
83004
56971
78633
64316
91038
19126
13464
58976
77159
55759
64477
24833
30641
75098
95272
95079
19287
93094
25380
62501
30369
42393
81024
11279
46648
55727
60236
61975
32025
32216
43438
66687
43516
45933
45714
95549
76598
73661
37300
42212
55715
21448
61429
8487
86834
93504
87496
62272
16683
22030
15726
42432
42959
71044
83626
35428
66135
88841
35541
61060
8406
68540
14071
72934
85304
62941
82597
34712
4458
29304
85613
17605
19931
86288
5950
29652
53805
95820
39702
87892
90705
16456
78973
69324
76303
11814
40829
45430
58942
34388
38250
53130
28945
48828
66462
78441
1726
915
73839
13557
73702
62934
95465
61147
4027
10640
8627
59725
58439
43380
78315
31193
29686
28113
94924
80522
96959
85612
52909
83220
87878
38454
94426
46992
92384
94770
52367
1885
61739
91233
31470
80265
42072
17066
83505
83039
7835
28529
56630
58134
56994
15001
4707
25462
94639
25031
41516
91709
94507
5999
39656
9527
76731
22063
45333
60091
70724
67437
89098
7008
53114
61768
61274
95457
90098
68775
88898
15402
80085
79040
19463
49527
3124
578
25681
32793
13460
90062
511
62248
58662
84710
58369
72313
46305
58273
70652
87482
54510
4250
38736
73844
32572
28177
32189
65341
56634
21772
21262
95003
90262
54687
57895
79424
66669
60564
43888
43066
21750
53180
96278
24139
44358
43226
75952
58840
39213
40629
34758
78850
89768
34923
21665
12005
97416
93102
44429
93645
63776
97887
78870
10779
83726
2522
71798
6995
34234
30740
95278
86983
92865
79853
5521
70835
47658
66620
6688
28541
58791
96411
98038
57987
64573
92666
1460
41752
34588
45350
79069
68870
35725
58642
45072
21514
21555
76502
74040
93001
4071
69109
31206
70357
2452
5043
9188
14353
45893
24055
25909
53474
35776
75547
30258
95946
74845
95986
48373
71716
42067
54013
47571
66020
17205
49732
69827
42202
93655
44721
53356
96606
22534
19457
94077
5723
33630
71133
69112
12569
60665
6238
64076
93793
32019
29103
3181
76608
6045
460
19133
95209
23466
34239
94657
80173
39849
79011
97178
92132
79926
95114
87012
77881
24276
62741
20980
87533
92939
308
28823
66206
26195
73921
55521
14631
43116
19161
19048
13155
57034
11193
84992
94671
47015
4833
79874
12872
30661
71409
3340
71367
58198
27343
26717
70941
34526
88399
29427
12526
54232
48470
11756
84412
38240
53470
66179
52943
43646
82159
92830
4538
68677
60142
15665
26555
81576
66006
93478
74547
11001
63500
698
59378
25638
23892
91635
36086
86573
19160
7252
89981
93875
2406
85198
75999
88541
93827
18053
54409
12130
36982
75334
20486
35328
89059
39323
41358
95042
33669
91085
2136
10564
92617
47542
1936
9133
9914
8815
51667
10362
12683
30912
36867
5707
9735
80971
9284
15777
81460
47436
2884
71247
71010
92635
9885
92535
91250
58635
70566
36749
86444
15329
86123
82211
20528
23408
95136
14680
7567
85654
90166
69964
92596
88675
65687
29694
38997
44407
60542
12316
20458
89007
88751
35155
17318
83150
68806
30058
35834
49821
58652
35408
6028
35517
86744
18347
54155
34600
89255
11409
33720
31000
31021
67734
16567
141
22632
18638
41944
14666
79957
30671
37429
31330
96975
27490
46709
12614
6520
22097
68607
7050
96253
13994
59275
29356
83051
8770
8184
7051
89971
16114
46555
44981
42347
81850
57130
95131
893
56095
7374
79155
86518
88158
67978
50442
32398
48773
15839
97454
23934
6467
57212
29105
71844
37288
3300
62164
19068
79062
5489
74448
75695
35510
93525
83992
47985
87339
61852
95318
20717
58904
31707
44703
7396
21289
77681
67012
6974
55419
88194
2627
83925
44922
73657
43488
26232
28993
28731
50419
27915
34137
81500
15619
54336
4135
62396
22296
6088
50117
6474
55953
71702
29659
57405
18554
83486
68247
5403
49550
49645
44273
69890
46033
69156
68197
77793
14582
90154
85264
72044
24298
32859
88332
70447
50823
94534
95375
53893
15834
42682
75945
50762
88908
897
84949
44802
55977
41706
93879
35476
830
47183
4422
75542
80207
30974
39991
15842
7135
48384
22690
27697
59040
93969
24494
1869
58699
82671
71834
76904
49790
65424
92834
27271
80425
48605
61093
45950
65753
4723
20295
31025
34787
77955
91427
1621
16983
88929
5812
90823
62562
60430
28835
14842
22649
21429
60129
50062
11822
2550
81836
66641
27998
96347
70887
35991
38042
20313
81343
52979
93532
43638
73563
46691
57823
56988
80921
15921
31146
17309
95692
7679
16345
13043
76349
1180
60743
21463
75757
40469
37290
92155
79146
61974
13816
16211
48968
29143
33687
18432
28638
87362
95790
12731
89534
20917
27966
90161
28193
86698
40000
74737
29230
13975
53185
83986
83176
39529
42397
78680
72268
7976
9040
11561
68021
6988
49879
9159
33162
4248
46231
6763
51115
10035
72104
93850
13373
51678
2964
32184
16013
6510
31355
35391
25725
49990
2533
33562
92476
72675
39524
97199
63628
33937
52561
26277
23494
49563
55171
73036
8440
45001
49468
35877
74370
92842
2057
87621
64403
65402
91671
41684
50877
51262
7199
30673
60172
23649
59618
39916
95196
1211
77823
12673
74439
49669
42654
11069
92612
75760
34256
25190
94791
78196
31925
61094
57303
85255
87519
43336
34197
92226
75066
2437
32998
50465
97107
37027
16912
44907
37724
45186
52809
24534
14397
24209
3107
75088
42297
88650
59088
23575
50494
5261
71796
37024
86810
45886
35973
62541
28984
8531
34570
93837
18267
38083
64342
13702
35455
26497
18525
13987
39657
78166
4173
9069
26147
24244
89665
39921
26133
38715
1357
79313
49014
67603
4697
11533
30228
89489
16430
82850
39374
85735
73337
54711
50168
80763
77357
79133
4269
6825
12805
42437
72540
26684
26051
15032
84610
62651
22994
49111
1587
19328
44554
85064
23509
22916
15021
18208
44508
14176
72214
35029
41874
14663
53103
22462
2611
98148
64805
85686
45232
12961
34979
94672
8613
61891
28917
47710
55643
40712
46
39349
92743
77160
84860
10646
77844
51670
56078
90032
74593
67136
72194
45583
54839
20165
52116
24512
48622
73189
2581
64238
92917
22179
43601
16198
55788
65590
33877
16918
1259
94574
47204
61570
32637
97710
77112
15848
79742
59608
96043
67433
27168
29422
82889
65591
85560
22177
60735
9196
89936
58654
17490
44357
91
78486
73744
69349
72444
24698
9641
37061
62578
72216
45883
83462
22594
82905
92548
4929
23729
88948
587
68417
22686
38930
33274
89996
44866
52249
20932
23492
68794
29454
49778
53178
6854
48575
1485
78111
35947
84552
55327
61661
85530
81537
28082
53897
52923
5440
30075
36368
68201
75139
56720
97465
94143
603
95501
42459
79735
58795
74145
92007
29073
35681
57951
34621
21011
26355
22541
70637
15591
62888
92988
97954
41265
44875
73079
7572
88886
83766
60605
12564
74160
83469
21489
86556
21191
20290
5937
65594
74618
67691
39311
67790
72783
89184
65413
29847
1264
15940
72267
26786
248
40524
89485
70812
15217
91958
82740
54248
31572
56496
33388
15467
5625
28603
26183
12803
79977
28609
83057
64579
75420
24264
93495
81301
89503
4400
36101
31663
4501
5811
72646
34236
9535
36652
58487
74774
1144
92332
50700
20571
80778
84472
60835
42792
79301
95239
32733
27006
98293
53964
42640
8607
13055
51440
34834
26985
79180
16792
68141
57824
90515
87274
89563
929
56922
20485
3708
43669
17249
66834
19958
58012
85035
18922
24098
54388
80940
59967
2315
75865
15751
41014
22783
74408
23970
31124
9519
24838
40908
54460
62971
6741
58786
40329
64971
67493
96748
37308
69215
40230
6970
15965
47265
12409
91859
64128
38662
9907
26693
76164
97949
14440
95301
95179
62579
4664
35548
56467
48297
74010
93746
47527
21803
3375
21830
17307
24870
94936
17778
63293
66265
66613
26175
96200
79854
41802
42562
42994
9869
91682
15988
13669
33463
79132
17832
20640
63287
78944
78736
31492
12423
27660
80750
52434
13838
13830
37520
21918
77536
61346
39314
67994
40120
56901
46530
18742
29294
27088
34074
42331
83612
61917
77329
54289
37800
53770
29094
12989
81022
6837
32356
70124
76023
86548
35859
24062
95522
38894
75836
38004
34365
63889
54752
76529
56661
41031
59097
92374
94308
4298
47486
84218
1902
89910
76536
42021
42708
53309
39748
98047
96944
1646
65448
75751
78891
54834
4281
45885
60531
11996
58188
4797
40644
25500
41810
71420
81523
45052
44064
94018
32531
84974
53983
75064
67396
4158
44588
53014
44256
19736
10194
15227
55277
16764
59120
79093
82606
69849
54666
76442
31975
57311
44092
37179
95310
10648
23157
96500
81642
71815
5399
42573
97743
57804
80340
18109
22963
76763
30820
69944
12194
29236
45112
9005
48640
9153
76116
93555
11886
17213
96397
25262
18097
48977
26943
77843
56450
31283
69411
71131
70362
87834
54154
58384
35890
72935
16186
37113
28949
58956
91230
1268
42041
43062
13890
38928
72897
30276
34628
50731
71954
38059
57329
34591
10503
13347
88806
92651
37396
71074
49809
82705
75515
90133
85823
51529
93462
42428
48214
32331
36084
7315
11898
54993
26949
79255
84551
15617
7426
15079
26781
19706
24468
52230
24354
45627
45564
19548
9191
8903
2444
28087
23069
38830
11596
3971
21252
19084
69409
18839
14315
43471
19863
45537
53162
78750
34321
98032
42965
5697
71728
29996
44771
85069
88640
98164
30012
54217
70223
70709
52932
55958
62282
66525
96509
87016
9170
14505
94013
8723
18761
96033
47380
89116
24223
12661
27939
62924
90995
90766
52811
19757
69398
2857
63341
50627
6250
85994
20545
35863
86534
85760
60975
86490
43320
81000
49423
37160
17217
87886
21224
42333
6301
49309
69716
80967
3964
17595
3826
62269
83435
96350
66708
69832
26676
27567
65334
41928
26810
70598
70469
86034
26407
32757
41834
37307
31598
33219
36125
31619
39689
36562
62499
93175
76713
71814
67079
1830
56343
89180
94411
45309
83151
95504
20166
97478
18448
52005
95857
4904
13874
48237
16370
43365
87048
74079
34551
98101
29495
46069
32086
38814
10088
78397
60953
11057
8423
58407
19226
53551
42637
26975
80339
68290
54192
27535
30813
47125
67350
55189
42135
95133
26946
65127
63413
27707
59822
31374
56383
41378
65770
61296
55256
13999
56116
89386
15110
55004
29874
77731
45514
92555
38740
87355
19373
34431
53319
66113
74752
35327
4486
84705
18886
2600
64571
66124
69677
70445
23303
86585
54544
187
21679
65973
5508
4715
66023
6563
54799
9376
28041
85561
60802
70350
67106
9494
91969
33803
87479
27089
24875
55146
121
3800
25890
97687
74298
330
89492
91941
87539
26988
81709
63971
62618
58307
40874
28714
53686
9703
10734
15742
80834
52219
14634
87006
89556
93755
55005
43337
80410
44207
80074
89774
9840
28052
72906
12491
67462
97029
19277
84725
49381
79544
88715
13154
13713
13426
6663
91454
61040
54980
76006
55415
64778
63982
27433
9894
68502
57281
33280
97228
93013
41569
76234
38062
18478
30772
548
62443
48281
59471
48507
24741
89928
77326
42813
49264
79451
82162
36361
36326
90674
86363
30302
92421
155
8157
5417
51272
83649
27947
86252
72222
86048
74496
72354
31762
8120
53361
50910
67601
48459
32761
20218
7141
94993
70983
32550
15778
67071
16836
25973
92115
66786
65302
8596
19379
1441
172
22246
6268
1715
71489
78860
55249
23604
56851
12627
16136
97590
93866
38407
56961
60367
57208
44541
61167
16562
21964
8881
17685
35524
92171
82691
67615
15104
83342
86952
78790
21155
68412
42378
73061
17023
62165
95788
53877
24225
57587
86462
58517
14811
77107
86108
69452
64223
60876
27686
24591
68404
12732
14470
9676
7167
11311
56257
86406
31699
91255
14130
42607
47945
55997
40750
48938
15067
55592
56153
84606
58237
72177
80794
78922
49839
93791
44639
55744
26167
23304
56414
48416
90584
1899
60795
35878
82883
69501
31054
19487
72902
33822
42433
35388
41376
29525
13421
96586
69892
32804
84199
33789
70635
57455
23329
14849
74090
65669
11437
34685
1532
23143
9360
82138
64796
46879
44941
26941
57904
51042
26732
68637
90902
19895
62580
90829
13487
44493
20931
26930
77300
61899
38917
9730
78225
76779
15391
80703
8496
78387
53880
31529
44908
42496
96775
21460
20296
55260
3308
47729
58645
51090
28900
68942
17338
14892
23372
77398
81932
24718
30021
23862
11816
49349
85406
9384
32229
40462
69476
51314
83123
29603
35236
55204
59546
1988
11284
67182
32171
28166
71186
47541
97976
7508
41894
4482
7618
48565
34735
70322
32765
5483
49127
89673
79422
24156
60284
83142
38261
55113
33662
70672
98207
16556
9546
45081
93416
94878
33360
78824
87042
7811
95871
5336
1735
4591
47744
88380
4019
11858
1769
95816
62736
85220
67810
34378
29483
94720
35633
153
46719
21242
19932
24694
23856
84934
81711
9323
27468
15706
22681
73916
25376
31393
67391
62646
55865
9589
12647
20608
45164
58060
44698
25822
13851
94905
8080
81166
50310
44665
9107
40738
89188
81109
90849
8429
49235
27151
81346
35369
37697
96885
91494
81001
67834
18600
21494
24236
52896
89499
81238
46616
66479
53544
1057
11956
58157
94513
64444
14773
97124
47913
51345
39841
74220
51081
72798
60764
62986
13808
72599
2121
34552
70539
38573
58777
60921
48685
26623
42528
11408
83641
25165
74459
21829
95398
17991
32310
31781
1127
69305
57160
51027
6479
46176
19482
58732
22816
61380
7927
18013
53747
4437
59087
96339
90053
4796
12945
87270
39396
46157
80350
80352
43657
87675
24527
12773
710
85699
72637
13301
53287
25523
81744
23625
51335
6428
24856
34405
16280
71218
79537
27394
84133
8037
17077
66223
4222
39439
27534
89046
7523
79569
65137
21432
77284
7574
97466
9286
30289
71964
66329
15534
9851
91141
80787
13752
59479
67142
48433
91785
47757
89322
35777
47566
8194
35348
3762
58212
90092
36130
82021
60061
11285
67961
96327
6901
4402
41525
90418
82713
66924
92931
39651
68796
15158
50421
31885
11452
2693
59978
19759
3875
53939
90585
65614
64799
83018
8969
38843
13047
61248
80905
36416
57694
76121
85463
75067
53563
39234
94748
55791
12653
9315
14533
65185
76739
72245
5645
60718
44465
26937
54180
55292
92642
8610
27840
55732
14904
12146
22547
32694
96669
54968
56858
41241
65204
52756
42930
38438
37389
72967
74548
37882
53367
46407
50382
97318
67278
65381
80081
58759
41908
22355
2912
96520
11565
65034
60938
66130
13600
33307
31746
92339
43415
86321
22943
33778
66254
54099
49104
18127
27784
5198
63746
59824
89565
32712
29878
33747
29031
24132
23933
60879
15465
42077
54306
53366
10205
30117
46918
42773
21309
56354
96535
31036
21477
21859
50799
70466
42201
44566
60370
45499
67178
2394
58449
67967
68798
98192
64620
36645
12638
18968
23849
84962
52674
33928
30428
72240
15288
67277
2093
6862
47088
89748
58422
19872
5189
83017
28148
24940
15215
31113
65574
59031
84867
39109
11662
85513
73763
61342
35556
42574
8062
52257
38978
88661
97211
67951
67203
92165
69963
36045
76586
25292
37641
15900
51005
69124
74159
43151
71065
87460
42721
78278
89149
17654
52289
45264
81638
84336
58534
5791
78405
72779
37365
31766
1722
13191
96275
64346
28226
82015
6185
69765
85843
1802
79701
24683
29394
7882
70399
33266
59638
26606
68924
92886
63315
9295
66628
73149
82197
20482
92962
80021
78910
33881
96870
61005
23582
91424
49032
18830
11542
77835
37335
93394
46313
52529
57573
25114
58994
94512
62849
43594
14083
23880
47926
11039
7162
70159
83397
7731
67163
4739
3496
81824
35377
23869
89956
55180
21127
14328
91412
24453
55604
88391
15477
52422
93557
51198
1509
77649
55857
52577
45640
55329
53902
39945
86529
2521
10662
73315
10708
83907
20167
96858
73830
39187
6191
80167
18979
69804
22336
33711
97902
60508
72743
18740
48858
31189
12145
84821
10910
22733
79224
51834
77993
32635
33050
45229
54591
37074
15481
7983
38920
7479
4525
28461
22060
90020
86485
9882
25180
37180
82604
2549
94613
5722
77364
49794
51078
46027
55247
78142
73814
32677
67234
48888
3252
36401
54208
95956
70204
29853
38758
66393
76157
6065
32014
95901
88324
6711
66050
12140
73174
97366
29070
77505
48148
58446
32471
51702
45105
46800
38865
87611
61645
44139
34102
768
69129
43521
23573
9455
90508
84582
49056
26148
68757
75154
32930
5542
71268
4829
13238
43025
19238
32080
24754
22705
7592
35627
16989
79169
39610
36195
12971
40832
20741
83975
7224
30815
45878
84521
62587
13871
54701
3400
45958
87869
86244
79777
32524
91489
39998
40323
87815
38377
20936
22289
38467
44169
43377
38023
37988
9265
34592
8273
77317
20105
28587
42174
87034
576
86451
43726
76908
88114
53525
5326
65927
4994
38325
17481
34538
11314
9062
2354
1814
73401
52534
21840
96547
79943
71171
169
7879
33440
1025
71468
91095
46161
70802
62438
20900
80148
89110
28779
50992
83480
69722
44885
13167
41504
40322
1647
41334
71365
46257
40783
31986
13384
38853
7766
55911
70595
28614
15802
72879
8464
29153
45663
50163
32354
38054
64169
20001
64164
53097
70698
35570
52684
83452
82009
10316
25636
53122
92403
68222
14637
75256
43052
38601
53910
40167
52883
41025
68565
75895
51952
5931
2592
32815
76574
66914
16446
93493
70152
46805
82126
33028
7543
53640
78209
28883
24359
75510
55806
33608
1457
15643
73777
63848
27094
8163
10950
12819
66776
36715
83667
25371
88867
58331
49401
79706
50216
41843
66563
74943
55029
70618
827
33433
67206
32056
56765
20879
90776
56927
50148
94334
89598
77511
77977
95936
67413
20887
67123
78392
42119
39467
1955
3604
55650
49585
23839
9282
87589
60763
7160
55360
28272
71540
64055
1791
10722
34477
63283
95357
82005
65882
56243
53968
60568
43044
1284
85172
23599
68496
16794
42567
18046
84430
9492
71879
10923
44325
13927
93882
80831
19538
20072
45177
80299
64139
21937
80889
56490
13306
77633
6471
38656
40692
67778
42575
8134
40197
92164
70845
296
63655
28611
63782
73012
21627
77459
83957
23514
26453
91818
27335
23385
41879
46084
1314
75904
16409
9473
21628
40187
37803
15831
24816
7950
59442
61428
22258
45637
41655
52397
42865
44984
17604
92264
34515
26365
88064
48539
37133
11536
9465
18757
81416
82238
35066
17993
73107
90150
69588
67541
10458
18735
91713
48542
15816
88152
16884
727
28050
92127
88631
20152
4705
55122
22651
40269
83583
38367
87893
32376
20925
25660
85485
37536
36291
63342
32068
46150
89907
80240
81776
16716
77446
28267
95702
41384
87032
90842
45090
29075
39742
10912
23156
62369
42707
49505
95567
67922
808
77592
8514
28627
61046
38013
58589
7155
17191
12905
94897
39673
18438
44124
78649
74695
25495
30460
74098
14356
37136
85537
95583
2588
10569
41406
24920
94469
24545
93272
694
13765
69756
30690
7593
64519
21533
89159
46741
67260
53907
20613
65179
12788
95063
34442
95657
62431
31626
13801
29393
14076
30524
58191
75262
44706
60403
22958
4740
73157
54571
56223
54950
77682
87483
15018
73910
30726
49613
34343
21128
16958
32466
45559
97756
73897
56969
18421
91923
55361
91191
1544
97508
92436
17366
28534
48121
61156
23274
93680
26377
55426
38216
58792
82148
70234
73886
53202
79245
4052
19812
78295
39871
63704
52246
11952
3451
72350
31653
82031
62043
14955
72925
73252
46850
28533
47802
35810
12123
23164
66909
6279
41932
78308
96053
83796
77216
5687
53393
11183
10203
34109
5310
75463
56121
70254
7703
47218
30526
30315
89706
50849
90922
74202
57603
97596
17419
24483
12192
18156
52574
25382
77838
89335
78600
51246
35093
22361
64929
72918
84359
38057
54037
7982
61680
32245
47226
79948
64225
71076
86788
7124
48364
27476
47051
50737
16275
91473
24106
5335
21960
76171
33794
78925
16300
78604
79023
59124
18192
79992
28911
68441
29838
44329
89501
57528
42033
32040
13622
7382
15653
55712
21095
13962
12319
75848
15882
11811
47032
39011
46260
72863
51493
22609
39121
63884
91337
31681
20438
41913
38241
67
57053
14952
50904
55738
18184
32557
19166
19472
25402
53938
95654
80780
59949
84166
6079
20644
93137
78425
9354
97901
67932
87099
47243
63749
11115
96664
97282
17222
39051
7231
55376
42540
34832
15261
52651
82182
72708
51967
31224
34598
61887
34874
86560
46265
58847
19911
92110
55144
17245
74015
53779
39174
64248
63380
96857
58766
35882
25889
33639
29191
16458
62763
85649
61180
75443
53118
862
30530
38495
23986
87334
20961
79836
87603
70291
17091
52278
50791
12700
75696
43886
89196
13430
95892
60344
55276
64066
1474
58521
40261
16858
55083
44710
27644
65596
23732
72963
77386
2279
2481
37936
58676
89441
39220
34322
91303
35802
3532
94366
38265
27491
18592
20513
55736
55129
70974
50325
42280
57263
6151
70240
32706
17384
11102
24072
54902
45735
24202
71463
70854
8934
48818
60516
19766
13937
93443
47863
79802
3440
21525
43494
12883
84101
74381
85957
22094
4951
23432
37485
93996
1748
18509
57064
9898
77901
51536
3044
66745
82957
25749
92744
43504
53433
19737
76667
84442
90743
73233
41178
80201
40977
86693
15137
7066
10693
93881
79531
39
43250
38575
39820
70723
52347
32923
20634
30843
57620
41748
49967
19768
41408
29749
90895
32695
50691
43577
6795
11032
22734
76643
95449
60165
80258
78744
75002
46025
47631
73836
10227
67513
34943
10381
19500
35221
40370
86031
22139
84866
8809
9469
71404
91083
54375
15769
4768
8470
3929
67032
83518
27341
51727
9078
70102
71379
34397
69022
69039
38170
96232
16790
15489
5770
7265
1673
83304
38805
11455
91043
3997
69130
53498
41578
64517
42364
62151
18832
2364
80496
77721
54211
63504
83445
87861
67553
28453
44405
45793
23624
79247
42317
56429
73433
44944
15265
25656
83922
85338
12984
7724
65141
4733
5411
47948
33558
15161
53397
64399
29980
54335
84641
29204
15237
60807
30489
84074
54807
76658
11008
54059
14703
922
12682
48887
73634
62637
37717
92537
98221
55701
84543
56016
83115
41790
50672
31777
88538
55056
87871
69449
82885
15738
16560
42620
74482
96841
92463
19492
93124
27002
82046
64502
93224
98099
17161
44918
70483
19742
27392
64804
18507
81163
6528
85490
18283
91139
20419
18353
32984
1489
30089
96676
67314
95897
35180
35703
61433
67688
69434
76981
54372
16421
67913
89696
80716
10808
38294
15757
80879
76392
74967
40815
9610
16677
96177
6594
58244
20236
13041
27587
32955
24837
97719
22592
25763
43346
7847
42267
87961
63825
25414
57844
93320
70925
39948
18572
86336
48611
84227
59517
87044
81540
71038
35816
22067
59112
28077
92806
92516
66474
24619
52066
96616
30025
57272
851
34559
75780
11364
79974
90719
10798
39253
9032
30202
82511
34266
51464
3319
9299
63336
75683
59605
10921
51177
83266
67716
890
6162
90365
43100
22311
93939
47879
6147
56264
2459
4489
56094
96650
93902
13227
17635
21849
68711
69919
7214
29233
34867
1789
71883
72248
10981
56594
22320
50203
20623
82739
43826
87316
12436
65271
2872
31186
22825
74833
35488
54167
36804
75242
98235
60101
17944
55873
3579
93306
6103
82929
30329
44174
45418
58548
79388
6920
36590
58987
91072
45911
27703
87813
85967
86423
63323
29688
83590
9158
25600
64317
28810
20303
48979
11112
31106
97821
90485
1468
88514
95001
39334
29884
49158
1022
600
41808
22149
3654
17751
29634
67510
87427
36908
71285
58445
40401
87130
88933
71914
57761
42030
40129
45606
93210
91089
50865
54195
8437
84014
17637
54623
26701
58739
51690
93452
87206
7757
39819
89124
75885
5506
62628
48584
47641
73878
94477
25854
37534
7979
95155
45510
13023
46705
83639
3174
48935
34060
31802
318
72919
44858
97115
48576
38089
53041
63596
59058
19034
6041
73506
91644
81847
52804
10652
6585
78689
80359
45240
30176
1894
38453
47701
64383
33356
3089
19546
14241
78508
97871
87373
16886
80558
83358
30372
90786
62230
45472
32972
83719
82862
52679
79587
52237
57740
32124
59984
71976
62249
89879
48606
24898
756
5662
61751
17826
3686
34103
28961
18561
20635
66358
24496
17434
66275
6040
53993
3163
28159
59391
244
97435
94675
24358
45209
88798
74429
7930
60182
52069
77956
97974
20155
28754
44318
2147
45131
59036
53702
71263
85071
84756
83745
82590
92453
4897
30169
46096
95576
37472
69060
348
80363
83717
9995
72440
45360
58577
84478
76366
95794
44398
89174
47118
88540
36466
77981
42876
65919
49170
66402
23208
71444
60699
77280
62616
57955
91372
46990
17785
65774
29650
72365
69006
12704
15484
9715
88557
71562
77698
5009
25851
46112
9346
63005
81192
61591
67694
33855
7229
95989
69322
20242
75317
81613
61487
73339
39613
62342
20323
44304
96270
36948
53137
49636
65896
58294
60710
35739
39650
8541
12105
23431
77454
65553
11088
31141
41393
39720
13576
69766
51157
60652
48917
85516
20118
59189
1413
79446
80405
92582
25922
2398
41488
53187
89747
3870
6252
39018
64612
55580
479
78433
62513
2345
92257
41962
33415
57153
6080
93701
56535
74087
89392
69742
84545
47898
50193
72333
41593
49514
36513
27657
4616
4867
6266
30718
46338
70934
90929
6919
8217
10509
63789
48770
73261
75949
62675
25492
83111
7194
77639
9857
20653
13216
44290
59194
88707
25100
56856
32666
40326
7953
14618
66262
42300
10772
56512
58569
95097
12200
59621
96553
13957
64442
76061
42485
6785
90894
82682
64657
31752
80050
2124
91169
97233
7858
28004
96848
66495
56345
53117
10041
15698
69769
56438
46062
42566
17095
66315
29933
42035
88658
82792
13883
31632
95258
68789
2145
19888
60651
60512
46765
52059
17568
12806
82204
55598
68380
89304
46798
19446
67271
73472
68552
57369
88843
25333
93402
10815
90265
55461
7403
76613
84326
32230
34695
85918
69845
30759
729
39661
10146
72242
13241
28194
11260
65859
12054
75513
54142
31149
25552
48607
13637
13511
18003
80204
83484
98031
81582
27868
49452
41006
23055
29661
49174
13610
83993
48374
38775
61170
85066
3201
31933
89820
36019
14944
85512
89636
16330
49978
84708
18981
38911
77240
13346
86709
90281
80011
75598
93654
31431
39443
66213
10979
82450
75199
21846
40997
64580
11882
11418
47332
93596
94888
93209
43946
4078
7071
87027
94264
9247
21163
12550
86564
80073
29697
7709
52868
16315
24759
75456
44498
88822
66569
24430
35982
91740
93813
95220
59989
4068
49671
12110
80214
86170
57178
95875
22426
77514
53599
14684
50329
72989
20692
15932
60661
2894
61028
82467
89819
91601
77692
33484
90763
23678
28732
8238
5876
24002
41305
36433
23572
9292
73319
11273
78874
15446
55241
48359
96719
63030
72160
11603
5657
43685
72728
92489
15873
78228
74719
44164
55453
64372
4576
78290
9594
44257
60574
18860
18925
58933
92935
90512
44154
28115
14999
14748
79939
65536
63766
55527
18795
81789
16367
89042
61371
59007
63702
32553
89108
44960
2016
21789
52074
91305
84746
51827
72788
63593
59732
45866
9590
55895
86435
89364
65055
44747
97144
96250
48476
35257
79656
94062
4718
36002
95809
94282
60791
48989
93088
67212
48399
20029
95415
8746
95302
56495
65629
94276
45130
16441
24345
24355
45915
30002
75021
85098
74626
41570
26289
58975
82726
33918
2674
1800
46843
34861
30086
56522
75862
91277
35341
42910
14314
77169
24203
58796
58117
60642
21204
31615
10758
40513
83950
23691
80507
43563
58156
21798
58491
53933
86054
69249
93681
16396
34656
14974
3146
96526
50331
5597
50211
11602
33638
12211
20838
34232
92497
86969
13081
85291
4017
2495
48835
53362
94015
58401
3714
17227
79012
53311
29822
69289
35717
92653
51211
81207
57297
92901
39143
88118
25370
87826
20154
40864
40804
13431
13598
60254
14243
17151
12585
85342
86261
83067
77466
52744
77735
12293
39452
94099
90736
59751
3420
13619
27217
69004
62296
18818
34123
97383
41263
62179
16657
56864
21146
40585
32769
88568
22152
40028
89699
51485
53102
21177
67246
30712
31297
51163
91031
28669
73544
26316
73931
73708
64064
77797
3354
47029
93461
73381
61855
64311
24180
22112
54964
41236
72635
61137
19193
76105
50472
60141
3047
37409
64527
7874
59423
2221
2770
48462
89029
63828
70549
86080
55355
69633
80538
56995
408
37069
82480
28763
83989
78573
75517
92693
71465
13512
19520
87470
61524
55678
58762
50435
86200
38486
96518
35645
25727
62350
55939
11732
56958
419
36423
86869
55459
85813
76895
81595
23345
74081
13445
95507
25903
6465
29173
57037
50354
17002
94617
22221
58864
28658
41294
55581
78702
61687
80046
43578
68072
87742
92202
40681
96421
2226
32147
92397
7498
2757
21577
57563
14810
49476
17962
77297
82730
82557
42311
86426
29158
20111
62159
70361
29300
22636
49569
20386
92273
73109
34812
14247
49318
57309
59662
74523
86120
48518
69850
19426
80782
18397
88428
10882
45337
92727
41611
10804
89523
8878
12363
81365
91136
62566
80489
6385
31824
85273
79613
64471
95872
65042
67307
61268
65056
208
45312
71625
39061
2482
72192
71662
44799
94704
16597
29347
71615
79725
4645
31026
45437
89575
79762
79442
59253
7892
60434
36884
13437
59114
14240
5498
23592
52007
9948
30208
49993
61658
63958
76607
92169
80551
52164
54015
54748
48045
54894
94495
57464
52491
41721
14665
12502
36354
49973
58541
30159
72413
79743
8989
39115
57190
38199
70774
24366
90992
77437
10101
66713
66121
19018
64017
90054
39680
95930
2082
38245
65323
43684
68044
34448
43067
32332
48506
14981
9659
89240
33180
95135
97703
58357
13655
66633
33003
15208
84956
14730
64837
51916
574
41436
88228
82683
38702
59077
84601
95958
64285
61414
3021
83228
13591
5500
75939
97717
79681
35719
87286
62993
62211
11295
46519
96199
79212
65959
60451
78721
51053
40182
36056
26440
97384
80461
33348
69087
10064
53292
57444
11379
86303
53752
28833
29713
82720
94761
78428
82946
3501
90244
40733
29240
90178
81334
14055
80391
36415
3517
39940
75428
6586
28492
83131
53639
94414
41572
35771
26149
19199
61789
31555
16087
77232
67015
88824
65628
17247
29992
22018
92022
877
1267
65637
75015
24543
84876
59838
46821
10661
46852
42325
71062
54662
52919
71003
90442
59013
46202
31608
69417
71843
65349
40135
15710
10843
73161
32805
74184
61023
78017
67338
25708
5214
85197
50431
18550
85442
86688
11067
46728
15528
21698
1897
75903
94444
55747
23244
20417
18483
45252
14268
24947
91636
88180
88590
64047
7909
34414
86058
76976
668
75814
85436
54559
11297
10710
71495
61632
94201
82464
32656
20599
11225
79293
17823
34668
88016
87019
10024
8140
89344
46557
770
51106
16050
40511
1459
25966
10891
54746
38558
85722
40206
46081
32879
4147
27961
16076
51263
10874
94283
17596
72874
6362
40355
90306
89514
94846
80668
44696
26931
61369
40667
98125
8458
39367
69644
64263
16750
32770
37161
2562
38141
36888
56389
95593
24784
12912
11638
40659
14122
42246
69321
25951
56784
74152
36396
70713
86555
94072
27098
13913
36322
83160
58159
6009
15388
52712
23232
72601
20447
19561
82231
8330
17737
16032
61337
64439
53828
5566
42744
59813
24428
88306
74407
20579
57695
41430
77181
6637
96542
5562
58499
58549
90573
16286
45912
8546
9537
32915
90227
16065
38310
97859
80880
61865
50294
20292
59379
69810
16352
56289
5073
28299
68632
17488
36100
47472
5092
41914
28356
46041
95812
79545
94292
68647
40142
78323
38026
40595
92341
5071
85324
41642
57049
12137
91102
1670
50343
21573
27601
6407
2801
66186
95843
19001
6781
67249
49509
15495
64410
11681
26687
28490
95622
82924
86911
22800
20344
26901
57699
91333
51873
72511
92993
52078
82507
14602
59664
69966
20176
35143
85639
5684
87284
23818
83444
73088
82189
80479
80000
12029
11095
66422
94102
34629
2097
70780
87969
88978
96670
87691
25645
64888
88328
62126
52221
26556
11940
63057
62334
9057
44274
49420
56005
41850
93246
15133
91830
71240
82904
72190
75332
33445
7836
79031
26086
16217
40483
3321
95399
58213
92134
60519
93359
32271
27885
19326
96696
87158
70428
25715
72397
20247
43234
87002
23098
31020
42915
51087
64550
75853
41128
28702
44320
68721
15002
16949
43111
72847
25203
4312
26749
59184
52934
64299
62372
64253
68800
79908
34141
2601
34285
32429
33125
33730
58495
62003
93211
58819
32499
25056
63155
28264
41627
28174
43408
22840
57450
85288
75085
487
26736
92755
74543
28153
88974
39517
72218
54003
95980
43729
29615
58022
12035
58542
10500
66084
79991
26382
25498
76397
28091
34329
74358
29604
76454
16250
53027
8891
72873
23141
84330
96276
85354
30734
24864
14342
77593
31622
76166
467
76632
58595
36238
5827
66803
36798
26423
58622
91526
84978
49314
28269
62605
89533
89081
38781
81250
2450
94078
22518
12258
11004
68769
64412
71331
3058
93480
55099
25702
18991
55048
23087
84980
5655
63330
67034
56272
29273
60713
20217
82418
14693
73630
13159
36253
97216
96922
47393
81170
44363
26155
27026
85006
71214
41400
62527
92362
91528
3657
73574
76129
72378
40612
24560
73795
40742
21725
50367
57335
25616
2331
9419
1515
82722
21346
28211
93919
6560
46262
18728
8630
12394
28150
76827
36979
22005
19348
52441
48976
65962
92747
54465
10454
64496
31044
53738
45089
53435
29395
49268
69997
95219
56513
22492
47716
43539
1133
47654
17440
85547
69560
72361
751
34605
69495
20916
33664
96790
76094
76964
20131
9836
97815
5042
98256
37298
53555
5032
36965
13548
56562
52018
7984
95514
3016
82456
39409
5436
72528
9771
66978
92360
19511
76931
1449
48524
44436
43035
90155
91821
75217
40911
85209
73907
85041
69774
30207
30625
83909
80028
35978
53352
49079
56646
97270
2724
89583
37600
72698
20078
42733
81507
21866
16573
71644
6315
72318
75797
55195
60892
3145
30713
77581
33005
97927
85845
90209
21621
14030
72837
82706
11540
6922
28429
51527
96358
80187
40266
41974
38418
18988
38821
42565
84563
23283
45634
58490
98196
65342
17795
17216
8856
42226
1759
76962
83152
48022
6692
74436
19499
14322
32494
31702
18034
21751
92111
38431
43609
79880
85296
56524
56118
80084
62497
10460
31338
9514
90522
70865
93139
96789
34160
11604
21567
2474
36323
15558
54203
16869
58409
56563
91596
68392
8600
87881
34205
2900
50621
73498
32238
17584
53710
13992
82919
15203
50202
51228
28255
88765
61822
46139
78646
37020
89859
9026
14881
19740
24988
33761
96512
41118
17001
48802
6712
28992
83375
27979
91602
70388
34955
86735
32001
81893
27142
50625
14630
55318
75540
4053
33467
88199
43426
77567
27766
80504
27745
69667
8166
14501
13317
59039
19557
4453
3285
93816
46896
39361
41429
72815
59325
39041
18598
42358
83731
3535
43469
69077
67743
49916
58601
27267
27628
97361
95882
16490
17972
70189
18349
19583
79109
60505
35407
3293
4964
53108
33942
70443
31053
24710
76901
15899
59072
45326
49931
66432
37895
19059
25006
61477
17215
98137
45601
44166
96306
79882
88255
10090
17600
90931
95533
6130
30419
40943
8533
3012
87134
28691
95996
97891
39279
83808
68917
84352
79282
7405
37025
30472
67577
80488
54758
85222
74582
69214
29915
18885
80478
14453
27331
14278
94371
91420
27153
76594
22476
3211
28847
15803
80707
62274
27290
21313
7096
88717
80759
437
97283
89590
45824
10471
84732
15408
23872
82487
91414
19506
17072
10198
79319
88301
53810
43117
24858
23108
55023
77665
62175
61308
73632
52580
2201
12831
6478
76858
79095
66528
22736
54856
45201
54436
61356
22046
19206
39466
83135
25741
29842
7767
47607
68442
74309
93733
5181
18709
58085
23296
5284
65635
71753
68175
21479
16922
23306
79448
60366
16606
48346
34594
24747
54704
59568
66090
72251
63983
30579
95528
26575
33857
38161
55607
43005
71096
65685
19890
27174
77852
11784
77218
57525
2644
