3068
23845
27753
53113
30466
47300
28923
20357
31407
8831
19597
18244
26482
14327
34417
12699
25564
1909
7799
29708
49742
29953
48327
33829
32042
47114
6712
19965
4139
10606
32269
27075
32000
26185
24282
32869
27403
9510
7037
31883
4096
21672
264
47407
32419
53622
12821
1094
10184
2628
53601
2054
38141
51113
32779
48403
40758
21993
9379
13362
17688
26995
19899
23678
6919
51043
22295
36827
28840
20934
52615
13430
15718
36714
8891
12546
35065
40163
40357
14627
40959
43971
9622
23397
16967
3207
3265
15404
49913
22470
8746
44065
24384
48407
38768
33394
26100
16653
42260
36456
40515
46098
34583
14665
53757
21179
21740
13046
2056
46679
13304
53328
34124
45583
5562
52207
10039
32946
24927
48533
10062
12586
15938
38666
35650
47716
42179
25374
3277
10371
31820
43429
5335
9702
3755
5864
9380
40608
34966
25642
36082
40876
688
6475
1062
40335
41350
34414
2440
8154
25182
4251
20083
39376
47280
8180
28262
18793
21496
16886
31594
2183
39519
36320
24039
17741
28465
4623
44277
7746
2660
16701
14122
38660
53924
42230
24399
9908
9387
13320
13266
2843
18709
43239
575
17078
19425
45151
11513
333
45045
15609
30134
42269
25147
20563
46916
33306
29016
50029
4349
43278
51900
23543
19866
24013
8708
16964
3932
36285
21418
7725
84
31196
14873
45501
14772
42150
16881
48564
28045
3827
5192
45103
7521
45993
6302
50732
46130
40642
21901
25774
37164
13369
45923
31825
1574
12359
41976
45201
51181
47181
4669
32950
10912
87
29743
23050
39520
47004
50158
45001
50086
16283
12954
48099
35924
45862
3677
27207
49053
31005
2379
32434
5823
20149
15539
44989
52484
50374
19802
39282
17670
1782
26872
42698
11414
43075
7737
22178
38837
14562
37390
26929
28085
19415
40582
44631
35733
23574
42780
13658
20196
17360
38006
40304
32845
10185
38416
50602
23766
16772
51333
41136
2598
40435
35363
5305
19363
34706
50655
46401
48059
5672
23838
36834
5407
47427
47606
45316
15518
335
21813
50021
3103
6911
45023
7788
2134
33631
17719
34832
42861
40814
36832
27838
27809
34413
23214
8082
52456
2064
38816
39242
49162
35523
16691
51898
46601
18563
45663
32224
40889
17922
14628
6326
31298
51664
16267
19810
9986
27554
29744
11394
43694
32884
41317
43816
13732
5330
51390
16466
34505
10532
4892
20289
21244
8266
20998
13969
27398
31524
26196
24272
7150
19602
9786
8981
6989
1461
40409
11531
14883
34547
9984
14825
10
21077
8146
37536
38647
26296
43400
13219
48414
53605
30923
51448
33763
31406
28818
51425
31382
27929
33444
20611
164
8287
43536
18100
4374
6213
33073
46598
26580
16266
30212
29750
21561
24802
50042
13260
35240
11557
32173
2586
7020
11506
36484
19073
31833
25650
23253
22585
18760
34341
30782
40379
14724
52218
15252
28212
48271
10795
30281
23566
18409
51864
24930
7480
47165
39941
44785
7488
32564
13203
25969
24868
30691
11425
18483
16069
11896
44592
6088
53457
34055
25
5287
9112
31525
8719
19580
32329
50632
3042
19441
28028
6707
251
1352
22205
16479
14828
11270
30752
13024
4965
41147
37839
50713
27357
44064
15337
14444
673
24633
18562
32004
6144
19661
43026
9080
1089
32010
36134
5035
42534
19576
13381
6075
7635
25296
14310
41960
18894
42949
2622
36325
850
42650
23440
15967
46296
17113
49575
53557
17905
2096
10501
35236
52732
14340
4830
4930
3435
41669
9944
1755
53335
6985
33683
41120
39438
10428
33455
12293
35764
31891
52411
42396
28863
32313
41293
52938
18827
48089
28956
35056
22784
14971
24755
47922
2930
36292
42081
14201
24031
1259
7033
21786
5569
41038
23817
23304
22365
52263
11500
18559
39593
30544
39826
2302
35983
51811
31679
42739
30394
47920
10072
23444
9344
32597
41821
17964
19612
33974
38863
30141
583
45645
42597
24123
16382
10958
42208
42591
50989
41287
16077
37292
32286
24110
49078
52229
44954
53069
11740
51473
7536
48444
43115
31968
38359
28636
33118
52152
19570
27734
41418
6713
17693
32153
42255
28419
15541
38257
46824
51975
17201
51862
12604
22649
26469
35397
27320
30657
7965
14385
45717
8100
20446
26941
660
11868
28185
40002
18715
22227
51105
38474
23198
20075
6887
14032
51212
49703
53986
53846
27502
1942
25234
11315
31967
24067
19929
39843
49902
31534
38575
32133
19831
42740
53180
21393
15921
35857
47121
42847
23706
17831
52872
28416
18204
42636
22867
40804
49129
36680
3974
35104
27644
10633
41819
4090
437
13360
44168
28437
18666
45960
39306
42937
19008
39509
11622
23376
5411
11011
5329
3591
39245
5331
46466
34738
45548
18661
39177
22328
18534
25338
14920
19429
37723
27024
53135
23627
1172
43545
9980
4900
29899
42755
9298
26889
44563
47182
53617
25156
41850
32436
25622
1988
16183
4622
40405
271
2028
34271
19825
22695
18088
51528
15816
8319
42564
375
18433
27699
30844
1416
34087
53650
22500
20455
32862
26495
12072
10782
25733
51828
39687
22233
31867
4971
9178
13465
41907
47064
37383
32551
15050
42536
44872
37339
50768
45683
31039
28047
14587
32353
41247
51087
52287
15900
26621
26015
26239
3334
28102
33297
39597
52596
16057
49056
43344
37612
44303
1956
23068
10873
53830
6802
14842
25968
29509
3623
44307
27879
3366
37984
24405
51638
7793
49840
11079
36413
26420
28892
6359
30184
5851
43077
10276
13517
53517
21211
4372
17871
26103
20718
44778
31054
17331
35279
12423
19026
7466
12825
37574
25471
43629
5620
25780
52654
37995
26253
28555
13786
14564
38139
22872
32669
25710
21060
14432
4384
47214
46624
19143
15962
46545
3749
45317
36566
37270
6515
10024
43014
51971
39809
6855
39348
27528
1792
41717
24056
6107
1735
30831
46557
32528
1999
44757
16012
5328
9773
3256
15868
24325
35146
9280
4595
32448
11169
4386
42786
38619
52702
8766
52839
44504
30249
39263
52099
12810
40893
18570
20403
18475
4356
22474
9049
49480
15666
41346
33353
39004
8705
46180
52937
50647
18332
38312
22078
6252
19901
30111
45390
44745
52763
45649
13025
20980
24083
33414
29704
23755
17156
25435
2168
38676
44930
19029
20296
30855
47983
38648
20176
30467
28170
50803
48982
39018
7341
44614
40342
5806
12117
10588
5020
1379
3074
3189
33334
46337
4468
7734
40003
38031
21443
7714
45900
44170
45428
33068
4981
31587
50618
35762
22677
21097
2425
39221
44701
5014
23779
17655
21754
1373
21301
44032
23193
30342
25496
11703
32646
1589
12288
670
43206
49223
7626
9452
6422
37399
16458
9758
1583
14230
13811
28029
3627
4885
15241
45760
10103
23745
47792
51542
29159
37724
4306
20262
24600
16291
30163
34479
11831
47738
45957
45110
18997
29255
35386
49771
22568
4404
51962
26868
18119
32211
32442
41463
15091
2107
52565
42909
17604
9778
52293
16350
13477
25390
34573
34552
51351
50038
47401
11929
12833
40816
18286
48545
28389
37827
53759
30428
15724
11254
28478
11152
30050
28557
14140
45085
34310
27719
25408
4608
20429
25427
11978
24061
47741
36444
5830
1762
19072
19958
38986
24465
14682
24440
29985
52482
37911
25039
2038
34981
11250
31855
45789
42765
17731
716
35859
12401
34777
6578
21136
21925
32237
21052
29259
11235
44248
32631
24830
345
49927
17495
8436
31278
15400
3513
7266
37918
41975
48937
16405
8743
31464
52865
39059
49503
13028
15325
35610
16227
31824
23800
3317
33354
28016
23148
16778
6678
978
34749
22439
7273
19737
195
32140
49729
16776
13188
48197
32971
37172
784
16525
37262
43774
25226
4801
11807
42571
13135
18444
24504
26853
2574
2044
30754
24689
48557
34835
21638
52644
44208
4066
13707
2768
5191
14159
38124
15983
15896
47358
42407
53976
27538
46262
10395
7240
44419
15902
23203
42854
53285
48220
50976
34366
9444
7212
10645
37114
10201
47925
6358
23854
6787
14048
43253
35059
46123
26362
33446
1652
20581
9616
23801
12272
21895
44298
28901
7645
48316
29551
1995
37735
7311
14880
15644
10073
35912
47307
26843
37100
47912
48339
12001
32731
9410
27083
11695
38468
1108
10418
8914
38649
6374
48411
22258
23446
34499
3297
47385
631
18990
4820
23802
20481
19279
33384
24072
28424
37806
25183
43507
4050
10620
43725
52325
7765
22812
41518
17048
27310
27762
22189
18585
20219
49404
31489
9504
45223
20394
11559
20903
47171
23943
37758
35297
17610
42951
13105
34703
51001
10548
32627
25547
12565
6285
41588
30396
7296
5945
5909
9564
15261
31409
43844
10084
9457
6550
22034
42652
53631
27049
22844
37851
43709
22410
7585
26049
51012
36881
49083
23497
48212
4247
51774
47519
3220
50454
3936
18950
39138
33256
45358
47846
7329
19498
27932
48447
9027
37184
9206
25419
35157
53930
50163
43667
13857
29879
46203
49906
31605
45038
31548
2396
13930
14483
35470
40458
52068
1088
47569
15670
49892
45681
12381
42120
31181
28559
25712
7283
26072
44962
1739
25334
13839
2132
32632
2458
12452
8141
50211
5757
5795
48051
37437
24768
45915
22754
35160
49543
50829
33553
12594
9047
12076
18498
18165
28475
22781
3186
6991
52052
36271
4674
42019
10988
23191
12132
33985
998
6785
49422
15065
48390
47078
16177
46653
30439
2361
36027
34801
12682
20681
28371
49736
31199
739
12665
51119
18287
36961
12907
21858
26578
45797
44522
31906
4476
38839
3003
50303
32976
47268
36361
4957
15307
48933
19023
48602
2894
24055
50917
10877
40655
37596
15843
2359
19391
41555
5514
49880
29794
31384
27686
45712
35060
8892
3844
40243
50779
7923
42106
34029
43592
44338
33279
17796
948
7383
53268
19261
11461
32385
26669
14281
18818
52639
44717
29997
22183
19599
15842
31467
45255
25760
33743
37826
24613
26276
14895
8166
9087
4418
28797
7782
30627
49968
22824
18526
28078
27913
23893
23966
37770
38441
26745
250
53596
18338
34659
2155
39201
17391
3941
30103
17541
26828
24710
16142
24316
734
32536
10094
53001
453
32787
51232
11658
6954
23018
2157
19295
25951
41211
51629
27575
16697
33886
5737
19521
2432
6861
15647
49498
14042
45761
37800
2260
52376
31873
15070
33470
11144
47801
1902
20737
21516
46366
22409
8664
21533
53365
11678
38899
26683
24003
15425
35407
51514
22315
44626
44325
27189
46323
14814
33276
15635
34712
36970
8485
15599
30069
26117
51330
34991
45472
30970
28688
48957
44927
23761
40735
19432
9710
26339
31690
4754
39866
18361
33664
2508
52135
51961
34554
5163
6400
37244
50796
37704
28640
36164
38456
3007
36625
41798
5199
4035
46836
25157
45804
42990
46133
32374
18205
51175
31578
732
17750
9734
25874
3429
29232
3881
51200
14214
43282
1257
25525
482
19205
7209
40541
50934
1182
8875
39441
438
20899
21165
28126
44773
48693
35594
9269
43633
39190
31394
36447
48914
13123
28121
35568
1262
3433
50421
47670
27551
17352
40960
13474
3724
35251
14647
45745
30145
28981
21947
32008
50071
35458
13286
1292
44425
5164
34834
40836
16769
22209
22401
17277
28249
42950
14570
23418
1939
2692
311
3839
23563
44351
40946
15640
1363
3471
40205
1950
16584
36102
6157
43179
29318
20634
44856
40947
764
46380
43034
38091
41173
46594
35389
16030
48653
32620
30989
13630
11371
52850
52326
3177
44336
43872
616
35783
17428
5667
4737
26849
49625
21112
16798
15823
28057
13058
31934
1483
16802
42530
48993
18025
11293
2537
22371
7071
25902
32595
42669
50297
34510
28317
22690
10310
3165
42182
10786
20471
9262
9369
51932
19459
34432
7887
28887
6726
20305
8597
49520
52945
10214
15034
19972
46229
39753
10565
29544
41251
4915
9187
6823
26933
11027
10458
8955
16514
3565
4470
43120
32277
10583
19436
47351
53715
13366
14037
30151
30916
34168
33440
35476
31581
10700
31025
7977
36998
30315
19765
25679
6286
24639
33568
25654
7183
3391
5600
12993
21595
23500
53194
28535
12642
5069
10504
40520
35555
45921
18772
1348
26153
1977
199
25198
51407
14099
15575
8890
43527
50504
16939
11006
53420
48703
8925
21608
47172
15581
10629
40833
40683
31897
38508
10159
5064
7826
10278
34024
31543
51716
27576
17634
32356
40265
13155
53500
12101
20820
12006
23257
20173
16154
12320
841
27510
36450
33180
44542
45488
17236
25938
3342
818
4786
52170
51357
35578
8497
26085
38473
38507
2767
5993
11381
30275
19350
7123
19160
34888
51525
46385
10491
47856
41592
34623
44191
45050
528
37335
2614
28995
29501
39770
30357
27155
651
42742
35463
3785
20226
21297
25224
15104
51681
28388
5736
42692
2666
41022
18979
24195
39924
22053
29735
40882
12449
420
11760
45113
41664
49997
8723
47812
42753
25420
47756
39308
16013
51133
31160
42738
42502
14731
17740
35472
48648
3590
25406
44206
2188
27030
8405
31404
22966
39014
20873
28166
26870
45383
28310
50689
16737
14583
39594
39527
43005
13566
15396
8375
40513
50528
44516
24766
16874
6805
43890
28065
644
33958
3346
20651
24392
2743
34585
30720
43794
22009
47590
53057
38489
35103
8329
6091
17060
29028
42066
52233
26038
40313
4814
39796
12324
16645
9213
37751
41793
40592
9891
757
49328
19836
26527
28152
21256
45971
52684
8593
42628
47523
8022
18087
3214
52196
47586
2012
6950
125
31328
19674
22778
45418
27962
47630
48607
40221
44603
8379
29203
48295
17268
5501
53137
45335
48621
3715
19750
43261
38427
18067
11787
53672
52480
46917
41986
52094
50416
23701
32263
17625
40822
41570
47765
4399
5933
39501
16855
25313
11999
4503
51470
14659
51277
30473
27988
40028
11943
12078
7904
15339
49652
39774
4502
33089
40499
29496
1215
42581
7916
34910
26466
46926
35169
47932
49691
51446
22176
26342
51120
44936
42911
37341
17866
6450
44236
40096
48971
31119
22086
38830
39970
46154
28808
24861
32193
43111
39666
36670
28502
1033
12242
8172
7321
32006
38101
43139
29274
6297
30840
14349
19847
32939
2063
14088
29738
7278
16757
45198
21570
27871
25563
51076
391
44812
23387
30506
27011
7233
2654
44713
30593
9534
18296
36049
19541
11654
19629
37119
12667
1622
31504
12283
13359
23430
21796
5494
53957
20087
730
11345
1712
15857
37727
19413
52755
46704
7099
11665
37871
14145
16970
52672
4569
46891
7264
20761
34825
44149
14532
11248
39176
52889
36568
30566
3285
9339
18696
34905
8205
13113
10144
14163
13830
52548
10818
12780
50834
20425
12105
28504
42113
45580
18809
45008
15513
43358
8572
47761
20891
5511
22150
53751
4940
19266
53413
27419
23330
22864
22723
5079
38565
3529
46900
26591
16787
14527
6685
42430
39800
18464
47187
8902
9973
22605
33465
47391
36019
17260
28870
35954
49419
11402
8474
12477
32204
18724
46567
8842
44237
17136
23305
49459
30169
19217
39915
32949
8351
20367
52849
14052
49855
25256
21897
35775
52075
53503
51452
12015
8789
2356
29363
45460
23379
13139
11784
9355
5451
4449
45006
11533
7513
1588
4849
20220
17443
29316
48844
48502
10587
12624
40902
22415
47804
20913
49388
29290
22031
53669
26188
34514
32856
3000
42248
24915
1433
17262
50683
576
28603
9807
18217
15048
20965
35779
51684
7075
7188
18049
29191
13984
32201
1286
12014
36823
27394
14209
46980
9730
18841
21762
37407
26754
8453
19290
41559
34765
35473
25931
3327
9381
28653
10182
44837
51259
43723
3975
24738
31388
1756
34652
26237
24201
27365
5609
44564
52166
19853
22287
16710
11627
11551
36276
5763
19626
11710
52419
13367
51952
33611
31892
33947
43995
35361
25057
43572
41123
18250
51844
34390
29344
38305
5634
34987
2829
18941
41817
6361
11136
44851
41581
30149
28161
40717
30870
8263
11950
39058
25728
30354
42578
21147
11239
52841
9050
14132
30987
50764
13646
11871
4991
8424
16457
20174
47589
5248
41375
8283
24341
1884
19664
1505
43745
5358
35599
26094
37426
23101
42795
12088
45968
15421
41730
53281
47640
41373
49704
15690
43747
5781
46532
44376
27146
1836
12309
12257
27532
49919
15391
40294
15195
9515
15159
36744
47420
11418
41213
11753
4004
17651
35335
34262
38023
30887
11527
50357
32505
51850
25153
6087
7627
2809
32128
10690
36457
29518
49199
10042
9257
3330
2898
24829
23265
44006
52258
10856
47301
9198
33923
25219
12847
34101
17092
27791
9731
38490
10220
29597
3621
26877
43553
30240
53972
28487
49334
24264
4483
37115
6336
33873
2112
14106
7783
25018
27584
36074
23250
33124
13063
49198
27186
50051
4983
29072
1206
97
38786
39656
40653
23823
8057
6674
32583
35373
29110
32098
30772
11949
53744
26948
44761
49214
41219
1396
15082
50836
2957
4796
41511
49376
27204
24817
17843
3698
48206
11310
31419
38353
34642
30793
30070
9573
3210
35141
32162
28671
28452
52768
22877
43126
6579
46841
50496
42774
47397
21848
36781
50198
47446
28285
14408
35375
19445
27312
25717
27918
4437
16379
27288
38231
36248
34363
32343
19340
41608
48815
37092
43134
27774
21777
53718
10188
42512
35079
34319
32015
15109
44583
14381
31237
30605
43913
21436
49010
30636
48124
36525
49683
47629
31862
34097
32537
30997
46585
26418
13748
50237
52058
19103
25770
38662
43231
47773
22261
31118
6698
11225
3710
49505
38704
1868
25501
50083
42957
41153
35308
5123
3937
29326
38282
35631
4376
5963
9808
4397
44046
46482
34611
26637
48304
41372
18180
19951
14296
9835
41088
42048
38140
17470
25098
10902
41469
23451
49666
3419
10699
19646
31391
12045
51184
35637
21242
11137
34090
51642
5563
28199
40837
9976
45035
27743
36582
6626
37861
27542
30374
53992
27381
34921
15141
9890
36306
52561
14320
523
16839
40423
17336
45657
48603
17025
5876
25444
28248
39024
45299
37303
5503
42966
49262
5842
20375
46658
11676
5217
27773
30846
39546
31101
51768
52679
45290
43854
28491
22242
36722
7663
9194
1192
35803
10975
52466
44949
22012
39100
4638
34211
25743
42557
32395
1931
33598
12837
6748
8105
52915
15691
38064
17021
24120
5811
13516
50134
49410
21691
19766
46660
41295
48600
48479
39384
46552
22355
37056
40590
12340
33050
39686
16553
7840
20302
22998
48947
14937
13781
16934
13131
41557
44130
47734
53687
3143
5716
42329
24972
45171
14518
28110
35773
22508
6486
40106
11522
829
11779
13495
2189
13356
22642
37368
11846
14494
16406
12098
47642
20012
19649
39311
44681
35228
11540
2996
46897
54017
15462
66
15411
36917
47783
26439
17620
21513
32163
7335
48629
25377
37937
18908
41423
20395
23244
47520
4369
3821
31929
3589
15688
34487
48431
53614
27804
49871
2216
18446
38383
25061
31701
29642
48746
2752
37558
10789
44787
45496
24873
43201
37696
53224
50709
38036
53109
9101
50
25887
4195
53850
25227
48793
22181
32118
44830
10235
32650
10976
52494
48973
34714
53800
6323
40159
31014
25133
14688
52306
34020
4879
39212
14435
11543
27741
28706
45409
4056
10568
3076
29418
44948
14365
925
8636
44151
26468
45100
28268
38413
596
39568
38629
32088
15814
21725
37683
27069
53554
24089
48319
28567
47909
8374
46911
612
37737
13128
7046
5011
33278
15455
32652
12358
46298
19986
16713
27314
46777
5732
2981
4023
1514
17116
17546
47609
6541
11409
39857
40127
23608
19950
38198
8805
51189
4067
20637
48047
38684
33472
47786
33819
13918
14567
23174
25890
11379
50359
10828
44530
10540
53417
25218
41258
13959
29211
23173
13908
37028
28302
46063
29582
35749
11759
22218
45920
7431
34917
25822
17418
28824
3596
33290
17
53360
48540
44148
34239
51226
1207
48531
44334
24566
53088
46767
50121
9691
40713
9120
10281
7309
17499
37444
52212
3564
15789
18069
39911
25243
26735
45500
37796
29530
1951
42223
35038
19789
43691
16689
4378
8769
13537
29520
37403
1544
18759
7955
7197
21314
51045
18635
25112
17743
23070
171
29621
10199
38109
5458
50272
40209
46593
43876
18295
34251
47197
12811
23621
51770
20523
47112
8290
40862
6616
1934
21459
6
44570
7853
1615
28155
39881
3501
20281
20948
28496
9797
8163
15457
7890
18837
20763
22901
20491
43569
11563
42703
42218
15858
39029
31526
12460
3090
17744
45307
16442
21250
4877
9818
20698
42112
1890
22739
10656
17488
48088
51917
39130
14353
6030
2626
39829
15741
29146
38803
16109
17753
31901
35831
17692
7050
25873
16221
47864
15023
41325
20207
50876
8740
29309
44285
46813
34889
23348
24343
38035
40969
26867
1576
34164
23282
9409
51670
32905
26733
30826
14942
758
53528
43387
43802
34667
38835
38617
10082
6206
30022
11763
41818
32321
9342
51358
5180
2284
2222
33301
3803
699
46025
51449
17406
42473
40251
24625
37289
44398
20974
18665
52787
11188
16942
30979
43373
49483
5320
50634
407
25309
49028
555
12653
47559
42389
19830
19860
17958
35944
6736
28695
12794
24167
15820
20628
27208
30696
32886
33877
38945
20721
6942
20018
34127
5277
39286
43046
14611
36432
32502
53773
27159
5538
12210
53616
48575
29572
37376
50790
35506
20849
34475
14884
43224
28572
31878
6727
17898
52163
27684
20588
911
4170
18321
24951
17239
43079
41831
9040
32007
49136
30334
20025
47209
5380
20163
45111
12103
14541
31238
38950
22427
23130
24366
3156
24401
16193
44635
30980
2448
25560
27453
39845
53421
29452
34570
10866
7489
37833
30984
1580
53809
45209
44654
27463
6272
33108
32061
18860
14169
52373
27974
24793
45611
32876
22229
30401
52071
41426
49784
21991
41452
49762
22219
49522
8029
26665
52647
33403
6791
19278
21246
15875
5943
25184
25521
47575
9104
41094
38435
18642
46797
51472
31258
34389
39382
29938
28959
5012
53342
7453
36895
12360
36314
40276
47167
3313
13377
38846
7602
14080
40556
4973
22822
9177
51695
4563
35214
5424
33477
58
23080
15874
51094
13010
3561
4746
45357
20739
15756
51890
48606
19760
25959
30759
33676
31173
38571
45091
20329
47438
37188
9678
35302
22684
50759
30522
5898
44433
15893
14059
32853
1229
38496
36836
20098
41783
36854
38683
46898
42982
27715
45845
47318
22699
51782
47870
17384
39482
9331
27859
50020
37862
38809
11679
9821
11598
2311
21662
48481
1706
17720
38696
23442
5668
12205
35777
20063
42316
7275
31211
8709
47865
43726
16398
17166
16241
13237
50133
1531
9479
32501
5651
36731
16058
46172
25493
36595
3
16474
36851
46387
11189
44413
53663
52660
2130
40828
16482
44453
36018
48996
13713
41417
45536
43949
12243
27736
41565
26610
2103
28135
29870
18974
7963
53402
35707
36116
52427
47816
33696
47724
26645
37940
41741
32276
52833
23541
10079
35873
26930
11400
6899
12374
34524
18467
51941
5904
50597
51334
38877
41377
47794
47637
45517
25614
15808
36989
19443
24363
24724
45857
42319
24063
22742
38369
44731
15080
47583
41628
29298
8839
34862
11481
37153
15715
49131
27384
6872
37332
19322
19112
25834
49453
2346
20771
31379
49674
42763
11309
10582
6084
27187
39901
26299
33338
49775
9813
22992
9214
9130
30975
28133
34747
47491
27643
23669
48739
52917
24510
19460
20508
45040
6340
17830
7622
7293
27946
7256
29422
45064
25368
49265
20704
1718
1065
30298
12718
35442
33502
27424
9123
15303
43176
8400
17906
47837
29251
7091
48233
39538
19128
42577
29346
37777
15063
35497
39070
4394
10197
31868
1408
30414
16204
3480
11605
17449
23974
21546
2882
42751
22662
1802
5832
13825
27250
33061
51974
27514
48244
48043
40088
13804
4682
37269
9402
29726
20433
21274
22973
13350
569
30526
22541
18606
6525
45758
12885
1892
19659
20692
34167
6902
4083
29565
47281
15827
33250
22002
1349
46709
1837
17248
39756
47389
9744
36784
27014
2687
21268
42784
15120
15595
50994
22122
33147
746
18995
170
42040
51794
18497
27078
19495
7479
35462
32794
42553
23458
38077
47330
71
28830
2922
14694
44907
52989
29846
47744
11722
40626
39357
10414
44991
20747
24520
31517
33942
1571
52686
41702
36652
31153
33422
13862
24681
18598
15912
36922
21640
19411
32593
40536
33044
34519
50832
20001
51247
40749
28866
26123
28552
53566
41052
32160
2006
36629
52545
32320
46998
29064
17822
46079
11829
2421
21759
51086
35698
48409
47435
25879
40053
6574
27450
19776
33675
23861
29443
27348
2746
47483
11096
7437
28735
28862
236
49605
13133
47340
38290
20385
37475
46638
22081
38442
38335
35353
29837
39181
34399
46954
3219
42606
12026
11353
24918
32208
49179
3113
6085
38381
3407
44913
23749
16698
29666
15621
51874
9552
48026
12519
22971
44715
8360
4086
48828
48154
50255
30847
49681
48014
6184
16332
22572
41343
14430
41481
39345
36421
29459
608
45088
26597
871
13960
5581
16958
1967
5038
46796
24214
28184
44041
4365
5246
9273
14087
10688
14714
48819
11008
43446
47960
18624
21490
23323
24938
5502
11438
15771
44296
17308
18700
31922
16032
48462
30721
32192
10650
23576
1279
34881
51400
21898
2951
53891
30858
52527
51256
1112
10008
29071
24557
418
39992
53847
37694
39835
27544
18686
17894
40574
35866
28280
42261
863
23715
15177
8694
21455
22752
39145
14955
14631
39772
35225
12116
17011
5743
33813
27171
1650
38616
19108
611
22311
50921
30509
2757
17098
31059
24339
35435
821
2369
28383
4123
48780
23429
32639
36165
53789
1814
48825
10135
8515
37182
52156
42890
14539
28241
28999
10179
45569
7441
14313
11350
5444
17385
39700
52004
20091
10740
14029
23196
46895
10813
21503
53049
1990
28623
42398
30100
45324
29780
22711
51414
14768
43438
13331
48570
24394
24996
35786
21559
17811
20613
44754
31970
8543
3617
29607
7824
9407
39369
35530
4346
45844
8108
10983
32045
27588
30098
20054
5552
44024
32962
36655
18450
2978
38163
52492
52848
5004
9611
25336
50903
39082
20777
38398
19759
40175
32929
31511
2402
29898
12795
5128
6617
44187
1046
29476
24732
5041
6354
15361
37478
51562
26677
4154
23274
33686
1556
29190
2100
11441
36504
44394
17690
48393
20549
37263
17103
43996
38692
40694
24826
15793
48672
32279
36446
27051
36155
51930
33052
3947
31335
50704
31795
14424
21605
44544
21556
29445
8210
31139
7207
40491
45200
44179
741
30951
13649
1875
12542
23477
31395
27504
32706
50115
32230
38130
5361
14976
50767
31163
32919
32467
19957
6724
25520
22157
43401
51126
47270
42752
31665
19693
24315
7238
45257
41451
34794
18095
43008
12571
7151
40089
50995
29980
31019
38909
48674
12368
6198
29507
5498
80
39303
24814
27077
42575
33496
39982
347
45572
8454
36973
44567
22509
26516
9972
11455
42806
13564
11084
2227
20435
53761
4235
39346
118
12988
36057
20232
43674
25008
39989
46521
15067
48050
44154
42868
2197
50193
18363
30737
31541
34556
19424
18500
40063
7693
48484
47667
25326
33762
41403
20401
26768
10739
14661
28662
11904
26372
5147
37424
13509
38529
14586
45880
45202
45443
16793
40095
37999
29011
43756
18632
22692
28115
3566
31285
18051
42333
4749
49713
46297
15562
15270
27190
10011
18519
29640
52558
14592
36651
10534
40977
16211
12686
16181
52007
8993
52722
22088
42610
22306
52993
13045
29260
16656
16520
40422
933
11464
29329
35454
40147
11781
34898
53235
21864
9523
38342
51539
1139
23289
35357
45937
33797
46263
23131
53851
33184
52402
9537
24451
23485
9180
5726
21712
1759
30179
41743
32380
52211
17177
12751
19786
40864
8642
34106
32974
40535
22919
43175
25838
1399
17579
33801
24480
29115
38967
46937
9897
19820
31939
33616
30313
38562
39768
53334
14175
38428
30607
27215
2444
48155
5461
28978
7551
16696
22537
40269
15152
34721
36675
45186
19379
7496
50114
38155
17455
41460
43712
42137
25049
28006
36377
26682
2267
1575
315
48198
14721
50210
52381
10007
32852
47988
15348
7062
53817
7011
35120
27010
12217
2509
25716
17683
41262
43319
49296
9277
47394
15944
34304
47231
3098
37186
18751
43250
29552
33116
33389
9763
42976
17009
38972
39879
52706
13147
36002
31289
12273
43185
22174
11373
36745
38309
33175
2408
4126
46111
26472
29963
44035
45875
16644
25626
19362
36507
23343
35611
8541
44199
14637
5309
25661
25769
34866
2792
23990
13296
50925
28279
23134
37501
3159
25601
6961
13470
904
4478
22276
36601
5871
45695
25678
28725
20465
49975
25321
21751
4492
51631
13985
26470
4577
5947
33710
45823
9285
31225
20622
6448
31122
26457
16926
33311
23279
30617
30128
28328
1049
44186
31477
52551
1351
36951
20595
9158
20725
22565
38560
29876
19769
2078
32621
34955
35684
50998
47495
27852
49098
25481
21198
23612
1332
24441
46089
41394
23708
50784
27982
47679
13048
51689
52463
1360
37288
34042
51873
46949
38595
18331
22489
26416
11477
3097
52761
34040
45951
19042
3909
37857
34427
51872
51322
18079
16041
2055
8725
34635
16185
51044
49805
1072
2486
37931
29849
27826
35682
12379
43729
15423
8945
36897
8624
681
52250
50723
5437
6226
42542
41634
18411
47459
4639
14599
16864
42111
43059
45067
49710
46490
23045
50292
9605
17775
26323
16463
10053
25007
36317
45639
32019
25247
11110
15659
26660
27104
49255
3973
23787
34492
31290
4006
25707
25463
6195
20339
51070
3556
1246
45865
10085
33515
23486
3853
1749
46481
3237
27805
52472
22259
25787
33541
27832
8332
8928
39495
53245
43929
30060
29220
13456
31955
32378
16538
16310
677
23553
16087
38065
16497
45235
23499
16168
43042
9465
47272
33173
36759
8639
44760
3367
40908
29827
11030
36217
28421
533
39961
5154
34948
50920
30196
25519
42734
3809
36389
1610
30749
15487
2387
2860
3648
27406
39690
43687
2968
2571
52780
23509
276
40268
28046
20397
2716
41401
28352
7830
52194
22631
1565
10973
12845
33599
19011
15280
21308
14784
1188
12513
48044
49722
8984
47386
26684
22593
52590
34333
26658
53623
45694
20789
20124
39467
18784
11416
47052
25820
39431
42986
9287
9927
38230
34785
28235
20512
27074
42025
26719
31532
33981
38236
33017
51186
5062
53543
8032
26763
26907
959
22813
45591
25952
37438
12484
50463
12981
11566
33604
23395
5847
30505
10552
39001
12983
36329
13311
8604
23079
7683
10814
25362
22498
40512
11550
8696
28589
45929
35881
43241
41991
10378
3208
3440
9765
46054
2652
21966
10862
41455
27254
10654
21359
52992
47288
13596
35511
29583
33992
41506
53552
47230
35177
35621
44144
41697
40218
34624
48645
29594
2754
53028
824
16326
48380
27909
19439
5639
47639
10394
33800
36535
49580
11459
7875
165
31079
28410
23325
17935
44725
38609
23901
27525
50716
36650
4300
3535
39152
22126
8554
11617
49183
4312
1521
17309
23874
44124
20962
40036
3531
17636
11730
19618
40000
43295
4520
30404
27533
50582
19184
15064
13719
16651
837
40789
13553
7094
49196
1758
1562
32487
17053
38299
23089
33285
6803
45278
35319
9328
7257
22827
22438
44494
53462
30319
21828
26050
32251
