42561
23703
33228
66173
70373
23518
22954
40189
91516
76158
75896
25433
13041
63273
65128
51772
78050
44242
92062
87645
59713
62519
14392
29897
27938
72003
67231
4531
55660
77685
87410
31554
45095
45893
45618
88703
73419
32062
25793
67079
2424
21419
84637
62036
27995
43941
49217
20344
40076
57105
58907
64351
71556
64278
24219
25623
21039
65470
32840
53572
49716
17061
20522
63706
52681
92842
52215
82260
17163
8374
46982
27502
24289
96537
22261
78434
94374
46448
82422
81653
34409
40135
60548
44310
17942
61582
31840
95336
12461
9737
60560
53557
21412
80983
22365
32348
70317
91440
53465
95576
73385
49016
87604
91824
26648
74102
72652
97737
5276
52918
22222
65640
10910
34187
79925
50253
82800
50366
73341
51532
1171
13367
2247
15997
78387
14120
10321
83888
6978
88214
88312
93117
207
43947
29242
24649
92679
88377
86892
13310
36210
74866
59464
78232
13042
436
34773
37150
69572
64398
1850
78828
8031
25416
11138
74719
66316
82892
47723
64489
51292
34674
59505
45078
75292
13070
96067
92108
70062
15851
37116
56983
60993
70224
81729
87244
11188
70014
47428
75734
82737
96762
4426
2586
13852
30597
50402
17028
45443
85725
63795
72658
11623
26178
24105
50691
64798
11636
59730
16798
14872
86786
88821
25564
79151
72496
78511
3386
73879
75561
42456
62282
61232
62912
74091
62564
60521
76778
16812
76431
27379
43041
70472
14671
77164
96057
4095
44574
66644
95465
8560
32800
43783
54668
67177
19969
54760
9115
90701
62714
68401
53824
59877
24281
11731
18649
7422
85125
90106
28074
15579
17261
97430
39040
998
54084
42113
8549
79652
58262
18147
49781
90631
79657
57950
6646
91405
5973
25179
13146
3844
9341
47477
83379
4222
81951
50
3846
82365
21051
73215
67671
63645
58686
6119
31251
65829
97967
4584
62216
70665
77433
17874
55707
32761
24621
95653
9521
85329
15543
42144
66552
54857
62543
38376
2997
53456
58452
30867
4906
60985
92106
50497
55607
91045
53394
1365
7830
17158
15908
16052
43829
11325
54871
47415
72215
27684
9755
20736
41435
13329
92881
95905
64854
7871
94459
46766
6249
10829
89794
8865
57193
43275
65569
38633
72769
72680
33520
93713
20434
17119
26243
9812
67190
19000
476
73607
38482
48399
3337
62777
73346
81545
94169
50793
39419
78380
93845
85671
16129
22414
64898
63425
74275
6641
56772
59673
23750
27876
60833
16315
33384
89067
41557
14686
71584
61321
4252
75296
24407
8687
94179
76779
75227
79095
19120
68156
19596
96300
43107
51483
68437
54065
92223
55588
37154
76385
25971
39331
95207
58180
46572
28695
72443
77717
78542
8224
18901
17262
66746
42681
80391
65680
47331
24199
1714
82324
6687
73376
18631
22054
13423
73745
50094
4919
32168
29996
93694
77314
49515
52573
3902
27651
20259
75270
18588
70861
20004
55625
30446
80059
25305
19833
61170
10430
82793
43117
55657
13119
78562
16303
28375
25649
95792
9009
7462
68522
59509
63456
19325
97821
80749
88936
29603
92107
69932
1617
35557
65036
66006
3342
44343
34698
44782
92093
22609
28530
15600
72636
92575
86232
36527
69502
5553
70167
47669
88299
98000
6706
44612
70613
28262
89871
45489
10404
39593
452
29951
31744
42764
69122
9713
55146
52015
95836
60684
35879
30311
59898
16332
30145
22310
28584
78800
71946
69020
42595
52717
49105
19756
49755
37538
64292
88041
75099
61538
15086
7941
57172
63509
16952
66181
43965
54418
42663
46577
16194
22313
43185
37135
53866
58460
12852
97252
61743
75709
67815
50564
62007
47339
51090
70233
68409
94284
68259
75888
78623
70664
72788
3871
74265
37328
89742
41865
68106
88825
96974
7599
68917
71580
67003
53171
52499
7606
44827
88670
69060
31482
46359
22977
74178
28948
92884
88943
37568
67647
17577
60569
39945
87530
69305
76451
35592
11612
13485
53555
48368
85295
13692
88568
69151
50183
56682
95704
2169
20781
64979
18925
59266
47097
40105
86028
28393
18706
97937
47348
93076
16304
38068
20191
22616
84005
63729
24025
41580
22287
27889
35062
27068
43584
5803
9262
95746
91344
15507
6604
53487
25724
45485
67723
89020
95661
35392
96426
64729
53796
1804
61134
91412
45165
33343
38399
76240
13096
3069
15214
982
17225
61221
57045
10615
4184
76421
80828
97166
23606
79485
28103
30460
97377
44175
11444
11903
35078
61818
50108
89396
95886
50498
66815
43996
13286
67450
72163
91421
10854
64681
69571
39318
36288
79621
14723
29415
1655
9792
39978
38652
25153
62492
9227
45368
81456
81263
6075
92443
88174
20897
15410
78653
61999
27926
42790
60253
50179
8291
81650
67664
15513
2647
69333
7411
37567
41487
94406
5074
74815
24175
43350
17323
10060
4109
87038
4327
33587
1164
48073
80804
74977
61963
87538
60259
32844
27013
66585
58247
77556
42123
30391
85074
184
8968
2380
6832
96875
19318
85508
59995
57188
50292
25996
80011
75094
34567
8748
57323
65910
38712
49162
26098
85620
92858
10565
8467
97777
67010
52528
88077
54556
59952
53575
59313
62596
1562
47651
11349
24138
88707
84353
2905
54901
89336
21372
2686
17692
97391
48217
12740
6237
21550
29075
93858
83955
12462
881
90565
3864
64054
90807
43775
21157
51070
8198
51957
74108
62769
4733
18814
48229
8135
92110
30537
71964
13429
17940
43593
68277
8993
35833
84944
21816
33366
54733
85523
72187
26578
15518
58406
82765
77566
94641
18764
13943
34395
17104
77539
23042
60029
76290
860
76107
82028
26928
57958
5335
6405
31587
50405
63679
77163
20077
73767
97214
90446
66618
18853
52300
96106
50290
22366
65235
48574
62831
30317
29597
23556
4792
78193
28553
29327
45085
34639
42116
49972
19122
70163
29137
75346
47790
60415
50990
61691
33513
3086
60968
94407
43094
80830
25297
75206
40980
44738
97661
14214
72755
55824
70202
50424
91498
71227
23294
66769
53467
6296
66258
18540
78960
40454
72468
53620
49293
8319
27602
33201
37967
43327
32453
39567
21141
80298
22790
20518
41739
95481
3422
15837
63592
74947
29586
71810
59970
22545
24684
56574
45895
70589
2956
33347
72497
5866
30968
15594
74357
94734
765
64588
51434
81670
3666
43303
11844
52245
32874
19107
64082
2093
58769
86081
50042
55499
94967
48814
75592
25093
55334
53848
42471
8658
28877
21010
64392
67601
53835
45984
72228
64403
25205
21336
69296
17552
13312
21951
96196
3139
61260
68989
85812
57052
2910
91010
4104
31481
38975
93265
77141
86291
80292
92597
52999
7337
52742
6272
75473
39236
79749
89665
89625
32867
67074
9995
10465
68408
46522
41803
88047
27427
3185
90761
11545
57740
29042
24518
73785
24830
27808
32114
20178
22910
17125
10457
68532
64476
54473
98292
44224
97994
46461
56270
23221
50783
91441
66946
14274
59174
71551
92198
31000
79496
70842
12181
82873
34031
46200
45008
18334
40619
23133
94073
35520
24493
1249
48307
76307
46269
81026
3729
1331
2573
16926
63243
70699
64963
57990
24766
49086
60644
48790
22834
9199
40864
23340
511
66264
25770
7139
47041
36409
56928
21245
44201
48525
44240
68623
42770
85998
673
71847
77457
41859
34282
66469
41764
5757
9780
65256
47403
76821
40703
94892
25898
79972
660
56075
23098
48710
20674
35313
89535
37605
97804
58881
15139
22013
36619
62889
11237
74558
75885
97882
7817
89621
31613
35735
53113
59637
18258
24705
89837
23801
88708
42278
52653
67646
8906
29917
92343
48070
77156
55581
96820
78594
4858
72410
90920
60067
96990
62440
13802
42865
47319
23029
56829
24131
58374
74706
84810
52353
71392
18056
28332
69401
19699
14428
91899
92292
9323
56725
68213
7052
22475
74174
10276
9035
59367
11572
21940
55702
23896
25758
48299
27832
72041
38592
62639
50128
95102
38180
32347
57731
9969
61223
63182
83067
81796
94604
963
11971
2392
60077
80697
78993
24165
14023
97928
17736
50433
68551
6137
46841
82751
20079
82682
94999
67180
85200
47785
23499
41371
38195
7716
74641
47497
5309
78918
95828
66943
40407
9248
16200
30339
41987
7569
29843
38659
41508
43988
59794
23593
85391
19784
609
81011
72464
79784
45922
76209
55672
92770
69223
31504
79255
65931
26787
1770
29500
47645
69127
92179
20907
63774
36793
4127
16581
84348
28559
78011
12204
54765
56093
25595
67004
40661
40198
36630
8102
76080
89286
81089
68685
38445
88959
85611
16781
48534
71821
68236
97047
90518
29114
29487
47194
79687
79630
61165
82019
2813
62466
81104
9186
27170
66650
45591
85432
19321
82088
93779
26924
39059
55645
74555
2332
95157
43769
69784
73009
64666
52102
69781
82661
40327
37163
10731
18224
43887
55053
37323
49270
52474
93631
33631
72659
45262
41120
28714
3860
78548
91743
14329
75879
72949
21438
43834
17007
72947
70927
96113
59234
95272
31897
94323
85213
39880
14797
64360
55129
7116
35597
70678
35659
56361
45837
31991
11938
77110
73110
25444
13158
86119
64812
72715
68420
50190
30326
64554
33359
27826
78203
47202
61408
43411
44479
37481
44517
67633
66289
36278
82137
77102
57149
24416
81302
83173
14402
8605
41730
88875
49900
87688
43735
67536
42071
63535
19293
63825
32247
62629
19300
7766
23299
10978
3899
64358
31745
56729
40586
33204
26620
52840
84406
41026
16528
44109
20723
78962
15992
95137
75374
96950
8606
88358
89218
20084
62993
86356
87396
81762
75428
34632
87794
39583
29118
7728
34160
72221
32340
12144
71452
34053
5770
41518
90821
1470
71884
24879
76231
92648
47404
64495
21288
20297
50304
72006
86668
82962
12574
19703
47650
16699
42417
10747
44134
27772
55768
34816
5176
11261
34716
39081
47220
7016
40774
37146
49304
68220
30901
88338
14509
28125
79844
92274
54885
25805
1937
75685
80894
12545
45514
51028
30377
20177
36595
50430
3109
66630
52683
86414
2932
18965
28903
86822
25248
63601
1960
64166
18092
75268
21218
26727
97161
92192
29644
16425
3147
87544
5101
6284
39311
4742
52213
63343
58341
98180
61230
89613
90526
86768
48938
37555
19571
27921
8838
72219
15936
73468
32365
90681
14963
30648
60234
85027
11155
74749
33419
26423
68907
97212
50048
52430
61899
39187
25581
64844
5241
64361
71736
36555
49005
73567
76414
82104
15860
8194
45235
5301
35165
20134
76797
24074
57822
30142
24201
96829
11671
57330
98165
34491
30509
80712
78545
91699
77312
48784
86545
51962
3495
16062
77811
45309
86569
78949
22808
22667
34321
43640
21452
89431
52618
1340
3372
1010
11754
55789
69373
15203
5217
27066
80592
51066
38945
97466
67794
48335
67373
55177
27455
24125
1965
69648
49630
40317
6888
56099
2417
49607
48529
61423
65456
62684
18967
37464
12149
23397
63545
63326
26595
31911
18577
96567
55446
57481
50850
73256
36280
30283
11952
92282
57561
31550
28935
76737
24559
41015
1000
15193
2413
82496
27273
23674
85437
58904
50119
79224
77900
33136
63329
82597
58829
19097
24597
65896
89861
54022
47292
73943
49565
94828
87497
16002
46028
78712
32622
80599
59905
11994
32941
32682
62782
48847
97398
66480
91694
70350
8886
89941
36860
96233
32725
36339
36204
41700
70384
56507
94427
11089
64549
96036
9157
92029
80269
61603
67453
48385
77613
93510
24208
63202
84917
77442
7984
85589
54667
85856
7335
69726
66061
34533
89262
25196
72331
75957
56543
34354
86102
38818
87670
176
16214
35871
76363
6770
298
80734
71647
43067
28050
13289
97553
1865
28406
47811
35573
78024
80166
87768
25353
20010
7427
20472
1907
26158
39895
97250
70828
79968
76813
53121
39370
53705
85024
80496
19940
26186
10808
53271
32933
71377
83198
6954
55843
50511
12867
34918
91496
81025
18117
19659
49235
32163
50479
56509
95212
35345
19427
29262
83907
15846
26777
74429
82125
57580
30054
80952
54659
42179
81744
52941
56375
38156
83906
4551
75962
30183
73296
26096
25184
86540
28513
39349
97232
66592
55525
96354
97301
5168
64743
24312
9150
5030
48532
47885
7911
74486
72602
24869
69656
42962
41825
86523
44678
45204
8210
35601
75220
47146
20292
27632
35335
50012
76235
8888
82887
52537
21228
58665
28886
59466
25598
38532
54183
26413
93692
61609
74936
8757
9808
39776
97067
857
45345
83962
76642
960
36856
37394
44518
35221
58618
66728
10781
12217
40033
94340
74186
48261
49557
91987
77319
53613
15523
36912
86664
8415
30254
20118
54376
17538
48505
49664
1749
29416
33713
42628
18633
10980
80822
22558
69387
97575
12312
73590
52775
25728
92084
17100
54758
48686
91252
12294
33363
51961
33118
74284
14560
10930
29882
95330
51516
10340
13375
64216
56616
9748
36997
91483
96232
53798
82516
21295
69124
32726
64668
6350
7506
91828
7888
86800
37003
11662
54873
68466
78180
33457
753
38327
81349
82048
51999
14067
83543
21196
12604
17731
35666
39792
23807
98004
65365
97386
17274
13658
61765
63157
80347
25783
78163
39926
33992
37940
86876
60476
68912
89737
93765
24325
90704
47452
50060
91212
85285
12048
29174
75818
58194
76309
12964
34786
755
88919
19370
30012
24681
35974
68766
38134
15719
76500
69978
69342
34136
91068
12495
62194
25833
55072
77211
57989
7792
1724
58662
54009
49504
80694
84365
8392
84177
76532
70860
69292
97758
52089
11637
85000
86384
83650
11715
32777
67581
6637
12769
75639
47294
29469
8813
69805
34569
2163
31349
10010
66561
87940
60796
40857
24531
9645
73162
87134
89467
53019
86013
10619
19498
46426
1077
96068
42081
40640
34955
24489
65913
43298
6207
64940
16003
9998
13479
94091
8965
40508
30590
90667
12154
29550
35346
74019
17209
32175
60754
62389
55516
63006
62149
26982
34947
85444
77559
82558
75875
52366
26919
18517
6243
41068
13969
64639
21621
77343
83817
78641
92527
93751
33100
46148
97543
17646
46312
1975
2656
91153
1961
37345
15689
56789
40504
15915
93200
39297
59671
28570
81970
85807
43362
38177
69111
58300
3501
84718
8220
34176
1651
87664
62341
45798
71670
93598
45522
82987
69080
52489
37696
41077
63083
3584
13327
55739
4931
94421
96195
61814
46501
35973
29921
84661
5435
82649
60236
46652
44209
24346
42904
85392
82049
86652
17867
75190
6510
86951
27453
86598
77633
98073
19691
97759
47990
55701
8500
84754
5880
10370
18282
70479
97144
96609
85336
45171
43999
97924
47724
52211
78378
74103
19540
72476
52481
74979
68810
33501
96946
82229
97239
88301
57093
59099
44490
77496
73485
42907
10448
66959
34688
49395
40337
66986
70780
90764
56627
51861
46390
66843
5164
79467
47529
55692
69620
95265
90214
23215
32926
47408
93140
82561
78614
89893
46900
37661
30126
69757
52044
25888
20579
49986
3794
57796
98010
30294
18678
78199
88091
63466
63376
65966
73158
22641
23697
47379
41145
29911
59486
16945
93079
46831
94370
34030
97422
37670
94295
50677
18857
49373
81455
48895
92856
80752
82948
21863
92030
78531
57670
94160
98114
63317
85847
87417
7638
64966
40476
20394
25443
9124
71279
28579
6172
23056
5404
84790
58320
22971
74261
42194
49033
49277
21637
52744
1174
61960
14740
14436
48694
46741
78230
42975
7348
70647
59007
18523
96020
1768
33027
1631
17877
52679
54645
96285
29413
6665
58575
76846
45791
64416
63708
62744
4835
72081
75511
35760
25618
22663
12511
7078
16110
31128
22108
49470
83133
29626
68230
37326
71814
24887
66963
15793
92248
5843
77776
19023
42220
43670
52198
70355
40161
20437
44513
23028
19825
8774
30980
64822
86773
34645
21914
87245
37438
12691
69418
21543
51289
86197
70120
34765
77360
50063
9479
14328
72754
20486
78744
44375
11321
31631
50914
19207
78035
39412
93975
26814
41844
53827
84090
65819
22510
69163
47586
20337
67073
17649
83342
40001
58837
4015
43302
53102
74802
45118
48132
69400
48580
56871
29590
50915
83760
67167
4582
37998
33006
35777
93811
951
44251
38289
32542
35200
37639
56526
60941
91069
93618
60159
38187
60173
90918
92060
91125
86585
85433
10100
52298
72996
34093
20551
55478
87230
69902
43124
23422
32484
9801
3728
62950
1372
47642
93649
30226
80683
50448
87507
10017
49313
92733
39691
94252
83201
5837
25715
86477
59772
9947
53989
30603
31723
33551
43062
40251
94182
59788
19931
44819
36110
36862
69893
5774
79078
88402
77464
91210
6262
83143
58029
20270
23948
14348
76942
72250
11689
27621
27148
9273
84416
85456
69724
10358
84140
3481
30621
30733
95518
90314
2467
76474
2655
56961
34746
50411
76493
82248
33361
24295
27712
22455
30990
34525
54605
77931
1130
18360
85449
94761
13730
43314
36801
82046
71059
2942
31496
57311
17763
15964
13946
83469
67172
75672
61949
62125
44408
29846
89571
22453
76425
32097
56479
10016
51900
24310
95944
54181
13137
55221
136
84312
22564
65891
60981
32426
87193
9953
82036
7176
1192
28687
42772
87368
27026
53328
20814
95837
96868
29764
6269
25025
27403
63309
55851
22334
63118
14093
68310
95487
84481
5285
57758
94936
621
57806
46069
55286
1606
32539
68955
55894
48114
5061
12958
62236
15475
54546
37211
26327
78621
70631
92285
75141
94237
22587
52842
95622
77884
5476
77406
85718
68528
79194
17950
93800
39782
88144
95282
74071
576
28860
69676
11734
57543
79236
96619
64553
64579
94041
87242
97399
21042
5832
10117
25295
48939
5826
20009
65051
25497
72377
35022
50941
69485
93730
81875
3443
36078
93709
6610
7459
52735
35948
63759
10888
14363
47297
27548
7505
80463
32412
12923
6991
84634
64387
50238
93093
14892
36023
14346
11808
7407
82897
92116
57027
52294
32507
22376
27601
74730
22422
29625
78135
3914
35488
93796
6529
5381
22284
5175
4456
14355
41191
67932
22457
59405
2063
24826
68083
25526
42234
53494
76807
78171
35839
32188
71715
9866
13827
84734
33024
31455
59133
93246
43989
17482
17406
5589
75837
48485
13832
73541
63647
78030
48563
24635
72954
21067
42281
56351
11658
57029
78629
12850
16073
16521
55432
62109
15530
57123
13921
77367
50594
39503
80807
49766
96364
45423
37915
57404
9891
75679
95956
80777
88809
17099
27010
93941
37505
22416
46531
65672
49113
59690
13170
32454
63473
73019
78333
5038
50123
22979
39425
30594
79734
6562
15128
92064
16647
70761
31874
59963
89089
55338
5889
82278
48799
73154
7622
68561
56343
48575
33682
36890
6648
5999
54381
92872
38309
90165
48541
86887
33902
46114
28585
78456
43770
55945
51391
84870
27624
76603
39251
35975
81584
80226
4138
70404
7239
73576
87535
21472
65683
23941
60176
97054
58142
20544
12141
29547
1519
17660
28172
97512
43886
30249
76201
59958
58364
71527
75118
10355
21410
54000
39985
42817
39822
3153
60527
20937
82443
22825
23122
58054
17944
80835
17651
54154
74053
45319
43332
72999
40237
7988
79892
76322
76330
13256
28486
33510
58808
50317
12192
56491
18943
25547
26192
57329
27901
1978
34198
80140
32064
93358
61178
85236
26351
64298
57492
43336
42522
60449
26419
33313
43862
71353
17382
84325
81250
20315
24836
92296
45851
22711
15787
1958
44371
61218
21360
18976
12848
8631
8901
14027
32207
87765
33139
39300
16501
39287
85316
72014
76870
80100
88709
24338
70801
40662
48624
84574
26460
30745
66229
96011
74342
78366
51527
71739
54329
36054
73322
47215
59200
81033
28945
85227
34081
41206
21774
3679
27630
50115
52749
32985
40866
56232
83776
62590
89111
81412
45547
53939
54310
49081
76512
60181
26871
45100
77004
2848
91581
8512
84601
14665
13892
44114
7079
87626
60546
893
76958
51180
91259
73277
21109
74769
29496
71642
81550
84061
33703
67709
31519
47444
50797
95924
56686
87265
9786
2858
55729
44975
75725
90211
92100
87302
17393
15072
94526
52134
47968
55750
1548
52609
7333
5994
75132
34168
28100
1686
60490
83826
59597
88734
65912
74976
62686
4756
73098
11643
12315
95737
26851
51383
81593
34610
17571
25539
54504
78196
67057
53340
54239
14207
6676
72589
30289
94513
76554
50536
89911
4
82822
85356
30601
68294
68276
56685
72306
87589
366
43632
47047
26541
48548
3820
85601
21323
37037
78642
45307
30855
11180
4612
52541
6873
40904
53495
79824
41323
15076
62153
89555
56038
61176
87537
92215
44077
38726
65026
73418
26989
44898
56378
54522
17953
46423
29728
13403
10881
97185
37110
94742
3415
68463
55593
50086
5918
40024
96515
24473
65450
63928
52867
18341
93199
38692
65269
90105
7306
18232
74602
83609
64674
26606
22973
29587
77965
14482
30039
37844
6134
73584
30385
74662
67331
70397
38648
77420
86513
47652
68150
58909
78568
17730
74046
84910
85093
12764
9929
50046
1309
14965
34227
87824
26028
45716
84636
25114
37393
93776
10048
89892
51249
42893
38937
66346
84493
83169
90137
83312
10892
17077
70582
46440
84556
2375
89464
59383
41822
26162
30886
7148
76857
62411
58448
94228
71856
10761
1951
9198
3265
71490
16252
49117
30368
70506
58169
67530
56477
60488
51139
5680
44259
69905
78206
22327
26059
35613
73314
61594
28283
23724
9469
8707
93325
1922
28479
85129
25474
55454
83203
95220
33273
56175
9596
30492
39841
54101
62821
612
33430
14894
27508
546
27877
58263
44779
53709
42755
30824
96361
21777
32310
39119
28185
69447
10547
53069
20780
13214
52509
29206
36133
72776
84396
56657
75074
53720
17570
92824
47936
26802
61537
76321
63365
25532
36680
85112
19589
29464
87970
19605
97527
56605
25827
57674
81667
17328
49958
39228
69708
28681
97591
43727
48956
32402
56118
65990
84465
29512
26525
16801
37175
50690
18812
55697
72757
59256
30564
63814
56675
2444
66223
77484
65018
65989
15696
85461
49674
82307
27174
31023
9758
96301
56383
63277
89327
86162
65250
38996
54437
29446
12588
42174
13071
69274
5422
28664
75654
78047
90418
50888
64540
78
81199
30914
64920
44719
43504
1271
6988
74315
82052
3242
64467
86557
72224
67680
13079
12615
94672
32510
22513
90781
28828
14654
4512
579
71899
54041
95983
66290
24004
36
76294
67159
41057
52275
95752
15172
56795
55003
28791
73238
98186
56796
9770
74380
66590
68499
19632
97912
67481
77691
69974
69366
1298
74202
14802
49468
97113
62280
34448
74954
86014
37969
29154
38728
57683
71943
93696
35090
17501
90064
44970
65164
95148
48235
75801
86968
52944
74670
19885
59602
28514
71162
70524
55991
97605
86631
42357
47711
78525
38516
95934
20770
30392
31889
13690
17346
28461
65510
89704
65605
77518
26255
67777
29779
30058
69463
23061
46582
85465
25656
81621
51820
51314
62504
74074
3294
12169
44230
50295
49044
73722
58613
64611
32541
49991
42508
30763
93377
26172
50174
89891
9090
31360
79804
49228
17485
11998
18886
33568
13806
41592
42011
71171
43394
39345
63025
75361
37226
96782
37016
24039
32592
82462
97361
37735
58968
67384
18415
18208
72279
47423
5568
28972
19783
23852
41082
37769
46484
48170
95891
88698
96760
85616
82581
42354
60064
10264
92374
62230
92976
68844
38117
32625
68092
13026
74032
89444
393
96154
93403
97388
1485
20185
55030
83931
90839
82062
24058
12083
93533
14031
54143
13029
77813
87030
46654
90437
25566
48326
92406
78737
13288
70909
80729
341
30163
31797
89368
43437
8237
23214
62864
18105
9170
65546
9265
7781
66776
43154
10289
11934
2316
82258
94133
22578
36502
98024
87789
6739
97154
78922
75389
80938
95403
69242
46322
82975
14546
19622
25596
16953
2435
19154
16074
70054
27976
64690
70889
38155
15095
3704
86804
62094
41447
80788
41002
43473
69431
20918
10123
26822
36250
42543
18435
14045
75832
54985
60473
1803
39400
78343
96254
89576
80209
78159
14481
11939
27376
8499
27016
4382
30898
55655
96582
23410
87620
42593
40376
54282
9152
73644
95996
38626
16609
19687
46034
76335
63667
89200
19869
67311
69911
37251
7190
69776
8349
25133
73609
38066
7065
35169
23251
92892
63024
91696
17913
95734
76411
44447
52898
65169
65647
80710
69946
16636
83315
46329
64736
62286
76152
5697
16162
85440
41581
49967
88172
60141
85567
35100
28799
34074
23111
90349
73475
4027
18807
60239
80953
62673
87502
45066
79489
63436
89595
31893
20728
37943
53869
92741
95716
44334
30852
38075
40483
83785
43630
96532
80271
75158
97854
60400
1916
52562
59126
39588
92085
14562
14400
21210
86587
97516
29117
8698
20629
20334
7530
45301
92812
68250
91800
39275
87732
51768
66232
706
22965
84969
8768
98257
29808
68669
71
88728
27915
18810
50167
92334
82331
55496
39772
7017
32266
23806
59
41005
33599
27823
59465
73042
20806
72470
61762
9542
73766
71866
84887
81309
23481
90928
4508
86629
43003
59703
34125
81554
46778
60461
39381
28488
78113
63289
45086
66626
28643
7804
30063
21889
41081
36889
66095
44031
77681
80869
72173
87850
25382
14245
37949
39080
59247
9711
29349
59445
59663
58728
38950
27210
69885
9242
81707
45785
74418
44019
30445
80356
32774
90967
63731
6852
69153
29791
27326
56717
913
82169
61856
62899
12986
60004
33776
51838
87781
32617
34661
61347
34020
8179
90783
84168
26285
75565
62098
3724
53615
63108
48792
23940
62068
89586
16542
19786
92747
41957
14086
61257
34027
61493
78710
4348
32408
33025
58038
92237
83512
18102
93653
65265
83751
54392
9537
82555
35817
15297
61
94331
90985
31702
68019
31820
84967
64008
36166
79288
31444
10064
75884
62417
67990
8472
92434
68579
67688
22816
91437
68419
24478
90312
48876
26675
77637
48452
22925
72880
68182
9828
71984
75971
32716
72185
17907
78971
