22383
7772
20217
6515
18421
19077
22891
18398
12111
4307
19403
1712
18317
24313
5340
14569
9943
4750
19294
165
7733
3567
25099
25536
4909
3813
17770
13206
22382
24107
24024
18295
22049
53
18172
13748
11655
23934
24673
19501
13956
7805
9834
4811
19018
26019
571
14621
19987
1828
21093
9337
26265
15727
22911
23465
21393
14519
1341
11538
13441
21533
2108
9826
13550
1700
2252
2216
19838
1815
6605
16266
21505
10177
20726
18769
24750
22143
24947
7070
8116
5148
26459
18927
11535
590
10414
8965
15720
25238
16799
13776
13584
21884
9675
16482
14024
10338
11295
15821
79
913
12399
21344
26616
24121
25891
20158
19272
8723
24438
21471
17809
23985
14459
3483
5515
4240
9727
11338
1252
11300
16136
25828
13127
19581
13814
7144
2561
0
7352
21135
3920
24561
10006
2260
3919
6426
25510
5889
17398
2988
12104
10616
328
21570
2440
14625
10768
7686
5980
19474
4001
18597
10419
1740
2125
4726
98
17057
2728
3416
24404
17342
7263
7081
15663
16991
15943
21005
3324
22452
24850
13688
4971
22433
21908
14218
3026
4376
16677
19634
24842
13343
4298
7116
3566
6392
24810
12213
11276
17421
22648
11404
13442
18678
15436
24384
17293
1115
21030
21288
11104
23393
22192
3466
13327
21996
2098
14385
23700
20174
5844
7398
1966
15205
10591
18374
19782
24691
23383
9992
2747
4009
21660
6326
9531
21878
3173
21420
8381
9827
41
26295
7881
25474
8658
8324
16036
9291
19856
18762
20427
25455
12618
18737
19648
9893
3983
13520
8068
22313
23270
16629
6725
15700
22678
22519
17932
17035
8099
17893
7675
11705
11398
18559
26266
23187
24580
21853
4786
12611
18905
16469
13915
3069
20778
6696
18806
24088
2087
11434
1100
3565
954
22928
19521
22238
581
11649
9301
24125
26201
4510
9111
11284
6019
14882
3433
19566
6115
20544
21264
19144
7839
21007
2612
8950
18640
24287
1095
25960
5823
3210
7679
16758
4907
5367
25472
3867
5227
12628
20501
21957
14979
20026
6032
19347
15213
10823
3033
5775
17919
1954
18189
24274
3922
19692
6590
13993
1592
14388
9379
16700
3546
14308
17185
22426
11038
2912
25867
21656
5735
3289
13908
15621
16296
20123
464
5036
9995
22118
21652
1831
17432
4034
25523
3732
9566
11352
12034
9843
7616
17285
16567
11084
20335
3778
6847
69
21956
20739
50
7164
3828
14252
1327
21910
9740
21493
3885
10123
18437
3938
5008
14828
4653
156
5722
15653
21194
26289
13307
6706
21569
19934
21563
10447
15243
15915
11078
23540
13465
8902
19084
7859
26597
5027
22241
7310
23287
20774
4468
11573
3557
5348
16691
11740
10629
21578
2668
10885
19316
14345
5511
17164
7870
20842
2607
6656
12773
8418
916
14260
20159
19479
500
19734
14899
5496
15033
9928
18473
4898
1322
24383
14510
15858
24459
18855
26344
21766
8941
6118
17667
5727
15669
19990
20500
11117
15357
22621
8040
3721
5301
6305
18594
13934
11154
18328
18790
16660
25046
25196
24169
25431
18690
15998
22653
9654
20303
25084
5138
12947
26554
18818
22673
8451
15409
25427
22277
18245
3343
22956
13723
19250
9627
26167
7550
25249
14590
12204
9514
24266
26406
15702
9633
7899
22050
2426
23264
9846
14187
17397
8850
5939
19929
8013
16355
13919
16764
19905
13989
15945
7181
7763
24334
13941
10453
20215
7560
6223
19960
7424
15000
15465
5953
23308
20188
20972
2907
781
24115
13917
2491
3426
1406
16502
5713
23956
17169
9853
3880
17066
9796
21707
24777
23789
13282
26338
943
16911
1104
24722
3946
7607
25877
18728
14402
10461
1303
11103
7479
13192
23353
19970
21337
18014
3297
5850
11067
11841
25083
19933
6564
26419
15741
19011
5936
26427
17649
26622
9526
9458
1310
8404
20354
11312
412
23281
5065
16978
15144
12772
26366
23204
23818
1938
20267
20250
14137
20659
21425
25637
17800
18343
25236
19953
21138
26377
23022
25035
20688
17888
3545
19414
22304
6569
17173
11812
9820
1635
9979
23595
22687
18537
24704
3339
4558
3524
3286
25516
14573
16445
23391
22040
2765
5902
22309
24566
21789
2086
8700
15625
22683
10102
9178
14041
19726
6210
13413
25727
10328
8339
14666
6007
10507
19205
488
19525
24826
2671
11902
16511
18344
13553
9265
2963
12568
24957
13872
20863
14491
21595
4628
25031
1007
8393
20666
10987
7286
9270
20434
17665
7353
21273
22559
5116
13564
5243
336
2173
14635
11960
8248
24615
25662
13699
25575
10802
15013
9384
25296
22246
19495
9061
14412
12133
5608
6777
25206
12167
13648
19387
16780
26166
6452
26027
16772
6050
25556
3124
17669
20146
4795
4090
2864
10747
4989
6375
13023
11699
14995
9388
10516
5414
20339
7189
3004
26511
3419
5060
2393
1557
3836
7528
18239
11053
12453
24502
22801
18887
3652
22073
6280
6790
18613
22660
12078
10963
13079
18781
16637
13730
20330
24000
5845
23161
13452
26399
19169
3761
14955
21872
25646
25839
19576
2949
16244
14492
16650
21546
13959
6241
11542
20096
24293
3624
19891
16535
13591
322
10623
19297
20507
655
15536
6021
19771
5195
17384
2109
10893
15763
5405
12152
19368
1089
1206
6948
3672
1688
16068
19311
9437
7143
17097
16095
3215
5436
24858
17705
874
25655
22202
10162
10733
20169
1963
7716
117
8785
20377
4134
18514
12413
6482
23272
4235
26413
16948
20513
5872
20901
2938
15223
7275
11455
11955
9657
8344
23206
18403
17396
15894
18156
24247
2011
19973
7337
18895
10529
4135
25252
7844
13078
25364
15917
8549
3477
1283
3260
17823
12479
24270
4351
13709
16933
21658
22276
18439
18318
6439
9868
9631
13910
3735
21433
1648
94
12016
26463
3364
22598
7710
10728
8019
20011
24847
4679
15054
10633
14584
14334
16605
16861
8474
22841
4040
16638
1296
5565
19442
8861
6836
1458
15416
16145
23086
819
9392
2318
16410
25955
15623
5266
11809
22453
26297
21131
2603
12978
17878
24653
14005
1083
18566
26106
8447
23364
5190
25838
13955
10523
12793
2946
19486
6489
17736
2964
24255
20676
16716
24068
8944
17785
6829
18875
3318
23326
25789
19492
21349
6626
24032
7327
23220
22137
168
14534
11967
1605
15367
867
17232
26143
16196
17999
19515
10731
9929
11722
18659
10155
4929
5598
13525
14079
7787
12958
15058
15920
13324
22387
10905
6320
25143
1063
6558
22027
950
14773
16395
5755
25423
17523
3762
15574
14817
12149
24230
4077
25652
17375
22990
6207
2608
16224
19430
22637
13326
6739
23751
13659
16819
18513
19440
24367
13046
14970
16348
25106
5816
24618
1564
16369
16882
6371
4274
24434
19603
24943
9918
25890
17961
20514
10861
14362
10187
20930
23130
19174
11115
14330
22144
882
11813
331
19470
23216
6194
18628
22828
11964
17614
21616
24467
507
22261
909
5131
12045
2717
23863
20399
14712
21289
14875
18687
9760
17121
9264
18798
11566
1942
21723
26227
3697
21240
19090
6064
6978
10946
7213
12581
25452
6259
15012
3411
26475
26462
10387
3532
1792
10152
6006
21464
13177
25301
10535
5677
25273
4005
23154
9571
21603
18900
12403
12661
9302
11172
18980
20529
11868
25071
4276
19248
16130
609
15239
10472
23532
1348
6100
1664
21732
12912
13349
5990
12998
11197
14152
25893
11645
16105
4962
5305
6780
11415
12969
24136
15283
15361
11915
10742
24712
2526
4453
26423
15733
9990
19029
10811
25319
17176
11268
24763
11986
15608
8308
23335
25587
2871
5570
24057
4700
14883
10500
24690
8775
8975
9403
8724
6771
11052
13236
15204
5152
5690
2382
15560
1646
16163
11948
13369
11069
2242
9763
2518
14894
21094
11508
6036
19300
20110
5655
21183
17541
18946
23859
1852
24078
25778
7415
11124
8042
7359
1733
15730
8884
20837
1818
9484
25387
13719
19737
22991
21702
11944
16646
15446
26126
17064
5647
23923
7121
24525
16180
5438
2543
14708
6449
25422
23332
18639
20219
2126
9467
4593
8370
330
23910
15919
10713
7900
15434
18673
12226
1256
1741
22371
12076
3782
11831
16057
15640
1497
23607
21501
8580
15869
2812
2947
17150
9413
3009
8616
8238
10712
1486
5218
1178
13304
20946
313
3003
2499
4789
24408
20420
17963
24890
6149
10350
8803
5853
2133
25388
5782
5428
14959
7317
14824
16065
4384
9190
18133
2631
8164
20360
6950
23832
23139
11968
15661
15026
22542
5172
12163
14039
13037
19095
14697
25771
15076
22603
4143
16456
6289
22854
9427
1595
15147
277
2588
6466
11846
17539
18757
6809
21517
9535
7488
10896
3273
1514
21780
17903
26191
23975
2148
22016
9519
325
7761
13276
25623
2881
23429
8189
3807
22606
719
17569
7038
3111
23202
22359
5475
3118
19146
7572
3944
911
7966
15097
8956
5222
6379
11815
19012
8917
1294
23679
22134
26643
8008
22996
16251
14269
11094
13416
3927
19861
14474
16735
16822
8210
12770
8834
2771
13313
7357
17801
15990
5288
22068
17902
1374
24511
25240
24237
9235
11697
22497
23005
25744
19792
17561
6634
3038
15345
3027
15543
19337
1602
19867
9088
810
26209
20735
19574
19147
5372
4613
16707
26567
22154
26327
8127
26523
7588
3434
26391
1687
18960
23808
9729
13505
6479
10813
20565
3476
13809
11394
11635
18096
7311
17226
11679
8260
4004
10906
18319
7210
13757
17574
7331
2180
8063
15826
8871
11177
22526
8879
19298
17925
13358
19412
1082
5832
21198
10290
18002
18355
25039
20503
19274
25863
21119
17033
10485
22293
22464
3661
9251
5352
24541
17840
14409
4153
15762
9954
2405
6878
11885
15343
11371
15383
21149
20445
19885
22240
13283
12743
13122
24531
23570
24089
351
18469
4532
17043
25145
24407
20025
26233
9029
17053
15696
10363
2940
2223
9207
15170
20916
25583
22980
4022
25132
20143
17857
22449
9002
6240
25981
25016
3964
5451
22350
7031
19639
14686
14820
14135
5446
4088
23855
25829
20868
12199
21909
14447
6658
23070
4938
16625
5197
2874
6400
24130
16391
2483
1521
4268
4185
9292
20451
16317
17941
17566
1079
6017
4492
14665
3135
2485
12908
6939
14505
2993
10740
26324
9529
18961
1139
18562
24329
20849
10305
20460
11219
13439
12610
15967
21819
5552
20300
17106
11198
20578
11543
19836
2008
7307
24235
11190
24977
11142
17605
3560
21307
18358
1319
13499
19654
3645
13768
21683
1261
12474
9081
1845
3181
18251
2736
14065
20091
8867
6302
126
310
21870
25280
22026
2006
23791
22815
9486
18287
15252
17967
14832
5959
21169
13212
13456
4721
18375
2505
388
7014
24770
8446
17373
7292
22620
14034
4610
15484
21989
7320
18067
11638
14885
10902
21820
3103
212
705
1203
25680
11729
15993
1017
9285
12091
9378
7667
23920
11625
21542
14528
21967
19329
12358
15318
4202
16631
2025
21777
3156
7446
12557
25150
16746
13566
13103
11877
4572
14815
11382
25093
23329
4729
10828
21918
18941
21195
8736
20129
6365
25674
18462
20857
20113
21738
9287
4487
25390
10118
25418
5983
24535
21328
12531
26044
6436
8031
3681
12309
9923
9280
5800
329
26647
3175
4207
8843
20854
13842
3329
16741
862
7057
3657
19741
24747
19922
8286
24756
26149
26315
996
10539
19262
1419
6364
2372
16583
22997
1094
3631
3189
12044
4494
22423
7784
22212
10517
23350
1681
13836
8849
648
17001
17386
20922
26652
26374
1361
19097
21661
18625
6791
24646
24429
24264
23033
2539
3288
21983
2368
1809
12544
4964
23671
8766
14226
18852
5117
19102
19991
15533
9688
4301
14759
382
2376
18060
11865
25808
4309
9319
5290
16480
5674
5373
5406
11661
5895
12829
24435
7469
356
7318
1257
13009
17310
23516
15558
22045
13663
3684
19582
17263
1219
25577
24199
1246
21143
12587
1825
22953
17758
13475
24538
10981
25043
2601
15898
19017
23844
12951
3635
19672
18665
13026
1466
8763
21944
3639
24490
244
26401
8292
19806
17415
183
21775
24322
8838
21276
19245
26073
25698
2482
1190
15482
5478
7552
6934
23061
26215
4530
14535
14785
23714
13036
932
19518
14798
9327
15019
11409
4832
8420
17612
18683
11532
5349
5978
8814
9094
22369
9138
10015
12179
24934
20459
12419
9381
11179
21938
3203
18483
12883
1568
12155
19978
691
21677
800
14
2215
24200
2493
2724
2733
21176
18982
4711
21499
25307
11570
9801
15835
1061
25632
11811
15379
11632
1276
17511
16753
18538
4437
20094
6987
16220
20844
3921
12321
18717
24101
8706
4260
1822
4556
3072
20242
12267
22903
25369
23155
20936
8348
25090
17478
686
25905
24011
4582
7660
10330
25739
10342
22025
3602
25187
15796
7477
4383
13529
2818
335
19279
12432
360
5064
855
1896
2335
20149
15620
1763
4850
16723
25601
10072
10261
7752
29
3487
6238
25009
15293
8101
18856
13617
6460
25203
24082
24319
2414
16570
26119
20750
366
24315
22590
22817
18326
11642
16998
7817
1407
8509
12246
23252
26101
7909
14546
10289
23472
22979
6215
20089
24587
12397
18246
6806
20055
5745
1343
11226
12298
22586
20012
15290
16362
13837
10136
21638
14281
23689
3155
24576
4320
12660
3577
14225
14924
15770
23527
3620
21761
24998
16929
19964
15723
18000
24523
14691
1608
2720
4617
14805
22972
12176
12852
12696
3852
15110
1696
2027
23214
14222
26095
26025
13740
21423
13981
9720
13551
8268
14909
25173
22646
2901
6566
10814
8773
25921
15467
20432
14341
6393
5866
5931
8326
22032
17695
22638
23986
12354
12716
18491
15753
13965
9216
20275
4483
7944
22005
22535
4540
13994
14229
13600
1689
5654
14870
26429
24736
3926
1426
18834
4086
23072
17334
26557
13292
23239
16002
1860
900
6105
17681
1218
7765
20095
5108
18872
24482
24021
10602
9432
25880
13147
12715
25658
2182
12250
18544
16053
11435
9628
21963
850
14332
21970
5099
16656
18126
11850
2885
15677
6018
13618
886
25942
21141
26525
11066
371
11095
21332
1880
16759
12623
10475
1305
25230
323
11360
1297
13589
19366
18789
23829
15836
24628
284
23240
23338
18534
19071
23766
5067
8012
19595
15976
10058
21825
16783
14475
13408
7209
9783
1092
6459
19912
2763
4946
17009
5250
25749
26577
24819
17343
24388
14626
24828
18315
15232
21299
12894
21799
18621
6886
22675
14586
13977
20543
7465
19943
16683
10272
428
14552
21495
6193
6505
13718
4441
2083
11784
12653
26646
18045
16644
10309
4395
22208
22153
18213
5578
21302
12180
2445
22006
13650
19059
1299
1891
579
19580
9085
17787
22759
24865
24908
16925
22969
6341
7266
16359
11474
3896
8346
19642
8015
20761
18812
16851
3658
803
9351
6116
18376
2136
21052
13991
8039
20126
19080
8357
6792
16210
15588
25825
7481
25141
1057
14795
10801
250
10248
23036
3904
10930
22981
17095
7397
14658
4986
16657
12106
20931
13124
16945
15938
26312
7118
26290
3109
24295
19243
13245
832
26460
3108
18390
20098
4176
8960
5086
11077
5643
22443
21474
17575
6094
7332
3844
6142
16146
9409
15901
22765
695
18880
20046
8787
13916
11733
6779
18433
3648
9884
6919
11470
21796
18801
16803
2165
25621
5682
20858
14170
24174
15356
11194
10180
4863
12856
2610
2152
8320
4178
21607
23585
19845
13140
22786
15735
9886
6014
4482
2278
835
20449
6823
11287
19783
19070
22237
18467
20886
3798
23622
13646
8098
883
4112
4016
9071
24464
23432
20364
3319
16966
21676
9157
11951
9644
8644
2479
9214
14428
25041
5365
21363
18570
6807
7574
15499
20493
5084
19375
25336
22139
14257
3736
14006
22074
17333
10746
25642
21294
7719
1525
16140
13121
19958
6248
13275
18036
8708
10800
22316
20235
14857
25138
11203
2613
3679
8430
2467
4052
5704
10229
11112
6084
15195
23883
11070
3713
3665
9132
3459
4198
9969
22410
22275
19015
12617
5271
2984
19384
12820
21869
9794
17437
20489
25303
13998
24423
14115
15427
146
18865
12881
14267
4854
6339
20475
2360
7386
19993
16792
20156
7855
6655
8256
10245
21711
11704
4851
26347
26592
12265
26305
16672
22184
22728
23405
2751
8374
16337
5562
10889
3584
21457
1675
18186
22971
15573
3046
6813
7746
7135
3795
3112
22122
2661
10325
8530
2211
2240
25264
2643
18077
16123
4984
3615
10220
149
3481
25450
26190
19218
13974
14921
19735
25157
7335
40
19261
16026
3790
11387
19685
25049
10664
7614
26464
25362
8173
17906
9047
11580
9089
21347
23232
14046
4762
21554
11988
12874
12036
10107
12572
419
20338
20471
15327
476
747
7194
3079
3727
20179
3516
17170
13541
16726
9497
22138
1253
178
16201
3361
415
20486
19418
25914
12478
333
23947
13761
12582
1226
18142
21150
4565
23250
12089
18853
18130
24518
15889
13154
25906
6843
16477
12861
10548
3040
2472
3128
21122
3438
15134
24862
2291
13687
26139
3094
1876
10455
23763
10947
1797
65
19051
16600
11125
1510
23894
19167
8494
1421
11971
6039
17304
9234
26364
15481
10344
11975
7026
19898
7682
13979
19976
21172
3859
22560
9260
4368
4906
11640
6536
11572
13398
1730
75
26183
10368
9460
19843
25342
4511
9638
11003
123
24156
8973
2894
13322
25882
19756
14738
11617
24696
26152
14058
15109
13341
12373
14533
22593
24469
4994
619
20381
2689
2286
10984
16891
18082
3662
13035
23918
23037
20310
7713
7050
13645
23924
20686
5350
1066
19822
11176
4890
18813
25596
21767
25765
17530
665
11092
8579
3708
17829
24328
17206
8782
10919
15384
24611
17568
22265
4549
20579
22579
25908
18664
7964
26128
25690
9575
15224
2509
2191
13467
6368
3272
5913
1864
25876
22906
20823
25068
5177
20968
13992
4631
9339
18589
23477
20572
20865
15818
7850
2783
10527
15851
13297
13381
6306
24369
689
18243
7792
14564
16312
7185
24925
24715
7336
12117
14038
11947
15749
18132
18371
11120
3204
5248
8077
12937
16976
21232
4734
3045
17615
19675
6827
23478
24355
12512
3558
5903
25802
21497
935
26038
1024
3335
25350
14520
2348
12230
17456
22984
15662
3388
22280
9613
16958
16011
3730
13028
24206
370
11631
18320
741
21730
8990
4904
24258
247
13361
7693
11981
11173
13044
2004
10961
20356
24895
21018
14162
16718
18898
19402
17853
22584
12031
25922
14576
22508
10298
8315
5818
9321
926
12769
24028
14335
13741
18748
7781
19451
16188
22576
11663
3691
12518
1806
21498
7541
24631
4620
22577
10657
11773
13498
10132
17130
5495
15616
8520
2135
2450
23396
201
12340
21725
3406
3192
381
11133
15788
11343
3528
18025
9643
95
17588
8715
1678
22659
17016
6612
6921
14380
1729
2020
13707
12191
9845
550
12763
11976
7346
21434
10574
22351
23138
26365
10561
8841
26328
6818
24991
8487
5604
18204
2859
4451
11558
23577
17864
26102
15326
11805
7059
24015
10649
1511
5355
12436
4839
18347
24440
14831
22058
6846
2419
15179
14458
12225
3002
4170
14516
7741
4181
18792
18926
14180
10151
18518
4266
23994
5726
9343
24742
5914
427
21741
8699
3043
18939
11689
10715
1580
7433
83
12037
8795
2069
2478
12725
18633
11441
17483
7355
5721
13949
372
4330
23319
20216
23783
7466
25107
1369
4781
4523
11139
24612
23654
1441
18109
18530
25414
18788
3930
17755
24160
7366
18363
26608
19546
5531
22358
19409
14871
13225
19163
17364
22574
21041
6038
4562
25460
10491
22251
4687
11459
11982
15218
3270
2865
14479
208
14968
14649
10969
21593
14600
957
18286
22112
19284
24279
10484
23839
15785
14571
5379
23388
22795
3689
5077
25916
1105
7406
24626
14702
26433
12096
23284
9978
6135
20005
22721
6172
15638
26489
10183
19878
3908
5334
25088
25077
2060
9225
21696
8994
24083
6789
21605
25373
5455
15495
20385
9243
22900
16373
21
11630
20221
439
15757
7043
18095
10799
20243
15751
25688
10441
5687
14681
17436
26058
12629
13163
12869
21693
13580
414
10081
23506
2457
21330
14756
5251
20438
11895
11713
2650
5739
23074
16867
12459
14557
12119
17363
3831
17720
7945
18311
16526
15157
23534
5506
15570
24823
3143
19738
23307
13860
26348
23048
25817
10028
20166
18671
19135
12410
9858
22609
13241
11451
26098
13000
23526
14417
17573
12328
10468
24560
5174
21850
16837
3104
8502
12033
6977
13711
11051
15807
22290
19925
23004
17198
2872
18840
20038
5765
12764
4705
826
12788
13489
842
20333
8863
17260
2815
25250
22925
5154
22929
3492
14606
2699
4798
14684
10167
7942
25821
22910
22199
20982
1215
19876
22689
23869
24063
12304
23984
1121
6672
24727
5714
13734
15340
10090
9417
11696
5618
22571
8484
17869
1944
4048
21739
3606
1014
8684
13160
9701
17405
8630
1715
14982
2827
14236
11550
23315
17618
21795
10059
19752
23801
844
6853
26553
9987
72
8187
10287
14819
20222
18127
13005
14062
19646
19420
10333
25304
17715
20045
24649
17249
7943
10842
11182
8784
13611
7077
16937
1313
376
26116
23723
15164
5155
23951
12378
12742
17399
204
10206
23006
13149
14238
11882
24545
20130
6316
20314
6312
25927
5749
21637
26157
22258
4277
11732
8354
21549
2542
20702
15880
19548
4632
14935
26426
10613
18959
21571
21927
13623
7537
12461
11109
22563
22504
2301
26505
25816
17489
16995
18337
14858
10332
20502
11548
24167
17036
8298
6468
24194
14605
9939
10672
19765
14439
21128
22901
9961
20442
12967
11593
2401
17856
5614
13471
14617
6611
11923
21588
16218
8591
19617
2560
8547
2618
13053
19647
11184
4867
767
2094
2760
4713
13487
23536
15646
18383
12756
2761
4640
22772
365
2604
17520
9100
10044
5033
13337
20835
17070
15713
17412
25705
2952
16315
4026
4353
15003
9513
8296
10367
12988
22639
26052
12774
4668
11464
13157
15113
10863
8252
20341
25239
24273
327
21376
20816
13683
2471
4759
12803
8645
14583
13789
23680
19989
6969
23407
4688
6082
15447
14512
18734
18468
12677
17635
4475
13666
5163
3609
837
12493
11143
16556
5621
860
254
14425
473
9219
18301
10601
25782
200
25417
26084
6981
10093
23046
5039
3758
12351
23940
7212
18541
22104
21470
20396
12181
18490
16198
20147
14446
10945
15114
15697
21510
12955
20505
12310
16228
26174
1169
14090
20879
2155
610
13239
3967
735
17884
23521
11169
12850
4179
16849
19552
13539
24889
10464
7007
9239
4749
21507
18629
23760
21986
21500
9001
2172
23333
19104
22087
2296
25294
431
13595
9245
14977
26372
17897
22686
448
13686
5892
22731
8714
4923
1111
16051
10944
22902
17186
3165
23805
11333
20093
9326
20342
12627
10050
5331
23841
23566
18555
26112
22285
9052
25027
23672
21492
23097
16404
9854
18572
961
1716
18042
19561
13696
2983
23175
6769
5920
5041
891
14019
9008
13473
16981
7141
26481
748
8881
26349
1483
11006
933
15433
4168
16339
5061
11328
23425
21743
26249
24553
1785
22658
18316
4312
5711
12636
16143
13396
13002
14595
7577
17997
16649
13445
21907
9221
14705
10103
12423
24139
16124
3105
7996
22456
4879
3365
6354
1302
13112
152
897
23630
758
15981
155
11433
5229
8707
10706
14240
21856
3179
24306
9591
856
7083
15119
15251
9623
9935
1164
1857
21237
24659
21839
25140
7191
18741
19173
12635
18761
15220
23932
8517
19493
17563
25918
16659
11770
8439
13636
1885
23344
10265
4046
6718
5581
10518
22377
699
25212
19875
15550
12633
5474
21873
25766
6427
14264
24093
14028
26575
24710
5038
162
24312
23703
14743
17709
7830
821
21185
12741
10864
14250
471
7915
269
7245
13647
16119
176
14861
17287
25541
23212
25284
23768
8317
16352
14055
1307
16219
21760
22034
12686
14145
23576
682
21556
20913
19881
7486
13682
9822
115
25078
6419
8842
433
14297
10911
10829
71
23602
21402
745
4575
17411
14496
2559
16173
26448
2825
5537
15824
4609
16154
2882
21903
15886
25983
6395
10515
4945
13477
6361
7033
4099
24084
3479
25080
6344
18958
18766
18090
17079
24394
26060
20288
11604
4778
10337
5564
13162
7674
25543
23743
22420
5841
8032
23355
11836
19852
255
8561
6111
21687
21439
22763
9043
20298
14430
5124
1811
4950
16281
16874
22539
1597
25794
15497
3845
24263
17358
14543
6866
240
13823
3613
16548
8534
3263
25761
9972
6729
3088
15874
23140
12416
11966
13478
5309
13125
26422
21032
21164
9541
25574
18702
6275
16728
17543
18488
6684
24446
5694
6009
20172
25730
15038
2421
25613
4737
25375
11016
10094
12884
19198
24732
17996
229
2266
4446
23936
6170
706
9405
18896
17832
23
23797
4922
6042
1601
3159
24658
11616
5835
11460
15541
806
14173
21783
25000
15035
15595
5900
6728
26438
10251
17217
3436
5952
9410
7595
871
19508
1663
25757
17527
8088
10651
25518
10806
24203
9333
12160
22330
6203
8686
21262
18423
8209
11525
6200
14190
1484
721
9557
12128
601
12293
22534
14469
18814
5429
3354
19116
24081
22499
8739
4452
21710
4614
6093
8413
19191
20969
22530
18994
8094
20014
6682
18217
6269
18006
21786
7207
4624
4420
1350
25153
10314
3738
11765
25468
23181
7051
2065
8546
12671
2095
7211
1417
14892
652
10964
2973
20378
8204
9994
13495
19370
11748
520
4137
26141
13745
2937
19312
10024
22966
9584
5119
17242
16776
274
216
21768
22529
12722
19431
8557
5105
454
16941
5612
9121
16980
16505
15073
24305
18352
7255
18272
4119
13572
16099
24348
18044
8257
8416
23188
7112
16264
1320
12115
12731
21126
21177
26604
26430
17516
21565
25228
1282
740
14280
10082
2399
1393
26632
23776
8052
3171
296
15553
2308
20725
1381
23238
10687
20556
21015
704
24650
20293
21952
2562
23358
6376
7186
13356
16287
23981
3252
19602
8055
8621
7140
19723
6056
26528
499
17353
4676
19549
11893
9660
17673
19941
904
18913
7030
6470
16451
2195
2127
16293
17098
13146
1866
22737
12360
18607
7498
6154
2795
6960
7293
16034
545
13523
4715
207
3599
23913
4055
5981
22379
21985
12990
24480
14452
17279
18135
9501
15602
5870
19333
17417
1793
22644
16428
19207
19416
10035
5723
25471
5000
4269
7151
23200
8208
5144
12759
15876
24114
17643
17019
7117
25487
24039
21399
22607
3161
8878
8701
105
8423
18379
25113
13470
15581
5249
20304
14877
15710
17220
263
15445
15030
16790
6708
21362
21589
6679
24060
5894
5626
4094
24540
6070
8585
8440
22416
20806
21112
2839
10253
2844
7500
19975
7941
14086
21502
1442
17968
7192
19684
6182
12685
6155
15405
18861
22051
26339
11046
21481
13133
18221
2908
17955
223
25079
6025
13488
14673
22457
1578
12865
11718
20064
26171
9122
12753
4724
20944
7092
11678
6951
6970
21154
2259
14192
10883
2837
25847
7002
10163
17301
25546
10962
19628
560
1060
4038
4895
9023
10668
23293
17772
24575
3146
21753
7071
501
21886
18470
8485
21063
17313
13443
19066
15390
4292
8623
4401
4431
26405
5246
21251
2584
25627
7004
24994
11032
18223
9812
787
12602
25136
3834
17604
23084
6205
17984
16415
23608
24527
25415
6488
26165
6101
5620
22291
7812
20103
3321
13626
21359
5940
20264
19143
4422
816
12714
15459
10773
12299
10283
25647
13235
26208
10452
8130
16831
3765
18277
1783
10510
12273
13431
10789
20665
2960
24188
26264
25895
2796
20269
4782
893
12442
6424
6433
16622
258
17393
7709
4457
9985
7040
4155
18879
2200
2956
4901
4029
15451
14113
15106
1268
11206
16665
1037
10221
18013
23537
25630
9577
4296
12370
1090
1073
19784
16132
21137
18417
13880
15510
2692
12156
15738
7064
17370
397
14835
25820
9425
22170
6665
17644
25469
22704
21090
23197
13483
21487
7598
13363
25780
4147
7221
14080
24610
16153
21163
656
6456
2757
6924
19058
2575
21215
22038
20745
5382
7663
11853
26635
23960
6735
2219
14574
19304
7983
14765
16393
10345
4763
21758
2942
9430
14450
19959
23646
6989
11196
2829
16942
267
15548
6929
16248
2977
12009
7729
11498
14758
22756
7256
24013
3953
21813
26534
11393
22248
1607
6089
10621
18340
22912
10908
12697
12625
5886
7980
1761
3889
12795
25397
24454
18279
15848
2051
8783
6450
1153
25025
12162
16465
23728
6054
12130
13493
15274
23788
19717
20036
8255
4542
24784
10890
7908
23738
22174
6065
16351
10185
6998
3746
2980
3990
23334
11149
9363
13680
13167
9533
16492
26595
25110
16731
6421
6358
19267
9231
16077
9046
23076
24762
11834
26293
19381
11082
17843
22193
4243
16808
26284
12663
25667
7747
15358
21529
19801
2809
15994
21246
1774
14614
25924
23177
13355
17714
211
13329
15918
20039
2855
16960
22739
11085
4430
16690
1212
12882
22623
23135
1376
16297
11681
23464
17734
3693
20568
15192
23092
20601
18465
4200
15525
17845
14651
15082
10764
11707
24486
1053
1362
1650
12891
6117
9116
14730
6671
7472
19921
25183
15373
2582
4885
10422
24996
6051
14750
15315
2361
22127
12787
2356
18249
12796
19894
14015
8962
460
23325
5967
9806
2214
1722
13575
26375
13790
11945
4428
22331
9888
17092
20802
26412
14768
10153
15402
24371
21937
26404
20584
587
6717
2535
1631
3163
25188
14092
25593
14087
11292
8038
7468
10857
23917
20236
15169
6095
15599
2111
22305
5440
13864
10355
26416
18108
21279
25165
7961
9788
24466
1076
23756
22478
15671
658
7442
111
6022
20690
23441
23692
16682
14011
10577
9078
16437
12887
88
17889
5611
6538
24152
11998
9765
8743
5720
25233
13516
9841
28
11015
26332
10323
19186
12014
22531
24853
18422
3570
23482
12171
9192
4574
7461
23001
22806
20224
9016
20717
15814
2995
1637
12220
3731
18860
1832
21377
10329
17957
23276
598
3659
8365
6517
23745
12733
177
5176
8497
18453
1509
8368
13962
18952
10349
17700
24392
7368
3874
7601
554
7721
13784
26629
3596
21645
15444
9259
25594
18145
1571
5691
4175
20237
19407
1874
1621
13450
19138
661
25332
9197
7105
13410
21346
26510
22676
3220
18937
22036
19221
9026
16745
15935
17724
11131
19336
25368
20073
24591
17448
19754
26564
22893
24361
23610
6925
4323
19981
5968
7258
4504
2046
7513
14168
9340
21398
18219
6993
13263
23970
20320
5170
6699
437
16863
16766
22957
8432
2002
19184
3802
16782
13338
9015
8290
24297
5750
3315
26562
22348
10871
22312
16522
14108
2114
1641
13106
15626
22066
5616
1010
3122
17117
8817
2249
87
20609
21984
8535
23043
11116
3478
5183
25585
7206
5856
18220
14102
21219
9141
17083
2735
11633
302
15686
9668
5432
10680
4681
13987
8411
16019
21427
19880
20638
16134
19937
19091
13226
24182
8725
23898
21924
141
2798
19212
17850
23444
23638
12897
14382
17374
9027
18259
21142
7648
24049
14777
1949
9984
17189
253
24707
20517
10186
24920
17508
11138
8293
1280
11483
8459
19951
2591
12501
19031
12960
20137
459
19817
12689
16436
22985
11577
2687
16385
10611
12187
25322
2476
9130
26078
21636
22125
25394
13677
5166
21496
5093
25382
11675
18560
12537
19165
4925
25663
22113
2797
25348
17512
4114
13090
21863
3621
24564
15811
13320
12428
15988
22003
14682
6303
9682
24176
9598
20981
18215
14800
20557
22506
12522
13803
15477
18820
15786
4868
9738
23992
14922
13964
13704
16452
405
15376
4081
12123
26154
10710
13318
9049
1649
23066
620
19223
13619
12127
26358
9436
14818
14744
21791
3809
2807
9350
14779
12503
6088
8891
7113
18117
23223
831
5494
1048
12657
22685
5683
16805
4680
10274
12458
18928
4093
19299
17385
24813
13763
16554
14176
13972
25687
3510
17203
5535
10628
25339
26299
9714
14830
6478
11830
17947
6646
3418
9737
9423
12223
778
18972
11734
22640
3572
4379
21239
24752
3757
305
23100
20560
9193
7888
19466
20608
4406
12682
1353
1830
23397
19081
17332
18623
11357
25454
24281
8057
25289
25527
16642
9816
16399
8533
14099
6794
4031
9148
20383
20714
23417
1886
7333
3454
22146
1175
24033
10286
3218
6005
24822
722
18869
5972
23813
19696
12311
18103
1950
22091
7343
9446
5819
11347
13265
13438
16603
14482
16195
108
5224
6198
5909
15496
1436
3276
15803
10697
7672
19458
5863
2660
4716
1736
23456
7668
20230
19373
6782
25537
2776
18366
2998
7393
18121
12142
9666
9864
4527
23739
10845
477
4979
18831
18701
221
3988
19523
14718
9689
20813
14195
24622
25640
14470
22169
7972
7558
23687
10547
6045
4801
17038
17521
2602
7021
14612
2697
21976
26136
4756
14468
12821
24604
16254
24662
15750
3034
14338
20658
7487
1659
24173
5280
24225
12327
1744
7025
21879
13997
24282
14996
14599
988
13631
25219
10970
11539
11235
14161
22065
22098
19824
4116
24186
5917
4477
6630
19863
7018
12974
20775
3086
2712
5303
972
3213
577
1378
5901
25511
4808
25305
3821
1415
2965
10073
15969
4861
18660
25201
20864
5407
16040
3900
19446
15613
22023
231
8928
8593
12350
5261
3225
19118
12353
19938
26148
25670
20319
25625
9168
6765
16546
1295
5627
19907
20746
854
17971
5796
4105
4920
3262
2392
280
14143
25521
18805
20187
12840
17487
19331
9616
14242
23657
26042
5142
24507
2507
15892
24018
8166
20173
15107
17462
21522
2858
12154
3386
11849
18040
6652
13771
4121
5941
10825
19406
5915
5
25554
5985
22798
5015
15411
20218
22677
3458
17882
6966
1363
25605
21553
1616
2314
24794
26241
15843
7938
16589
15137
18050
6766
26497
10165
4543
24382
21697
9588
23184
2225
18894
8661
625
8835
20006
15051
8925
4934
16022
8279
4261
8620
19701
15810
2847
23260
19025
15415
19338
12533
10457
25513
11132
3870
4264
7401
11017
25058
21651
16288
22708
22615
4506
23590
4636
101
14010
14216
20909
14073
1749
13048
8120
17273
26467
10357
15584
13231
5354
14313
24462
5480
4373
17269
3929
17603
15839
4356
13298
8977
23651
14932
9172
14205
25253
19226
7154
18695
19663
3538
7120
14706
4889
11355
11838
12362
2802
14438
26588
23715
24812
13689
19183
6072
7923
24508
18333
2926
26108
17992
16414
17868
13041
10975
22589
14165
18026
17819
23587
17842
22160
11282
14694
7094
20733
20359
7277
14202
24298
9163
7133
6884
13742
4013
20247
3370
24376
4255
19209
23508
3110
10635
14071
10012
11100
8742
20893
19535
2954
5153
22769
21331
25767
6702
11665
8302
14158
17534
60
9399
17307
9973
2230
19030
17144
1429
21509
22652
16256
5196
21668
20220
11817
7986
3036
4380
19936
22883
5425
12959
25386
1683
3421
8156
4426
8687
25538
22597
16285
26373
8664
23996
4480
1281
10665
19913
18273
24632
5935
13538
8677
11529
4122
15122
25276
26079
3756
4058
6299
8921
5813
7725
15199
1997
7591
3515
15849
4324
16089
5013
5890
19930
16460
5976
18293
16812
20825
15096
12893
6893
22436
22252
14761
9283
3914
23741
10909
3934
22887
6851
11259
3314
4374
20421
4841
25525
5505
25745
1273
20496
19940
25055
20684
14353
10938
22393
23336
16515
23345
5653
12993
7535
7799
9717
5007
13168
5028
4065
14461
12846
16868
12048
9017
23731
11628
4913
2828
10648
22425
23362
11031
17317
20492
6711
22517
25111
9876
12718
16534
4869
4332
23997
15871
15227
14333
4012
20416
6775
10835
16260
1627
21664
14963
11170
9308
12322
10434
13673
23720
23271
16164
13639
25814
17266
26437
18832
11887
21961
18520
7079
25889
13409
5708
23850
12294
13420
555
18461
515
13380
864
21115
22733
1016
9056
14387
20674
20770
12307
13076
7856
974
8146
22385
24672
13838
11453
16500
22498
22614
11199
1913
21454
13008
21045
4403
13726
15953
20186
6445
7444
15285
4857
1266
8821
17822
16047
5063
6168
15330
26593
9645
11421
12279
17950
17143
21199
1028
3985
4928
22223
1911
1591
25484
22336
6804
3717
23403
23235
20203
25502
19837
10493
13211
2292
13853
14172
4488
11010
25182
26367
6613
25855
7532
2227
7233
16918
24478
19729
6941
3151
5299
10061
8011
7940
2024
12681
15235
17796
11782
12857
7296
13594
24758
529
23331
23565
16229
9926
12943
3138
9523
2866
23198
8161
16113
18359
5042
5542
9504
19621
8970
26000
10976
9694
2945
19244
15734
10418
7499
4771
21397
14357
3668
2830
10481
5821
6862
18495
2040
14316
25804
5639
16044
4229
16097
25406
5047
11858
3747
22311
2986
22501
25192
14373
10655
26200
2550
22655
15350
16658
11872
2680
18381
5861
17460
12786
19537
22399
22752
2786
5308
9509
14276
6956
11880
10738
17148
14890
23990
10846
11257
25988
24103
22630
8823
21451
25174
8051
3342
11852
2951
4736
19361
9539
16340
18
14050
14641
12487
15006
2080
4302
25316
5737
25324
16336
10986
11970
14797
26466
24185
24931
6290
21379
26639
5992
10634
3923
2159
18231
12365
3517
5312
24552
1704
24893
19200
14664
14540
339
1768
18977
20641
9895
24773
9882
19214
25065
19478
25241
2029
20167
85
48
5221
25420
21720
18323
20299
24461
7527
3274
23151
15527
24956
18242
6507
20477
10051
2056
17012
14983
21180
20695
17751
19324
16346
24207
9750
5793
2
3113
14193
976
16928
3511
5110
16635
6285
432
19178
17158
22645
17773
23103
8815
14186
18713
8271
16786
16876
8964
5958
23597
990
17619
1326
6872
10512
22203
24597
5756
21456
21948
5501
20673
4076
8332
2039
17639
26565
14167
14511
10489
6698
2570
16674
2416
25622
9194
6518
12072
20992
18079
26321
12090
5198
24090
11745
3312
8864
7496
18935
9916
26355
18655
16847
2492
5566
11141
1258
9606
26538
5536
9546
22787
14807
26176
22155
8563
17616
19443
25852
23045
10281
19235
16029
26024
13065
26175
18447
18938
4886
10384
20444
20389
11646
15303
11911
23244
17860
7471
10154
2258
14032
17344
2685
13951
5201
7978
13207
14072
13716
16441
2533
552
19773
11254
8371
7279
10583
5217
18160
7670
4769
15635
24885
22627
7449
2003
12953
445
17159
16481
25462
1803
2221
21619
23594
5264
19168
17212
25207
22745
11957
6467
8654
25962
2139
6693
15927
10239
12221
22856
9759
21318
9684
20597
15087
9672
23112
13859
6530
2691
18125
7084
17978
964
20942
6733
12928
18212
2996
14726
13874
13052
2022
2462
20108
6330
4820
170
23513
5071
16575
16752
26498
13569
11011
6153
23375
9030
21360
17655
22667
19974
3553
5541
5139
11049
3675
22773
8910
7861
13559
13434
13135
12008
14679
19793
16962
23598
6704
21278
4286
6394
21084
11688
22513
10703
7534
20327
21355
19236
24337
8376
6747
10900
15419
25128
13798
23995
19398
22159
10190
23459
3811
23436
16274
4250
3039
21506
17349
7774
23146
25689
5826
6501
24884
22347
24958
7240
8157
6250
1919
25831
11325
11315
25604
188
14211
10196
12789
7345
14423
2589
4070
18610
17321
4894
22495
25172
3255
19616
17494
1191
3881
11888
5461
15989
5701
757
6236
16757
22374
6387
25631
18529
12286
2850
3381
12165
23266
6483
19289
12583
22816
9510
7157
25208
11946
4864
6319
20322
22270
18061
15480
12500
5761
1765
12942
14889
11256
17895
14965
5346
14030
3018
1204
15081
14390
7322
22335
5865
25641
15177
7259
10004
22775
2354
12450
14488
17587
22015
24987
556
4327
384
12460
5599
11803
20624
7222
4730
26064
6625
22738
4720
25371
2581
19550
14888
14942
4940
17161
4345
9797
16356
1807
16997
18620
20794
14812
15005
22079
13865
3571
13519
16316
9485
8150
8751
2805
9924
12159
24399
26286
13999
15711
18552
22389
14947
7617
14729
9821
18393
5951
1724
24848
20370
21483
19444
11480
26455
21436
8175
4900
24863
12359
9951
14129
6264
23032
5791
1974
737
6493
16268
11547
11000
21000
8141
7348
24299
26649
3266
7230
10343
20728
20323
7410
8672
15531
2448
5016
10255
7426
799
24914
6002
21634
5962
20286
114
13111
20870
21395
17157
20246
21049
18815
2898
4690
18291
4459
19962
3864
19349
2994
26598
15092
19078
11237
18567
18459
1827
20030
22341
9036
9461
11690
15951
7252
2340
9958
4436
16866
21632
25803
2461
5918
19517
7299
25669
5624
22256
22493
15297
22744
11238
18866
7678
774
522
26431
23317
19242
3442
13534
1708
14998
14319
24170
15201
6310
21447
21936
7922
5925
12911
11777
20617
26508
22923
19166
14755
25724
4809
25061
17482
7339
18752
898
8321
9382
13939
1508
1933
6458
9683
25599
21715
7236
3229
14305
10181
2621
13328
859
12135
25653
22217
10632
7436
10358
22794
18283
11408
21214
25295
14928
15494
12933
2826
10917
16192
12270
22518
6047
21230
23769
24158
2652
7082
22514
19631
2578
26353
5833
22824
20273
20355
9009
8693
352
14597
10205
13770
16740
9095
12641
8824
25333
24530
3126
8438
9249
21333
19687
1847
23666
17250
13466
15077
21733
21545
10409
5794
21096
16322
2290
19691
7303
20282
23170
13747
22406
7129
19512
4977
1582
1596
10690
8772
3976
10347
25695
11715
16531
25723
5943
3383
2961
16721
26330
23183
25384
1022
3332
5101
21314
24065
4932
8202
25340
3019
3830
8744
25440
22403
9586
5709
3061
16366
629
16033
8874
7232
6244
3453
10362
1143
7122
12509
5423
10415
16106
12407
22602
13506
16582
1673
22327
10416
271
23361
17742
20766
18557
2595
11065
24223
26516
12402
9278
25262
15086
2204
5787
16408
15583
13665
17181
26177
5937
12775
20687
10145
17797
3601
13966
22873
25967
12529
17559
13203
10818
1064
17750
25308
18298
20302
16591
3396
1519
12313
23094
12930
4295
17243
14410
11702
11042
21461
19818
9517
3627
15760
3850
9397
2055
11280
13172
6659
23921
2835
2099
19301
3771
8568
21409
11364
18262
7295
3357
22826
18797
24286
5891
19543
12284
5127
15059
7935
18226
4219
13660
24941
6694
19520
25844
13876
2120
18614
9982
1513
23496
4852
3242
20410
8262
7195
14953
1112
15339
17986
17634
3131
9126
25486
7903
21611
23588
18054
11961
23144
17390
2460
18923
9450
24415
10671
25824
12457
12491
12347
20947
21540
20973
10216
13629
20280
1598
26626
17779
2324
374
14117
5656
670
7334
14179
5206
14622
5098
23078
21818
6899
15960
18409
26088
843
4156
25209
1547
16100
22626
24642
17145
1437
6828
24648
9254
22266
6983
6938
21899
11933
9114
19942
6438
3044
6825
24581
6156
12389
8676
23525
6407
12275
20165
7720
7290
18882
5945
14655
23185
14133
22111
23664
881
18496
5798
18487
6343
9803
8702
14876
3696
15161
6687
16422
16744
23815
4686
21178
4508
9275
25054
16086
18973
18682
15812
8275
8553
660
17694
2041
25628
16949
20571
17084
915
21551
17120
10998
1567
19999
24374
16137
17141
12605
18531
10645
1196
14842
7278
21602
19965
572
25968
10699
1035
15369
1529
24285
6876
158
3853
18871
4623
10268
23174
5434
11135
20252
22021
12854
20614
19053
3993
11083
10652
16669
26386
12776
5719
8712
1554
13786
8647
8002
25732
20763
19779
20649
10005
4837
1805
24705
26382
10097
2355
13825
25857
19047
3965
4655
23721
11808
15133
21965
16282
4069
21490
2235
25302
26552
1432
2184
26556
17663
6208
18233
20244
16184
11048
4291
3065
22011
3153
6485
9229
11034
18638
11231
18519
1155
14325
11395
3872
1894
9772
18581
9368
9545
6471
21156
11779
21358
5736
12386
15298
1817
21596
11057
9981
18419
21832
18396
14306
7072
8016
13402
7276
26482
11783
9082
8607
25517
17298
9187
22151
24453
18542
20551
3769
5447
26638
15860
8470
23328
23016
24143
2435
21286
4371
19194
17549
17905
5824
16549
22031
7032
15024
15789
6258
15639
11914
13800
13938
18779
13279
18515
8078
26068
24867
23843
2593
8650
6334
2164
7464
22200
8932
17531
16944
506
26127
25731
18198
6869
7199
21073
26627
24782
13546
15528
18224
23107
4333
3208
3190
7514
3607
1829
9478
21438
22829
2042
14342
26240
688
26014
12259
7801
16247
16906
13387
1925
18830
1703
8276
14974
1411
26517
16855
23093
24324
16640
4392
24795
10252
23014
15206
18726
5657
13455
6580
6069
9276
14969
15844
6723
24619
18053
2704
2404
12765
19851
19637
10250
7823
1887
14049
17583
10534
19126
16306
23648
19417
3518
14984
25075
16653
2787
13558
19096
26283
6568
26425
11723
977
13223
24641
13196
3759
341
16654
17416
7925
19465
17362
13652
23041
12392
1512
2596
6753
4160
21624
3367
2678
16007
2959
19846
8889
16612
5590
11721
11927
11310
22545
23413
8066
13515
18039
6242
21101
6965
10246
11291
2637
15603
7521
12050
1834
7968
2663
1440
14966
846
16652
25976
10784
23641
11501
21559
19241
18584
13909
6503
20550
15124
23959
25721
19873
22624
7857
24058
19613
14037
4871
5473
14043
20595
25114
5905
8128
17239
22028
21320
11225
16663
11903
3068
5088
26397
5732
9479
2838
4082
26542
16240
7438
1638
14003
1396
21765
19645
11407
9269
8515
1937
17090
19129
10479
17495
2719
4425
14908
20211
7
23880
6577
2328
8780
11876
4635
4546
1467
22622
17465
6880
20896
12195
3768
11683
12217
7868
11294
5934
13533
26234
8225
673
18540
3917
5126
17492
12816
19955
6378
1868
25021
2654
9120
24973
11866
22470
14591
389
10670
21550
7699
23108
1723
7571
23282
18227
9433
24556
21888
23882
4164
2574
9033
2451
3462
5528
22342
9773
22168
15926
9380
676
23933
16050
25326
10622
13942
2629
26063
13948
12802
22679
15870
362
10048
21826
9465
8952
2557
24215
17699
25204
5969
4158
21475
13937
6565
21714
24283
10913
13013
15893
10408
8732
5520
9590
11321
941
17228
21043
20380
12909
23938
4790
15514
4316
16024
15572
2767
17651
25400
14559
2134
25758
10326
2510
725
19257
14652
25941
1734
24316
3508
6628
26394
17551
4237
6885
5785
24608
5377
20182
6496
22867
9508
11351
4544
19760
22260
20642
12317
3234
9971
23896
11581
26499
21053
13922
1552
11267
20696
17824
10978
1645
8681
12043
22707
24966
17045
25500
1843
5100
5777
1728
15149
12352
19708
8582
20065
6251
18770
25272
5576
21424
6353
287
975
4071
19460
11676
11896
13527
3379
1553
6015
16602
23354
6237
11516
22463
7949
16012
4683
6762
1820
11450
19050
21134
24645
26571
11425
12260
15752
17908
11621
26602
3637
2744
3073
1682
25657
6190
13058
9871
1248
5158
16537
23427
7756
15407
17032
6873
22934
10225
18500
23294
4089
18636
7190
10233
24660
18963
46
4246
23380
2709
24240
5955
11180
9755
9647
25738
15769
23274
4947
12343
3789
2664
6044
16320
20336
19731
5571
12058
17581
11795
12516
25609
11167
6913
7691
12141
10271
26062
1980
10796
17069
6944
21319
2066
24269
3995
10836
6858
18674
20795
14896
26031
12100
24159
19839
457
25793
8408
7655
15060
10940
19181
16371
26145
10809
20939
1402
7643
7419
8792
17325
17445
2161
24489
25292
18509
25478
2297
4684
1080
22544
4985
7833
13894
9293
23461
7913
6539
15354
21401
13766
14956
19357
17795
23040
25062
12835
3646
8643
3634
23915
1976
25377
13427
10985
15268
1507
22510
26474
23412
15457
2269
23574
11906
16458
9963
8793
6085
17267
19986
24677
13844
1859
16970
13501
5247
11245
9525
8955
3400
19626
17270
23368
2073
14296
19401
19704
728
16177
11879
9066
20874
14051
23977
18228
11892
605
25012
18072
24594
18477
4595
3617
17329
15852
5991
18472
23095
2233
2117
3718
5539
12379
14548
20040
20960
23529
21054
14786
20124
10760
14401
5802
8802
18232
4956
173
3374
8608
4063
15772
16397
10736
18583
25191
20866
23849
7462
16693
9709
3200
2188
11527
4223
17731
13247
16999
8991
26503
654
19288
25712
14639
10198
3587
16280
12591
24055
6291
3505
26204
15830
12994
1015
25242
11097
971
4056
24007
20603
16258
5360
16457
13895
6661
12862
8027
12499
19664
1967
21515
11567
26029
6474
6477
17693
8982
14284
1539
5744
2695
18408
7627
7755
805
1351
3855
1912
261
19671
15105
18348
24688
8753
18190
16016
16067
17023
21269
7253
13772
1044
2899
10449
13188
16827
20803
3888
6497
478
25082
25947
18593
14662
9576
24
3955
24640
5896
6033
26223
9414
17921
23634
23106
15964
4389
12672
13881
4126
9930
10866
25275
5804
21759
10920
5868
11233
14069
13158
18207
20175
4098
6555
17576
11489
18442
10783
18600
1535
15501
14929
21917
11736
19823
9453
15593
5333
15346
20832
25635
10381
26146
23462
4991
6740
18627
10194
21557
24400
1618
4911
21895
2883
21008
22048
15388
23586
3121
10907
12489
22001
25028
15554
20454
4463
9325
26206
4365
13418
24840
13592
6863
15474
1033
796
4174
2170
14077
24613
8283
9950
16760
22292
14740
4521
12308
16733
3876
256
9811
23321
614
6732
19656
16969
11502
13706
12648
13780
12754
13073
20033
12234
19038
19996
17265
13107
14555
10538
6741
19260
5443
25429
13119
849
26001
14119
17686
1193
20470
18074
744
23892
17817
5904
1500
5329
20017
15594
25834
1220
3096
18306
7862
2626
10677
15502
11493
13712
8176
23173
12948
14683
2423
21083
21811
21132
11546
13508
19220
3425
12782
3227
8528
3074
3994
9554
12973
25222
298
18101
2277
8005
12576
16748
24743
18902
17674
19281
16202
17913
1288
6834
1656
25177
18038
12923
2501
21301
17188
11534
25568
8322
6164
12449
2571
8124
15690
6511
2508
905
1823
12302
8112
12966
23886
666
10240
6383
10424
1106
12017
4525
4325
18979
1036
9780
13484
16507
19101
10588
537
7349
2967
13603
6253
25590
16217
13291
20692
24663
19882
13988
16131
13503
6898
10032
1794
14323
11416
4369
19618
3047
15069
25300
9835
7495
9045
22918
18451
5294
4047
4887
5774
11361
23218
7517
24445
3414
887
14495
15242
14771
5970
18772
5136
5397
9481
20602
10141
3472
517
22650
6417
12010
19005
23035
2913
19319
14937
4149
12551
6936
12596
20225
7759
22549
9911
26603
5516
18511
16074
8477
6756
13134
17401
9345
22307
13430
9592
11934
22412
7834
25711
8246
14975
19536
6167
17536
17372
9025
22566
4637
6300
8018
22878
2962
20773
21535
14291
8270
5388
5450
5458
13218
8191
16255
21441
26046
21581
9670
5317
4130
13432
3699
8345
14178
14494
20561
21209
4660
19125
9200
3020
1615
8999
2587
12444
10383
23684
17233
22460
23015
11857
19551
16328
5646
16708
2054
10993
24834
7202
15155
25561
567
23792
5957
17219
8035
21762
24086
9819
25129
21657
9421
14669
23793
20196
11747
25159
21615
23180
10212
1867
21342
17213
26300
12394
7389
25361
7156
24414
22897
15027
3216
17836
7641
6822
150
25467
20127
3012
15667
21594
7987
18021
23905
13669
13250
9349
626
11488
5269
8769
11013
18361
13411
3456
4290
20289
6943
10737
18208
16453
6903
16908
22245
10104
1163
25374
10875
11159
25948
7620
22388
5579
17282
2470
20577
7842
8503
9320
8274
19796
3214
5830
4882
640
13504
20028
1935
1227
11937
8406
16551
18686
12266
21592
4538
9836
20824
26164
17821
25229
10160
1778
11491
5466
13216
8316
4625
22616
869
9442
2377
18018
6519
566
18203
16375
17535
3883
5385
2124
12334
21252
17149
9862
5999
25399
16241
23324
12781
7612
12060
1629
10897
25363
24603
90
3863
7215
22837
14094
10566
2246
15904
21729
6504
8353
7664
10816
26630
12734
6201
15604
20120
15627
20387
8329
6668
125
26572
16191
24529
8185
9295
11156
9
24764
7618
4338
24573
21125
1149
6588
6107
4027
18475
1125
11810
1961
9600
7321
151
9732
19669
11014
19027
17949
21477
1477
11424
18780
1144
15649
24092
3448
14907
17284
10226
12320
9988
14407
22176
21800
9861
3573
22811
17430
18356
19892
9878
26162
15845
14849
13273
15557
22871
13480
11309
24087
12337
20573
23215
13831
12845
11386
25991
7459
18456
11943
4382
20340
16379
12391
3188
12346
13522
15440
22951
10427
22846
3960
6677
10578
23901
20971
6077
2944
12102
15585
25008
14184
10430
17863
14934
13139
3102
25490
3633
22987
1167
9799
8046
11012
15460
10717
19086
7584
20419
8492
15540
22253
14554
4557
14836
11414
4299
24472
2737
4951
21028
9165
22052
6123
25571
19372
23038
23457
14067
13171
8514
16992
24781
14053
15877
3267
22523
16785
18196
24749
15245
15924
10808
4010
12513
20435
17671
12026
16871
3891
22334
8391
18268
17216
11036
1718
23073
16472
14354
18031
8590
2466
16003
20462
17546
24412
1439
23440
23063
391
112
23330
22117
21532
2334
22116
21911
17564
12858
17423
24878
23626
25595
8893
930
15520
4467
24008
2698
20818
11939
22748
6786
26195
21403
3281
11047
23346
1359
1579
7880
306
9373
17229
24504
4051
34
18364
5641
15883
6932
21394
15121
26479
13817
14141
21964
11526
24288
12057
23110
15962
9872
1990
13066
6826
17211
11202
4563
24833
6322
8014
26428
15172
20162
22089
10280
15838
19477
12385
20351
1059
2915
8456
10247
3340
23291
16584
9277
20622
4439
13173
25552
561
13978
2545
11801
3578
8969
17118
19780
23454
15078
25023
23522
8330
9743
20629
24972
13120
19199
2176
21384
3506
14440
26050
24559
4275
9901
19659
9375
11250
15432
17696
23589
24321
24789
7820
21179
12330
24798
22440
19980
6500
24006
21771
10062
17939
15979
22093
14444
11253
20214
17453
24891
25900
26333
10922
14248
2974
17356
21891
8552
19961
12760
24542
10658
22719
6757
19567
17593
13524
9418
10869
3285
21380
8092
18007
16779
25060
9398
5268
12272
7458
3514
18353
12847
4032
320
9348
8695
23268
10101
13365
26563
11698
15568
14394
20318
26254
19044
10193
14902
20691
13095
11910
8544
10965
23688
18324
2647
20345
10797
8475
1398
16903
9238
1434
6276
17286
4654
9181
17365
17794
1166
25231
20285
20195
22722
19378
18909
25499
18791
19484
475
16517
4117
16527
6397
16455
20521
14509
10667
15425
23176
9452
5234
934
25532
9127
4966
1661
21930
14131
3594
21375
19483
18996
24009
26496
8159
7316
14298
20788
7586
4878
11611
4341
12607
7412
18395
23064
9112
9634
16747
11056
167
24491
26186
1955
15549
16427
12831
26436
13271
21781
3408
22505
25586
5668
25545
13462
18033
15313
24661
18260
20786
547
22044
9552
20436
11789
5471
2026
3081
16444
25004
23120
21175
21848
3223
18418
13928
8076
16830
12157
11270
16120
21584
6683
18252
23884
10787
22943
8625
6252
25946
7957
13057
24734
13200
14420
20051
5807
17597
7965
663
5954
12151
26337
15029
16768
20599
4253
22390
25005
10910
12603
2110
5435
11890
7837
15212
13914
11840
9031
16561
2791
21866
5052
23164
9944
12316
19556
3523
3293
25195
7760
9713
4707
24718
15028
21812
10112
19969
10850
7363
7846
7507
26580
4044
16765
21325
24955
15674
6582
2568
15452
5236
15099
4639
11929
830
12981
3405
6598
18047
23132
24257
7766
26132
22945
6968
2672
5523
16727
2895
9042
24411
10131
13691
14580
26610
8536
17584
17754
17851
161
5245
10230
16972
19052
23583
23972
22014
13143
7237
19879
25835
9107
18338
6315
8437
2981
6550
16586
1899
4657
17798
6126
17039
17110
24514
23420
5135
17886
4581
7841
12214
10892
2279
1856
10334
23096
14788
11820
3739
11851
6206
10724
25787
24417
22935
24769
1898
1186
7757
25013
2923
16204
18236
24387
1286
21065
17277
20679
12173
10033
7390
24881
4014
24938
14369
4222
23054
21437
7268
11648
16407
20949
2427
13210
1594
297
468
5559
24359
20375
18681
6133
21568
15056
15240
8924
25433
3749
22337
2649
21982
20776
12666
8604
6096
20328
2821
19371
14318
6726
22328
202
14076
25042
14642
10089
6750
3369
6218
24551
18822
21889
10997
993
21139
8360
14397
5053
7864
16983
22599
25648
1070
16917
18225
13698
4123
8029
23606
20210
15088
9371
17392
2412
17473
18394
23647
19335
11752
20209
553
6335
24104
19733
11601
21010
8007
17892
13397
24085
9761
15428
18429
16778
20663
14887
2641
23194
17704
498
10749
5851
21649
6370
11346
9848
12002
9279
22723
16235
17962
18269
4256
6197
10147
15309
12815
10115
1583
26253
11423
25572
8602
792
23463
17303
12393
13367
21865
11973
16833
9596
12377
19344
21201
19233
17281
20710
26589
19927
12822
12720
5069
25103
23619
12439
5783
25512
9416
4367
25258
12520
26369
11575
9983
17780
17599
19670
21717
14151
22214
15325
15118
14579
6871
5888
15794
5351
7520
4106
8385
10647
17034
26099
9079
589
11750
6151
12902
9271
19728
18267
18908
11035
8392
13573
16994
15382
4988
20569
10204
22123
9118
18796
14414
14271
22207
11487
13451
17354
5912
26645
16902
15355
19475
6616
16840
8718
21754
20780
12599
24477
10436
7901
26454
16156
16905
5843
7669
23998
18202
21692
25659
8612
18029
15066
8581
26607
18699
24189
23767
5808
8627
22396
9805
9725
26072
6480
8294
11512
2486
22209
16214
2749
923
10428
6498
3969
4758
851
23310
9135
890
23858
5094
124
14290
12814
8075
16319
17420
23906
25676
18804
14624
21016
3382
11072
2909
19400
1858
23927
13827
18401
20081
15740
14258
8047
480
5700
24686
20581
26198
3139
13463
25519
2648
17142
3091
10359
11479
1161
20904
15141
7396
15381
24670
17956
2254
22532
13705
11594
224
1230
19283
16835
6867
16070
12527
10231
15127
1331
3464
12524
8976
9777
13912
21629
17582
11571
1848
4262
9503
6465
24079
15944
14515
20472
5394
17628
11430
25351
15561
22020
3217
20606
14300
6623
22736
5994
11919
14426
8808
25926
24600
9098
3240
16013
11898
20306
10506
8024
11746
13267
23889
465
26003
16491
8721
20424
13448
24621
20260
18729
23544
24391
21458
19577
13264
3825
17471
5213
3142
11378
3954
20463
16568
14987
22850
23098
13429
8666
5989
2358
5768
3199
11839
1420
13370
10778
17877
1150
2922
4343
11894
11353
24183
18314
12586
4251
11629
12738
26091
23944
19848
3907
2861
5019
15328
24339
5427
23501
12886
21953
14096
3198
25459
19866
24735
14714
13674
4280
20635
18526
3233
1748
26389
15866
11928
15940
20899
22831
19057
26224
3392
12297
1176
8948
1142
6670
4916
2682
17328
20873
7058
982
4272
26578
15135
15487
44
7219
4447
24746
17272
18680
4754
19419
3417
5226
1424
26651
25703
26187
7726
18915
6857
19471
25152
13109
13637
15875
22454
557
11785
3092
15271
18525
20531
18164
15742
25716
26443
8172
12536
22099
20266
2459
5393
20978
25064
15997
17166
4306
2293
13947
22366
1895
19350
25722
11478
10560
603
3996
23113
2502
12338
6595
5278
2856
2590
25318
26051
11251
16596
15668
4844
17964
17049
4196
15767
9917
3398
11531
1147
23757
3744
22958
16715
7246
23750
2231
13921
20498
3430
24495
19820
7174
19410
12514
21224
18793
24951
7056
23178
11772
22631
876
11807
15949
742
17480
14578
19341
4848
16162
7800
22373
19967
2402
8441
293
25134
4398
17557
18175
17789
8229
4150
18402
20495
12915
19544
3385
11716
25720
19830
13608
2924
708
10646
3591
14121
2247
4642
20989
4872
11265
7907
19396
25773
1739
15365
1989
6349
2496
9087
11614
15987
20693
3879
14358
3239
21504
16879
6081
3884
5822
5263
16478
13926
5560
26532
17537
11344
26262
20713
12384
15914
16688
16762
25897
24759
16325
17359
16344
16940
14919
8165
17091
10317
14988
8140
4195
22287
16299
18824
17904
135
6994
16066
25224
17197
25287
7376
17340
15263
25753
186
12110
23709
10443
9102
895
10705
12400
17426
6594
25884
4884
2332
23636
21583
16572
13808
182
13342
8074
10377
24370
21098
7159
26410
12841
12374
26469
3706
1861
26237
9211
11119
25734
12361
12243
20207
15672
20636
13325
20855
2563
22799
749
3812
17771
23233
2267
7024
17756
13675
1160
12023
14794
19769
23337
936
1091
19343
7387
9621
6865
24420
23814
5974
11658
2525
13490
15091
8711
1004
20183
195
25411
25992
143
7006
25620
2756
4097
4975
13528
13582
225
2616
19759
24869
13486
25822
13721
664
9540
6524
26211
4210
25979
18948
18168
25956
7854
1187
12440
21642
1841
23835
12910
21543
22732
2420
6901
11610
3959
23517
11626
6972
20657
20966
26519
7308
8853
8217
26124
3136
15963
26125
2592
21851
7522
10002
20588
14693
13670
14752
5050
26582
11403
26298
12139
21074
21484
19834
25710
14561
19079
25678
22550
16125
3022
16253
15744
3873
23653
24909
26030
26161
22937
26309
26034
24936
5549
15827
300
12335
25217
13088
461
14811
9637
19352
24379
4866
8837
16383
5780
7411
3649
23451
23065
16889
23809
14309
20365
12463
16678
21462
21182
18471
18288
21123
8562
10282
15931
12839
7570
19924
8559
15061
1533
14951
25562
22753
16773
2679
2933
25815
3326
23965
12975
24558
19127
10617
18430
18229
23958
7776
5185
7937
25713
21705
6313
1779
25178
3507
6793
6552
4218
9377
3154
19428
4996
782
14884
23904
6926
24513
3395
4533
7039
14347
20468
12039
7551
24761
12038
5545
13373
15782
13851
7785
7494
2090
4033
3149
8190
1383
17030
17594
11579
7228
3394
226
1259
18426
24456
10761
17438
6639
20536
18881
24790
14860
18179
18102
13161
399
12842
877
3480
4665
24042
14672
6314
9581
21653
14688
19775
21631
25608
8428
12114
25965
1611
9807
11074
13940
12567
4548
10302
22318
9402
11166
17678
15665
10937
9970
2289
2800
2896
5652
13195
25269
22993
22629
7269
26090
19904
16806
26543
25784
5107
359
17221
7323
17387
25199
24825
24351
3095
504
22108
15955
4083
3742
16818
6953
12896
23659
13202
13094
11437
14147
2410
6217
15117
12158
17697
15288
5023
1277
10815
23342
7594
25063
23907
380
21675
15165
18799
12873
24045
7380
573
24119
5601
16470
13927
1390
22411
10620
25137
16574
18577
26636
12705
6663
355
23856
18776
9498
4138
5860
7238
23077
12914
2032
20020
7973
18787
21097
21388
6329
2061
6121
23039
1720
11400
24375
14737
19747
12749
1456
26130
3961
18668
11997
21518
8445
6431
7455
2567
17722
25539
4944
25682
7629
6599
12466
17717
2810
18954
26131
4644
8022
3793
26053
16494
19189
25030
23752
25197
4828
15563
13258
15438
26521
6060
22294
15374
20821
12810
15965
6053
23475
18546
2677
14277
17849
17381
12675
24713
116
7354
10096
1751
1101
18494
15909
12355
6583
8513
6243
10088
10873
14943
14695
7777
20079
24137
13077
13877
3348
417
13870
15310
23785
22161
22394
22415
19454
6745
23553
22656
21281
25223
17522
24616
15634
6494
12441
8826
22889
8034
21491
12560
15854
11708
1454
21686
10354
13954
672
21170
2468
10748
17761
14177
12992
18723
22196
13394
11086
5669
12203
18312
8351
1075
11523
17867
3992
19346
26612
2149
10744
20457
23156
2310
3910
7166
21919
9914
20068
22694
4943
8651
8030
19379
18679
12898
1996
16226
11134
18441
9705
17076
18658
15154
9808
13968
17560
3041
4780
15622
671
21463
21159
11758
136
10967
17115
4862
3191
15996
23840
6963
18479
21586
9662
18551
14766
21790
7028
7338
4634
8789
4513
7175
4190
5875
4079
21857
20926
26005
16832
3011
19844
20988
13089
768
25932
1062
14056
25624
24076
9298
23897
16305
6342
20490
23989
13423
15905
25327
8804
6055
994
7405
21798
15090
24811
16751
14762
9687
8364
5315
21988
4346
15780
17021
3670
25344
13557
233
8997
18194
8996
16828
20181
8548
5442
18405
19003
8529
22796
22554
5169
24783
1782
18188
23830
2819
10572
491
8313
21411
4647
1077
438
25557
1865
12306
12970
11249
12055
21044
26055
4326
8154
840
23199
7131
3246
14185
10070
9054
22081
1609
1418
26540
9136
20428
23494
19534
7822
25544
332
5115
3580
19405
12615
17675
8713
11054
22601
22076
16560
10385
16304
18919
9018
6721
9059
20653
13050
131
20469
15305
22219
12462
1464
22973
26301
10352
10966
6212
8829
25052
19522
25589
1355
24709
17898
16844
4231
1103
20925
20034
10683
11373
25751
230
11647
11137
4551
19455
20852
17942
19589
12762
9946
13630
13822
17258
15284
2968
9608
14008
26252
19575
12504
3610
13175
1401
1216
20402
20895
18634
7226
21916
12640
21604
5441
23292
11984
21446
26134
3975
22094
19807
25330
5589
5673
8505
9536
23289
13185
17640
10532
17833
8995
9902
11769
16483
23490
19571
7791
25651
22954
15582
907
14194
11446
18736
2490
20680
8482
22705
18590
6191
3680
12794
5884
5009
4678
2725
13388
21712
9931
9255
242
6401
6146
14485
8234
11674
14796
1862
20374
2773
24323
9013
22580
21706
23635
25871
2573
612
10335
817
22927
25949
6004
6148
17059
25211
3733
17747
22070
22778
22244
8476
14206
26247
24248
24570
14506
6644
21238
1863
15847
5307
18731
1962
1813
18661
7429
6367
2552
18424
20856
3542
13030
1337
13331
4271
14302
6796
7971
16227
5638
15564
18892
10407
9986
17062
22587
17914
18248
8196
1229
20530
5049
23796
1515
23090
2722
15031
2824
23340
5857
11058
7114
19902
2556
1561
22392
15746
2367
14427
13913
2497
1333
22447
23878
1560
8295
24476
19211
19367
9947
6031
17135
14159
20019
11405
20134
2779
19435
4067
15067
4757
13056
13362
25776
16702
19130
21537
16601
5284
3772
22211
18965
1399
3835
18201
4960
26477
958
7119
19869
12719
720
3205
19467
25977
18023
6776
10269
5401
1563
8343
5122
8606
4834
22201
14667
17458
13753
16374
9635
9232
12476
16207
19768
1450
10968
3380
21001
25702
12098
1228
3345
6461
1936
9105
4692
18612
6013
19829
19157
7714
25170
20199
11465
1604
13305
3305
13395
19635
5741
18508
7448
16189
2785
21113
15148
3547
13931
10642
16566
3682
14189
4495
2273
15519
21389
7951
400
4297
584
17047
21338
9210
1666
26446
8931
8618
12541
11636
3428
15490
19380
5799
12826
8237
22552
392
14856
13653
6390
3792
23710
9217
3196
12830
15454
20450
2429
19700
8113
12595
16714
190
910
20646
21606
3854
26360
17193
18087
23229
901
23116
18412
16680
10526
8767
1382
21622
21129
1499
12071
37
4776
18004
9000
16030
2147
4410
4208
17379
7287
8010
24034
10576
24588
2438
16152
23821
8355
4249
6239
4804
1238
17642
8716
23099
8523
9336
16135
14906
22095
4278
23618
17847
22004
15341
19640
404
11055
205
22295
2659
12901
22664
20116
17825
10931
1742
17656
2365
13579
4254
11587
24849
14594
7440
2336
18730
1614
8876
22537
7927
2955
7623
11438
19280
17337
25365
22210
8224
15633
2579
17684
11289
9035
11153
492
18012
25119
15716
622
11725
14721
24569
3362
3592
11252
5988
23115
16618
24534
4417
3575
10725
9407
11709
20607
15423
10804
1093
21103
10855
15771
13233
21011
6980
23011
7948
4743
23105
10209
25611
9774
6422
26395
12879
23352
16190
11869
11392
15370
26527
4388
23356
17078
2789
276
13625
10438
11552
14764
14376
13178
17513
16592
21371
5273
11174
14383
3840
22830
4902
16947
20789
7544
17501
9311
5636
9818
5987
20777
23568
11685
6444
16402
20869
18153
13820
9297
3470
6502
21443
26179
15991
3784
23348
7991
24830
23976
12924
3534
23538
20920
12207
22819
6369
9037
24052
16338
3860
25169
24465
11410
23523
15704
23875
2788
5949
7375
595
12189
4529
26292
10114
22135
16689
26569
6535
14825
10386
7463
5580
2005
22130
2597
12585
15805
3195
4230
13415
2958
5457
7351
13785
1435
8194
106
2043
7892
1772
4375
22662
10057
15739
9779
15925
4980
3349
19229
18975
22082
15864
6638
7097
25492
13287
2129
12751
409
19354
12421
4987
15286
25598
21977
16712
3513
19196
25475
17894
26509
2454
18656
5476
249
1617
21922
21934
18420
12711
16092
14776
4497
22877
20231
5527
809
1773
21082
10135
16545
15530
12526
18689
7091
16627
22892
2138
7992
6669
902
18503
22234
22483
259
17418
19404
7829
18431
12608
22221
13221
10957
16666
5184
19711
14671
23621
3847
13958
12919
2918
1907
14713
19085
14792
1746
24593
1449
15249
24937
4300
23158
6945
21654
20996
18022
3467
16142
21914
7889
14723
26040
13509
8774
14872
18844
22019
6512
23632
12120
20213
375
16426
9665
20161
19923
866
23571
3823
5325
4199
10262
4386
7997
17361
14838
24793
23512
20440
12185
18112
19045
14208
8186
7885
19777
11127
25313
26449
1306
18859
25791
25001
15855
20927
14538
19459
10792
15146
7385
21036
17322
8847
18755
7023
22323
19560
17201
8490
25810
5395
2007
25180
2670
763
7849
20405
21310
23373
8696
26231
10042
14282
8758
25619
23423
24308
24256
6150
20412
11591
10639
4127
16829
26236
15956
17152
13932
14699
24244
12454
10412
1798
2790
2625
8158
17879
14791
140
22726
20539
20414
9691
4761
14728
878
25633
22895
5130
16927
20779
10312
4282
1200
26235
10299
14802
15320
2299
17953
9483
6774
10604
13492
8415
24142
8251
14822
12390
13144
17274
12913
1870
16091
21688
23615
12001
1199
5134
12029
4347
23711
18377
3291
25564
1671
20122
21200
25277
19736
10766
1906
22279
1837
16710
23357
13436
10874
4570
8722
13375
22596
452
25072
14895
16098
6688
25124
10202
9904
16791
4741
687
13657
5209
22581
8746
20799
14834
20271
3722
5029
14393
26194
19111
6877
19358
17080
2662
21341
23847
1223
15656
19089
8058
19794
6832
6125
8622
6870
8791
1573
9894
651
18043
11583
14742
7158
20765
8524
24041
11641
20976
25435
12481
26507
9004
3174
12077
26213
16442
12688
26504
8137
2703
6256
1668
8735
12482
13537
24243
22920
24211
13690
12984
26222
25069
6533
22562
13980
17972
17466
5487
19231
11188
5986
23974
16361
1640
19789
18841
24821
22229
25051
24106
2256
5232
525
2208
16324
24126
2742
3093
9086
12052
8304
15116
13204
17970
22805
12680
16826
21235
10288
8963
26491
12437
11009
17598
453
8764
15265
22783
16429
4407
12271
1600
12543
7470
21033
13904
19540
12843
2553
18155
25037
12817
3655
18256
16380
12252
301
17442
82
7491
9208
12344
413
4458
3261
22774
26322
25660
12645
10336
7816
10769
1214
17977
12547
23208
9065
14615
23230
4649
5037
9830
19620
21478
14814
10020
7134
22942
18466
3503
1731
15521
15404
12664
981
2075
2243
9815
9756
12006
13390
20634
8341
12920
19825
18354
12488
25717
8828
23701
15792
16424
17701
21268
23846
24023
7737
822
18284
13929
5207
18906
24311
17094
11223
5605
25772
21680
86
11776
24630
21580
1122
15721
5102
5413
13863
6161
7960
5809
9653
26472
13027
17784
1336
11163
15774
6231
13224
6842
19222
7556
15335
2999
11024
25109
23790
5133
15094
11457
20404
1031
19607
16265
23424
2263
2048
19006
23196
18141
16475
18949
3450
3894
15745
19049
10394
3230
731
3724
7408
18522
17109
1893
2565
20392
20283
3049
8336
2331
20846
7063
26013
8489
2939
16147
9964
4561
9477
26342
19931
15344
7871
6132
19511
17477
25600
23493
9496
14607
8674
7745
12020
8109
8550
12490
9795
6637
18839
26277
20352
1041
24836
25337
19529
3320
12868
23543
2950
5551
23781
6649
7626
15999
17414
21837
3619
1633
6297
19982
5887
23957
24066
24228
8844
5820
24723
12656
4600
5420
9282
5316
8245
1438
5026
15200
8307
795
16934
26026
18955
12164
2879
6620
8848
14799
3595
21124
24397
8480
18444
24498
1209
10030
25274
12093
23929
6473
22914
20240
279
5544
6057
21942
10856
791
9391
9700
19388
3632
4095
12790
8894
8139
15398
9346
21361
5623
10685
7932
26089
3412
4768
8181
8694
15571
4484
12092
2989
5376
11345
21946
10066
17369
22080
14926
17037
18601
17174
7248
783
8972
22343
1205
9072
6008
14140
20295
5602
20152
2175
15282
4201
5421
14063
16045
17440
25481
20184
25514
245
8021
21628
9039
12261
26524
21847
22572
4279
10378
22178
11454
1446
20317
2369
10599
20929
2322
11318
10100
22836
23851
3548
21459
24926
8409
19586
8788
5944
12761
7689
7568
7422
4805
15747
19694
21364
11979
12665
24421
711
25298
12571
1836
21051
1888
24150
24110
16343
38
22398
733
12323
23533
8400
11080
10161
1119
19457
13165
25963
22273
3774
1903
10292
20655
21147
9156
14846
2433
17073
21435
7827
1705
5424
25118
17654
24020
3618
9550
12414
19441
7416
5179
12690
5490
9068
4021
6340
20637
19296
14522
24687
25168
17763
22053
20792
3295
10805
18334
24860
21004
12288
20737
12447
12723
62
25741
14933
20238
18107
7011
10939
4479
5287
7365
16078
25019
21305
12472
14106
3429
3132
10865
15986
11278
9117
25634
10557
13635
17792
17074
2555
26346
26590
1921
20429
6949
11269
22414
20621
8603
3134
16161
2140
18574
15534
11449
8653
16087
6440
24846
15399
2452
7821
7712
8872
22750
12178
26307
12549
14111
14339
14833
10373
24766
19872
22486
980
9599
25310
10393
12895
11413
14930
11367
18106
13996
1528
8656
6849
12161
5175
18512
311
24197
15819
3355
12565
18119
7751
11472
2300
10681
11576
2528
20042
12083
18305
7200
3150
16946
12341
2646
13145
24191
8726
19369
23804
26398
10575
509
23491
11835
12525
13284
13193
20099
22720
16749
7179
11802
10659
19530
10511
23937
6627
18113
21334
24205
21669
23753
24669
16382
17887
6232
7061
18587
9352
16082
16262
11749
11275
17225
18342
5784
17052
25832
282
8594
423
24070
22179
13540
9213
8790
23870
11756
2271
9474
18124
14445
8093
20297
14952
9952
22378
22489
21954
16221
4517
4103
9390
3499
3413
13412
11719
9909
12303
12558
2351
19002
12231
4774
9667
21216
3958
4157
20554
13407
6381
10227
14668
11816
17167
23349
13743
8567
3501
7356
2431
23675
5979
15970
22858
9719
18821
11365
17104
9716
8361
2630
2919
9048
26648
3264
7291
24666
7437
7165
10520
25441
26530
20487
1654
10918
10087
19682
3167
15773
11123
10734
3712
8419
1743
3530
1135
6109
396
21974
10254
21904
5547
17631
3148
8857
5524
5610
12700
21834
23761
21925
6124
4691
13260
13209
1795
19321
6451
20754
15304
21561
8085
23716
20626
8386
5984
12237
18416
21788
4860
12103
5502
23953
5186
1173
12435
11584
24151
22306
24144
14687
10793
2636
812
148
20830
20651
3455
16697
21354
20698
9733
23044
4957
23744
3090
20373
22152
20796
18237
1558
24714
26135
9810
3947
15675
17664
19983
8836
2727
5259
22665
2465
14570
9512
24362
3777
24096
16894
1538
582
3979
11439
10134
18837
15781
20527
7142
13071
19139
16506
14480
14074
26535
10980
22730
3491
9563
18345
14105
24284
20047
20625
21896
11088
22078
1078
7457
23434
7989
12916
8412
1566
2000
20062
13481
20139
15895
14946
10137
7095
24905
19356
14174
20249
6532
16112
12287
15517
8554
20431
1787
24883
13215
16061
10276
13333
6592
3915
20962
8041
18630
19610
12962
18330
22865
14508
3085
22446
23780
26618
6178
20627
22866
1901
21416
23150
24245
13633
3067
1379
16234
13070
13179
2150
16988
14844
13184
12739
16681
19360
6755
11514
11855
19043
17312
24393
6147
2044
6748
16454
19020
17314
307
19193
18449
15759
14674
25759
1999
18922
10593
10891
21231
16495
9370
14749
12443
1099
6848
4566
11290
6268
3701
15569
1131
16630
11643
12570
6134
23455
26316
13453
21860
15535
18027
15429
7631
10291
13266
8731
12730
5260
15256
3843
14424
9062
14001
22194
8108
26251
23318
24377
19947
10653
3590
11118
23311
24974
8138
10795
7087
7775
10346
26560
10319
26267
25582
1691
3564
13602
2778
21275
15080
24801
4340
19073
484
9014
17306
10627
18644
15523
23605
15748
1367
2390
4217
19204
16761
3287
17407
21734
25736
2162
4455
3869
8249
19778
3172
3042
21701
9050
542
7104
17624
7460
18932
17627
21558
8218
13190
25029
14484
12600
3397
1750
2606
21673
67
19389
23052
679
14237
10782
24048
8851
20974
15422
23582
7852
19762
25827
19599
6224
23049
3201
543
4464
18504
16412
632
8064
1240
3868
14989
10266
530
12750
1531
5392
4394
11383
5140
3982
8143
22494
20707
10524
15873
24528
12936
2714
11691
15300
25488
23658
15508
5368
7771
17093
20991
19374
14095
25830
3786
7073
15719
15703
6557
2394
24457
4592
21527
14689
13080
16926
6173
770
12396
23967
19140
17826
7840
6553
15115
12964
17262
8056
23159
2439
9562
21298
24543
15654
17691
23166
20232
26185
9757
1634
24730
4766
18573
23518
25997
5283
9681
20279
23694
3694
22365
13345
4630
181
11873
3497
2274
17820
13662
19112
6587
17138
21120
17013
7512
8720
14344
21345
23624
4666
23476
13117
8914
535
18778
17051
16037
2846
1972
22386
6087
6214
4259
10960
24259
3895
18611
15556
7182
18709
7647
1157
10519
23060
22963
8403
22803
6508
21099
18244
7993
13577
18480
14634
26368
14017
9965
24724
21610
18097
22206
4234
26381
6709
10159
3313
19032
11659
14772
13887
3089
16532
11227
23564
18214
357
11712
17208
1953
13256
8151
8811
21774
13728
18193
2028
10435
23567
17994
2222
13348
13720
23557
19164
7898
13517
12976
5534
14917
15544
4784
20643
4273
3817
18756
12109
23579
1585
8805
16466
21489
19918
25668
7592
20534
9175
21111
10192
3948
7995
25878
16063
2966
22779
12528
15977
21672
18819
5076
12498
17929
23591
5391
2157
1195
11652
9267
17154
23002
22949
11886
13869
14093
18476
611
3806
17348
19426
25255
3901
18615
7102
22734
7096
8981
21810
15729
8512
15108
9889
13811
5384
24210
6973
25729
24488
1826
15888
13083
22764
4535
16005
15606
16913
24923
12363
8532
18325
24261
6930
2873
22321
10308
10074
20950
18041
18455
22086
9104
2586
10014
8114
12766
21056
627
10844
16400
22876
24880
24726
6887
19545
12669
13793
2237
9585
15587
23245
4125
19195
12809
16252
6648
7178
11513
24485
13025
11670
4970
15308
1469
23492
13376
8188
26041
24876
21716
26103
7098
7599
15538
1882
19772
9169
11229
2034
1992
19770
16698
17565
3031
16588
7428
21814
10173
443
26070
25328
21782
2378
20718
18063
4735
19795
764
10614
875
23277
7640
19463
7998
14396
738
4424
25458
3642
9522
26214
8555
1776
16624
15228
24921
22469
21958
24221
25438
19716
13253
729
8089
18199
4553
2186
24398
12649
5676
6273
2383
6904
2627
21476
11592
7235
20644
12965
24751
8659
24003
23473
11703
4564
13126
19290
17930
18585
19055
10244
9752
378
19906
14314
1940
25873
23562
15972
2265
25383
17467
24689
16302
1784
11246
25033
23770
21300
26409
9257
1342
19591
22696
20060
4110
24080
9957
20912
20049
23453
21272
11540
8951
24748
18502
8429
21868
4663
8506
26493
8402
24866
15833
21801
3308
21304
15190
12614
23510
14375
10531
13701
3720
20881
23677
2446
17812
5398
6139
8325
12216
16512
2312
20245
7869
510
4738
1550
1068
180
8930
18944
11942
17818
17156
10120
18392
4512
17725
20668
17191
1534
20455
9236
16291
7260
21679
18649
23207
10954
20406
5893
24071
21722
7895
3024
18081
16010
7008
5012
13850
13774
26383
13834
23243
9544
9933
12291
1496
14026
4835
16349
3076
24141
11121
18733
13199
16668
21340
22702
11672
12068
24253
26633
8491
713
10382
16580
11936
30
21633
1791
19563
13735
10340
7673
569
7484
21867
6642
1897
1796
20294
24112
24675
7858
14274
2014
20771
8184
9699
14867
8342
19259
14486
16971
8877
8305
13220
21590
20697
24698
18099
5146
858
22558
14524
24928
9521
25661
8242
22585
18157
22570
17461
24930
23784
7753
8443
3424
22462
4366
13756
7890
8987
9516
22813
9704
13570
25944
17441
5488
6024
14366
918
18065
14328
13935
2905
25531
19154
13153
13268
24954
13317
3301
8422
16673
9706
326
20058
20623
3866
14500
20671
6359
13888
937
7218
281
1324
22057
9814
14568
11349
4881
24171
14925
19246
26320
26168
25395
4825
868
25796
19710
21969
19487
13086
20106
25849
7369
24627
18085
18092
14806
18715
23857
1771
22512
2513
9131
24824
17068
14014
20867
18811
11544
24132
11033
8091
24917
26544
14700
164
6521
19293
17455
17419
13285
13222
14025
19330
7409
26306
24944
2781
21267
25038
7342
20535
10083
16985
21671
324
20589
15253
6403
21205
436
20422
21378
6703
23552
22264
23771
12778
22548
15685
2381
7101
1808
11471
64
15021
1732
9793
6295
16208
17544
1565
10036
16486
1669
12200
17607
19037
23639
596
22524
4509
18969
2158
10270
14869
13248
9021
5766
17653
25497
19464
16880
20828
6435
906
7931
16687
25491
17040
21792
24586
21521
16185
16647
6801
1052
22289
4416
7403
4622
12387
3007
9462
25010
286
9686
22017
17702
22546
3137
22682
13767
570
8945
19673
18617
26490
16667
2309
5658
14927
9134
15337
8160
16613
4225
5313
12405
23398
22724
23460
18055
14100
641
16151
26340
11819
13129
8776
24898
14110
6855
20418
26350
12366
4813
9938
2366
12577
22054
20889
4118
5742
16898
17687
10615
23742
25166
14957
24019
949
15728
10582
25781
234
15207
21190
18698
1373
5358
8198
18275
26114
9642
15657
9548
3531
14938
6931
6176
10868
26258
7214
17562
23248
68
11870
13604
15100
22754
14083
8153
9685
26585
5752
21184
23686
17160
21186
20685
5840
19751
24249
20441
12713
18595
16594
23941
580
19787
2935
4461
5477
8508
2251
8946
20474
11420
1873
22482
16499
23249
26480
24875
14227
20274
10324
25126
4753
1851
26296
11993
24949
24768
16771
59
15611
16848
5634
17305
10596
2232
22106
15797
21871
10095
4695
13609
5298
19253
9443
6920
23617
17503
9747
20553
3307
24685
3147
16174
20154
16384
11829
15246
575
4917
15504
12477
24390
8777
8883
10486
275
16738
23347
10301
3053
25306
9842
14558
19753
22998
879
20567
9242
1329
8923
7744
24946
9977
12745
18942
8539
20484
14477
2752
1202
22983
11963
19385
9449
7146
16440
24044
7905
15333
194
22977
2822
4806
21793
13419
2480
20605
14719
9678
6653
16919
2639
4252
6890
12305
623
19041
24929
22619
14986
61
23806
24572
1292
10876
15946
15413
12630
15294
12616
14961
2544
5293
3350
9424
2262
2166
18929
9420
19149
11230
8907
20078
9823
24864
1713
17899
171
16118
347
15277
14710
20647
8221
20683
2295
10295
9305
2119
17786
17547
21579
11496
20369
19828
5165
25148
25964
10403
19123
8860
15353
531
16595
8558
23372
1055
10466
16890
19318
1657
17567
6737
26488
5151
9619
1926
15167
10374
25278
11515
9110
6321
10679
26023
6754
16781
25506
5596
17668
14378
17975
15921
2432
10331
1570
17509
23285
20069
22064
26548
21599
1890
6770
24190
25503
17901
22992
22120
8812
9447
6640
21070
154
7690
8495
1312
12771
13681
14235
19988
18657
8954
1788
20613
23256
12554
20959
17505
13010
3490
8692
3486
1301
9146
10882
23879
17589
9307
25378
7684
908
8469
23258
8958
25903
22936
25022
5066
17278
1394
1087
3244
26619
8781
4931
15688
24333
21372
1752
3025
3832
4682
9083
17938
24368
20155
11260
24493
14939
5764
22647
18497
20807
5874
21068
10396
6619
21412
10934
1587
15287
14850
6398
5862
3604
16181
14703
9010
9559
1180
20003
10158
21567
22710
11827
13614
21247
4460
15255
18548
11553
13029
17633
18648
3182
18641
21297
25953
12084
11027
16448
16853
1904
20758
3222
3101
4162
19264
8449
24786
26173
14182
19363
12376
15867
24520
13187
9646
8660
12983
16239
26420
24744
21582
4187
21448
7124
20071
2921
4144
26071
2906
2741
3360
13138
16488
9703
10709
18901
23649
251
6561
5328
13975
13596
8947
4490
10297
14841
1284
2305
26049
18816
13004
10211
19514
18706
5554
20312
13332
14214
20083
11908
9863
24425
4524
1357
1770
22315
5048
16199
19871
24971
15555
393
20827
5510
23667
19456
8913
8362
6323
26133
6169
11920
10991
9067
17253
25974
16563
19695
16895
13054
2359
18598
10019
7172
22511
6875
17296
3973
5356
19219
25755
18654
19437
7622
6355
23119
2154
25279
16996
14918
15707
23945
16367
11005
8870
21541
19513
23831
23673
3805
10413
11342
6437
9161
3133
1988
11731
13092
19524
24911
17107
2036
23948
16865
4545
26196
13255
24960
18209
5335
22766
20433
2675
21415
21894
20941
18150
23828
16108
14499
18645
14905
17003
497
9480
22183
10626
4247
11958
17056
18912
12451
7473
8531
13299
668
9651
8282
1123
2546
13813
5776
5908
7990
11924
17532
11297
15435
12467
6674
13884
23134
1658
22843
10128
18768
22171
11236
14016
15196
3957
2085
13960
9767
17708
23600
13788
5740
3819
14893
7539
5120
19302
17433
5635
17300
18878
319
952
23779
22438
4559
9284
11461
1758
25430
18037
12348
6412
26341
15074
6808
24475
15897
19064
21836
25073
10530
24983
19504
4372
16127
4752
17870
5364
23067
20131
19063
9166
21144
7067
10463
3328
24517
10675
3207
11925
14431
25923
21488
13227
16872
25848
11171
11440
9464
3952
7848
2674
24731
13607
23359
7148
6235
1328
22136
18048
14609
4526
11076
16041
2566
9610
22466
5223
1006
11208
14371
4914
24332
15612
2205
13389
6441
17946
7152
9968
15885
4499
2511
21620
22455
7708
22419
10201
21695
4515
3358
13346
2529
3488
26379
16514
23020
15692
8350
4892
8466
2547
18400
5817
8858
3160
16564
8425
2623
1250
12380
13547
13386
3779
10348
25210
4760
14816
16023
16432
18506
9632
3875
2794
13251
16493
14544
12639
20076
21650
5924
10644
8993
12876
13511
8284
6484
8961
653
20101
24138
20140
2971
22167
8453
22746
19075
21482
8846
2917
8123
354
22583
18432
13461
11452
14367
7563
4865
20741
20838
20955
21350
8865
14915
25762
7724
23009
25432
10232
11804
24022
24716
2792
4992
19033
4263
2817
4967
12642
4577
21213
26033
15075
5347
4983
24120
6254
26080
12659
5020
4433
16763
24061
12519
14123
4211
13754
24916
16633
21058
20732
8397
23691
15605
12502
23979
12329
19531
18484
18605
2193
1918
11565
8698
24395
25679
16289
4007
6803
11152
6678
21315
7328
25931
25993
17620
14368
13186
18307
8472
17402
26257
600
2780
16924
24753
18618
12129
4597
26376
5649
23486
26276
5059
23121
8436
2264
21998
20350
21095
1544
24778
17410
23438
26189
23242
1332
15691
21764
12562
12532
7451
12046
22818
17608
22431
18745
16539
7391
4539
10069
23637
20883
10753
732
12848
12709
21226
7485
4842
9748
14638
3842
7906
19046
24289
18637
6712
24510
823
6883
10390
10915
18011
12922
13950
12553
16004
4381
107
7519
14994
24739
21539
9547
17238
7637
15731
6233
24997
25149
746
17638
22173
24816
4978
1971
17210
22381
24506
5964
22848
18989
11554
5281
8410
12980
13871
16845
15706
22916
6267
4651
18510
496
9108
20277
18410
23541
6102
25898
8253
10826
8638
16915
15992
14537
2519
12644
3600
5055
12878
1171
18786
9927
18035
585
9077
4485
9879
22851
8937
5318
13751
18836
14549
16109
25672
17082
3780
3858
9342
20767
16540
20346
945
17179
17689
24803
11432
2577
19023
10026
1693
10476
23885
25718
3106
6749
10223
21287
2181
20592
7633
9839
2411
24655
14881
11293
18238
16852
16961
18864
1968
6731
9723
11136
1291
25108
8394
2010
26250
7100
1762
11305
21047
17276
12748
23980
17368
4429
20176
13713
24505
25845
7035
16846
13151
22119
3211
9162
7867
12429
3070
19497
15868
16233
11797
7920
16542
16643
546
2385
8367
24134
14329
4877
21013
12254
24831
10505
26570
13198
4816
14912
5629
7559
22747
21322
8060
1030
14322
7963
5188
11714
2033
1662
11366
11419
2064
5194
15464
3612
17065
3375
7700
14156
20519
12412
4717
175
26471
10170
15764
12683
15816
13806
6667
22781
2220
9019
11320
3568
6773
20119
10293
1653
25740
344
1767
11007
23604
17171
18565
21057
23392
1263
9919
25819
19397
8752
21534
715
18777
23147
1113
10533
562
3540
21329
14978
21639
5897
978
4788
17719
12041
18692
11255
16392
12552
1619
26082
25899
14497
4772
18329
4169
2001
23865
18404
1879
12517
9661
17484
7313
16433
19826
18516
8905
13578
10732
8067
23931
22370
19326
15233
25320
25286
6104
26520
11319
309
23772
23524
17351
16104
9636
23251
10973
1448
23301
3714
5772
19110
25909
4554
2645
12875
18485
3574
11644
10207
16035
5062
12388
18270
2564
2375
2112
8855
7917
9997
1447
21846
9490
7929
25699
7492
18446
24108
15392
22062
21136
10099
13923
4493
11397
25950
20150
20596
11389
21644
5503
24418
2169
2854
8303
12415
11991
24903
3978
4322
24452
3751
5167
20525
22376
6990
5422
20675
2774
26456
5522
19952
19004
3296
4329
2234
25774
21002
4314
11738
10376
25639
17799
20541
3949
21752
10473
968
9142
9385
22090
13406
13300
8131
26644
24953
21724
24165
12136
9090
20670
10916
19016
11598
24617
22800
10091
23210
26244
21887
11654
9499
20809
16611
11511
22187
23123
14002
23431
4973
8048
23611
25563
5156
1443
25089
25121
1480
20570
9074
25555
3937
19292
19555
9921
8796
16364
17431
16734
9428
14035
6710
1034
17259
25733
5182
26105
7883
14778
21617
13115
15270
1854
15539
1179
299
5111
4598
15093
20720
358
17765
11322
11308
10959
25020
710
21192
13641
21966
22594
17294
3764
23231
12932
12218
21890
24403
5044
2925
13849
20782
11303
16069
10001
13695
22035
10490
11375
7662
16916
24969
4139
11313
4584
7452
8885
21116
14757
19009
18897
22904
18845
9583
10558
7715
8682
4626
7606
12899
2141
9475
4990
11620
24301
9160
2701
1625
25402
2487
14560
16662
7099
20891
8669
10402
18369
9099
8599
8211
6824
19744
9711
19
16813
2151
8709
8134
20526
18833
21104
19903
7394
19596
7529
16857
6278
19761
9702
26077
8465
3170
14643
3638
6675
680
8001
5306
20586
956
18582
1225
19720
2089
15400
10608
12634
3280
4573
13176
23394
3080
5660
18521
3439
15018
21211
4232
1632
1523
25533
5018
22808
1970
20409
7510
18118
6916
23128
20661
7315
7819
3966
6099
7671
10580
16327
5877
97
7476
21809
13841
19666
11800
9468
17367
21978
22924
7432
2892
9331
20111
4075
26280
633
22932
15209
7947
22716
16435
16231
1290
2415
11739
15825
2342
23058
3788
10498
16058
14021
295
16614
4618
5628
1639
888
21544
26518
26392
13097
24720
26495
12125
4824
801
20010
23706
1058
5003
17609
7054
26076
5929
5606
5607
1117
19468
6274
12792
20413
12406
1684
6752
8417
16756
13323
4926
17044
5285
9064
21313
26096
25654
4706
22488
5180
8632
9317
13405
18152
4775
1349
17486
4476
20326
18591
4921
865
25221
2644
1019
11105
22439
15269
2132
17710
18457
2077
21968
19408
18974
11379
19216
6912
13020
11871
9103
16211
25056
16017
7052
6175
20437
7053
5337
12654
17585
17648
21562
6954
20041
6958
14551
15412
2238
8258
25788
12783
22885
13658
5815
272
14136
25476
11445
5363
15307
10555
6391
11664
17194
18240
23422
11384
14363
9328
19263
3432
21659
15023
17745
22625
15311
7681
22157
26465
4124
8522
17331
4954
21519
16401
6001
12905
3083
7818
20669
16914
16430
7062
24224
10502
9355
8749
14286
15468
4385
10189
16250
2093
13347
23749
13374
25580
14985
8349
12945
23447
21574
13072
10678
13393
20826
16621
19106
2145
10300
23241
22635
12411
22149
7367
14531
23871
23068
14518
2206
2082
1120
346
17760
3206
10450
20859
14739
22814
14854
15862
11837
544
6221
7130
15234
12073
3224
6673
18310
18482
10236
5812
13142
19766
7565
20160
9253
22755
17223
17147
5568
12755
3653
17192
8675
11891
13278
9034
7912
25505
16015
6418
20915
3651
5667
12833
21206
2878
25034
4578
22681
24296
14976
11228
16276
7425
20
13118
16398
13459
10320
21805
10956
5715
26087
7826
25681
23418
13315
2282
19992
20964
25299
3998
13900
1543
9832
22561
5898
24419
4976
8382
19946
6083
21405
15160
576
3877
10311
4486
22793
14419
343
3130
23625
594
3050
3808
22085
9415
10803
11559
5181
1850
7904
5926
13957
16736
13891
10525
12245
1185
6967
18304
15424
16230
18499
25116
1409
872
3249
21900
24426
20268
12828
13257
6784
14166
12333
4011
17085
17846
9203
17252
321
3561
1126
16080
11299
26424
13857
13805
26444
26625
12580
6360
11524
13074
4603
3656
616
16298
25408
24874
6181
19425
3347
12059
25483
20087
7282
7066
22226
20660
17985
10953
4800
14603
2614
4344
7768
7003
5754
6122
9176
23374
9400
5118
10043
18925
13815
3673
18808
14920
13795
5006
15394
16533
17236
13839
13973
20348
15648
6130
19137
4673
1136
17058
25444
19399
19688
25006
20386
36
8106
22741
17506
14370
13576
3248
21079
4062
20372
12885
1045
3376
23681
8081
6738
10838
4541
2721
5205
25883
7247
2836
18120
15500
4516
16043
26242
10304
18817
7845
13230
24161
22349
7878
3963
20512
9441
8634
12735
15547
20833
3235
18478
2893
10767
8247
13902
14416
23669
21859
15512
10775
15275
19950
25096
20600
11650
6098
526
26526
18062
5963
16423
26623
5291
947
23991
8727
5733
23182
6914
14523
15899
12578
2413
5113
19622
21947
21520
1152
17114
14233
3519
20719
13357
25380
24877
20446
18378
11329
9649
20872
13101
2442
11842
9537
7739
25050
12065
21087
17175
22839
14220
15791
19800
23787
9556
23662
6845
26432
8578
3643
19217
18104
18335
2345
17002
24314
26621
24095
24238
113
5402
23379
11002
22286
21061
1881
6815
17572
9597
11563
13694
19327
8223
23000
12427
7621
120
20801
5899
3818
15289
938
21174
12496
24386
20362
5045
19948
19804
4710
18883
21838
12455
989
7984
8527
11456
14453
11938
15145
3054
5710
20902
13425
7809
26273
24924
18415
4177
5464
26037
2488
3359
21072
22180
20024
5633
25190
15974
9426
17205
20313
11833
26272
18176
13985
1849
24554
20008
17153
14415
511
19390
10179
25179
16990
25032
21997
24004
4442
3390
9119
7546
3250
5950
22114
3177
9629
6982
21449
992
22970
25003
20193
20262
1872
18368
23172
4797
24942
24430
22303
16272
10117
26159
11627
12979
1129
24785
10130
6523
19036
19651
11609
16055
11102
24406
13001
13668
6377
26396
4836
22018
1388
9274
5878
7659
6420
1775
16411
23599
14381
16420
15479
18008
10000
15659
3702
14753
25602
16877
18532
25015
25870
4590
5497
24304
14160
23415
4615
13485
3925
9877
2770
21844
25719
9069
5481
15143
20499
15865
11335
22030
18407
17360
19643
14629
23298
21089
3626
4959
20456
11503
19133
4656
23053
4111
6486
13930
1588
11427
3391
18399
23026
15509
446
24352
2352
24546
14207
21369
129
17123
20401
24354
22522
19984
17007
14813
9469
7285
25715
23404
21731
14627
4712
17571
22326
10296
16824
11337
26022
7701
17311
12356
2171
20630
3183
25485
20755
24980
15101
24294
23261
8226
14219
17855
16968
5289
19813
14803
11996
5123
25439
20528
20272
17680
18309
20447
19008
7587
11905
10437
25189
3157
16870
5504
19182
10448
3489
14157
5002
3098
15596
4336
5670
21991
18716
20178
18163
481
10654
25833
9299
185
12991
81
13656
8323
6783
1526
9258
14588
15857
23730
24962
14127
7946
21662
26255
5763
17077
3569
16307
3945
24363
10774
5339
22042
24193
24202
1042
8498
24494
6571
8576
24680
13270
23474
22875
22360
983
3734
18785
22485
1530
11045
8809
21728
20363
18675
22230
23378
5399
1151
9143
25225
1109
24913
10786
21429
1490
7803
5454
14566
19395
17558
2669
9655
1168
21473
8510
19749
13983
2532
2851
25783
991
17916
5031
24503
20142
5465
8635
12542
17514
3971
11656
21197
1158
621
12175
24217
20180
24360
14696
19963
698
22961
3962
3141
19490
3906
14022
635
8597
6487
11377
25735
3066
523
11473
17112
23643
25920
18829
25522
24380
92
20212
26158
10886
22000
13181
20061
11075
12268
14804
364
3257
10108
10143
24978
18771
26140
19114
14993
14283
1395
16692
13039
20965
15002
3251
10660
6049
19433
1352
20508
20618
23860
14732
1719
14940
15597
15775
24922
22405
14406
15698
10936
23627
25542
7624
17320
16807
8004
24845
22274
26011
14613
14582
23799
21469
3331
12211
6119
1698
12042
11150
10573
18561
17116
12051
8228
26311
3368
24634
5588
2498
22832
22955
23774
940
2384
15658
21250
19719
20878
15180
15259
21351
17991
17828
5911
14436
10306
18052
13783
22402
26476
13474
19249
23939
5081
11818
15784
3014
13458
22823
26329
22718
10003
18144
5781
1546
8596
19972
24861
4792
11475
4645
4293
18173
13729
25018
12062
11161
23603
9489
24907
22881
16179
19557
14303
25205
2303
2287
794
17014
13100
25
21808
8231
10076
20426
11380
17980
23323
21784
18684
8468
15642
14070
23111
15450
14722
12999
17131
7392
26218
12381
21228
13081
11755
11737
15396
5089
25403
5859
15178
12296
12088
25644
24695
26345
11634
16979
11060
16321
19162
12325
8486
348
1371
1814
22472
16610
260
3407
21392
16128
24451
7967
25692
20097
20812
14637
24583
20593
1754
4520
9892
19192
12530
20400
6719
10888
10199
19210
18382
25445
8233
6204
11332
1124
24001
14911
18387
17341
22442
15241
13530
2474
22525
14577
22067
17472
8020
22228
14657
4283
6942
965
13866
17989
3849
14000
4580
6106
10514
9150
11781
11323
12982
21915
18870
10084
1501
16237
6336
2330
2248
7683
3437
26121
20749
17283
10217
12229
25707
12251
24350
23055
2194
9347
18943
10092
10267
2196
3377
394
80
12637
5341
25220
4708
13731
25496
16923
19450
9092
4856
22684
5767
2122
5762
17952
25888
18700
20715
15983
10049
11340
4536
11261
9454
26004
7234
13464
14733
13306
16755
24029
23269
3741
17146
3767
20919
10843
23717
16920
2016
24437
11500
2700
18178
20281
5583
1020
23186
4120
8577
24706
6245
23903
19763
24098
14487
17570
25185
13296
14504
717
18774
10673
24381
25868
11372
7754
23109
22481
26457
2943
7646
11743
9459
14088
22946
9097
25837
14465
13496
15718
5433
1711
23561
16694
1505
24460
17464
4791
9908
25945
26408
12074
22213
2160
2888
14125
1522
11468
25398
6689
23862
21019
24807
3401
2228
4362
23101
22860
25846
12253
22477
3725
23371
3353
20753
23382
25929
16085
13334
18091
24309
6309
4180
17746
14567
9728
22784
8613
5095
23153
21827
2395
24389
12134
10999
25520
10568
3107
11374
22164
21564
7538
7656
3745
540
6751
26246
21382
10284
23309
7515
5292
23104
2198
1247
22995
2076
24436
15331
20270
2869
7698
9692
7340
17981
25629
4432
4531
21263
5825
20875
4930
13634
17629
4751
14990
8334
6063
19841
11824
22777
5400
11682
7109
12597
13371
13136
13191
780
9506
8882
16986
17896
20324
4859
8499
19702
16579
3539
22056
1317
24620
14646
11144
7017
18206
33
24574
17623
16182
23833
6490
15486
18321
25858
4319
12813
6447
6917
1790
6778
1170
7382
13164
5456
1271
26271
8832
20768
12470
13898
18010
2852
12832
14275
26574
23306
15829
9289
25913
10215
19142
20284
6713
16059
23676
22642
24262
24155
23946
25987
17029
12318
2302
52
25526
7068
2192
12606
24501
5672
9212
8043
18122
10854
16951
20013
20850
9650
7076
684
1377
99
19021
19176
22628
10040
19313
3588
1555
24303
8306
11907
23165
24118
967
9318
9824
1047
2217
9771
9960
24945
25775
24871
505
8049
24122
24982
16332
19068
16887
5219
22413
408
3221
21573
11187
482
11684
11164
3660
25859
3950
268
4919
13067
14234
18828
2464
1914
24172
23025
2346
8573
9133
25664
13293
20542
22400
420
25547
15804
2320
13401
7506
21071
20957
4101
11856
11845
6020
7027
9395
3309
4152
22397
5448
6581
1965
434
16116
2477
7795
23481
20583
9435
4833
19570
22812
25036
9396
1304
19429
7009
16679
4028
6995
22896
8916
15103
11814
20343
12601
16864
11247
18651
264
7364
14441
22418
14793
20831
1495
3703
7645
3336
17163
6758
12744
19788
19461
18571
2665
20248
1389
7865
8649
17659
6520
19422
232
4072
5665
2428
18826
8609
17020
15809
13213
23246
15755
9962
8230
22556
8473
14472
5043
7976
12521
6000
4915
3035
13237
10785
13640
21256
4006
11327
25346
7161
16559
8896
19482
19658
24364
17982
10425
7685
17444
14405
7377
8880
11476
4670
14213
14525
8968
11285
951
7958
14647
3371
5220
2379
12900
12446
15453
24738
4733
12806
1959
16881
1138
4133
18454
19362
15389
6817
15617
5237
22651
10928
9859
23129
5032
13598
22974
23213
15958
19526
12188
4049
14251
23171
3851
3202
10982
14507
9358
6192
23296
23696
14944
25872
8678
12264
22944
12095
11354
209
17488
6271
10164
15879
292
13536
20545
8145
6074
6840
12563
10504
10098
11348
17698
19026
13295
2990
13613
10923
8259
7019
26434
23656
21776
23114
10598
20048
4317
10256
9158
19213
9934
2009
1005
11687
24401
23023
16314
20914
16054
606
3500
516
1102
5518
5569
21769
24904
9614
10064
24484
6286
779
25785
18517
435
18646
23428
3461
4352
21014
26393
12124
4043
5096
21291
6548
11788
4245
19893
20128
17601
17776
2681
3942
1289
1384
2732
4601
24796
2333
8493
24912
13447
21255
26502
4935
16261
22296
8311
15322
6831
16709
3933
24607
26617
24492
17280
13574
20580
7434
24694
14717
14725
18184
9860
16883
7407
3166
8110
15011
25528
8442
7400
25743
14904
8737
11220
7549
6928
10700
3527
24140
24131
22941
22879
8358
13003
20067
4159
12085
26378
13502
7047
21146
26325
5411
11569
8983
20032
23803
19935
25451
20202
18997
22880
13661
643
16031
11764
8992
21383
19303
26221
11499
4339
12408
6624
5631
6964
18300
14501
24017
8797
8037
14075
9332
6736
17199
3676
5910
13479
23091
24320
23899
19528
5369
18827
26522
13132
24625
7395
11972
7048
6838
5996
18115
7450
21324
2842
1387
11549
4638
19107
17716
4619
4284
31
23421
22827
17352
21614
7632
22408
21118
6604
12382
10433
22332
19605
1145
1764
19436
11506
25147
20059
12972
3060
5854
10847
532
12404
20986
13128
21608
23556
7921
24129
303
2017
11693
10258
3750
7163
12746
26239
21406
13302
11930
26452
12818
7740
631
22100
21386
10870
14784
20394
3686
15193
12849
10351
4571
21949
19915
361
20853
3294
26122
18411
16704
979
25684
18140
9996
219
350
18078
23010
25434
11995
18299
20261
1493
13368
4204
15359
9542
10587
14680
17024
7326
19919
4745
17781
15817
10483
16205
2531
14404
16886
9093
16270
2823
3729
19619
4167
7016
9167
17500
4435
23236
12339
24124
21076
5467
1344
26065
9393
1165
8017
22225
15954
18001
22451
2849
6906
6425
13314
15126
7879
19542
19177
3292
17435
14239
6028
15761
21225
14112
9314
9020
13007
3797
14413
21108
15968
22767
12107
472
4128
3015
8770
12834
426
8920
411
765
5995
17613
8866
9028
4883
15566
22262
16967
7147
26417
19740
7088
11244
6907
16569
7554
11780
4874
10353
2690
4349
25874
19353
17490
25482
11854
19703
14418
24168
16722
17454
14562
16389
24343
21130
11211
18498
14009
12726
8998
25449
18463
4148
16075
16093
15362
1928
10972
25251
17060
3562
7580
23313
14256
21987
18697
12465
15387
13359
19276
4502
7933
25737
430
14556
26067
23964
8291
20132
9394
14272
13015
15295
13034
4018
11518
18278
6137
11463
12492
25104
10780
16052
20259
9922
20997
14678
22333
3258
20980
26093
21773
1325
421
13422
1984
19832
6911
24347
14118
9697
2168
26155
4662
20884
11043
15296
12619
7108
12676
17499
5482
20066
23722
7170
23631
6892
1576
9639
6636
13087
24843
22740
7979
19939
15916
825
8574
9605
4025
22821
2813
6043
14648
8050
15168
15
23300
17124
17132
6475
23674
24220
19315
6666
6979
25176
9137
3715
12890
15378
16509
22458
12598
17540
2327
18322
8434
2103
17936
5374
26402
8200
18086
985
17099
14126
15765
17182
22988
14273
10777
14547
21077
12281
14780
9883
4652
7575
17485
17128
6603
16787
21181
25643
22188
13824
3794
24345
17976
19758
5330
4078
20228
14526
14360
9828
6579
21785
17632
6113
3333
6529
3298
25798
7360
16965
13428
3082
14745
7605
15420
6597
14337
1194
3740
5017
5449
18056
15449
9263
752
16935
15699
10456
20762
15758
5078
15017
4669
12118
19932
11590
9880
18652
724
23890
1902
12939
2013
15129
24729
8667
25405
17854
8220
3279
25850
17
10238
9974
3685
11727
16982
13775
3581
13152
24623
9906
13344
1934
15302
19238
24353
23558
15047
10790
9472
23280
11680
14610
15651
7413
5187
1504
25014
18626
8637
23827
2373
17729
1838
9528
6976
22029
23088
12013
14981
25081
24970
14874
24413
1397
24910
22043
24918
15363
811
24948
8560
11222
8356
24073
11221
7608
10612
23734
1127
16724
4171
15655
7145
5054
8281
15598
14585
13835
22224
16107
2599
5253
18357
25614
11018
24605
24424
9032
23327
23059
1339
2985
7300
13424
20620
10637
17346
16425
24265
19995
2183
4849
2840
3256
8911
6219
4434
8084
22407
10765
15952
7065
16406
10819
2283
987
6029
870
23902
5404
14200
19022
24806
12931
17775
10175
9874
4498
191
10371
4731
6589
3663
7482
1951
14476
10739
18602
24062
22952
13764
23141
6635
9448
26150
26492
18294
2236
19067
8683
16599
5927
25763
22833
19585
25638
13472
20448
16616
2642
14517
14408
15628
5556
7891
19774
21630
19117
21600
649
7788
12712
21920
21807
1236
9652
24358
3551
2972
6284
12192
18308
11148
9789
3984
1346
14971
3304
14268
7789
26529
10650
3826
17811
6052
23083
1018
14199
24644
24214
8072
8929
18080
6372
22185
1460
15042
12064
21048
17993
19977
3898
1071
6226
4908
17388
17676
23726
3814
963
21508
22573
18481
8178
834
23737
2463
17184
13548
12647
12957
9785
429
24799
20104
13896
15800
19579
24733
24814
17910
25616
11900
24162
1977
1710
13060
22140
19920
20995
18058
19655
17289
16720
19424
6138
2153
10149
5300
2834
14659
24667
12101
1465
21203
20473
11673
12987
6567
5661
17172
23414
16975
17948
248
924
16717
21548
5257
10213
3940
11753
24676
15053
9572
9191
5168
15673
19503
7581
5729
19533
10395
6277
5883
20234
3351
17839
6363
7188
25184
2521
12024
15001
12872
6874
6046
4015
1245
2886
9735
20518
7884
4583
16952
512
26609
7149
829
16510
5321
15911
13113
17966
21877
3775
25200
20548
863
25379
15694
16447
20910
1840
5024
26512
25425
6091
21897
7530
7665
12301
24728
999
2285
11717
4448
21303
22976
25754
24219
7687
21598
25982
4030
4470
13875
13632
11826
17739
7106
20233
1231
17590
12968
14616
10400
25053
4188
10943
17429
1877
19452
21880
8201
10721
22216
25894
11974
4591
1128
26317
3521
10071
14865
20035
4594
25171
25155
9869
2074
8431
17008
6643
5662
16175
21381
5557
18492
9361
22853
17803
19215
2808
637
18986
10952
23219
13714
5567
24975
15071
18956
4350
16284
5230
25592
17830
21691
26533
486
15884
21670
3075
23732
15632
102
2317
26287
14078
6891
11385
13854
15947
12314
15615
9261
26494
18857
16516
2653
16115
16801
10370
5575
25161
20200
21640
8054
13862
14587
19590
16487
3667
24030
11234
19172
24468
4912
8629
16706
10423
9022
19145
363
9742
3005
13773
21830
16462
8765
5276
15332
3399
14365
18720
5933
19462
21426
14747
13174
77
17256
5030
18568
7743
7661
16129
18742
10388
14960
847
11603
5241
14013
16557
16725
19509
1695
21357
21374
6066
23707
4074
14541
22884
21106
6526
20984
5079
1727
15754
4023
26006
1506
23993
21940
7797
8859
12448
26514
22939
17015
13585
1356
18474
17606
22444
5085
6856
912
9237
217
10047
5336
23961
24887
13446
3300
771
7080
1130
10590
495
19061
18143
4045
4579
6184
20461
10772
10474
6455
18159
6940
12277
3485
13378
8665
3152
25588
17326
16038
9890
12240
7636
10541
10610
20316
1569
235
16094
26411
5930
9857
17875
4318
5858
26172
1680
9507
23395
20759
10840
21955
11999
16333
22654
21787
24409
5619
2021
5370
6294
24111
18261
7301
3010
5648
5486
13765
15614
11935
6760
24077
20085
8379
3608
7634
12579
19098
12574
10025
25453
1802
24037
24827
8467
8639
5275
10528
2101
6720
10695
25232
8396
20057
4404
8598
12236
19028
21802
11806
25356
11158
13491
8380
24855
22363
25421
6041
17240
12511
7257
8168
7197
6034
23267
16938
14204
379
17621
4357
9751
12137
13400
25696
6386
7638
14138
21613
8086
8310
17646
11369
8626
16963
13068
16485
13075
23152
6462
9769
15462
11612
15261
5882
11376
20787
25985
2759
25862
11585
18211
58
21778
10933
13769
26205
20587
13312
13061
5430
26620
1800
