422
52990
16265
51041
8195
18801
30181
5349
37002
7472
12512
29174
7277
42404
38882
27165
28331
46453
25477
43130
3336
16907
12002
41693
26869
44724
33016
38660
42489
24524
47688
29282
42424
30682
32526
30391
40727
33980
13407
22599
29071
25125
46055
52935
6818
21705
44031
5602
47971
8382
32439
12401
9773
40946
21506
35887
37209
17740
47010
24927
21319
7519
29510
20677
36909
44613
50905
18960
32828
39506
17421
6483
40592
29076
26525
6238
8379
4145
31632
2812
445
14603
5439
36171
417
12527
8369
29906
49092
7629
5888
1504
10932
3864
46729
13513
2264
52648
5196
23267
11726
13449
24722
18437
36865
46503
9838
39443
51813
3548
3530
35158
36525
41060
46145
41084
14247
15144
26332
26094
9870
32700
31949
21540
7343
6926
33831
21649
35072
34708
24756
46665
15258
14158
27279
15469
434
46442
50692
37204
29396
15450
8953
6706
43161
8716
48829
49700
26457
1088
37441
27645
42423
18301
50562
39021
20634
48737
2396
1328
34997
3267
9128
10544
14161
33232
35510
31144
35438
16534
38988
26289
14894
36217
30751
24462
1611
9652
40529
12212
15541
49029
23516
53236
39585
49855
41638
35827
23062
33310
8987
15
2715
4066
18403
20605
3345
6884
6644
44701
28589
2206
3470
740
5972
20055
6816
1304
47402
53807
5532
43843
23610
49763
22027
43220
26820
29294
44621
27103
13707
36312
13389
4994
20405
6421
30089
4826
47277
14415
6626
39915
39840
18256
2057
839
13049
45570
4139
48134
44827
17031
40418
2362
18325
49227
2883
33588
3786
21696
22281
34922
24637
23661
33466
48955
52268
42048
33405
8781
107
1394
40813
53817
36709
12723
39295
36964
27530
18412
23863
53468
47890
52882
33945
26154
39456
46596
36230
24102
8156
14920
36889
41387
52082
42077
27402
23745
1871
17066
28966
26088
34740
48164
27974
25696
9264
28791
29792
20458
46475
21541
5130
39744
41502
3794
44429
7971
17500
24855
42535
36001
8429
9903
24303
6200
38345
46402
26914
17606
21874
1902
45487
25974
43329
31047
51778
33359
32621
11837
36773
29927
20710
44252
14627
11059
13611
4303
14575
42223
13302
16811
38573
47060
19664
9107
49610
14501
33448
10451
48125
21494
30647
35236
6549
28112
21517
7205
27173
24064
38508
28153
14806
18268
30592
44922
20112
47949
9161
35792
7240
42697
43672
35850
500
6176
23169
33924
17788
14434
51095
39499
49889
7638
31799
16621
23521
40406
52466
19605
11378
16932
42564
46633
33106
16940
48940
30276
18043
26345
34048
31937
15167
49854
38014
19716
25024
18577
36239
41429
3352
51646
23471
31367
12851
34174
29604
31575
11586
30594
19174
41767
32691
26223
32878
20990
27511
15111
41524
25562
5100
449
31948
42651
28420
45836
7868
19973
37786
22932
38625
4090
46697
6302
34629
38256
43790
186
9138
13811
41146
9325
25545
44905
48224
3298
12657
45318
23281
39493
25699
13854
23711
20431
30698
46850
36167
43548
17509
45554
29969
46642
52391
19942
53980
10128
42331
17088
3303
32022
47327
9982
6944
17584
6460
38770
52714
7247
23144
40533
40345
4263
7172
33485
17014
17285
49982
52787
46496
42011
10029
36174
24971
33646
16789
9630
9440
23208
50597
6738
47751
15961
34959
15574
52267
49570
35990
1310
52738
14076
46970
53452
28098
11392
53045
18604
16320
45099
8906
28914
16442
45854
40170
39957
531
3911
51480
36283
30967
45100
7786
13355
47249
7630
19255
29555
4802
19342
53871
52535
19769
30410
12922
33610
32231
26301
39458
18106
22715
18727
12472
52000
40964
23838
13142
9099
30193
28398
14287
18226
19901
49749
39299
17936
25652
4346
6765
11815
16921
6983
49796
15728
36333
19594
40537
9295
12554
9061
41539
16798
26481
4681
6594
25971
28263
17206
9929
38682
43656
23258
21526
39123
51024
36164
40052
12416
42438
31469
51022
10264
46328
36630
39122
22752
11518
7322
20090
33650
50790
31907
18870
44481
28803
17931
52211
24850
32430
8811
13435
10279
33225
40276
49932
44486
20076
5290
34657
49619
47882
17801
15315
38704
35218
45213
12445
11894
41808
38002
52389
18856
38026
11219
8554
32921
44838
20765
5506
3876
36571
52382
34424
28011
49771
46834
6509
15908
31880
7213
28457
3198
2877
37066
28917
17727
42206
39337
20185
1895
16689
4779
32280
3302
51550
17392
23106
48860
45253
13027
810
45332
23972
51638
11287
11046
10883
25222
40178
5600
32387
43181
44706
14730
15745
45697
31625
32257
924
47637
10042
33079
31586
52163
25584
8183
45455
30596
45555
11434
30272
11207
34683
36633
40004
37839
1866
7748
46045
21824
11269
53806
207
9999
47646
35100
46348
13394
14276
43155
34605
52367
18628
51400
38144
4671
11489
19319
38772
17574
51516
29511
19896
21298
15219
2545
29867
30002
25513
41579
49653
16216
49108
42457
38548
25013
36329
14108
49919
6856
23584
22002
32072
6556
45543
9084
3014
53087
33599
24433
12594
45179
17660
51035
42395
12748
41738
48451
29470
21872
51455
2999
26613
13683
23068
15510
32210
22592
35480
12996
24394
24208
34364
35267
39289
6881
32958
25934
2619
21027
12052
30334
30006
28773
5956
7673
1453
749
45757
19079
26259
7395
35764
40056
18470
49878
45207
44413
12132
11533
23362
18846
23196
31597
22038
39733
51498
47320
39026
23327
28910
46799
25473
610
22046
39596
47729
31203
32952
6866
12614
16194
29703
34705
27256
36155
22575
15792
29093
42894
29805
38183
33353
44520
8257
14155
7058
35258
16580
46344
6821
15228
29067
1636
3312
1305
52640
16353
14767
2425
16402
3022
34202
50713
46247
51748
12509
29666
2769
50481
43185
53679
51231
45965
20057
20785
50144
17636
28673
47019
36781
31730
21662
37524
45439
21342
21804
44001
30232
20170
41834
8745
50827
47229
7918
2373
45292
36646
23537
37622
13640
6114
19239
22436
10478
17444
28404
8582
42693
21459
30483
53220
40699
8039
18873
27111
23347
47085
49607
1483
43069
21787
9969
6008
42446
37398
49014
13373
38333
46373
39478
21384
42657
35907
6786
21215
34636
37499
43776
15444
29425
577
12829
20113
47406
17040
16902
406
19571
49479
42941
36358
11507
4439
29889
30741
24732
24731
32514
34102
52519
39717
18565
30520
33005
3547
33905
26691
14460
47609
4296
52052
22812
10302
28579
15930
49720
49963
15401
3155
48595
12420
47635
517
23437
45367
4016
13646
4927
41545
46370
8118
53049
8015
34012
28318
19921
34291
30583
23097
43825
44823
46241
31162
49292
29457
3260
45499
52744
25284
20
3596
5067
39558
35492
5256
28497
15104
30551
50952
46857
21516
41383
13951
49418
7059
11203
42784
7821
38240
11613
20485
32931
32438
40854
6295
25728
14259
41417
26960
6811
48409
7012
31057
53277
12678
28306
23626
42317
15189
28708
44851
47231
7578
30759
9572
26395
28514
2188
7119
11713
24604
13376
17360
38706
40746
23217
47286
15295
49287
45039
19958
29624
13525
41103
52244
47756
35299
16573
11662
11751
3861
30812
43049
13371
47418
26176
20749
53195
37428
48183
37982
25328
26109
52727
35477
19368
23911
27267
5449
29644
16287
21168
31157
33421
18489
49881
46198
18716
31310
47784
38111
49126
23987
329
48661
6546
42849
11821
24677
36498
1588
10044
14313
42448
1607
11327
24618
48920
14216
16753
30330
17056
51969
35686
20000
39080
35369
42188
16869
21242
52952
46300
33440
33385
7063
24152
44211
22022
2283
19355
7198
2561
22989
4763
29248
35248
9549
23003
19581
4317
27903
25020
49624
7809
6394
10853
1700
50631
3826
25333
45967
46229
38888
37619
7318
32707
12984
26824
23326
10735
35232
23024
11197
48413
35255
26686
29317
528
29334
48142
45826
34872
4469
3432
33093
49441
41489
35955
4877
33811
40085
35814
17688
5688
41020
52957
50267
13726
16989
47980
22874
2867
52215
53857
47239
49413
31849
53238
29221
25252
36599
12745
42885
11174
17098
41844
34713
37749
46611
30709
8472
47768
33776
49602
50441
10980
32869
48426
5012
52374
1350
1287
39873
21514
46256
52601
12138
28598
27004
13456
40224
19806
46321
33368
31660
52319
49098
5245
22350
2671
40671
26346
6849
53754
20840
28142
50135
701
11575
49349
49114
12754
34354
2634
28744
44370
27363
49759
28747
30764
40383
29996
33909
44357
26750
23321
43205
34067
12032
12252
466
6828
16569
15873
1860
45545
19038
50551
32603
10213
4278
27835
43089
18632
6612
22685
52591
44647
38734
18074
39970
49149
38751
29864
533
36378
24980
10821
19391
5137
42031
8839
48974
46158
53164
1740
14167
38166
9310
42888
27071
27339
36919
42899
41132
53663
47424
27900
49764
35126
7242
38481
1845
37760
23850
17256
5900
41351
34606
3885
10288
35108
16333
11679
36316
25781
29319
47469
43707
33581
19101
35751
32464
36949
44976
24212
18460
43082
52050
49585
18339
35736
52353
4705
40852
32344
29507
12203
33459
46333
46153
2858
9690
3945
26798
48229
53249
37688
15270
47805
17162
22136
22698
9543
30921
3920
2662
48566
3090
19301
31721
7493
44289
43232
47783
4710
48628
23523
10200
15253
45653
47959
23657
38394
49903
39859
50142
20323
11739
3186
51888
47874
16471
21605
2293
8235
33838
13265
37714
27483
33865
50056
28201
23999
28584
19254
19290
19137
40842
4561
26203
32633
53106
459
36619
46140
11488
16501
38329
39817
20358
49461
4065
42524
18971
29481
48706
36215
2567
51792
3268
12297
43148
14474
22197
15460
40989
24624
50169
52876
51848
19439
19225
4996
1130
53444
39068
19647
18355
16004
2979
39495
36090
41549
42066
21716
9608
47222
40425
44735
50643
6593
24946
11702
26688
34863
45270
10373
32885
8805
43562
33056
18764
20884
5745
14442
53693
10490
32
46852
28940
3326
15942
22717
28994
8461
22993
36885
47012
8187
22626
12237
17776
30665
51902
39181
9664
6326
47629
12917
24311
43438
10628
8353
10380
13590
35756
22746
21491
6922
47088
50083
47493
44493
50425
48332
11274
53119
29887
37316
41902
17771
1890
11233
20743
53813
16826
35165
28793
14676
322
25636
14769
14781
31421
33555
26883
29095
20255
1690
8374
25722
27076
4881
18356
18255
26754
30431
12254
15069
7185
28262
37457
33984
235
44541
14914
34008
23812
32811
11709
49243
4850
42998
11078
39334
14665
22745
33808
48511
42959
43209
18986
30813
47569
27351
18381
11952
25326
3371
35422
29912
9753
49686
37917
23663
6648
8419
50258
26993
5358
18997
51812
14565
40553
46004
28229
49051
25278
41514
13246
16452
2522
28695
34406
22896
2030
43172
47112
41248
22307
32905
47687
38400
15629
30625
27160
35031
21858
44108
43605
52686
6171
27139
23931
27454
53973
2291
14751
27594
45755
16823
19426
52075
34493
5343
30217
28042
41969
48604
44297
48331
1134
3902
46831
28561
5344
6887
19033
29780
47999
36882
3327
48964
39748
27264
8236
40063
18169
10952
24213
3483
3670
42602
45776
6870
28684
20362
41669
37210
33479
45366
25521
32732
33253
52384
23953
11789
4476
15913
27556
36758
35019
13896
33983
33374
43176
16013
53186
22021
8354
5163
24849
38036
15938
11569
15741
28092
33092
25950
5901
8140
18060
32996
24378
11069
25086
45801
25571
5088
37555
38572
37298
8585
52111
27048
10767
46064
53695
41498
35032
45954
2169
30809
48537
19918
52235
1125
35356
3834
50676
34361
48357
1222
33191
22574
51143
15864
37500
8957
18750
43845
35789
42052
24712
51580
31719
16109
30856
5165
21821
13278
19471
6430
25683
33576
33797
34875
26060
10277
40931
29044
24326
3481
3903
32961
27620
8263
25694
46147
10578
15456
52803
36876
38937
2531
27520
39703
27877
31334
683
22867
45164
22403
35184
19820
54
6842
28339
27595
45090
44954
11835
35451
6441
47673
8537
4091
2288
30504
4478
38558
33129
20464
40841
16667
38840
27757
11463
45913
48556
34395
47417
45457
23752
28849
8084
18289
24564
11450
2863
33542
15998
22247
9193
47723
17540
17324
35515
28772
47376
52039
19630
50349
28073
36978
53872
2633
36144
37912
32353
46115
44654
53147
34051
14947
52188
39976
19847
2869
30793
2899
42934
4642
7927
16524
52715
12221
36564
22014
46735
12676
10109
34336
31944
12478
25948
16021
10378
41950
6079
46971
48017
39618
49933
28857
43116
18896
42790
37059
15793
21246
14938
21072
31286
46118
14698
33906
48689
31990
21326
13759
24517
20398
21752
19681
24304
15862
27426
17926
7955
50493
50525
46276
45134
29562
33834
13475
793
15990
1735
12185
15965
6208
22848
10962
9382
34803
1141
49721
33271
19674
29047
15011
38136
47197
46389
7834
8779
40467
47781
23157
2956
7399
26669
4540
42362
43899
35143
8567
1782
5585
50526
30262
11998
28769
470
4119
362
16610
35992
39979
22185
18970
43173
17814
49322
32701
53984
5578
21266
17933
27141
49485
52531
38876
13018
19914
30468
28193
13720
35138
12333
49898
28091
28123
42771
50756
51849
37289
24608
11951
44171
53166
4758
15595
19451
23533
20834
48156
30012
3724
22112
16837
18465
7510
25315
12251
44119
19819
53304
14065
7339
2105
13655
11803
38346
2220
15372
51428
14618
46856
9298
24585
12319
38600
25592
42145
49193
31055
16427
13123
3712
45923
41062
23655
15833
4419
52422
37849
28789
21569
243
38218
51421
52483
39171
48290
7534
52098
44182
45980
8767
49938
22870
8462
11071
17679
24825
25639
15192
940
24671
5960
7611
8490
33087
28309
24141
25077
16825
41420
30294
11458
14462
42866
42187
20060
44546
3073
37679
13766
50381
16788
11542
18422
17767
6731
7256
16692
10831
30999
42266
12752
25426
51926
33717
36163
22679
6225
53908
25115
32636
32282
27827
5232
16131
13880
9114
41085
29704
34991
27174
34963
11583
51918
21111
10769
16694
204
3637
39847
29058
45147
26708
8205
17236
17394
38822
18485
46724
34912
19069
8452
42793
48708
16564
35124
31646
980
6248
38951
46673
13024
52813
29804
9169
23135
38959
10134
26115
6149
25858
37034
23601
46770
51502
44270
32978
7013
26591
44548
22547
25304
17499
16285
28907
41583
43025
47109
2519
24534
46209
25076
8904
15308
2701
31043
16593
8497
19661
33453
11669
42680
33150
2590
24336
12761
47496
50323
45663
2085
33392
25433
36531
8712
11761
14668
11708
10585
25489
21856
30533
52444
16209
27961
39861
5727
10832
41913
35048
28028
5981
49077
26079
4224
39758
11339
10071
51124
50105
5948
8199
22780
35010
31038
10688
17693
34920
15977
52674
14596
46630
22172
52216
12904
11432
53340
5347
32546
12223
33429
46592
4011
28641
13047
14316
34030
29930
45511
873
45446
13425
51229
27854
40938
13789
37628
40334
21748
30415
28414
25113
40165
52252
11534
29995
948
33939
7874
42494
20805
21617
1742
48970
38525
16572
24110
47142
52652
31627
47282
25686
9125
25646
30543
17005
31244
6702
40356
20100
7238
17899
48493
6657
48491
32539
41733
16914
11907
6558
15356
42751
35896
41590
46186
51627
36510
1869
22960
3703
24940
50019
42643
21638
2170
1075
33203
6660
15193
31720
49651
1727
21912
21077
44590
12017
43077
8020
52921
1535
15983
33519
32887
34953
46546
11890
42373
17708
35112
43644
44375
14441
20572
27557
1219
11115
43485
46072
45066
3157
3531
5988
33916
38673
23109
45832
12744
30577
9649
46163
23022
38087
19980
51594
35702
22155
13697
32894
41017
24321
3440
23115
40147
3456
15322
38893
33284
47914
9130
42466
30040
14222
33821
6201
14034
40161
35844
12896
38562
35295
52839
30906
21003
16649
30902
37833
4461
46303
2273
30750
2831
26458
11783
40082
51145
27486
41743
27658
22902
39837
23082
4210
42147
24305
7151
26480
34793
34327
14684
40569
13954
51132
30198
46214
26836
5869
30462
41366
47628
1977
39148
6991
14753
37463
32062
34578
13191
6104
37569
14794
16939
52571
51316
21608
11911
10468
17861
42354
45018
39640
16009
44331
17983
43923
22220
17301
43833
24387
40923
40998
53362
36638
28938
31087
53193
42772
9599
22609
17378
19776
2383
48769
36436
11029
36195
6941
14392
2076
23187
28486
42414
25813
15780
17086
26989
40041
22284
37866
24804
15782
17905
28840
3916
44868
4906
30252
5860
1828
35670
30116
36891
1326
13675
8404
27201
39646
34768
12157
4131
2607
21401
46143
31559
22624
14318
47027
50150
12504
36039
26721
15009
1835
52874
39404
20581
29337
28157
37759
11918
53054
46264
35164
16791
43872
41316
11077
37738
18760
8790
19692
23040
43764
3153
40006
21141
48653
4343
36905
995
4322
53342
37360
39615
26285
22625
32084
18806
47988
33248
42191
34650
41313
13496
10163
11696
41797
4482
40524
30057
49249
6682
19789
31767
2468
38765
5445
41069
7320
3313
39844
42585
3430
26847
47672
25022
47986
52716
48395
51966
16275
28066
30537
12284
18042
41394
27853
37659
28484
43793
6577
34341
40736
19385
36161
14269
3978
10914
22382
29980
18893
44050
29359
9127
36405
37205
29659
39978
13160
3977
25478
30362
45136
19739
22319
4743
37046
40741
1783
29209
1358
45969
35008
11979
34140
44228
49701
46297
38163
51822
25843
905
35140
19627
22939
46243
51387
8229
53648
6615
34463
3248
11870
45803
9871
12879
48340
28671
31100
32204
21185
50479
47828
7477
52147
10082
52817
19348
40919
52019
5038
10974
16918
18589
42136
3656
51026
2474
13768
6097
13321
46097
29219
4983
48919
17992
2871
3322
2907
33432
51820
17277
39300
28931
31553
53526
22370
12289
30928
46173
42612
17717
45703
11571
3444
25954
16101
11573
45794
18536
46204
40687
35956
28459
1778
24190
53335
28603
49553
9076
29253
2922
38641
31217
34105
50730
16291
6781
27849
9041
36601
18061
24770
25105
12883
46744
32009
26541
36820
25374
21175
36760
50469
44651
22321
18394
32247
27677
33125
29308
44046
24938
20721
53597
7248
26080
44871
19159
41493
15071
38038
37434
22509
39062
31480
9985
19113
2426
27953
19058
32149
18597
31411
34095
37587
3576
43144
13132
7401
10726
21218
35874
17566
46166
40527
27753
38686
18346
50863
1884
25119
26675
47076
7570
5964
15399
39762
36018
37602
40231
19165
10362
9237
9151
22680
13342
32871
10875
30202
48983
10143
42594
37269
44620
5118
28116
24325
24794
5026
1144
19710
17095
41272
39489
33520
46487
18497
46330
25717
48104
4208
5790
13886
39177
27374
14249
16681
15888
34567
35417
35094
26808
37490
33557
6284
40805
44802
44840
16680
22975
15664
44808
33799
7653
380
40875
20256
20942
34783
1265
34698
1996
22310
20948
53982
46446
45469
35645
50557
52194
46511
25716
49341
19891
35709
28448
17269
26850
32985
18528
39078
9855
32932
1786
43766
3129
33595
37613
2644
34388
34298
670
23185
24759
46793
8398
22908
19500
43812
38690
36827
6304
8127
21688
385
37514
8865
11736
11446
23640
3484
16905
33990
53931
1698
10610
37006
11595
48712
46268
44599
23891
26401
17638
3568
17100
41187
22101
27709
7916
35350
20752
50363
21765
2512
7993
9956
37994
17021
49886
10007
5984
39878
2192
37350
50635
51699
53735
7552
31505
30486
23148
22351
28048
39467
8706
19729
6487
49548
33592
37599
11551
26382
39112
20647
50750
20210
24917
47045
13007
16088
29682
10115
45071
24450
18985
30766
1327
11226
32656
48100
29717
49768
27509
48281
17128
14612
40920
52239
34976
53739
23154
38626
50055
19487
17483
48806
12510
24016
7291
30618
38862
13779
36688
35621
39752
38867
12790
32518
31920
9423
41557
50655
7628
17466
30310
51528
20347
37680
27338
30985
25419
20456
2509
24793
30782
37989
8237
5809
47370
9141
22832
44930
1366
51912
27657
53922
10060
5121
43910
27575
7891
10011
52378
38806
16987
35083
12255
5392
39642
53017
14008
11260
7846
13361
50783
32303
3447
32220
38610
7426
19889
34351
39090
14021
17623
41912
27260
16993
13574
25301
19990
15546
45258
1175
27795
4055
4368
33896
6484
26509
7163
33321
37568
42157
1667
21676
33786
45813
17219
43300
46030
49480
31910
17254
15816
7302
8956
6929
25263
17676
30564
9269
32684
26896
32098
31968
39668
21325
20153
50511
14661
9403
53038
32267
35720
7643
17037
48257
43275
26655
49055
31977
31563
5441
17843
17008
20978
30632
4222
32809
17158
2677
40580
30869
49729
6727
28400
6745
22942
51028
26248
24390
12111
14364
25947
703
16317
20668
49071
41749
49172
1721
915
2814
16627
1619
33369
28674
19231
15521
34822
37673
16006
11585
8563
26627
53310
17631
36177
2796
7201
6982
32292
30420
33330
22585
1627
31463
39996
10026
9880
42333
698
1104
48848
53544
4774
52311
14353
28156
2866
16970
3960
30450
22001
17223
43455
49225
47457
19754
39075
41452
38672
17129
44200
50512
31342
39940
43490
4508
14178
13757
43352
11749
37948
35521
41755
52701
40499
2345
3034
52578
40848
50241
44635
31385
6918
15363
47880
3765
37843
50599
13546
30455
30072
46675
22648
29506
43262
5728
3469
12713
17053
20096
45756
32252
41469
1551
51228
22620
3559
45694
22353
28369
24532
777
53105
18272
2072
22108
1414
5272
44459
6959
676
11927
20774
39973
40777
946
35557
17616
17390
30404
43166
7774
32528
52600
25334
50173
34979
42353
18222
2390
346
18215
7555
4268
42874
6489
14169
19505
20569
28341
24024
25835
19068
19262
35215
6570
13746
33640
21797
34809
25902
20896
5739
39029
46847
12926
15215
13913
5263
11214
1912
48839
33492
53366
11374
45304
14035
10269
35382
39761
19134
3906
30969
38861
30243
42852
31321
42117
14066
12901
6354
27504
51986
46853
47671
40607
51444
38189
46549
25094
35095
37895
4086
40129
6617
12143
15202
31704
12449
31324
6294
10234
38797
21568
2794
33619
23389
22496
36831
20487
47433
52328
27779
22502
14295
48190
25120
29483
15739
33168
16382
31636
25164
29302
32411
44076
44655
7885
10208
22914
23257
15554
10554
38868
53740
18340
17633
23229
4071
28467
47603
16598
46007
24930
33774
3551
28203
9527
23717
5062
49587
37485
19232
27842
44435
37003
31179
3792
18559
9043
33614
50565
9037
28079
43583
51850
44758
3891
3739
39952
30071
11472
108
55
46621
14542
30153
32079
19032
51020
39354
38579
35876
33684
31423
21250
38674
25123
24862
9861
12647
43160
36874
14957
14279
7402
5933
45358
39851
13830
1629
31147
44138
9468
41533
25345
21513
33294
35993
41434
26263
19416
20426
2928
30448
2525
21196
16295
503
22435
12162
14414
45026
36878
34134
30611
17603
32727
45781
3112
18568
47013
41486
29825
53089
24878
16536
26349
45522
21771
17294
7441
47058
40849
12558
49367
11776
1441
10827
1076
20234
21994
12763
3994
28388
48905
42629
19829
15706
8652
26617
48816
14137
44860
8264
41280
10575
4623
44389
15183
27826
38071
41194
10675
48716
21034
48221
1096
40969
18646
34165
13822
50573
36267
15539
14803
39935
22323
47190
38366
44864
52298
25475
38526
15812
1936
22667
18786
33259
12348
13695
9799
35768
12840
21886
17811
33528
12260
2743
5284
13749
4813
38381
10400
30655
40996
51265
40188
1765
26579
50464
36754
18946
50465
11180
12247
33888
23503
11439
37437
48384
35746
9455
37241
5058
15141
23497
205
13813
33931
14649
4181
31105
48862
15036
20285
46205
22836
11178
22595
48295
4075
9289
38464
25274
45671
45202
14896
17144
50245
16710
45343
106
43886
2181
28178
29850
52174
17380
28715
18469
7619
26879
37802
40257
50999
30323
43059
18087
31429
4669
6802
37675
22682
26537
48758
20194
26160
33004
9433
2720
46374
22061
38379
22067
44592
13052
25871
16766
5491
41510
2069
30082
27280
41843
52428
49644
53447
13661
49133
47834
33261
48323
45744
44337
23900
40589
7714
8550
34252
33837
4776
1166
45917
551
6044
5015
22846
19293
8341
26838
50040
14609
51477
11477
39285
46858
28294
7525
13572
31437
26381
52350
29854
18122
21644
50946
7725
25869
4988
230
6988
8813
6087
6697
20694
45660
10009
6344
1471
18498
21276
39418
22814
24
23691
21830
16316
42810
8048
9384
40191
28689
2417
17074
27791
29303
37436
11785
34524
18104
20934
4959
34283
7627
24385
50424
50153
48465
42068
33395
9456
38105
35016
51096
14114
9176
21290
50696
38795
16538
23176
31013
21661
46245
31785
43318
45760
26273
40528
24969
29775
10399
50031
49058
8482
15511
42552
51980
10223
35775
8690
18734
30244
371
3949
39023
7192
1846
19902
22785
15106
30557
21959
42303
27009
36822
19845
9726
32052
12413
51109
53860
39330
31388
38523
50309
30144
7941
51539
42008
21742
11828
570
44431
8735
5723
30990
51061
24130
46354
7093
50458
11756
52452
42217
28947
4961
4590
27856
5507
18201
17429
49719
40747
52183
19458
691
31762
25149
41455
30336
53048
51251
39799
12589
15919
40454
45770
20257
7460
11132
37032
15939
37181
42179
49625
17609
24216
44183
14214
4137
2289
27198
15894
3996
51476
1620
43339
33605
39963
51860
31258
23520
8133
52047
24819
48666
4923
28670
13149
32906
45364
40768
9163
5189
51252
21316
6212
49997
26488
20880
44820
42218
25290
24691
44670
11915
8254
48993
36291
32616
23683
11530
2713
12942
16703
32930
16889
43951
19087
44207
9071
1593
29681
25692
21524
44298
21295
38942
34593
7021
9749
20447
52034
51241
40910
31481
33293
20901
4954
49642
48959
16267
53566
25324
5802
45921
27015
44140
41178
1843
14237
41846
8687
36355
45998
176
52270
45462
50229
26994
28619
28015
52058
19670
50351
10888
20200
22416
46458
20181
10576
19759
5963
52017
49154
6164
40507
29856
18617
53899
16438
20491
11100
32699
39953
18602
30052
48007
15691
14768
6464
52136
23134
36221
31642
24507
10431
49774
9294
7738
11805
47443
43805
20273
8244
50374
1858
9379
41589
24943
33584
7686
7376
48563
241
34893
158
11169
224
19883
4294
42307
39391
28502
31123
24617
33047
38728
4532
42677
36140
4335
41359
42632
45309
31154
28140
53567
8885
4383
7484
32559
3369
15826
30405
515
1626
21870
45957
48598
48684
21305
16498
8402
22111
16310
53752
10387
34880
51992
33334
30748
44887
20105
41587
8521
32225
17981
43763
37184
29217
18769
7152
36231
17436
42000
14715
49818
46339
28324
10536
41009
14231
52457
48335
58
23333
37776
1073
38586
23671
12023
23133
537
47450
27343
15759
23063
10522
26623
38808
39690
53762
30560
34676
20860
11397
53678
21810
48896
35408
25005
47827
33993
47906
675
34082
39569
52062
20306
48152
40426
25515
25340
37530
52666
23227
11574
8868
31787
8845
34814
41277
19542
22991
4056
3305
22516
4232
16502
26863
27323
27965
32796
3296
2851
20475
38194
8548
53251
8123
12954
31360
7995
23674
51909
15483
15470
45061
17376
41602
35021
18245
48306
19309
11248
18006
36017
41472
47315
43674
20814
40351
2759
27144
42895
48727
25344
13514
19475
52291
21009
2745
1982
27405
52072
38073
53488
4000
30418
31390
35740
19234
14847
14217
735
4986
14085
8190
52596
15330
1360
28102
43558
22963
25749
46121
42105
23436
38721
20218
38894
8676
40628
51362
9921
3993
53812
21754
34456
13469
37884
18637
20312
21346
5690
46382
50972
32501
20308
938
46067
14208
18929
20852
2739
15789
37198
48432
29538
26408
37682
5134
46105
2711
40863
33780
48087
30595
38976
44322
11972
35582
11925
14567
123
35291
45682
131
49102
38982
25293
9182
24355
7228
4953
30132
19814
31196
3007
36245
45883
28967
2884
22911
22340
32524
19597
7812
35505
50287
30725
52195
2023
31358
9767
19311
47323
13743
17462
47876
16296
16768
30757
9467
10248
22513
602
31263
16911
10312
4293
19070
42853
42678
50553
504
14784
47852
24869
22771
4480
51598
51370
24428
47407
17084
9780
8727
30307
22164
21733
1496
30973
26469
12557
41527
38860
46654
28973
28866
13159
5143
10041
27007
13023
22087
39875
38514
13115
31772
42422
30085
12499
38457
52770
33683
7893
24680
