4988
1807
18783
50766
31545
37713
39733
4104
3414
2964
52541
18724
3027
50609
4266
37511
39111
18982
1887
49603
13376
13556
1784
9898
36944
43926
2863
13228
13100
50208
3590
46880
42328
52517
47036
50961
4286
4672
26343
43078
4056
48689
25759
3313
8136
25454
50195
13262
41682
38441
7092
26211
36929
24772
29510
48444
2341
42
16595
46667
18458
22937
4011
29519
36340
5038
50999
33379
49039
13906
40917
35712
50892
37810
33177
1823
38664
38714
2436
51528
32105
920
19150
43485
44565
29695
48037
37479
23263
53945
12362
25247
26038
24415
9572
38084
35463
13835
40532
50962
18753
14032
37087
33769
13145
5345
52993
35176
24505
18065
16482
34531
53348
1564
15408
40458
22758
43938
15260
43513
53639
9921
5121
38200
17235
38989
17626
15235
49755
22918
15739
33572
10289
39426
5243
40275
47685
2679
6315
16177
53540
43853
24392
37956
23437
39290
16446
31392
27685
1574
13150
23411
17978
46462
52983
33315
25847
35885
8581
44782
15186
9238
38447
52934
27339
7929
9131
35491
22904
10362
46247
18353
24973
24422
29826
20393
47630
5084
29609
8066
12639
39183
28063
33858
5002
49078
9189
45882
3764
27293
22925
3879
7251
39945
8888
50188
27457
750
25790
7565
12033
2643
46893
44027
23278
40605
37206
12712
25983
46712
6250
39987
7032
7950
10830
31912
34524
6213
29642
25509
6281
50152
50186
37875
51602
13406
43672
48557
47047
15493
20873
30269
16102
21913
29872
8079
12571
18893
10881
1466
16490
30284
34406
43184
22671
44288
36928
44466
39185
1941
52616
5147
26441
50469
13822
34742
37358
11085
22749
45731
22011
23961
22010
29879
36335
51379
49970
43738
44513
4076
52750
17999
38301
9400
42336
44309
42891
33384
16500
22716
39743
19017
23615
42730
46685
19184
44239
23382
23003
48641
25060
6188
33856
24597
24473
23048
50375
50225
26226
35847
13541
15794
36320
46696
35951
52720
48973
38929
26444
43803
36336
51819
33771
48954
36367
44729
11949
2038
12010
38289
26207
31812
9574
32759
29864
40485
41546
29986
32949
48423
35398
32865
10439
23596
40807
14961
1659
39943
23031
1214
3899
9923
31936
42391
39380
43891
32163
14965
50895
33727
15767
2167
50736
15909
48745
23597
18488
53498
4352
50008
25253
33074
22107
14981
48732
3512
52326
37226
27830
45890
51222
47132
50025
52257
44298
29676
5365
49979
5303
44346
21962
188
8833
16612
18746
27880
5288
9386
48248
3328
51294
46418
42592
8952
1547
16460
40769
43396
49354
5312
36244
15650
13545
18128
16520
9389
36469
37086
43681
10635
45881
47472
7738
24770
29565
5198
27606
4721
4218
2217
27071
33746
15153
42342
33425
10524
10755
16580
2170
33367
17715
50911
46200
39752
10614
48832
37615
23054
52308
46400
33321
43646
29805
2062
18632
19123
35958
25094
31994
13179
35978
8944
17355
44397
3742
30249
35982
15193
48041
6355
53600
51191
50157
18312
8164
24740
30057
12783
10351
35347
43384
1496
52024
20629
32164
48057
16288
5171
36993
24766
15857
18650
5263
43710
36499
46853
39840
12050
6620
39393
35570
54011
44852
47888
43102
7289
52589
40781
17378
16146
12513
9730
25607
4752
47962
13396
15150
17606
25757
17857
44447
7585
36636
9778
42310
14947
13224
2487
27406
27975
1865
47815
43936
13995
30154
23442
24371
17671
950
19178
37492
8316
33147
53967
47415
24645
42215
26229
21926
18960
16351
27520
6191
20505
1269
6907
53184
2177
33692
40986
1588
38480
40206
47640
18283
30899
12179
30420
44201
7049
8250
21995
12231
44206
8461
53949
5332
23102
9454
41580
50300
38686
24541
33025
15057
35754
29735
52302
51323
31102
13032
2047
19330
44661
27317
33785
18730
40964
35883
17075
16957
44814
3250
12024
49938
49053
7163
1111
31435
2384
1626
47991
6776
19371
31328
5315
35164
27385
49497
33546
8020
31145
22843
18670
829
39366
14892
43769
12685
46665
12353
32784
27936
10621
35388
33327
4262
1561
50917
33850
13739
29753
23994
7422
36346
7410
45815
50951
7110
81
36727
26190
40895
15195
24702
18704
729
53646
5380
52207
39167
12440
50106
23295
37969
15657
43518
20901
8059
3285
50452
35788
44587
42380
36806
44517
36956
45854
26088
11989
4780
43409
36665
27919
43306
31974
29699
32913
31086
15815
35931
23009
6974
15040
47336
17098
7120
28136
44452
52369
33745
52065
42297
42628
6576
9114
31057
47929
44174
36200
23539
49895
35972
6444
27112
10762
27971
10770
35623
5095
32938
27362
49411
7653
6581
34749
7667
50253
15444
12983
13088
49478
7522
43708
25993
40912
47915
918
30530
4107
26256
7078
39214
3378
38042
9075
52123
31147
15154
53891
17414
37784
37988
35462
52711
2684
30635
2347
6834
20980
42392
12869
36323
2604
9794
33866
47374
51799
12065
29744
9089
40247
13537
23991
8021
19226
24431
51188
22985
52033
8628
46193
33839
6750
45913
30167
13013
50764
39189
22842
4706
17853
13167
23656
42320
26022
12971
16830
17169
20649
7417
2729
9561
13907
50408
44340
31104
22618
43032
1160
27692
33871
33806
47138
40218
33031
824
38383
3177
27738
8827
4255
47942
18563
36041
44369
3521
15810
53737
52132
23092
2407
22657
33522
50875
6295
16143
4306
24715
42811
39832
50228
52455
51113
46485
43385
6792
31552
7648
2963
3525
33586
29909
875
46587
40160
12615
36435
39936
23280
31174
8281
7739
25425
17903
17462
808
35513
19418
51059
29824
8422
6263
46982
33470
17094
42505
29623
51606
32075
1194
10277
43901
16599
19253
1302
4166
1889
35386
46566
30611
19215
40274
13549
12496
12290
30726
9795
23255
35714
6623
15554
36875
25245
7480
36744
36550
33186
40591
35253
40117
16581
25696
50385
36571
4367
25150
30111
53121
31051
47614
18617
53903
13405
49795
13817
22724
6610
12396
22029
19196
39783
42197
13766
25769
2104
16493
26875
6612
25406
7141
40524
22975
52478
9762
16590
47393
42683
2339
51751
43557
1261
36352
16078
20969
51531
17765
6962
24302
29804
31214
38025
43228
39746
37841
8205
41502
23869
20986
1786
52068
42339
37367
37076
38121
19041
23348
49233
35397
48922
44028
10286
23895
26988
21917
48006
42925
3765
2458
4413
9873
8057
30296
19054
15227
48704
22840
3051
18202
22624
36789
16454
49712
43810
26020
6561
2295
27260
3520
47479
52889
24517
2457
23264
9742
30267
15125
32897
18504
46233
34454
36574
269
26569
29770
1051
52979
51565
7558
23491
4233
36889
52114
13190
10373
5421
1369
38679
49681
20535
32026
23105
18286
6836
43504
30667
49725
12149
31079
10965
24708
43806
14015
31251
39984
5240
7426
36303
1518
52206
5317
7007
15297
27629
5385
10650
39666
26048
15791
9731
30318
7386
11030
48848
7952
7188
26013
7979
48613
23971
7185
10642
998
26976
8244
10285
963
50450
40571
22659
39259
35603
49530
6221
15055
47213
27790
12455
23861
49267
5270
3482
37142
8985
6413
46874
38305
40783
39241
5003
18913
39265
48817
17279
50818
16864
7983
38424
23202
36872
41513
52451
35381
44204
23
7663
35728
3278
18890
1065
43709
5054
17449
51714
37157
46816
43777
12558
6176
40405
36103
31527
37303
8874
32803
3876
20938
23049
15369
35926
36695
44101
772
41666
34676
39313
45886
50262
3427
30756
30397
51725
25242
30185
20447
38993
18748
44155
19320
22557
22926
38247
48798
51055
52609
40034
53594
34508
15917
9856
13354
36518
4666
42307
40062
39112
18154
2190
21950
11069
48108
1221
38212
27152
36002
40496
37089
40953
12189
7370
13277
17147
20982
18903
43417
9830
991
27051
24437
43722
51075
116
49123
22151
20579
13964
33747
46218
35703
30862
54004
53752
25949
48072
21035
23476
62
37409
17795
15383
30128
50502
37548
12190
23564
32103
3939
45938
33234
17134
14924
17591
14904
14956
12263
38781
17823
12577
8408
47035
18157
12939
42435
13602
33507
52450
15523
15018
17419
18667
51691
33717
23892
9041
18829
52807
36496
53926
37724
46517
210
933
43977
40382
16075
49461
47086
31966
33765
31569
35916
10617
30328
23622
48826
35696
2233
2912
44487
16222
1775
38272
7029
9706
22625
48890
36268
49553
40410
26332
7499
41659
42416
32914
13326
882
25494
25378
17296
36604
17242
42752
25507
50731
8838
24671
44263
50201
53031
826
50409
51425
14913
46184
30117
43292
47883
24453
49455
24345
23374
38873
23134
23163
26443
4476
48199
9413
677
1061
41695
17180
24582
24815
39456
3958
32056
12617
23903
43064
25308
47285
25552
32061
15310
4197
47951
37208
46083
25575
15426
12591
47383
23033
47979
4195
17219
49479
4685
19121
16976
18767
42378
19075
31629
20429
3123
52939
36282
42175
30879
49818
29876
27480
46560
39955
47649
40199
8814
916
53714
50508
43480
43251
3078
41724
40761
47192
37134
26553
14897
53238
21014
4723
21904
38219
17433
52340
16984
36705
42882
35597
17802
12523
25615
3299
16812
9871
30161
36717
30715
17059
36645
196
41515
10925
25522
6403
22753
15536
1394
25619
17228
25148
8858
16609
15292
20414
51301
51062
15508
48420
38216
52408
42758
36509
37348
23645
13459
43970
25377
38151
24774
7155
33180
37209
3433
44767
12599
46085
26438
20983
44603
38890
16824
53708
42759
15532
46067
36099
36577
3330
24904
37630
33137
18834
17008
41727
19323
23314
15359
52171
8228
669
19361
32816
23154
48764
7930
6239
8255
52405
4964
15078
14943
42653
13273
44281
48426
9668
17703
28027
46763
14055
46709
9242
27735
31602
48684
33279
17191
8158
34443
3469
52565
48846
30826
37820
40631
36409
44476
43993
45817
32078
9137
53703
53822
30471
29648
37638
48875
53966
19105
16561
33187
9614
37721
44680
26878
9705
12311
33879
9939
4679
51879
1891
39335
25986
12760
6196
50402
47243
43
12145
40253
53496
9485
15748
52174
17417
42709
13403
25917
36032
1803
52966
27286
48130
35289
39727
8754
15022
44542
50358
22597
9475
43332
40863
17944
39243
51248
6394
23642
49137
12902
14966
33166
25327
21884
12638
10357
40887
51803
37606
4728
7309
13740
20396
52706
30700
21030
23663
31070
25751
52410
2791
24594
4043
38333
49879
41740
32140
27538
31797
17202
40569
20489
25665
34675
40480
17446
18571
253
49732
31911
38099
12188
21037
23545
53661
18637
51047
12107
25102
23267
51286
16299
31245
30243
14931
37318
25412
9824
14969
44615
34748
46107
50395
33228
46487
102
23355
4164
52013
31800
37117
50939
6153
10536
35880
6833
2189
49158
38782
2140
2278
960
52630
24959
28071
27134
52072
20502
31011
42764
40971
8029
25920
19331
17976
27103
50823
36740
20966
44524
20472
50624
1647
26513
48697
43998
50123
2776
17510
9559
43756
52294
22704
52228
12845
17915
32064
35792
36179
19351
24833
19352
1668
39006
50357
16080
15730
23932
50370
37535
48543
16350
20613
48030
35737
53228
36007
38687
10623
26245
36426
2819
42836
39132
50034
23307
42998
11961
50422
35878
32941
16552
53876
26573
42717
36266
5414
33792
48036
37229
22990
39156
29610
25299
13378
42580
12368
16079
27622
3058
41542
13109
28127
51759
52824
51503
26111
7265
38408
31097
15099
7196
32979
31526
25003
18938
42930
7392
2626
31431
25717
15733
42434
42464
880
26451
25413
6445
42973
29691
44105
46740
18755
46733
29658
6913
7863
4008
7759
50914
27032
48700
39490
5368
23021
53179
9899
19258
36197
1876
50136
1137
5293
18943
52190
35869
5187
8432
40488
11053
47050
7997
40732
9779
46983
46110
39899
7536
50771
2085
44089
37837
22668
31604
17405
17079
17735
51394
15621
11998
42945
43061
23362
24981
13881
30189
18686
34511
46669
36817
2816
30844
32972
37377
9759
36471
36603
9219
45989
9860
42664
29952
810
25486
42595
27340
10702
44699
26478
7593
42881
12316
9193
27037
31239
27116
9930
47118
22807
34686
26969
26110
38411
39871
15707
16085
26000
44208
6218
48325
12086
33184
29601
48960
42987
49000
22742
9596
45895
1029
13637
42822
8946
7498
106
23160
49319
2553
29930
49661
33773
38370
36540
53109
3568
45790
52506
53586
31599
31830
23368
32831
8117
17729
49974
3734
12658
39466
29711
44189
36869
40296
13600
15648
1250
35626
10816
44786
43171
1308
34667
35308
42263
12677
15704
15262
42461
27344
1493
43410
23253
25024
35922
25467
39253
8328
1062
50978
874
1568
18158
17264
31162
33169
13209
17379
26821
48092
3174
29855
31593
2446
46513
36970
47016
26477
43927
43536
46892
36521
50147
49709
36064
24025
30292
4713
50033
25981
7486
49992
35610
18693
29900
23006
47909
5143
18526
7482
18694
46512
43908
25591
9429
29936
44368
17507
8206
14928
40987
14059
14980
43127
52382
3116
36090
16538
37408
47001
4464
33729
48031
3248
36037
10985
25450
7040
29720
49523
41495
17248
25904
25987
38208
30090
23291
42999
15201
48730
118
50726
29944
43920
40422
12675
23119
7939
17380
9373
44574
33741
24865
5126
30480
7416
31232
46132
31107
13958
44153
24381
22770
49104
1738
8373
29619
53285
46196
15398
15160
19376
47816
33738
1770
35208
39451
42976
13861
8657
26422
4024
17333
29929
3221
16543
30755
18927
37356
48692
26312
13504
51834
44841
44773
15835
28098
40245
13548
44283
36450
43223
32985
25196
121
48530
35887
31741
12295
39379
36506
242
5375
50230
44667
40632
18905
43005
9449
37852
5354
36000
30609
48187
23490
48082
22857
38881
25078
5390
32095
37441
43601
14104
17593
13463
36939
35763
10468
45833
13437
44769
16112
6484
4658
49968
689
9859
6844
13673
1697
42704
52184
20460
17330
47977
29694
8992
50627
31513
17037
19227
40457
47451
36055
5387
33845
15703
44664
46087
19432
16120
17337
2787
32976
37032
15211
18173
12249
35298
46796
50149
21978
4160
40923
51054
43933
7524
43178
6541
40853
46771
1048
9815
17799
2012
25399
13501
47468
11000
1449
34573
43278
33774
53684
18901
3691
3736
35553
18364
37523
32796
24944
46588
25634
38362
31159
18827
35156
23623
43615
8351
43084
30013
40260
53577
50974
40589
26116
52117
6710
6625
33448
37884
46601
39964
33718
34395
53347
32854
25363
43969
42219
18732
46776
47160
27192
7632
46897
9901
4766
12992
22561
44274
6528
40266
46282
42254
8580
46910
36142
7574
35941
1565
29558
1256
1388
20555
1273
33040
17569
15701
4664
4149
20996
1215
20968
43664
36280
4232
21947
14933
43719
27084
36501
49826
44514
27534
15391
1573
8358
13745
29585
37760
53439
24938
42825
40944
31184
9832
36318
9701
7027
48672
48792
43164
17101
26580
1056
13162
2727
39060
30223
48481
12834
46620
1733
17301
53291
7052
9462
130
40057
38889
31790
21025
12791
36824
42252
776
30100
13604
49869
42276
33229
16164
15199
2185
36967
3305
