33111
7520
1742
15789
16854
4285
25053
2707
36873
14192
30837
3703
2473
4831
33835
32058
25341
25694
6526
22307
4626
10246
25572
30625
16101
8567
23422
25304
7375
29233
29307
8696
29680
28343
4815
39817
11235
37629
25165
11763
25789
10085
22204
6060
26593
1484
6360
32714
14290
11728
37970
3112
29484
34658
1292
28477
10457
37109
2153
7728
38157
40014
19791
23075
18855
18582
28461
38188
36547
35934
38409
10308
29872
24377
28083
32235
40507
26103
1150
5411
8563
604
5899
6026
26567
9259
34862
36453
38229
5895
30554
20377
38696
37495
22376
18060
31503
23992
33856
4111
6016
12904
27427
7200
20757
642
17375
4402
29998
35838
14790
21414
14912
35342
16633
176
13569
30280
26924
24412
2821
3039
2093
20148
37068
15533
39813
27542
33356
771
29784
6797
2625
36641
13071
3469
10652
23525
7410
38353
35362
16956
2239
6897
22471
35437
20736
26678
37282
3061
2796
30514
38087
9987
19293
18015
38137
10452
32728
16603
30731
11898
37735
30442
16134
39821
6374
29179
18591
29906
39755
11822
24677
22495
18668
30975
24132
16539
34919
5754
6512
15754
9468
21712
2981
21437
12835
12690
16305
34017
27981
38083
32175
34904
35220
31404
4042
32143
38312
28224
35699
20310
2523
32376
19995
30540
18759
24651
2904
16213
35012
16802
39171
21148
19767
20350
24398
25761
4415
31958
1158
21093
21732
31168
31009
26136
14499
30800
2688
15889
19959
24744
30024
7288
8006
17528
8847
38675
13309
32392
37157
14338
3177
40688
28256
21300
24749
5527
13348
14798
38785
36390
34043
25982
1725
1427
21227
2050
10016
18030
5583
24048
22266
28775
34516
30974
31912
15008
28135
19164
29900
25466
29868
26952
11075
9213
12209
32900
253
22553
12777
38456
23201
30633
4066
1864
34581
262
11132
17467
17268
5654
6630
18907
17234
21428
20744
8685
20277
6479
30938
13118
1371
24435
30648
24730
15233
4219
5683
19824
18886
3751
317
31130
1812
432
15955
38529
32858
35003
3524
21317
37371
14745
39737
19443
11120
34082
21294
33837
24380
3788
8540
40470
13777
18299
9903
7892
32048
10917
40396
15619
20831
9815
18994
29298
30405
32442
20244
29658
32807
24100
36548
1029
18627
3066
2674
15575
33672
16792
33471
28075
23265
25653
5817
10375
5505
17113
35615
5526
24278
3308
24032
31286
11626
29573
13042
34296
5302
29980
38176
13513
37708
5885
39719
531
37563
10360
30519
32510
8876
20688
17114
9902
30092
29429
40204
15814
22712
5394
21240
6774
21703
10819
23009
4812
26618
28797
13237
32620
20488
37540
24927
13035
31817
6911
15612
23061
9531
13578
27750
40343
18219
34883
7125
11764
36478
13467
192
8179
40104
20082
11419
1691
14343
496
821
40444
33983
28875
278
8734
5554
15724
10947
22196
21184
24444
14975
37325
39072
16164
4250
31391
35203
5449
6255
14949
8140
21801
5778
25530
19554
12762
22106
25819
1018
13347
35573
33723
30113
10629
35000
15817
26931
664
25871
4059
2180
37765
19220
17589
18398
23999
36740
8197
27597
7629
37886
36845
28316
3059
19965
40221
7446
33847
12121
6661
13046
27094
39546
35805
465
26010
2008
18672
13279
13748
10752
35084
2748
7157
27814
4494
28716
27955
11667
9492
12203
32810
15402
9740
3898
26854
25220
11174
34965
37570
34736
19851
27446
30273
6667
35897
6394
29514
17134
7497
24433
20451
36060
15455
38389
32652
3880
36507
19277
7076
28723
17237
3797
9010
39479
5618
5178
34473
29254
7444
4472
27989
5745
19258
31235
32395
31306
916
39544
14633
29820
23125
2817
16234
29578
39973
2110
10747
26887
36206
25703
24997
1753
17038
6499
28923
27210
30297
8407
3089
38037
18446
16099
30350
37825
6807
32765
15266
31395
2480
4403
35412
36935
6097
27933
10206
35275
11481
17968
8643
17190
6955
13308
35847
40486
4944
4878
40422
35789
20189
3728
11188
5291
3277
27032
21893
31102
18163
11044
17473
23190
17552
6941
27500
34259
847
23590
9476
8192
5843
5858
23450
23714
9812
14888
17530
23839
139
12770
38205
23810
4873
20346
7958
28848
28363
9233
31381
25568
21392
10239
28687
22362
9594
19990
39061
14588
33605
35819
11289
26165
6015
461
24402
15361
29732
22924
11345
20372
6116
19993
12488
11684
39352
4093
36461
2510
11653
8103
35483
8903
554
27250
21754
29503
1498
39402
5887
3169
24582
39126
33820
8842
10989
38358
1348
14267
27521
10458
18650
1191
37195
32094
32130
9311
25980
10582
38668
35609
22688
15261
12816
39552
23234
15333
27631
1147
12830
5662
29470
38865
19666
15685
23246
19439
20691
37008
32334
26390
33308
12742
4174
35883
27378
24021
9112
18894
32507
15652
3713
17655
35642
641
3621
799
26497
13364
37205
12244
20049
28960
5789
18068
19303
482
16053
31257
31694
20804
29099
2786
27337
26611
19466
19003
29353
22260
28598
977
9035
5485
35461
30896
37084
34524
34983
19569
30972
36926
31959
38776
39434
9081
8991
38786
3144
9921
33863
16512
19162
7280
9704
18750
35988
35201
38820
10794
13133
29397
25921
9658
15154
17493
373
33909
625
26068
12863
38888
21374
8788
27457
28495
29466
24356
21059
15904
14295
17203
28674
734
3817
32846
28017
38299
10376
38101
26691
6716
18712
22561
18412
26582
21988
27569
20344
26413
5287
40198
13400
15683
3999
19668
19361
10605
39891
17991
20694
39064
32461
39060
28644
9605
10385
22861
37685
4824
14447
21984
206
13176
22313
28881
13041
6190
14039
9967
29625
10842
16263
37624
2399
4081
15528
14367
32627
36215
28613
31160
17084
26824
27117
37453
11127
40616
19705
16565
27808
32915
19619
946
19454
16260
17821
38388
33293
29209
1204
8191
24254
16245
36466
30402
2171
20619
32746
19418
15385
2613
16514
37859
25358
15827
32135
35725
27049
40576
25150
1218
10177
39267
27074
39459
32384
32267
19899
21319
6982
37757
12988
12261
20171
16277
26356
21796
21230
10398
29423
26702
33010
13596
20287
16445
11692
33631
17688
30878
7071
10672
37794
31117
8531
16675
26267
4449
10823
20991
28571
11323
12736
19138
21187
26459
19053
9225
33340
23963
25186
28538
5346
17631
12223
35976
15517
28054
25561
35908
20169
28738
21900
6469
4020
182
13713
47
36791
18239
37051
26839
5581
19249
33532
14698
9553
1085
25157
22137
14741
38623
17206
3605
7637
31823
13148
26350
24354
17327
27809
2151
2644
27995
16955
19082
6654
20312
18851
4029
7649
34829
7910
40511
21060
9863
11932
534
33533
13844
40689
38510
684
11577
39097
737
4008
25101
4579
35947
4931
14124
20712
30602
23667
39749
3533
18444
20213
28843
26798
11019
33768
39644
6249
26489
19379
26253
12680
27477
3307
10674
39951
6915
34400
3947
681
31014
36535
10164
12194
9277
29327
30136
27880
27973
34770
40480
28182
32248
9046
9281
17130
31477
23266
24502
23611
6626
13389
8093
12595
8195
20282
17707
36536
29280
38575
39540
35651
18103
4727
39770
17546
40203
14022
26712
27021
21975
39367
4554
3057
28948
22498
33679
33991
32864
13651
23688
9381
14573
7896
30017
15568
39782
37911
9163
35228
8398
31934
22237
11550
20506
18242
25680
31358
4200
13442
12991
24273
4328
4482
35828
36082
5486
33900
10683
40552
27641
34074
15821
2269
31451
27377
40466
21803
29624
1012
22453
39154
9542
32650
35339
10739
13630
4784
30065
35294
12235
17213
38612
957
33200
24558
15480
26446
27187
12468
29079
37087
1899
6096
784
7848
28137
11449
16156
18456
24375
27270
12763
16116
24845
21037
33456
18962
10556
33384
5635
39480
5937
1662
1622
24679
5776
31897
14596
11210
31353
34309
19687
15359
36928
38720
35617
10058
35065
34515
21264
18117
7689
7203
16098
1082
38488
17903
7608
19011
2243
36797
9957
27877
75
12380
5053
27151
27041
9768
9956
23939
20644
4087
36100
26679
1703
2988
24716
9734
35328
8097
36851
17103
30568
39465
10358
38543
29990
38236
12612
28227
18341
6849
36269
20178
5908
22326
19900
9786
25728
40038
5029
21597
1840
22524
30033
6860
7133
30530
39225
8161
20590
20248
29462
35420
7177
31594
37741
27348
3984
29319
19540
31435
17347
2704
596
19874
25480
5424
14168
35626
28117
22454
9162
26540
40300
38003
9306
9189
4145
24554
26183
27452
18706
4836
12394
36847
17664
19006
26161
20425
27349
37435
20305
34673
1759
18278
12513
25628
38096
14665
1328
19407
34522
37795
26208
1813
6650
9290
15210
29697
17267
12527
12556
4879
17541
20420
23812
14841
19513
12804
10914
12790
4306
4859
40526
6560
30744
37745
35949
9417
18014
21927
21773
4508
11131
8470
11581
11680
31432
36018
21229
947
29623
24463
2697
12947
14632
24809
14055
1346
34732
18911
36053
25513
11551
18506
31528
32528
12393
12744
1268
26893
33166
37996
10657
19506
31883
10547
19732
39615
7701
11255
24594
15526
38974
4782
21030
29766
32041
33216
39416
19983
39800
38539
33770
2780
1431
12309
24557
33268
16889
27491
570
40073
15364
20050
3553
8061
25723
8953
27535
1563
20043
13325
29683
39410
32771
155
21273
32515
12861
35930
13257
28872
26427
30556
35835
17651
19279
28014
32183
40696
880
32158
14583
9177
4242
35043
38153
10782
14255
40797
28446
568
29927
35385
33075
7179
2029
5065
15953
18831
4368
21322
83
16827
8615
17488
38386
26737
34558
34222
18319
2074
29159
1744
8146
40698
11669
14311
22913
20792
34711
26375
35588
20364
38281
39294
20990
40742
9803
26982
37836
14646
3850
4259
4783
24726
26070
2021
8584
12950
4821
23951
13518
34293
27157
9687
36284
11694
39923
5584
18170
5898
18830
7806
24028
34302
15312
31482
18235
14737
627
40754
12451
14715
14501
4715
30851
38429
15483
32519
36438
4952
37585
39602
15135
30658
13287
14018
2584
40411
20483
31198
4340
3529
27454
30764
40116
22923
3623
9591
5229
35721
9534
7173
24551
6450
31129
25479
16448
16051
17413
32708
6943
3515
24036
31963
26753
21282
29861
39964
35430
6073
35866
23779
24724
290
37783
21930
101
15971
17715
15525
4885
19094
28122
19697
26553
37808
5142
11524
33593
13170
40681
38989
26894
23095
14376
40496
26889
7142
4379
32991
27961
22102
16715
29712
35582
35966
5348
25712
30853
1822
25057
17936
19762
33756
16723
7915
18813
33201
13527
3968
19308
14164
19650
35537
6777
38943
2524
34836
397
6502
34459
783
13341
4795
8264
30994
