426
8249
3507
38269
16835
12225
12124
37145
25759
24776
28979
19722
39182
20613
21622
30190
4645
40089
17479
14199
35706
38751
3380
929
36611
38728
19840
36152
40325
25454
4233
23342
4605
17474
17575
24130
25130
27234
4597
243
35252
22283
22696
39784
2507
31467
6461
26552
3225
11895
15597
15324
21885
35396
37937
39629
15465
38500
37258
19527
2592
10414
37513
12606
38394
28625
29892
31857
34989
31192
21370
1373
3833
10047
17216
25245
4852
34353
35401
4607
22116
20682
9196
11765
9
22766
16016
16501
6075
31564
5982
8150
39201
30175
20603
4576
39886
32825
16855
26886
22530
7542
40083
23928
10343
26671
34718
13816
39621
33733
18293
39945
10919
39139
437
14249
27305
4840
9851
35307
19681
7970
7051
15429
5129
32693
6891
18802
17533
22005
29311
40243
5797
40150
25059
16267
1564
9695
9937
22837
25884
15504
13499
23307
34075
11207
22901
7890
30500
7643
13448
16252
32155
19221
32853
31690
16971
31489
36631
22171
32492
10249
37104
20422
4747
21275
21650
10612
20403
25798
27441
12576
6085
19129
21755
9955
5877
21916
2624
26293
25914
22028
28369
3103
3204
4962
32374
27551
21272
38470
15213
5989
33412
40626
12971
1902
2800
2046
3589
503
14203
35806
30126
30935
10565
37433
11876
18223
23842
36259
11078
22667
25441
5025
728
1222
2797
33788
20813
30959
10372
3004
9905
17576
10304
26810
32984
1170
27139
14187
3678
6361
19047
23025
35756
18790
7651
29601
21468
19188
23031
13680
32028
27967
30348
35938
37496
12343
3920
24449
11539
20751
32444
25953
1553
40491
11560
19043
32476
31308
3325
12137
33073
32460
8360
24110
32307
37277
34994
26490
32137
27996
32496
38711
18298
27123
3431
11920
15367
20903
5443
5931
34861
14523
35305
31874
9683
39855
17015
25408
27923
10983
27740
24595
16597
31793
23716
4309
12433
35150
34392
34772
16697
26082
37625
15123
12591
19078
38724
37712
13585
20811
18379
16807
6532
30474
6737
24101
20345
20568
34415
10033
37066
16948
33587
20698
32698
5863
19106
511
2431
16566
2689
9262
38583
25935
405
37241
1351
17632
3622
38602
13786
22883
9568
28386
20855
38194
23608
18515
20144
35880
6319
34417
26093
30522
35529
37908
6040
22733
7955
17504
34332
12986
22043
17195
18583
39166
10981
4642
19823
17738
35720
33486
10899
23684
3837
39445
23064
24288
2957
16067
3196
36750
2177
26076
6707
4332
10849
2443
17487
11850
18161
8798
14946
2124
3878
23218
12213
34248
20915
19575
10497
34694
11546
8837
12538
10380
39684
10446
24795
9992
3302
39027
6714
2604
759
25790
33039
28028
35669
40734
14276
29414
4814
12267
24909
14122
32585
15305
5284
1286
11770
24934
4875
31762
7150
7026
8569
38754
8522
36360
9034
6207
17503
7924
2088
3048
34781
25420
9067
3922
28027
4456
5827
20860
28607
9341
38759
27182
14083
12423
30356
7371
8388
29288
1368
13675
31812
34909
7551
22639
24192
20295
26247
36109
40093
7493
35164
19140
16629
14230
4004
20170
18989
22287
21776
38065
8955
40140
30608
21536
33794
26923
10778
34971
33434
13740
15170
40845
34328
23060
39046
14261
30109
24674
32836
33866
13195
13774
25083
2479
11251
6962
26880
34316
17395
23916
519
28605
31555
16233
14545
25676
11580
11772
29171
19580
23728
17123
26127
38955
16243
20308
37877
20052
39149
8274
24264
35562
29859
2000
4143
22748
11047
25784
17880
25821
351
15383
2242
7939
21949
33600
7529
2186
11305
15873
23837
19852
18113
34547
37138
25565
11819
14789
9086
24084
30690
14215
2938
30704
1295
144
661
39087
3896
4181
3548
35025
16242
33127
14477
36135
33363
21175
558
29417
19830
31158
29898
30788
16964
24245
11801
35965
4295
38967
37174
38767
2187
30748
23101
8544
28328
16030
22944
30783
13741
22423
39872
23391
29270
32140
2946
36617
35444
2329
1314
1641
30563
3280
6641
9343
35244
9096
27700
20623
4199
29614
36182
21083
13574
10421
30685
10826
15515
18882
38739
11937
16141
2896
35602
29800
25941
16861
22025
16474
36501
17710
7500
14716
29611
7413
2531
34326
11990
832
29038
39193
40305
1319
27343
691
30214
30438
25583
17331
27637
31105
36468
40451
4342
18808
17398
24886
3512
20161
30915
3771
29734
29062
7690
5918
36715
28378
724
28673
12693
32062
5852
36752
12146
11015
9001
20214
17485
30572
10911
20288
16211
28698
1713
38034
3404
15178
8896
11403
21105
34603
30085
28447
24363
15626
33897
5565
7864
25104
2150
40096
14114
5001
26536
32520
25135
34035
26660
27644
28193
37035
27331
20414
13744
27506
8289
29606
39707
40674
14660
12005
34578
14461
7301
12984
28099
25267
29178
6686
25293
2118
15643
24282
14969
158
2529
25247
13222
7655
1370
30102
8288
13860
37622
12403
3501
4146
6640
25656
22182
17197
29647
18209
38750
1280
3136
4049
27054
34339
39079
9443
13750
9382
20610
507
24353
13342
1324
32014
1960
39882
5400
35425
15663
39232
14629
40332
23197
39307
4854
2829
40349
21725
2520
27869
28543
10952
13068
6410
7548
13358
9397
23290
2097
3739
18114
6260
18317
1627
9461
16659
4092
30148
18713
39511
17282
20193
4997
36756
3006
14525
35183
25388
2331
24419
32268
40334
23752
2915
3446
18501
7464
23055
10808
1134
21896
3890
30674
4827
39830
5344
15089
793
22321
22298
19796
32943
7566
32136
13930
37393
34199
40341
13150
30266
11620
16893
24103
8649
32512
12340
37023
3568
39619
780
40816
3343
11921
30196
38214
12271
18736
16202
3075
22008
352
26479
34195
38062
27227
20689
36942
12236
8523
6465
34679
20087
21485
12532
37271
17050
9549
12024
33906
5954
39980
22331
26856
29258
32188
4618
34856
19331
36645
28183
11520
17526
30988
7235
15254
24666
31136
25179
1585
37618
17077
27486
17447
19636
35503
10969
34085
4613
40122
40314
11331
7685
5139
28503
38202
24944
21545
8952
18986
23750
24577
36251
32240
14237
23927
9264
14879
15014
30308
11072
30181
25021
20573
11766
20876
36255
33108
22153
30462
7456
29048
39667
16455
1362
35901
28624
31048
7293
5219
5891
37758
22912
30617
29176
19803
12101
34533
23476
33125
32838
15448
13246
20455
5426
39206
37673
9069
18438
6852
12018
40119
27035
15697
32146
10175
30799
9305
22891
21854
38264
27547
4899
32193
23792
16527
39987
20656
31315
32167
34240
24617
8856
1041
38870
12025
27969
7272
40652
19484
21833
31903
166
32533
21689
12047
10223
20768
9963
12751
33995
1302
1692
14739
26543
389
16719
10050
35686
17369
24294
24625
16027
39979
362
4021
36452
8975
1946
10292
8596
28457
973
3893
2279
23005
24559
5364
890
12724
21072
3121
12007
36301
12104
30646
7489
10978
39554
358
26518
1766
9450
26465
12999
20602
37070
24539
40795
37464
31064
24073
11482
39369
28347
15492
29762
20910
13436
5586
23672
26177
3814
11873
562
21458
12911
26953
1287
24635
32425
39253
35068
25400
20636
35216
27256
32688
31300
8654
25128
9837
38321
39453
24371
26153
19551
17283
37779
16309
8187
5717
10613
22681
4808
21537
24092
19192
7545
13754
28189
8138
22044
24127
14462
16578
29879
8888
28229
31921
12758
13646
3612
34160
7510
33044
20462
26458
27600
31177
20185
38138
19524
37635
52
31417
36680
1547
1931
4372
6198
29708
35098
37674
38184
26797
31303
19265
32750
12771
23363
13925
32896
3781
332
36984
7654
5625
26201
34439
11701
30787
37706
22961
8671
25556
16382
15172
23132
38763
677
37638
22910
11377
16526
26837
13190
19843
16760
24895
27447
20810
29798
3143
36487
676
11191
1192
33796
5150
32212
17040
13460
7181
35264
35620
27647
11093
2319
19283
78
29283
37287
11118
3652
33214
34487
16695
12214
2035
19728
6351
29521
2009
26598
39258
39388
28106
5454
35399
15481
14634
36140
584
19836
40269
9471
3830
19420
40382
29583
32228
4317
35208
23950
18091
35803
7077
16591
31154
29824
6884
31804
12272
26492
6603
3163
21354
33083
24790
7646
34152
7584
4513
16151
16162
8925
6086
29560
8104
10563
35950
22346
19296
10806
13080
14310
23906
16720
21155
33106
37498
26896
11774
29907
11602
24341
32748
1119
12857
10417
2174
24473
31743
1925
22081
6266
14194
29920
5388
20982
13668
3164
39993
38743
17466
189
33277
37210
12008
5731
12537
36552
40702
4505
5087
23734
40110
39043
14421
30575
3347
34197
1378
16524
26069
38757
15965
18531
18642
2367
1050
27083
5611
31037
14561
33445
29884
26645
9690
10934
5026
37962
5884
15615
14023
13953
4615
2633
5290
31150
11252
29748
34188
16145
28648
36832
9172
22186
14104
39679
1962
19583
38254
18899
23680
13515
7822
11665
9978
22223
21149
13989
39477
24777
21278
32570
28396
33611
10594
5538
7126
21903
25697
7980
30640
20408
25614
36224
27078
17683
37410
1282
1682
26278
14668
35625
25288
10544
6413
12886
15310
29463
10686
18943
22403
24719
38589
10140
33884
12132
35465
11259
34285
39415
40628
3519
14064
39146
9830
9459
1778
17588
31803
1953
29180
16871
23318
31097
8786
1884
36520
19768
31336
5355
8339
21800
15009
27076
17897
9345
9853
3808
32964
13066
3632
32951
33690
27546
31561
98
9877
26370
30147
24097
15399
4432
30653
28154
32305
3487
10347
40659
14152
2193
40265
37830
28662
14792
6099
14829
26779
25862
33960
27904
7527
17917
6999
29046
32286
28724
17078
25579
40250
5293
34545
17989
36747
4553
15579
173
29959
39333
36160
39047
20871
8688
33661
39935
16612
27936
32300
10305
29711
7648
20517
14516
20233
5236
334
34530
14090
17962
28652
24337
515
20730
12424
23585
34920
5352
23437
40679
38513
21932
16061
10284
31079
40067
14006
25646
31193
37812
26627
8228
17777
31829
469
3218
30276
38841
33508
27615
34754
12584
31323
21708
17960
18402
33564
22061
23317
31362
34778
28144
38563
15774
39241
1999
29148
1777
9246
26246
14942
28623
24524
33022
3620
8663
22580
12562
29019
20252
9479
32567
21898
37729
68
10315
30027
40312
37278
35010
8485
12221
31068
16962
38653
15325
15100
19089
26391
7639
16712
21715
14521
22375
27467
2304
787
24428
28748
22602
3293
32733
9719
2773
11519
25967
35197
33049
14846
31351
25510
38992
23669
29608
26116
34001
4064
28665
23289
27925
24263
30574
12363
12920
36771
10036
7104
21049
6171
23896
38072
3258
17994
159
22294
10907
5455
19808
13484
29923
6616
18090
16132
16549
16793
7604
29004
4177
34835
28627
29326
21609
33092
7653
14436
26514
36821
21805
26956
30559
21255
28877
19915
7046
15950
30831
29219
28078
14410
36676
25085
7921
28643
21165
7079
1312
35563
19311
30039
36491
23188
32513
35771
33930
40266
1694
37725
23215
1690
14894
35279
31549
21713
1543
26805
19912
11685
31619
26826
39745
6162
9276
20498
9739
31298
26168
9519
19336
40401
19691
11321
7068
15684
20507
11146
3636
984
12094
24866
36542
39941
13387
10520
25813
2380
31032
3383
31761
15894
756
30948
30539
31831
36652
24645
36705
20974
7621
5438
2947
3762
34418
19286
26498
34357
39557
16483
29961
15161
30262
18297
31167
22657
39233
6765
17791
2737
16880
2661
27439
12318
15628
20260
14777
35909
40809
20079
40172
39292
17577
19004
16073
20607
13204
38631
39176
28421
36013
32480
6895
32532
30811
40739
24413
23352
22178
16800
19574
16413
24040
36846
2883
10445
13284
6330
14243
16981
33732
29135
5999
4880
23821
28480
35693
17211
15051
8022
26971
34749
13156
31106
8051
37039
34431
17691
4370
21201
38253
27940
36411
35863
26135
12653
34730
10147
17797
1172
32987
12368
10095
37677
6579
32428
33460
26680
24163
18252
8553
29268
11017
11768
15462
2414
6216
39163
31183
17871
10505
30204
16547
3115
25687
36734
17794
4545
23002
7778
30094
22555
1715
31617
1023
12171
32022
5392
1804
18094
28555
7373
116
4710
35904
38387
1843
8724
5705
9169
33306
22641
12081
28068
6284
29527
21039
19686
7437
2077
35695
541
26711
40658
19205
19751
7885
40309
14666
37057
381
18978
28444
30480
35983
26284
19980
26730
28756
833
23319
34366
11037
1258
33485
28759
3303
4071
38908
39904
38681
29653
6406
11907
8899
25000
33386
24815
18409
5623
5386
11671
32831
903
23931
31840
35917
14369
31231
22631
2993
1660
35323
9255
8457
35101
15783
5632
20964
6041
21107
17679
40227
36239
23668
3915
6687
2071
14619
37462
22988
13996
31099
27639
8248
12444
26591
8646
17893
24436
20147
5590
30660
7357
37438
37032
3858
39599
37550
25137
40271
26638
8797
28964
23496
31501
28462
5930
25205
8363
40420
32544
28522
26271
27333
25116
14971
32691
9557
10895
1278
7459
32997
12854
10234
18541
10973
25661
36374
18507
1990
38475
19812
16471
28282
27252
20204
10430
7324
8795
17809
1455
27629
37948
1198
24347
35674
11736
28112
13075
20466
11807
20709
31125
2271
33452
40429
10968
8024
3250
32885
23622
27616
32441
2576
29543
5596
8804
18284
17643
11469
4692
36030
22608
24751
6718
25492
23073
28345
14704
6076
34733
28434
24698
31475
40374
35374
10425
35002
9388
21126
9543
39242
36365
11134
40708
21730
6698
6310
5237
33831
15791
5840
8624
28498
36541
32073
19858
32207
36648
11272
40473
13671
32848
37481
29700
26231
19738
30582
1704
31502
11678
14902
24930
19610
15434
12706
19718
20942
16105
881
20555
22019
30284
33067
7069
36133
39678
6272
34397
8156
32001
12454
12817
15940
29627
18132
19160
38732
27774
4239
10066
17704
2321
13393
35376
28893
21693
1311
5638
14321
37980
23763
864
731
22918
40433
22133
22603
21055
30479
11311
6359
17449
28210
25799
9480
6498
23621
39982
12927
10120
37969
24301
10383
35045
38887
10730
25012
38522
14381
8042
3304
1970
20794
6263
4376
29403
35427
1595
31480
35915
12354
16548
19864
12339
10530
32738
263
9597
36668
24087
35120
16015
34161
8511
30524
34089
21764
11859
11707
8677
16342
25129
39977
6542
34286
28932
16024
34875
37456
12292
27583
11746
28057
18619
30693
7525
30528
34411
32942
14437
2777
12800
25902
27856
16809
27178
38562
5111
2566
35435
18260
3107
39651
22215
29570
38040
28190
34849
31132
23053
40490
35310
17693
8593
27129
36877
9231
357
2882
31929
29692
22474
20183
10250
9463
12412
21914
16561
8287
14756
15949
25816
13334
33096
32886
28021
2469
3432
16397
1056
31141
25645
8237
1648
32579
22363
383
21763
2084
18190
2869
11148
614
34897
31359
24304
1209
17763
4953
17801
6513
1935
22402
33338
39910
26750
26704
32521
6156
22154
7144
29642
26461
14069
33100
26634
26337
37320
15779
31441
37447
29649
20441
38533
16107
32224
22312
37165
10562
40758
13553
8849
37898
3188
11794
35548
35627
28802
20196
7172
12810
14593
36145
23956
15090
21007
35107
2432
26074
30823
20034
14697
28588
18271
17536
31452
4226
34080
15780
38078
18970
34307
19848
38166
10270
14077
23388
21727
33637
37122
3780
28686
30604
15617
27257
20253
3549
9066
14677
171
38769
7699
38458
33595
31813
8337
3465
15453
9107
33309
31175
553
15711
5062
6181
38735
3958
8884
5241
39337
14818
22810
10436
30930
16160
34534
19085
39774
13361
4813
11119
34504
8416
32413
34214
19128
25643
22790
38781
40236
39775
23962
27214
1672
3517
21864
35386
27998
17070
19708
27116
24217
19661
38726
31035
12136
23123
30826
7768
8548
24921
37771
13739
7936
23039
160
40079
37105
34084
18988
35813
2107
23823
37791
31608
8507
37555
17856
23205
33095
34617
8641
10051
30991
17751
15396
13472
4746
10719
38639
32241
30040
33024
32485
11917
4989
35170
19929
3235
7190
35455
31207
24901
29224
21114
29596
16594
3640
33771
4005
19753
24938
31871
19159
4060
6883
23160
33883
36447
29828
4659
20334
25038
26059
14
30060
40163
7309
583
35958
8632
22791
17002
14058
14190
34727
35368
36094
37839
39038
747
10976
17806
30963
24739
23534
37418
19076
30701
3756
27746
14896
24738
4864
36754
522
12668
37295
27962
33660
37164
32702
7308
8080
4947
30149
29705
36690
39050
34253
6113
8399
4954
27154
33684
6258
24085
13143
6753
25553
28507
26152
37482
22354
7596
36800
7576
39614
10105
5084
36997
26550
17453
18949
8538
40225
36525
29630
13183
34561
40656
27706
6471
3921
5555
33823
34133
35664
6054
3651
25229
26130
11335
6474
9809
34785
3647
36778
31842
22599
40222
28826
21031
6799
28283
35233
10835
12905
12299
38844
38433
15991
33230
25124
22978
3087
18311
15360
1089
16679
37052
6320
23847
22691
22097
214
17170
4883
37505
19263
9744
4302
12425
27728
16641
7793
35495
1186
16251
21027
1677
33143
14278
6259
25674
18386
2257
828
1026
10324
23964
27497
3038
8188
25333
7194
19380
4276
25387
2385
3407
2643
18612
33826
1065
30097
38336
31924
11567
39687
11347
7972
23498
18689
12925
36297
2167
7152
13814
23715
14463
15078
10431
35035
28161
37434
8001
31462
37019
37134
29829
35206
30548
37076
33870
19726
5097
17620
30003
34049
33956
33965
33530
30858
24729
31688
2622
31984
156
9620
1049
35019
17351
1035
22086
39076
17627
16654
25064
27228
17816
25429
18727
9325
36138
40157
27857
8592
24427
21540
5807
394
20795
35113
9743
5133
10419
12929
8114
1535
13492
21883
40655
11383
12750
15303
473
18838
31076
2834
24139
28810
7867
26860
36878
18797
1095
34443
24817
19065
1726
23003
280
638
37459
40761
8479
16150
1723
21020
18111
15587
2574
29433
6709
11124
27160
24995
34912
15321
39592
13021
15598
4978
9080
39929
38209
20064
16626
16068
7798
3687
13371
14861
40181
25078
26404
3402
30172
37875
34145
4098
26158
34464
21774
2247
32632
6301
21035
37389
350
420
32893
40253
38058
15835
18332
4694
24422
10534
23794
3840
35156
26223
8234
17464
24950
40694
10908
38401
38693
10771
37128
27502
6676
11663
35839
40457
16628
30307
18098
23743
25699
39529
10409
798
25886
33647
33438
26616
8974
8400
28310
24471
893
26129
27093
33804
5766
6240
34492
18801
38466
16029
23558
36959
28747
38298
26175
18889
31773
472
38756
9134
18041
21047
30611
4504
27244
11266
34953
21204
39568
19130
7796
40015
11491
9464
12972
21236
2483
2614
20650
14546
28209
37146
17191
33800
976
36765
6488
39553
27072
24643
861
19434
15141
3618
30771
23552
735
31752
10176
33583
2415
39195
28565
34449
33055
9376
34773
35058
8598
33627
25095
29153
29014
18560
13997
20125
5201
19127
10803
5313
31086
10222
40076
26198
7954
34845
5186
15758
7478
26046
35644
1611
13711
324
37697
8247
32328
24897
22925
34350
33070
19819
9498
27908
11888
28074
25032
28067
9318
5171
15443
6775
6516
19147
26399
39438
22985
11178
5981
16528
9840
5160
34550
33126
30427
26526
36882
23046
32663
35824
6139
37369
29330
3269
35290
1304
19586
28176
29464
26300
33622
413
4590
15088
7412
32166
8053
5872
14706
29297
16777
1293
16365
11751
12878
1044
17064
8976
31483
39912
18186
5192
19520
6327
19913
11802
38547
39635
9880
9103
39715
37964
7244
12342
11327
21530
13551
20695
36218
17613
6482
16004
17388
26313
34935
38374
36983
7578
4318
39168
11711
26110
29121
23439
37574
8717
15745
36488
21619
33074
27983
14103
16462
28134
6733
7008
9076
40261
30512
30609
28118
24107
2440
36337
5503
17256
38595
28592
36174
2540
17177
30290
4719
8973
28293
29143
19970
32127
24373
19207
17735
25861
14552
12682
34801
21686
11094
1069
5189
3901
9816
17215
16779
38958
10897
36359
19472
16607
40607
1381
15629
20132
27905
35670
31151
36038
33427
13686
21431
18660
24066
14886
878
3189
27071
719
34629
25412
3283
12328
9298
30103
26392
24000
11128
32265
14908
9503
20117
12628
26872
11088
1048
40061
16391
181
23088
11102
15227
6338
17417
39638
842
39303
19451
31999
22430
25993
35146
18692
26959
9608
36838
14768
34838
23708
22469
7317
19500
11549
7197
26808
2311
20188
1342
13537
5548
16097
19302
14723
12073
23505
30873
39825
3255
24782
3551
21001
1912
15117
22392
26820
23118
10057
5011
17491
12254
20662
2933
16620
11582
37303
39148
9788
6244
3782
10758
11302
27219
12084
33115
2253
38438
33275
28539
32508
6825
5864
11523
29140
13918
33879
12334
14996
8565
31187
13261
10004
11126
13634
5719
21253
22823
6021
13294
10876
27650
17124
805
40274
17731
218
20784
9456
8481
15975
32575
19152
7871
36772
11384
30526
40248
38183
28857
32190
24269
28033
9707
9999
7278
30710
31095
30332
9055
990
5051
34497
30406
20454
32389
33645
27501
8206
8625
33703
25159
6495
37696
1987
37889
3151
918
12707
39428
37682
40706
13868
33698
2548
29699
25972
37806
36232
13146
28317
18279
8898
1179
32482
32755
23761
13322
33945
31728
13600
20360
12289
35954
26057
29220
25189
29174
10785
15910
33730
18327
25550
26947
17011
39189
15189
34228
7202
23809
1868
32435
9025
36213
28254
27722
39053
14320
21627
36537
24361
36657
30679
32719
33416
26053
9361
6440
16443
4283
33029
37873
28938
17226
39085
34493
22018
128
31397
22982
5470
8647
17315
36425
26542
11057
4483
21628
14250
603
38973
10295
4780
35242
14607
18285
22939
1372
20981
18609
37075
328
40174
32777
29476
28726
25142
4909
10641
35881
38146
33488
17079
129
13736
27791
7277
2026
35679
24659
11415
25619
28383
39080
7162
16585
30795
14854
23781
30483
36905
28832
31279
25355
1698
34975
2322
12858
35363
39084
22303
8721
6992
40053
37946
3575
8509
18396
3982
5748
1220
15851
32637
7236
40354
3132
31993
9920
35223
29444
2895
36706
28157
15294
9204
31116
17833
24454
9484
4862
8041
39073
9507
35684
1383
27249
7319
10285
14136
29082
32467
37203
27034
22410
15776
39921
17448
37790
2002
33032
38104
21242
14008
22357
17498
34070
14319
15595
24532
19555
17480
21078
11945
20005
14808
35369
32868
18039
986
26025
15319
38926
38864
15610
7430
1736
18215
3318
32952
30289
17584
38758
24193
16943
29845
34102
11463
26094
5042
21323
15640
25629
38976
12759
5563
21812
20016
36767
33599
27443
40788
39107
23685
17020
16598
17571
22787
18524
2952
25887
27196
36125
17703
37234
37422
13489
6670
21419
4399
5928
8215
9422
40447
21472
28393
29322
19611
3259
2068
22584
30565
27148
96
4268
6480
22217
36399
14685
16774
39548
15218
32617
10931
14875
29569
26907
14169
19947
837
8617
28248
28667
21976
37478
25403
12460
32260
25448
23159
20436
31630
25969
27541
22360
23486
24492
27301
15205
6764
419
8121
24871
17232
30335
33439
8480
39938
32007
13631
18726
14102
24593
9631
37331
33848
376
5825
31666
27766
26100
14708
30808
15006
11965
34182
24819
21535
33377
4279
23295
19244
21237
418
12140
15045
38317
40747
22064
9846
28941
30391
33413
8073
18011
14528
14703
37515
32471
18721
19237
38036
3365
11645
32820
34011
8007
36275
22251
17923
10153
25187
9760
1870
14616
36032
13730
22840
365
38816
10827
12903
915
17852
7101
39068
26814
15251
5353
34157
4555
19458
34421
24856
19142
11436
25305
36518
21004
26545
32998
16829
18058
5644
