1526
9258
14588
15857
23730
24962
14127
7946
21662
26255
5763
17077
3569
16307
3945
24363
10774
5339
22042
24193
24202
1042
8498
24494
6571
8576
24680
13270
23474
22875
22360
983
3734
18785
22485
1530
11045
8809
21728
20363
18675
22230
23378
5399
1151
9143
25225
1109
24913
10786
21429
1490
7803
5454
14566
19395
17558
2669
9655
1168
21473
8510
19749
13983
2532
2851
25783
991
17916
5031
24503
20142
5465
8635
12542
17514
3971
11656
21197
1158
621
12175
24217
20180
24360
14696
19963
698
22961
3962
3141
19490
3906
14022
635
8597
6487
11377
25735
3066
523
11473
17112
23643
25920
18829
25522
24380
92
20212
26158
10886
22000
13181
20061
11075
12268
14804
364
3257
10108
10143
24978
18771
26140
19114
14993
14283
1395
16692
13039
20965
15002
3251
10660
6049
19433
1352
20508
20618
23860
14732
1719
14940
15597
15775
24922
22405
14406
15698
10936
23627
25542
7624
17320
16807
8004
24845
22274
26011
14613
14582
23799
21469
3331
12211
6119
1698
12042
11150
10573
18561
17116
12051
8228
26311
3368
24634
5588
2498
22832
22955
23774
940
2384
15658
21250
19719
20878
15180
15259
21351
17991
17828
5911
14436
10306
18052
13783
22402
26476
13474
19249
23939
5081
11818
15784
3014
13458
22823
26329
22718
10003
18144
5781
1546
8596
19972
24861
4792
11475
4645
4293
18173
13729
25018
12062
11161
23603
9489
24907
22881
16179
19557
14303
25205
2303
2287
794
17014
13100
25
21808
8231
10076
20426
11380
17980
23323
21784
18684
8468
15642
14070
23111
15450
14722
12999
17131
7392
26218
12381
21228
13081
11755
11737
15396
5089
25403
5859
15178
12296
12088
25644
24695
26345
11634
16979
11060
16321
19162
12325
8486
348
1371
1814
22472
16610
260
3407
21392
16128
24451
7967
25692
20097
20812
14637
24583
20593
1754
4520
9892
19192
12530
20400
6719
10888
10199
19210
18382
25445
8233
6204
11332
1124
24001
14911
18387
17341
22442
15241
13530
2474
22525
14577
22067
17472
8020
22228
14657
4283
6942
965
13866
17989
3849
14000
4580
6106
10514
9150
11781
11323
12982
21915
18870
10084
1501
16237
6336
2330
2248
7683
3437
26121
20749
17283
10217
12229
25707
12251
24350
23055
2194
9347
18943
10092
10267
2196
3377
394
80
12637
5341
25220
4708
13731
25496
16923
19450
9092
4856
22684
5767
2122
5762
17952
25888
18700
20715
15983
10049
11340
4536
11261
9454
26004
7234
13464
14733
13306
16755
24029
23269
3741
17146
3767
20919
10843
23717
16920
2016
24437
11500
2700
18178
20281
5583
1020
23186
4120
8577
24706
6245
23903
19763
24098
14487
17570
25185
13296
14504
717
18774
10673
24381
25868
11372
7754
23109
22481
26457
2943
7646
11743
9459
14088
22946
9097
25837
14465
13496
15718
5433
1711
23561
16694
1505
24460
17464
4791
9908
25945
26408
12074
22213
2160
2888
14125
1522
11468
25398
6689
23862
21019
24807
3401
2228
4362
23101
22860
25846
12253
22477
3725
23371
3353
20753
23382
25929
16085
13334
18091
24309
6309
4180
17746
14567
9728
22784
8613
5095
23153
21827
2395
24389
12134
10999
25520
10568
3107
11374
22164
21564
7538
7656
3745
540
6751
26246
21382
10284
23309
7515
5292
23104
2198
1247
22995
2076
24436
15331
20270
2869
7698
9692
7340
17981
25629
4432
4531
21263
5825
20875
4930
13634
17629
4751
14990
8334
6063
19841
11824
22777
5400
11682
7109
12597
13371
13136
13191
780
9506
8882
16986
17896
20324
4859
8499
19702
16579
3539
22056
1317
24620
14646
11144
7017
18206
33
24574
17623
16182
23833
6490
15486
18321
25858
4319
12813
6447
6917
1790
6778
1170
7382
13164
5456
1271
26271
8832
20768
12470
13898
18010
2852
12832
14275
26574
23306
15829
9289
25913
10215
19142
20284
6713
16059
23676
22642
24262
24155
23946
25987
17029
12318
2302
52
25526
7068
2192
12606
24501
5672
9212
8043
18122
10854
16951
20013
20850
9650
7076
684
1377
99
19021
19176
22628
10040
19313
3588
1555
24303
8306
11907
23165
24118
967
9318
9824
1047
2217
9771
9960
24945
25775
24871
505
8049
24122
24982
16332
19068
16887
5219
22413
408
3221
21573
11187
482
11684
11164
3660
25859
3950
268
4919
13067
14234
18828
2464
1914
24172
23025
2346
8573
9133
25664
13293
20542
22400
420
25547
15804
2320
13401
7506
21071
20957
4101
11856
11845
6020
7027
9395
3309
4152
22397
5448
6581
1965
434
16116
2477
7795
23481
20583
9435
4833
19570
22812
25036
9396
1304
19429
7009
16679
4028
6995
22896
8916
15103
11814
20343
12601
16864
11247
18651
264
7364
14441
22418
14793
20831
1495
3703
7645
3336
17163
6758
12744
19788
19461
18571
2665
20248
1389
7865
8649
17659
6520
19422
232
4072
5665
2428
18826
8609
17020
15809
13213
23246
15755
9962
8230
22556
8473
14472
5043
7976
12521
6000
4915
3035
13237
10785
13640
21256
4006
11327
25346
7161
16559
8896
19482
19658
24364
17982
10425
7685
17444
14405
7377
8880
11476
4670
14213
14525
8968
11285
951
7958
14647
3371
5220
2379
12900
12446
15453
24738
4733
12806
1959
16881
1138
4133
18454
19362
15389
6817
15617
5237
22651
10928
9859
23129
5032
13598
22974
23213
15958
19526
12188
4049
14251
23171
3851
3202
10982
14507
9358
6192
23296
23696
14944
25872
8678
12264
22944
12095
11354
209
17488
6271
10164
15879
292
13536
20545
8145
6074
6840
12563
10504
10098
11348
17698
19026
13295
2990
13613
10923
8259
7019
26434
23656
21776
23114
10598
20048
4317
10256
9158
19213
9934
2009
1005
11687
24401
23023
16314
20914
16054
606
3500
516
1102
5518
5569
21769
24904
9614
10064
24484
6286
779
25785
18517
435
18646
23428
3461
4352
21014
26393
12124
4043
5096
21291
6548
11788
4245
19893
20128
17601
17776
2681
3942
1289
1384
2732
4601
24796
2333
8493
24912
13447
21255
26502
4935
16261
22296
8311
15322
6831
16709
3933
24607
26617
24492
17280
13574
20580
7434
24694
14717
14725
18184
9860
16883
7407
3166
8110
15011
25528
8442
7400
25743
14904
8737
11220
7549
6928
10700
3527
24140
24131
22941
22879
8358
13003
20067
4159
12085
26378
13502
7047
21146
26325
5411
11569
8983
20032
23803
19935
25451
20202
18997
22880
13661
643
16031
11764
8992
21383
19303
26221
11499
4339
12408
6624
5631
6964
18300
14501
24017
8797
8037
14075
9332
6736
17199
3676
5910
13479
23091
24320
23899
19528
5369
18827
26522
13132
24625
7395
11972
7048
6838
5996
18115
7450
21324
2842
1387
11549
4638
19107
17716
4619
4284
31
23421
22827
17352
21614
7632
22408
21118
6604
12382
10433
22332
19605
1145
1764
19436
11506
25147
20059
12972
3060
5854
10847
532
12404
20986
13128
21608
23556
7921
24129
303
2017
11693
10258
3750
7163
12746
26239
21406
13302
11930
26452
12818
7740
631
22100
21386
10870
14784
20394
3686
15193
12849
10351
4571
21949
19915
361
20853
3294
26122
18411
16704
979
25684
18140
9996
219
350
18078
23010
25434
11995
18299
20261
1493
13368
4204
15359
9542
10587
14680
17024
7326
19919
4745
17781
15817
10483
16205
2531
14404
16886
9093
16270
2823
3729
19619
4167
7016
9167
17500
4435
23236
12339
24124
21076
5467
1344
26065
9393
1165
8017
22225
15954
18001
22451
2849
6906
6425
13314
15126
7879
19542
19177
3292
17435
14239
6028
15761
21225
14112
9314
9020
13007
3797
14413
21108
15968
22767
12107
472
4128
3015
8770
12834
426
8920
411
765
5995
17613
8866
9028
4883
15566
22262
16967
7147
26417
19740
7088
11244
6907
16569
7554
11780
4874
10353
2690
4349
25874
19353
17490
25482
11854
19703
14418
24168
16722
17454
14562
16389
24343
21130
11211
18498
14009
12726
8998
25449
18463
4148
16075
16093
15362
1928
10972
25251
17060
3562
7580
23313
14256
21987
18697
12465
15387
13359
19276
4502
7933
25737
430
14556
26067
23964
8291
20132
9394
14272
13015
15295
13034
4018
11518
18278
6137
11463
12492
25104
10780
16052
20259
9922
20997
14678
22333
3258
20980
26093
21773
1325
421
13422
1984
19832
6911
24347
14118
9697
2168
26155
4662
20884
11043
15296
12619
7108
12676
17499
5482
20066
23722
7170
23631
6892
1576
9639
6636
13087
24843
22740
7979
19939
15916
825
8574
9605
4025
22821
2813
6043
14648
8050
15168
15
23300
17124
17132
6475
23674
24220
19315
6666
6979
25176
9137
3715
12890
15378
16509
22458
12598
17540
2327
18322
8434
2103
17936
5374
26402
8200
18086
985
17099
14126
15765
17182
22988
14273
10777
14547
21077
12281
14780
9883
4652
7575
17485
17128
6603
16787
21181
25643
22188
13824
3794
24345
17976
19758
5330
4078
20228
14526
14360
9828
6579
21785
17632
6113
3333
6529
3298
25798
7360
16965
13428
3082
14745
7605
15420
6597
14337
1194
3740
5017
5449
18056
15449
9263
752
16935
15699
10456
20762
15758
5078
15017
4669
12118
19932
11590
9880
18652
724
23890
1902
12939
2013
15129
24729
8667
25405
17854
8220
3279
25850
17
10238
9974
3685
11727
16982
13775
3581
13152
24623
9906
13344
1934
15302
19238
24353
23558
15047
10790
9472
23280
11680
14610
15651
7413
5187
1504
25014
18626
8637
23827
2373
17729
1838
9528
6976
22029
23088
12013
14981
25081
24970
14874
24413
1397
24910
22043
24918
15363
811
24948
8560
11222
8356
24073
11221
7608
10612
23734
1127
16724
4171
15655
7145
5054
8281
15598
14585
13835
22224
16107
2599
5253
18357
25614
11018
24605
24424
9032
23327
23059
1339
2985
7300
13424
20620
10637
17346
16425
24265
19995
2183
4849
2840
3256
8911
6219
4434
8084
22407
10765
15952
7065
16406
10819
2283
987
6029
870
23902
5404
14200
19022
24806
12931
17775
10175
9874
4498
191
10371
4731
6589
3663
7482
1951
14476
10739
18602
24062
22952
13764
23141
6635
9448
26150
26492
18294
2236
19067
8683
16599
5927
25763
22833
19585
25638
13472
20448
16616
2642
14517
14408
15628
5556
7891
19774
21630
19117
21600
649
7788
12712
21920
21807
1236
9652
24358
3551
2972
6284
12192
18308
11148
9789
3984
1346
14971
3304
14268
7789
26529
10650
3826
17811
6052
23083
1018
14199
24644
24214
8072
8929
18080
6372
22185
1460
15042
12064
21048
17993
19977
3898
1071
6226
4908
17388
17676
23726
3814
963
21508
22573
18481
8178
834
23737
2463
17184
13548
12647
12957
9785
429
24799
20104
13896
15800
19579
24733
24814
17910
25616
11900
24162
1977
1710
13060
22140
19920
20995
18058
19655
17289
16720
19424
6138
2153
10149
5300
2834
14659
24667
12101
1465
21203
20473
11673
12987
6567
5661
17172
23414
16975
17948
248
924
16717
21548
5257
10213
3940
11753
24676
15053
9572
9191
5168
15673
19503
7581
5729
19533
10395
6277
5883
20234
3351
17839
6363
7188
25184
2521
12024
15001
12872
6874
6046
4015
1245
2886
9735
20518
7884
4583
16952
512
26609
7149
829
16510
5321
15911
13113
17966
21877
3775
25200
20548
863
25379
15694
16447
20910
1840
5024
26512
25425
6091
21897
7530
7665
12301
24728
999
2285
11717
4448
21303
22976
25754
24219
7687
21598
25982
4030
4470
13875
13632
11826
17739
7106
20233
1231
17590
12968
14616
10400
25053
4188
10943
17429
1877
19452
21880
8201
10721
22216
25894
11974
4591
1128
26317
3521
10071
14865
20035
4594
25171
25155
9869
2074
8431
17008
6643
5662
16175
21381
5557
18492
9361
22853
17803
19215
2808
637
18986
10952
23219
13714
5567
24975
15071
18956
4350
16284
5230
25592
17830
21691
26533
486
15884
21670
3075
23732
15632
102
2317
26287
14078
6891
11385
13854
15947
12314
15615
9261
26494
18857
16516
2653
16115
16801
10370
5575
25161
20200
21640
8054
13862
14587
19590
16487
3667
24030
11234
19172
24468
4912
8629
16706
10423
9022
19145
363
9742
3005
13773
21830
16462
8765
5276
15332
3399
14365
18720
5933
19462
21426
14747
13174
77
17256
5030
18568
7743
7661
16129
18742
10388
14960
847
11603
5241
14013
16557
16725
19509
1695
21357
21374
6066
23707
4074
14541
22884
21106
6526
20984
5079
1727
15754
4023
26006
1506
23993
21940
7797
8859
12448
26514
22939
17015
13585
1356
18474
17606
22444
5085
6856
912
9237
217
10047
5336
23961
24887
13446
3300
771
7080
1130
10590
495
19061
18143
4045
4579
6184
20461
10772
10474
6455
18159
6940
12277
3485
13378
8665
3152
25588
17326
16038
9890
12240
7636
10541
10610
20316
1569
235
16094
26411
5930
9857
17875
4318
5858
26172
1680
9507
23395
20759
10840
21955
11999
16333
22654
21787
24409
5619
2021
5370
6294
24111
18261
7301
3010
5648
5486
13765
15614
11935
6760
24077
20085
8379
3608
7634
12579
19098
12574
10025
25453
1802
24037
24827
8467
8639
5275
10528
2101
6720
10695
25232
8396
20057
4404
8598
12236
19028
21802
11806
25356
11158
13491
8380
24855
22363
25421
6041
17240
12511
7257
8168
7197
6034
23267
16938
14204
379
17621
4357
9751
12137
13400
25696
6386
7638
14138
21613
8086
8310
17646
11369
8626
16963
13068
16485
13075
23152
6462
9769
15462
11612
15261
5882
11376
20787
25985
2759
25862
11585
18211
58
21778
10933
13769
26205
20587
13312
13061
5430
26620
1800
