17465
1899
5447
5017
18670
12764
10140
23766
18644
738
23918
7230
8766
23722
15351
6473
15378
13208
25935
13389
12332
16781
26635
20676
8429
7004
15259
1213
4345
22412
18973
3730
17377
26386
23111
8332
9317
3354
23807
18603
10481
10335
8772
20260
16053
85
19933
24448
24130
25073
12555
5196
10621
20227
9822
22167
14561
25500
2492
7117
4086
3292
7631
2757
17155
229
1861
23741
24390
20780
1286
3572
8241
11357
14833
6200
9443
366
15360
18567
4078
13556
10002
20126
21922
16254
349
16365
19053
10527
3320
15462
4724
17296
16224
26186
5440
18379
32
4231
3179
3948
24586
26466
7029
22016
12932
22670
12509
6818
1052
8394
12229
10179
5122
20381
21640
17012
19015
23104
13764
14384
15107
23976
25806
14700
7803
9019
14708
16137
4181
19315
22902
21968
22358
12755
9515
22174
4533
12221
17321
219
16570
5704
22378
4188
16458
3699
23144
10298
446
1344
12461
3003
20713
3587
3718
24190
5458
22919
17490
3244
9495
21346
19210
21662
12769
9421
19528
11982
17028
14733
9232
18149
24842
2413
14576
8300
22078
21470
16827
13701
22768
8143
15529
17238
3816
14440
10437
3907
13872
19080
14678
7298
18065
22941
9618
24924
5250
23097
25942
1116
15298
3214
7033
9034
10531
8487
1703
11496
23726
26360
12184
21016
5178
17316
17671
25946
16250
16150
18047
7766
4277
8208
26345
10784
6097
6831
150
11979
5825
3613
22803
25963
24141
19772
5402
19492
23552
25873
18268
1841
5560
9947
11667
2300
4591
12105
24329
18189
12709
16441
26105
3676
12979
4695
8656
16870
6515
22003
9136
10464
20750
21445
1575
10100
22513
7888
12323
24820
11158
16320
5041
16490
6072
22207
1427
1582
10196
17855
16192
6033
26467
15635
4738
12557
19002
26036
1359
15303
19404
17207
14865
10523
25833
9263
7844
11022
352
18408
21036
22273
6175
3497
24193
8696
25627
25834
17269
3687
10306
1500
19463
25133
20017
7586
13341
3797
12179
18873
11323
2227
22690
10430
15154
15841
3944
9332
26548
7494
25250
9950
26459
10278
5661
17784
12619
4263
12570
25730
19530
8436
24055
2923
10112
9875
25179
18249
11290
3043
4125
7444
16198
8990
18074
12647
6567
6963
20209
13993
10569
23814
7070
2959
6227
15546
12513
17569
15257
23701
24506
9326
8396
23540
15256
14573
6290
24110
20731
18591
20919
3205
17482
16658
11226
7144
18143
20111
7720
555
14796
3118
22376
16278
6744
25768
12618
20144
13301
25888
23523
6012
14797
5202
14430
12271
18866
18858
9517
15650
15843
7067
12405
8343
11988
4214
5751
22229
25682
15852
22327
17136
5321
23716
14446
4476
1391
3194
21365
1903
21351
11696
26157
5054
12490
2544
6305
22607
15507
26430
26564
24775
22337
12154
9531
11644
2139
10232
9442
23543
2419
18350
2709
25696
819
10173
14691
5584
9823
15911
8428
22977
19370
16808
11936
17138
881
4484
5839
4520
14535
8849
19313
10930
7921
8583
6746
8385
21393
10351
14056
24604
20607
25191
4069
19030
24165
15844
5248
25141
13819
1033
13877
24551
22540
25116
12300
23275
4274
16834
21926
6217
8439
14639
10701
21710
15252
24973
7870
2484
9342
15743
2103
13312
4914
26580
24200
3802
4684
20947
16755
23950
10731
22171
15356
205
18576
26627
6687
1768
4166
12439
7082
5144
3088
25000
19307
23734
1199
13178
15263
9846
6849
20920
2750
4122
16572
22234
5185
1173
5008
22813
7752
26400
17866
22522
24324
6689
25119
13076
26534
20935
13057
13983
8597
21933
14423
8022
12741
7460
24156
19712
3891
17210
9763
5940
13150
11414
993
15071
11633
18986
26469
2247
14239
16892
3504
7721
23142
7986
10012
17032
17098
24904
886
25289
21076
201
19326
22502
22903
2243
12688
14953
7995
509
14004
21763
21090
6399
19161
12501
11366
8174
2595
17393
6246
2771
16714
12560
26249
7432
20996
15782
14439
5616
8071
8950
1877
12892
17850
18269
16897
5685
9027
17795
9907
20891
24969
12941
6197
9155
14465
24971
3758
20182
10455
24043
22723
14407
21150
16948
11437
9312
16584
14485
6786
2621
17287
25030
3853
2661
14179
1958
16268
22472
17860
22865
9598
6182
11388
16327
2093
5861
10076
25872
24219
3368
15146
18334
4150
16012
23940
3262
16951
6056
20319
24021
11251
6823
325
15427
20909
22866
24620
9806
26049
22684
7684
11911
16672
25803
2562
16849
17918
11865
23536
12382
21877
13338
24911
10966
20899
15680
18648
12359
22755
8541
17908
7043
4034
13828
19960
20294
17278
7532
7213
20035
7390
23995
741
14583
26082
19747
22793
21375
25708
17792
23710
1965
23147
20569
15685
2261
14038
6874
18327
8148
12843
871
8472
14509
6257
21811
6867
24774
11945
5758
26549
26453
20448
12831
5387
9983
18514
14702
16251
23115
14828
15227
10062
13035
24084
7639
17494
3273
25364
794
15972
7266
13750
25952
1968
1282
9415
9255
21660
25283
14887
3413
21095
8477
4012
22995
16633
20360
9755
12171
8387
7458
330
12975
12452
22083
26418
8764
26456
14476
19556
2288
9929
20528
9153
14667
24960
21894
17556
12818
25802
497
18471
20625
3515
5195
4872
1271
9239
20345
3725
9235
10195
15197
16822
19669
5552
6953
14964
19537
12251
10978
10477
22086
18061
1368
2174
25705
19414
8580
9068
436
4954
8858
21380
16829
13396
18416
23347
10192
23662
12783
9992
26151
3564
18254
22036
20587
26194
7422
7860
1590
12500
19048
11649
18587
5539
8089
19784
10348
10126
1895
10786
3157
13304
6019
23240
9399
19900
8168
6115
5134
24012
3227
18087
6345
24238
14742
8247
23549
6081
20643
19333
4557
7448
15548
21569
23567
16993
12684
261
10769
14719
25225
2961
15409
11704
21637
22303
3577
25034
10017
521
12567
3255
22478
5986
24890
8334
5826
18634
455
4502
7646
25720
9339
9750
4536
17765
25410
22860
24540
10484
10646
13146
2387
16353
15994
17849
21132
16520
13925
8033
8695
5831
12558
15255
16649
1720
6251
16638
13328
6781
19749
6021
23219
12984
3991
3729
18376
13546
7708
2192
26547
18780
5982
7899
11747
22547
14960
10000
11067
15593
2231
22830
3151
10033
21314
17480
18903
13315
6007
21806
13237
24581
23189
25488
14747
22988
11631
24696
17679
21301
23595
13653
13090
12814
20940
8794
21112
24814
11310
10108
1742
23590
8450
22722
23096
16671
9860
17406
3645
5395
20596
19750
7003
25715
14594
12305
9299
14737
9600
2406
354
4842
23431
11510
1245
15471
6634
15823
5703
18695
3375
1595
3340
6636
11752
11086
17966
24243
24392
4179
23055
9549
24655
14720
5117
4021
2577
22971
23574
9320
5234
6162
11119
13548
286
13932
22745
18400
12876
20282
8982
935
1484
3280
9843
19064
7130
26644
