8973
67883
97119
75387
46941
67838
73080
85658
49989
61801
35729
35799
19706
93921
34697
9660
73491
72207
52882
82931
72690
74450
25770
53010
95788
17243
64218
11144
61236
26150
72808
94892
92406
84221
28813
37440
63400
62185
48494
22443
16365
9714
78514
93881
31901
79542
65575
73197
64704
86113
96068
80781
34291
53158
22121
42012
1763
36173
73044
16913
31964
94209
67719
55042
85431
93496
78019
22956
85445
83482
31915
89288
20454
57001
16463
72872
49670
87585
31224
76025
21887
2276
46417
36669
48292
45263
87010
5015
92401
37646
70699
70182
40442
28018
89009
25828
3905
53567
76293
11777
94911
18872
14402
64984
94837
92979
77383
42706
18241
87330
80348
82363
67701
52176
20112
94877
35902
59757
71790
33489
9931
54356
94908
36688
77422
16065
45810
45777
63123
81460
80645
81478
42778
2015
55905
73610
3200
39984
47511
90267
97384
84138
27203
41825
62647
51563
15303
10992
29219
17408
40398
76971
70427
78166
47809
6850
40540
85920
49472
17648
83432
12896
96259
46888
29538
7891
84546
29706
6003
69652
8719
59678
94072
68254
96626
11253
17857
61519
70333
7654
33132
47598
45906
41266
33152
22593
57930
25456
36088
44569
33946
88153
98210
60857
35293
23019
75338
16777
30444
23477
61115
69632
56766
76855
64204
27277
89199
16722
87076
59155
11279
94596
92367
29618
40635
19421
16450
97066
38
17340
94307
46326
56946
46937
16123
3116
49125
18055
2214
54860
82075
58261
26907
20269
72086
57899
12960
49131
18795
43345
74259
85309
24338
14708
95715
35273
13434
96428
49059
12914
67685
80882
53459
12519
90433
18805
73622
35248
77101
83099
79733
18523
53823
26293
66654
19571
22767
78666
94587
73967
72011
38460
49120
12726
15947
79846
48325
731
80115
82316
16179
35338
77783
13733
28152
27167
60909
87628
55777
49405
39466
57724
53706
95544
59009
98008
12104
35447
20155
62711
62750
50316
54281
43548
64443
15471
31568
60853
4928
43539
39696
35340
48954
78506
37333
61324
31437
67183
64589
76130
5885
10238
50116
27266
9942
37653
87430
96104
73428
48242
1680
37666
92489
31728
6274
62184
12784
96366
59509
50825
16356
52272
79357
15223
43355
56642
50249
82842
35615
82366
45085
37912
73153
8427
64929
75474
19160
42902
70761
97557
20010
41234
67526
49245
60363
79249
32603
85998
56206
50832
41414
52739
80361
11177
58208
20417
26606
36722
86518
61230
38568
32493
39353
61892
69793
51346
45741
11241
23565
75725
43897
92737
37438
60836
63549
60923
98208
5078
83207
37139
892
34552
54682
45923
24326
78326
66438
37626
96622
36873
92419
37834
94148
40749
35014
63047
74584
65990
66067
67342
52039
7481
80211
95084
9633
14598
22972
28716
15465
18335
29703
94237
84894
17224
65749
51007
37217
1456
39757
50586
45895
77614
13747
26104
6306
74801
22174
10959
61321
6247
6762
75599
3461
94918
45568
62318
89974
45814
38639
35105
86733
35137
54771
85509
25584
52098
25422
31548
86210
8626
40137
7956
38336
62803
14574
11481
42899
95441
45260
45723
35821
47942
73982
30981
34649
9704
9902
71199
19318
45124
31094
64223
64363
8135
18487
61868
3537
44491
61633
41687
85397
75415
63131
21312
30559
90943
37204
25001
85884
35633
85764
11565
78398
13030
6707
81299
59732
13905
64024
5412
52851
46165
73014
68589
49205
51013
4339
23081
62372
30709
72073
7416
24370
26744
91029
93368
49242
26766
36245
16925
92302
2456
96181
28709
93573
20740
53355
89443
82701
64627
8299
33449
30703
97392
76700
68849
74636
93313
7100
9698
77359
69800
27382
74817
19106
32596
12305
92942
19683
9529
86020
64221
78625
53085
90097
15311
47648
18939
55081
43152
23704
4456
57573
70839
3279
39085
22342
95861
32974
26653
31811
29807
66577
70268
63965
94278
78471
87445
13219
35308
53120
89264
76477
32681
70310
72912
78575
42256
76622
3545
51005
17309
52191
43631
45376
60298
17010
8005
67911
24177
2163
31389
12961
21105
46555
95236
55528
25339
70446
14340
24767
51647
46859
30756
78115
76468
54834
75985
12836
30813
50386
90017
12406
64365
87576
81583
14803
82194
85217
46755
79465
55303
96448
11757
91234
49518
60988
55041
77347
44242
20588
37255
93499
17973
84403
36498
13073
1978
13061
51200
26709
11321
43071
4200
12231
93641
2637
30056
76750
75593
76380
12589
95796
67743
71895
87841
71864
74608
15097
515
98128
48857
44695
5522
92151
35691
75930
49533
78486
20425
30828
38512
55250
49409
60005
40524
2038
74432
28070
41658
48781
28822
42979
95258
97078
4886
27257
18589
80022
44043
21106
6016
62487
34855
15405
51938
28533
56499
55183
10918
6530
37303
10237
5865
38659
70336
11219
67967
21559
48616
30987
44727
13754
58614
89198
54100
26272
23399
42923
50931
70857
30993
11387
34301
51594
20412
17866
70367
27189
85579
19359
89776
69338
6783
48307
36476
7032
89570
71378
7560
56592
82593
59876
83996
18320
79538
94335
42125
2172
92601
72095
42297
47286
53857
63761
47852
33863
65722
38292
14793
13004
28291
76909
79440
76247
85101
86847
63842
64610
32033
1499
42440
76455
30552
92015
21497
6848
41458
93828
48176
33203
23001
76200
66264
85152
80484
69641
34504
30376
70837
4856
98224
44004
92364
76576
80935
85656
77267
551
76554
67941
38883
93151
65024
84381
25201
80869
1114
57752
2028
83390
40664
3365
79971
85621
21652
72623
26824
73684
11180
19658
66725
89746
25152
2686
21431
33280
69002
5274
71881
16952
11581
42026
53775
78353
33233
3940
48437
67926
7748
147
61552
36009
7500
64374
63227
3946
16064
46429
93602
14769
37498
798
77747
3236
50330
92640
35985
75124
51652
91466
57614
44461
55179
54040
63291
12218
38894
48139
4551
84306
56925
22473
76775
6475
98101
77051
36675
72600
19483
81690
1093
30153
7932
26421
48278
85610
28146
20515
31156
23339
74307
72327
67482
50609
59330
6033
68595
25824
86810
92180
684
79417
57757
94481
27364
35375
21540
2643
52538
92099
6221
48020
78447
67885
58929
27465
20939
42272
45724
60956
92323
96597
76865
11685
90871
15194
87207
73613
67331
24343
27693
93441
32150
69678
8357
85414
4600
28094
1712
76856
90205
87169
17992
69033
76438
36231
33246
37870
28630
91903
42386
91171
43151
81437
27026
34686
44188
27906
65568
9233
31777
2072
15123
83182
85733
20494
50524
34720
12967
33412
34555
27985
79911
1428
57117
46003
12534
14312
94301
67080
41805
12768
71492
65496
88381
2905
87608
32450
63294
85745
78913
48340
54749
48815
43227
43777
57231
67652
64403
88403
5509
75811
636
62183
96568
60777
70127
72057
49618
25665
92363
4801
51653
26605
30539
93920
74747
71852
76629
44901
89951
72118
68022
76198
8918
57021
45647
18788
40872
71404
61660
68658
93690
40113
32990
45711
56673
81840
1167
78284
7613
60456
62673
44190
24056
78201
17735
39596
31293
50325
55327
42655
11449
25851
54963
2854
7463
8751
86997
63734
56759
10626
52652
14618
26736
68563
89051
8641
95695
67561
15744
49550
57844
87065
83727
45563
34120
4925
18584
17809
84250
79166
90497
43738
96873
77091
37618
76466
37106
64385
21946
20463
25035
95193
59588
618
50630
79697
68769
54772
63656
90965
83855
25560
22383
64160
67273
81470
60978
73052
14047
90393
40932
52534
54116
75186
95347
36831
9012
68506
78405
54775
30364
97816
2980
38469
4435
34003
90340
72267
80650
3073
31794
54781
19301
76617
81865
83856
1099
29343
97892
78785
83031
47582
59926
82891
38311
77724
83142
22399
85927
17249
24423
80376
43580
46739
44621
22138
85825
94053
63453
83847
84594
39135
4927
51830
61117
84247
66032
46500
5559
29377
19858
67865
84065
51557
20569
96981
56527
69216
89278
82784
53530
66346
31104
88653
1033
17919
86320
23636
13952
76791
3281
20082
48744
77914
44209
74396
73831
48543
70054
27551
46012
52226
24078
57488
53976
6192
88976
71506
60142
81327
53880
73523
35948
6255
92661
59170
2111
88559
33189
28947
79810
27435
91959
52347
1258
48701
29374
82816
11406
76965
71795
73306
76594
80121
73497
66061
30060
72483
7373
93126
80440
43688
3447
91779
41430
1553
1219
97776
29795
81244
42021
90666
44173
80016
59733
36740
55268
78600
56118
5222
85197
74485
33632
41339
92682
97096
45964
88888
71926
94131
91395
21213
81134
14374
73999
27523
6212
3769
71127
70592
48902
20214
20055
92504
64177
28705
1281
37028
76751
48667
68365
76770
46222
39297
65576
81939
2784
887
32148
34888
39105
71850
8674
48892
49342
56444
6223
55619
70803
19280
71463
29889
4931
47169
38130
22569
16938
49425
34312
73725
8847
16751
65720
8015
27764
17049
67827
26829
91616
89184
5494
88540
59716
71362
52195
63498
42752
25449
20187
1332
49829
67388
84663
88833
72494
82641
92350
70347
45274
36728
73766
83670
85228
54214
77183
61119
30990
80828
56787
59119
2483
23269
82162
87921
2616
26307
50788
84364
69584
65433
29835
52843
5648
75345
43634
37877
74119
22392
30795
53408
84169
63958
16967
48526
72959
28481
37236
97731
60520
20702
17646
80509
64848
35220
64778
20371
11322
53576
47074
52713
35115
55487
39335
40052
4186
68505
83061
57179
85754
69612
42668
78245
93895
45966
6969
79708
81937
10920
21698
55658
40634
8630
37955
97915
61735
74453
34280
87882
1214
31561
39497
92706
45136
43023
47300
81110
66534
47314
15845
27929
72983
1664
5934
73700
73471
7591
4768
92346
12549
62489
1916
94244
16669
29632
34223
86101
92514
66894
51976
42288
10733
160
20271
71331
77972
54656
66004
71044
64667
7194
85616
46031
74858
79716
34053
11170
7443
71307
26314
55990
24584
88451
28687
42651
45029
11284
16747
2464
25922
5730
41836
68934
13540
25221
49050
82016
19325
81239
91055
39203
89462
65997
90782
87270
58071
21908
94687
54092
28235
45130
66601
90969
78483
47978
19871
96286
92327
61243
37894
58097
77225
97086
11515
57309
33564
24079
33118
38510
34171
44679
21845
87941
22580
57461
3458
78333
7758
52508
53133
38278
56474
74508
2702
78205
17497
56343
70671
57066
87142
27498
77219
13356
14979
364
72740
73917
5318
69430
18043
22712
34305
18786
8533
48629
38760
83357
13642
7988
74969
61818
69220
89230
80289
81602
66435
86711
55473
14850
30228
9693
21394
17353
59318
63832
60103
5506
7316
13072
2348
63883
97644
39825
69669
18212
82033
13150
69610
59221
77186
85318
41758
20471
28300
57094
5005
22165
44665
55922
8202
94531
91643
97410
48319
95712
50448
35428
94088
17428
97554
18575
61309
6750
10903
44083
5742
13009
54183
69385
68533
41581
7154
41348
41476
7372
4707
32315
6095
41249
61493
33496
67473
30284
80884
34252
63525
72448
23068
37308
12073
22759
77520
52395
25043
90478
86541
46347
84980
78071
73801
10718
80433
16988
77010
54640
24411
27823
76153
1272
77097
26132
56061
86092
70854
84880
38757
27638
42674
83468
72944
16482
54290
88263
43329
77955
54444
83793
28531
521
93399
90279
41775
60220
58120
30499
64622
38359
67437
16810
40818
24979
15542
14051
51111
7435
85578
37831
59344
53630
98202
22666
33288
85774
84336
85181
50157
44706
21
43950
88303
97441
16445
11535
29938
32489
12614
88199
55076
58932
81137
68584
76877
29797
22805
2550
39259
30247
52776
85353
63057
67447
40392
28832
14355
74988
36310
329
6431
19893
60970
27817
75221
87594
59530
17357
7865
52903
85056
89683
70143
19676
46887
62008
90850
69703
75142
67997
7995
96024
86058
63643
6071
77948
50481
35153
84755
50144
49222
64757
6988
87379
47929
7863
13366
32662
11603
83321
3579
45567
57169
74479
82888
90817
36381
86281
56756
50117
63802
72982
59489
2869
82434
16112
87071
10574
81685
60411
11445
64366
44805
31288
1831
54004
67633
17013
79248
42900
82488
26621
84034
53448
69268
93717
60054
97544
23588
62410
64932
75564
5468
49708
39662
58924
25602
59250
12107
30158
43313
58743
81492
92214
74639
51464
17675
38169
35149
40104
3565
40120
97388
21805
41808
76310
95864
32511
49865
8111
10047
62116
20125
46590
45578
30610
46337
15006
55630
51767
72677
38235
60182
50456
60832
64712
68521
46641
26070
16271
83680
68669
96559
10539
36699
79493
82482
65513
38034
29009
97097
54217
93793
72274
17887
83057
75540
28613
11151
19638
55090
15379
7612
33230
84892
45544
97609
80736
1495
22367
47492
36059
92613
18721
65451
81943
81141
14636
73412
26505
9019
25617
31227
92430
44642
85700
53684
58804
11200
80133
62207
1331
71703
75783
26222
22348
835
28607
54629
70547
3476
6946
78224
79089
37091
20633
21661
59068
72317
24050
81310
76551
13191
27659
60913
54245
21643
8676
17670
82694
45301
12906
75714
61930
79522
85652
96420
96284
64649
14642
81947
2561
85287
37766
86287
57865
17723
63749
50617
68974
46954
26851
67203
29067
72261
77233
83374
24909
33411
62578
30896
54955
57556
5992
51143
29048
77744
96513
86516
96325
71748
65493
51443
21767
41025
11726
63684
83981
9070
36443
58273
54832
15899
2848
19324
30913
28181
77184
1954
40465
56370
96938
96477
97332
41536
52297
18244
58236
11024
66459
33817
81290
86035
53314
78822
20852
72254
76374
69771
13827
71813
12076
90877
36681
87038
41551
19283
59742
74071
49595
9830
89772
47310
63262
24036
6250
49071
61295
66157
68314
29734
6697
38694
72022
47439
85893
51645
46383
24685
46404
58420
67481
66469
83038
26492
58688
56017
60346
23481
50544
13250
36432
91607
34123
4239
30388
88257
71208
76007
16527
77026
64211
88506
69111
33515
46175
59196
1535
75562
71104
60841
62074
14925
90307
71250
60580
48098
41714
3314
64529
10654
55693
70836
19757
62224
34281
74135
35270
57552
81904
74517
5905
58207
25486
2040
32209
6680
18639
97204
57886
87318
39140
37739
40127
21782
60840
35685
62967
11601
54415
14137
48140
40076
4440
33727
11410
48279
7792
77809
51895
34410
90844
56458
67472
65999
69863
27392
75422
57215
86246
87863
111
90906
28544
68489
19708
20472
70080
51369
66883
83496
21111
48409
62064
94187
70200
69202
97893
378
3560
48764
9088
85953
60683
45927
74388
38902
50089
45134
45173
67676
92997
48290
20665
26757
51962
17979
92824
50354
78180
20436
82432
33663
62694
22661
27237
88809
79599
79306
79106
76985
6872
12273
17986
17299
63168
64139
39723
10444
6427
46377
37522
29414
3974
82080
88946
87422
63543
97945
90727
86633
79619
96036
39811
59397
4014
46802
21799
76720
10740
41926
8269
32903
29536
79475
57730
61915
22747
87979
41527
8470
83279
74677
56136
50223
2876
79217
7485
71145
85925
22402
50843
64677
39718
76892
2237
35215
61403
76436
32834
5377
16636
26030
70402
77014
51211
64489
49531
43630
14484
49106
52869
29254
48445
81016
21047
14683
61004
44799
85959
4055
19
69912
72593
86962
80378
61356
61181
85071
57377
19594
3500
62467
33090
69125
95845
14904
53368
63515
4069
67454
38609
84587
51385
64454
89591
93286
90914
58203
40116
33872
13408
58458
4048
81636
86182
1786
36587
62907
51748
78566
89231
4146
30717
50833
21764
29471
90678
36643
64676
82348
26370
11981
64473
26510
74819
27783
38822
28838
90107
82950
29638
18347
45120
77709
34423
44824
74345
2490
50765
78812
31438
70681
79722
22737
23202
68392
70726
36158
21221
47514
16847
47513
93865
31801
93261
72516
42449
82090
32580
39506
16357
97819
89574
91279
36122
35419
82795
92267
40838
61011
9627
43114
62107
26113
50978
75340
38815
16878
87234
90325
10378
38782
5763
92178
84304
29558
928
62231
98183
792
27729
68739
53912
13309
148
93639
57158
14881
12020
49393
32256
40815
85703
69538
66684
13966
31162
67302
1484
54607
14431
47343
34153
3135
87239
26650
16280
59566
84117
52850
25957
6731
62454
86151
23196
78961
65428
57209
9273
61579
62807
68451
22931
15172
88276
32057
54868
23316
2924
78689
44697
62890
81373
15907
23139
36195
78482
77962
86756
57150
87159
8250
95839
12952
57035
14511
11131
15319
16787
61196
1647
28149
7474
67470
88008
27366
12883
75507
83757
45422
9841
48180
14552
49289
92662
45995
19014
56178
56027
946
59945
7657
42487
53672
3069
22556
24389
89196
40310
77340
8162
45828
71325
12443
89395
2115
57132
91487
39962
32446
64997
733
9987
58401
48937
16989
29992
28039
26728
97989
95180
9520
7634
72851
49814
96368
66412
67703
21981
33960
90376
97559
19388
77083
15305
46241
3934
28435
17945
85469
26447
10445
44547
84015
4088
25882
50494
96515
24132
49271
43823
46099
70620
37664
96002
7569
92862
52110
95039
72809
20593
93481
21930
93866
50478
6605
55194
85032
53548
30722
73401
37734
51730
92688
97464
70222
62683
22809
81205
17714
18745
51953
3012
41847
63162
40172
85423
21787
89454
73337
62322
86106
8
6879
46683
80373
24046
8690
59049
29178
22948
60446
81803
28877
90881
18704
3849
69146
10976
9634
87874
62766
76542
67819
5226
69222
10565
27845
39981
89470
95294
28608
11459
89910
68893
55520
4638
66510
93737
9290
15360
89387
70718
19440
26734
40640
17959
89296
6699
35151
31993
56965
64116
73925
46342
21837
90887
8821
97010
43304
45111
60630
23689
89410
80519
6534
81681
16945
95964
25484
78623
36312
28220
10724
94797
29425
42390
94884
34067
14024
18049
69844
36995
29552
46838
90168
44134
14304
65328
60084
25187
31627
61880
623
43852
24432
2161
28635
3347
47990
28279
49279
76012
14967
42268
9707
39886
88810
25526
7540
30536
77861
95332
77897
79119
63135
35992
64784
44268
1536
57009
22103
26023
85483
36945
54313
71627
49638
42672
88467
44492
6487
18612
3463
97139
11945
83200
77668
85314
91830
3435
86617
93397
50010
71759
86543
11795
71353
52192
52435
34357
79414
97905
49116
7533
35955
84457
14334
72498
87535
91760
45402
7745
89743
78772
62053
62938
49745
16479
85516
24631
45241
73095
21124
74875
40471
12582
48006
28913
7614
96463
61307
9692
75249
7451
88233
34441
79640
37497
37633
5798
51632
53873
48211
92353
13728
53516
50699
36896
77866
43552
90874
55594
13898
81078
4956
15983
46907
61682
9122
87443
3596
79718
42227
21110
45234
61813
67239
63866
3752
48505
24562
79045
25050
52115
5325
75835
43970
22378
5465
27262
7730
28766
75267
96791
93413
42737
69605
14908
24784
88988
28739
89627
19122
34263
88753
3364
66777
20808
23389
76730
72399
40523
68258
80153
83869
5686
66280
66010
85204
63454
5119
45961
67301
88680
16946
14658
20892
44918
48895
44889
4724
52657
78036
29284
79009
64500
40649
89565
51707
10703
72625
81401
84110
57025
29417
23550
76918
1607
46479
13521
52330
95102
6270
6611
37238
63191
49698
84335
79137
33044
12846
15244
30348
14771
73670
53162
15706
13305
68402
4161
29455
7859
33019
17744
76325
82263
75955
73795
73664
66973
16323
96227
62849
7672
1708
41169
3794
52171
19751
73101
71989
1962
95010
92552
5693
16873
11020
17219
42722
89426
38073
58391
30487
35841
58518
88776
67783
11943
45461
8780
82921
44866
1365
9269
46908
96579
70804
95793
61938
25572
15698
3517
92341
27717
59122
75086
63712
11812
1028
29478
16097
67592
64076
48414
62628
5727
53553
12014
4658
45444
94662
25505
62345
32301
79102
34887
7342
58727
2920
22080
49136
7810
19692
28842
25843
89336
76878
34399
65307
33299
382
34144
14539
54170
9227
86467
50177
45958
30571
61017
33856
56018
8414
33331
78377
40628
72611
55332
36414
68052
95627
16312
50675
66361
63707
22594
63464
12084
48918
28144
87206
84522
94606
3996
82799
6835
11363
11730
32503
55989
86448
77589
6748
92067
86295
94010
63243
46577
69262
65928
26310
28429
61455
4922
72160
70834
33539
31751
89571
45115
70712
39742
66494
8340
57437
25858
56271
92124
90116
48262
20478
25594
64809
45045
86275
37206
58464
13334
49762
82777
18726
89726
56141
84583
81331
72451
22350
72509
3201
77595
20667
38062
81738
26672
40814
48373
80009
61542
69318
78791
47569
30161
11104
50659
47362
44993
33195
2880
83770
79593
28479
10834
3205
68149
55606
77220
80086
25825
89319
87734
75968
76689
74328
10522
77622
4058
49255
95385
68827
19910
13407
20200
39873
18292
82027
50431
24238
51541
34869
83711
29862
94963
18424
75253
84966
80500
56108
56600
91495
26388
11289
2125
72967
90745
72259
12144
53254
25024
7606
77542
31616
16492
34751
24924
24262
74548
19351
80832
4714
39777
11978
31231
79360
55501
85127
17410
69120
8761
89208
67346
40837
87508
35212
41541
32110
41122
40983
69434
28988
32332
41973
27304
61427
2289
2662
55152
94020
96620
288
83478
44071
27960
80783
30276
12590
77764
65006
53247
31750
20716
84731
20778
44081
94406
81228
47093
73473
82766
83889
54529
89381
8085
82757
15448
63811
64629
64195
93784
50821
42842
29949
22998
21713
42728
35242
4415
63396
10230
34328
4233
97146
40890
30131
24580
64726
52437
50279
32053
50965
95300
76140
29524
22578
78332
52958
63634
27401
97430
63690
94812
80756
22505
82774
51757
17656
94859
84436
26346
93636
76212
96630
31185
25270
11573
62910
15414
58500
73423
37850
52490
87287
50739
60393
38178
66583
72289
57221
76973
25196
29508
8220
15133
82170
89706
10512
53739
84609
24457
50883
88355
93070
24819
20661
86679
44494
8990
62718
35599
84917
90904
61784
7622
90669
70188
85619
16792
95391
53831
45079
45277
16830
11938
13247
64874
9742
56838
85481
30566
51983
81801
30565
38794
25821
1130
28262
21670
37521
10395
54184
6080
27337
60715
24292
15886
75839
2177
81074
45858
4630
12370
51032
20087
13923
15775
10188
5956
31258
88502
44376
65470
59931
59192
59273
24526
72930
95164
49149
38909
59820
97051
12003
78344
29741
23590
41981
79376
36894
59884
97141
44517
62654
83488
26347
77348
13866
40214
44361
29957
52304
79775
39879
80522
48765
49179
89973
4866
90744
12250
94562
54391
70714
20116
41776
87660
5282
64014
17155
34820
78225
72202
49318
76057
37859
96828
68620
87451
19176
52889
58227
66323
38944
34810
62226
74635
43640
76676
14711
19780
58733
85170
94868
55810
37020
95165
16820
38393
29200
25742
25062
19289
50854
3047
64625
48229
10966
74777
41913
38331
13464
64224
10016
16313
89551
70411
56332
72549
75600
9935
89090
73285
33828
22913
37721
78957
77512
59816
10146
78756
56889
19255
30794
86619
30984
70178
71617
5463
98050
13661
53573
71783
43226
45337
58054
51129
29049
69561
82606
43289
20261
72674
62808
26005
23698
42228
57199
83894
10295
31772
1173
52267
49953
2845
42542
68499
80923
53348
66613
70014
5962
48789
85297
5012
16575
50812
28153
75724
12574
35826
33395
39944
1170
31657
8701
60799
71615
77060
77153
22253
65855
61037
33767
22652
29260
35901
58935
4017
72889
33014
93980
95151
75576
11251
58920
54907
27844
87528
13235
4034
51726
10865
97510
86571
55341
32329
77825
66848
45216
37523
64841
35464
45632
41722
75341
58900
35868
61709
6233
10346
12481
5656
28956
84280
31103
77592
44433
22784
7379
87657
72138
94449
24636
25291
72285
75519
61054
21832
6512
60968
92730
24961
22251
44115
58591
50186
48896
56357
22511
76802
56217
83139
95515
3060
47968
605
71958
6602
30549
95982
98075
14345
25741
53481
87465
39641
45727
77801
32521
29709
68034
15949
3058
32040
3603
39882
93797
38674
28598
35768
49442
13317
4052
91630
26240
14856
47484
90529
11301
21058
24640
6578
46688
47681
13484
15239
41272
71964
73162
55930
41993
40741
4039
18187
65055
58861
68004
42092
27594
65341
84819
12838
91969
41484
513
12121
75611
45202
56545
50599
62384
81287
66517
68165
10000
61359
96140
51872
62813
44867
98112
40609
35875
85943
47609
57952
58718
96387
45210
15661
89292
47244
21960
15063
17997
25176
44144
30226
58829
58083
89253
89481
48206
60119
74502
31814
44117
43429
53633
20408
15729
30904
45036
73743
62282
94054
24827
13883
30138
96554
96
75976
57492
23794
51766
33043
63628
18820
28213
54152
50987
76662
65976
53894
78554
92609
21646
32447
11911
68875
77434
48999
71975
91419
39260
9578
82566
54418
31504
51750
74340
3745
92102
16753
63219
42042
97377
21684
21154
55340
64394
19649
74696
60740
39396
63341
63972
54606
574
21011
65599
86277
40464
31207
36877
12701
83950
81759
1552
8206
58451
40446
49105
76190
24106
60822
60760
56945
67805
3323
14817
30215
56595
16322
24349
62236
94524
34922
72152
90483
58367
94810
68869
4852
55400
481
24946
40622
58018
53763
51375
29927
56494
56957
53770
34679
66771
10942
33250
96690
55582
85888
78937
8489
56114
56733
70429
93723
68024
42667
64923
76022
73617
50937
54873
72591
15178
19051
44052
31392
29015
51796
46130
82519
22199
57866
57202
9569
13010
15287
74184
90587
10459
25295
39585
40397
37211
66316
91037
88819
92679
1796
77816
85531
18430
72934
70728
59831
33983
87572
38648
69186
15544
80981
20759
62400
28089
20144
88466
11600
92231
25060
92340
64671
82359
36505
86435
55943
69942
16889
4245
94182
33678
85735
54102
40911
682
39597
30827
82802
5886
85094
86247
29685
89670
94429
53003
38431
57138
38170
6376
57491
31559
27813
94116
72629
67004
70019
55009
88696
52131
43878
8342
91562
66847
65660
44009
29255
23623
55915
32522
98290
40486
77593
30407
30380
97728
59695
48191
77833
44904
60468
58504
27487
10061
12530
78583
86487
93816
90603
22230
50090
63117
32640
35516
825
87091
51025
85866
41569
82445
62019
62494
96371
772
82050
38470
44114
50305
52056
57885
31315
44886
42483
43121
86728
2041
62118
49215
52064
95012
51740
39717
8327
86815
8368
69279
77684
78761
29232
358
56225
74203
91862
44977
18182
34185
90195
36380
37679
75901
59901
556
5003
63340
25180
16341
33646
56729
80925
82570
33672
75245
96506
758
92006
38444
69227
31172
67737
87747
51254
54732
219
70856
61555
75116
58093
89589
34753
82023
62446
53330
33846
49797
72698
96535
96349
65798
37516
51286
11169
77114
97182
63329
62212
12106
92893
63896
80409
94221
32934
14493
75156
14337
2633
45419
4132
57467
70952
91996
27847
73592
70223
19822
61710
67801
42653
31232
81025
62688
68902
96577
45621
52021
80418
97383
43685
86919
77912
40163
64483
29196
61968
77970
44438
29096
3332
20185
20501
53701
11118
64670
46783
89796
2811
18465
58534
339
20679
42333
23136
37783
15829
88158
59456
43848
52783
79795
10246
70799
24795
80066
97628
98120
26180
11876
31937
97439
81785
5718
41197
75399
76641
64799
2580
67147
73853
22162
30638
15263
38199
70417
98147
32011
55890
25598
39211
37046
76484
28475
69024
72974
80916
7687
18405
54239
38030
90954
66419
47791
74329
73890
21636
21656
59270
40969
88890
20497
94431
36477
19205
95104
78026
28453
19624
10227
54739
46071
25300
40775
5347
76283
14172
62825
20360
43500
23637
54260
81619
32338
91100
12696
41301
94678
10003
79375
14524
49229
38827
61227
11716
95132
93063
13347
29363
63320
82840
5353
72213
58330
77102
64371
54549
29043
45327
24713
50726
7384
53740
24848
82727
59632
94949
21239
18548
30619
81068
39919
81034
19353
33726
29694
27961
51251
28508
26445
37343
47997
67900
68775
6673
8234
71421
55467
52022
78092
78374
85936
25015
94878
5485
61395
8906
33932
10164
45596
26719
55671
83713
65232
35123
61433
81582
24982
21231
95466
70880
10870
14447
43118
11125
94103
91973
24250
47581
81751
96253
71822
10323
86827
23972
3880
78844
6937
28775
14497
74839
40281
69781
6267
56263
55291
87757
86310
56565
20008
37755
10744
84797
69872
89511
54666
97256
11498
5614
74136
36525
7129
52667
4799
92385
14537
22419
92176
15658
49934
31818
87319
13107
63488
90816
19981
66630
33614
9991
80191
28431
8300
20247
97886
96555
53039
18691
79886
44610
80654
15963
46423
19346
70682
52729
76546
41949
29625
65181
79509
9312
86504
19026
16470
38314
12797
52155
17349
45075
90203
71045
68297
16452
55570
38734
49962
55618
67138
86597
11713
39815
76154
75756
51542
20457
55254
68210
20552
50388
43951
47746
17098
32121
65084
33513
25502
26436
83467
89675
17807
47354
88673
26660
14341
12224
19413
7878
50129
64889
9163
6275
96082
72640
46628
17377
83909
67699
20980
33595
81136
78777
45802
24973
13695
34028
83009
778
15621
43627
46323
73106
45559
30748
90410
91605
16441
16890
22063
23526
55459
68914
93152
42040
52865
62497
82417
56123
5520
65984
28042
58789
92529
93949
4028
90056
96602
20150
81797
69701
81330
93922
55705
44417
67201
31039
74390
85796
96761
4671
89615
23901
60047
44582
74713
32663
59929
22877
36084
40200
52616
13376
19329
43866
70403
72856
56000
43574
26410
21173
11116
84439
25209
86041
74556
73611
49082
24255
41515
55242
31802
3488
15342
90926
54488
61474
54021
80233
471
90600
38781
92841
69769
82732
48848
85472
91174
30719
24393
78141
32303
61782
11702
24937
45721
41605
42273
30633
83954
75449
70058
3293
46086
51322
56045
78836
87043
61341
20230
34605
5952
54728
13136
70298
14052
63109
13018
38937
40345
18601
92708
85906
82675
47476
81940
31888
46711
89017
26280
76660
17259
59082
93872
19759
93598
39908
11855
45144
17378
25367
15653
2299
12366
12082
80135
64998
6689
84495
22156
68231
27905
34564
70905
23836
54373
77658
44401
7042
3705
27532
26097
3064
77300
9797
12882
65331
6974
47001
94700
44765
58299
24936
62610
43809
10937
51253
77371
48209
40469
64912
59967
94389
51966
2374
22794
94867
74018
54686
95726
34167
82910
74538
76841
47009
44201
25947
63101
73151
97982
72394
41884
78257
22939
93230
23732
40341
30246
9420
63577
55935
94203
83070
68141
8764
70
27902
94885
96419
95821
63188
5828
71191
16701
75745
40053
62997
94421
56643
29134
75299
10274
74376
74158
74401
4007
73731
17150
53203
77276
74864
6222
64566
28114
4251
34515
39328
36815
81887
94565
91716
80408
97324
40715
81646
332
67690
73676
12944
49579
86087
66779
94734
87889
48933
83001
71215
79194
31190
90333
67119
81355
46599
38193
60319
90633
48917
3601
77808
47017
21533
84826
50541
34474
49422
69019
98189
69961
54445
73630
82020
19884
46019
8497
30431
39692
44048
23785
83648
69010
34984
68868
1084
14685
43005
27195
84479
35719
60340
57547
56169
94917
83234
97365
67058
65813
59813
73213
91753
872
88401
33265
74959
76570
36843
53482
88620
37672
15494
28095
49162
64807
9620
53465
68384
24122
91792
81539
88873
57627
42638
52059
23683
3635
63091
597
346
3207
50037
36900
27191
49439
26797
69489
48593
11814
29781
36501
13032
70937
36413
41540
16125
22796
55013
91273
30799
92990
97189
65248
26899
63601
4350
92300
32161
12763
65347
90517
84114
59251
31431
49520
14433
45162
4464
81653
70943
62164
90929
26848
25101
82245
73641
22915
82350
13438
21648
75608
9449
43228
91088
78673
35058
8978
18893
12951
68408
73955
2452
35313
82990
92328
38379
22976
93115
16576
78206
37671
21185
90614
10853
47192
4532
84303
24998
57510
70774
71298
35094
47617
44637
65253
65523
47908
57723
49573
77878
94787
79747
19451
77125
56130
56080
26949
72916
32327
33314
53556
81386
1578
12889
68803
24084
29829
3515
6620
66646
64687
66451
87817
82070
19629
32023
65375
37857
27421
46718
60375
23811
50366
93547
88132
38855
22302
57526
66087
56587
78762
42418
32718
61447
44923
43900
49339
27119
80751
8930
37475
50596
35679
13380
93309
13954
44525
41175
25978
17700
33598
29247
30313
6123
85535
42804
18593
20044
95766
59128
8397
34273
92594
88742
81148
76292
81318
80722
18072
37269
90064
62150
53151
22570
51231
24112
87037
73221
76362
22307
42237
56631
33211
88526
53102
50125
42242
52030
79695
26009
71605
25105
8665
36428
44008
53129
13261
16074
45175
42473
89446
30874
2176
13303
5302
97535
20797
65669
4592
92083
83902
3898
31909
1878
5700
62769
8203
32559
40063
60314
81215
34738
6664
10314
97019
89754
42444
37089
85183
44101
14439
31259
38024
83731
58074
96954
21416
77963
13727
52250
56553
68945
69891
92021
57087
84239
81552
93527
9706
6073
786
33860
63555
91341
81997
60688
28244
19668
61460
84170
9153
15524
73111
69585
91892
52539
27931
16565
3131
9962
89774
52557
4973
51400
47504
53793
41964
94707
26826
59027
45413
88213
82108
94309
82474
77465
40531
38133
54315
81992
39275
81545
11461
75334
52757
79745
63124
81589
20138
28422
58258
83315
81844
27058
57088
78618
35035
52628
10985
57443
15719
56277
3570
88104
76069
60416
70809
83600
41404
89745
48962
86128
90897
10036
44907
31262
71819
33196
69728
49364
49316
95583
5090
61992
65222
59463
89712
75902
78072
84371
74932
89493
18090
17528
58078
99
64436
48823
31250
93898
8806
25082
93392
73048
6282
51319
5309
34349
7205
31652
41544
59078
27698
92582
31245
40992
83415
88488
51893
2413
9805
16174
70641
87753
43919
86290
4826
1819
68196
29627
10603
24008
29924
74587
73895
39269
87228
8697
42160
60553
17350
32107
32628
14471
13874
17276
72580
32310
50487
31321
24208
43572
73906
61952
66094
24805
31417
71309
37517
91544
25047
11890
96878
1198
21751
87486
49025
74578
93046
1335
79802
92215
29888
5089
50469
15021
88904
28911
86206
26298
68
80540
46276
41007
39694
85909
46333
65450
38047
5165
72195
20841
1257
91178
20907
70731
21487
66990
27346
80000
2921
96396
8294
86537
7148
13576
26937
25334
67814
95779
75675
47533
60973
68288
15644
47337
11327
39515
57831
65040
80649
83143
16695
70440
18994
85647
93605
96461
41914
36690
67970
51257
78773
73545
84161
5539
39005
63801
32884
44283
23825
46895
73277
96624
77019
47693
45286
7723
71167
30073
6998
80402
18969
52997
83146
83174
55021
14727
52640
5389
16561
11334
94284
60494
83076
15848
63772
89333
36918
50794
61178
14179
28753
46289
77231
39528
72805
15378
71643
55616
64092
41219
61179
61225
93172
32103
27067
80675
28769
45554
76952
83033
49845
82187
53582
83275
14464
64877
6030
37282
78876
21635
3972
82940
69930
65801
95633
66174
89704
65875
76949
8843
9643
52248
97323
43462
42170
14760
36376
25330
38425
96414
13049
62388
37754
51547
56251
79827
39194
1291
27152
18503
60404
82733
62478
22664
61773
81591
24608
41567
78073
16547
18998
2199
80685
48083
15446
84463
89143
84013
58138
53298
25379
45579
70762
76754
92732
90695
22672
68445
26611
36558
79162
35935
47935
7561
10503
29154
52808
85444
21701
11740
54928
51719
39753
51363
56032
66972
93566
79616
27571
55562
76064
78465
32339
60353
32952
10943
79649
68417
34168
33995
78808
35075
92072
44682
6421
42750
5673
17495
47032
44030
88723
94879
11789
74634
69759
19489
97707
95373
81340
63350
79899
13173
6006
25865
62796
6813
12265
96039
6288
89958
28006
10805
24943
67739
89858
39925
9952
58759
71515
84153
52085
5917
39197
1289
59395
69337
50648
89035
52404
32922
74511
39215
92605
21595
84872
18686
65223
48122
28484
95587
78675
11395
55781
24483
65746
49905
36077
77613
86556
17261
25442
80263
72009
20575
40503
33156
76819
50655
14567
26211
11834
49486
93933
73668
36139
98188
5706
82736
5716
92817
62201
75547
61043
95675
55652
22477
5281
44855
87248
49831
71631
74269
1442
22891
7284
47688
12272
45884
73457
28072
57252
80024
2136
72843
46132
86445
70414
21807
14302
6604
59175
4330
84052
19809
94360
51223
43025
29224
41873
76463
59745
24030
29039
63064
22013
77428
78691
82959
49536
42154
78581
72700
37249
18218
19148
20651
74592
77530
69092
56427
47813
47319
56326
51752
28343
5067
4596
80492
85786
75981
20726
48327
6683
69874
64308
31592
77368
14338
69931
89031
82293
27839
34439
40378
65735
70518
17032
50926
66430
81070
33876
2139
18513
61625
27338
5146
85643
58453
79624
79752
40836
50093
87602
39367
11643
48107
73238
61256
43624
91059
27748
77848
53693
12858
50006
91318
30178
27615
20998
64815
26655
25837
54178
18180
14842
23069
6775
20075
33641
39890
5599
58517
14705
91719
11811
8120
37623
38954
21188
9438
26509
58104
22706
95774
63074
44392
12039
22985
17689
41447
31285
69689
11780
97209
33437
87775
3399
5486
62361
91384
90271
71735
3158
15794
95540
62646
80602
50840
48577
73754
49725
60226
36061
54357
36253
35603
44228
183
68461
3651
11656
12097
32223
64910
93190
6980
19008
32089
79530
22675
85344
83434
91105
23818
13857
77541
66169
1418
39273
75289
88413
95220
33508
17705
450
40852
86524
48293
26895
4938
46042
54883
23425
91420
79661
87737
92563
48558
62085
71693
39635
11881
53677
95794
47958
88039
2977
85440
32536
95428
40178
96783
68684
86923
87204
76017
13284
87008
41365
38633
39069
95171
32784
71029
62714
71172
51568
7974
68610
89348
20936
59471
68942
60681
30053
27812
60083
15951
34772
13133
74382
66774
28964
74799
74361
41287
52221
29413
42887
18670
25994
64469
14288
12019
62500
28920
17556
8950
94945
73966
62079
62537
31235
58123
71580
42581
63028
67842
35396
88619
19335
64471
31973
12380
3502
39394
65339
93232
92871
22875
47043
15108
79488
71247
63875
77289
43315
16841
30681
87241
83927
94552
3676
37719
32010
78354
10019
86986
57194
94872
11880
67585
38100
85149
39656
40745
67790
9554
21658
55321
89485
48226
91992
34326
57544
57368
69048
57993
16639
63915
47240
54037
39317
59197
49345
21178
11428
7277
35722
83424
16021
29444
86450
10458
77888
27526
16741
89187
54820
69708
88443
13920
46108
37416
21067
73600
33151
36735
66384
95078
27205
58761
9179
82805
4805
21700
40747
66043
27425
62510
21215
44496
25864
75105
22788
29050
50458
82423
48513
67039
10150
23610
68818
70315
65037
43699
94283
78779
75061
52095
60454
74448
41855
97092
94215
70378
14147
23885
916
28225
58298
83297
6309
2479
92270
46437
72444
54559
45679
53612
39844
85489
6317
43891
45564
81593
58958
57331
12861
24773
96392
61139
67435
74999
59881
54070
1885
15137
40372
37070
43057
43540
30823
61393
71070
80841
11902
77301
48618
27491
52197
63733
33277
83671
11550
14468
77683
90519
32124
40967
82776
24607
20617
34736
87271
53988
82312
38584
49191
20288
15659
56570
73185
9774
52277
28962
66109
44921
85539
14959
84417
23352
55088
77156
40788
45294
31124
43388
44649
38279
11823
55851
49851
29302
61206
52815
7971
43986
82354
83570
56921
83774
87893
9471
68107
98221
44970
28502
15905
92837
59593
5470
5405
60538
39395
49134
13998
63459
62075
43187
33531
50839
74762
48113
39371
13769
59959
49650
22867
18425
73838
4813
18652
5443
85997
68741
37659
4347
68478
94404
78730
77759
31515
34459
2362
28658
73089
63829
2244
83274
76690
85003
21539
4906
33546
82267
93305
43939
40793
21220
64190
40651
65280
81730
26383
85498
8750
7943
42191
45349
61369
7802
7643
59683
38168
9834
19612
3263
4424
97871
11775
70776
97700
30964
67919
54584
42087
52832
47524
73886
32488
66866
52190
64501
49524
77910
29640
35660
70144
40502
39427
14723
7796
2847
55102
30922
32838
29656
82219
44538
5433
79310
39649
88505
17984
44068
76194
15091
82609
1022
87349
96596
94417
52384
3618
87590
47042
4619
79699
54188
63417
2352
58055
74734
37114
5317
37326
89461
30865
40579
74905
6111
27321
2697
22486
34180
549
92865
44072
34550
33622
11260
94869
32106
38702
16716
20202
29587
83875
9424
7529
35834
83286
70860
97266
25663
92196
5961
56792
75942
13612
39770
24249
80720
69847
44580
8530
60535
28811
65764
70990
83116
81222
24274
57870
38896
86818
25878
40789
22721
26485
22022
77862
59118
85238
19848
44830
58680
34673
3270
47276
18003
56253
24263
32516
65117
73530
45434
53536
43224
84004
29164
68316
93675
9108
25708
45217
37017
34309
14418
57385
21685
33517
69667
8855
92396
93102
16971
13720
79215
80680
97695
93096
33011
58212
82144
81894
13751
88761
57763
71677
15959
70380
26993
54437
88623
7340
90463
18324
21037
11309
45751
56204
18054
51317
60061
16672
86386
26651
23777
16056
48234
17112
16283
27003
64360
79383
60165
13655
51624
3003
39731
516
53119
91557
34613
37117
13653
78723
38570
37047
71027
87347
64088
13992
54023
73594
92840
26126
37926
51945
54807
11554
62550
53393
83753
3171
97477
2387
6978
29612
63747
39911
87502
50834
63548
95463
39957
19447
80876
87726
41292
83192
51543
81548
96275
51988
11723
31241
30893
71072
34395
33346
72369
63004
68211
95506
76906
32795
47901
22254
26168
35158
68814
45609
25386
53342
57555
68237
41668
88808
80120
84579
80079
12489
1014
15310
27895
3826
49951
5778
14117
66482
28215
55382
46388
66651
4983
5966
48769
54159
27833
32383
59309
68398
46113
63300
17393
72315
33982
90498
76021
83972
96659
14994
61047
67840
50924
23422
22025
95693
91938
14196
67660
90864
74629
16302
8578
45839
10566
71306
85629
69968
23909
40295
10876
52040
63677
2776
88985
44439
9800
96531
7382
66083
46778
25407
69794
3682
42143
56593
35101
79717
95119
17724
9920
56632
54818
31687
46679
47198
37424
46692
82182
6582
65519
66895
17806
49585
4689
26897
44029
58309
48976
26208
36243
32924
29657
88562
16641
82511
65721
23282
28915
4867
92290
27771
21511
52093
70291
48432
96520
89765
20631
70989
33831
69845
79935
35889
30883
94493
73147
22541
34282
9669
10226
36693
76556
30097
12573
36578
29585
38672
95877
1109
34915
73336
42873
70397
17448
41800
43158
23288
74711
74180
24386
87161
29124
814
42486
43344
45539
17909
58281
20145
58973
72706
84815
64599
62822
17970
17392
65710
33524
20264
24630
67593
41030
40574
70387
10206
54111
31729
34588
26109
77676
40951
11733
29687
78220
63012
89131
78611
91244
69774
47600
56318
2937
29168
17631
50454
46320
22078
31150
4225
43418
62548
28770
54468
68725
58967
8024
79209
50240
77766
12164
76147
550
8541
79702
31219
95950
63272
8194
96322
96792
96431
80104
686
96955
59264
23033
76034
54493
25067
49539
35472
92211
20988
6443
18623
68142
89460
1806
90112
61297
61947
90892
21455
19578
62811
75606
56234
23499
95576
63598
7621
65885
92694
9825
68272
35606
50889
56741
8514
81476
65353
11847
87095
22966
19174
95038
59764
36502
68122
78277
73983
60507
37910
53027
96172
74738
58413
90731
52718
8869
32545
90035
77461
36600
90082
88796
17679
17951
20817
86248
27384
32535
91577
18754
43316
14746
41829
65880
68424
27916
14427
55233
39404
90640
15938
16788
58760
24335
12410
25485
87636
13436
72184
12031
13739
30204
57890
53267
3469
50100
18368
65922
93870
84111
69959
95687
27541
88945
74850
25362
78173
19136
65028
48912
38572
36639
94241
42000
42188
46176
11961
17077
82848
64509
14757
34593
29227
94632
5632
59554
17101
56461
86
94692
63787
64149
69145
29564
85741
50948
90189
12873
22761
8042
44414
68390
97265
5714
17113
53205
30392
54259
7348
8413
12634
37412
75656
33212
76100
76748
45471
13453
63276
50906
69727
77887
49581
3275
90652
97091
6940
36018
91842
57857
72082
45088
90870
96593
84432
76665
77117
20461
17818
44519
69107
55026
36449
85673
91224
60810
27223
19362
10786
72162
32867
55456
22136
82268
63512
38375
60790
73225
5781
64730
91267
72421
66904
22548
88342
35476
2260
81961
18175
70935
91330
75187
76115
12546
16649
77650
36299
21803
24217
48085
88006
47701
41102
81017
18808
78062
47899
27278
57987
74423
61574
93721
36321
4002
6961
48622
65351
73881
19393
82743
8961
3114
79519
90834
19088
86925
97429
62279
62315
67343
77419
46660
9587
49460
15426
95464
70311
15294
96589
81093
52351
24759
55245
58598
87400
51529
59621
83587
86941
29453
39379
76056
46898
25633
44111
18165
7521
24632
637
69367
38071
5070
81711
24184
46058
79130
2712
51597
17873
32683
58530
37036
4174
57487
65566
81099
72370
617
57139
71159
65429
55052
23283
32939
91692
36345
1787
18905
81135
88144
16965
59762
32475
31159
5448
30422
7741
53602
93007
9189
82673
1874
64040
49759
78609
45494
36271
73542
9159
56509
1441
93236
8897
14635
4160
35909
84963
49908
49973
92721
30818
50560
26665
71470
30860
10848
46340
39691
30766
6115
38117
11338
40841
60962
7272
19551
22260
40982
42136
30854
20901
42482
5644
32917
78690
8126
2664
34998
255
77213
81982
92108
90540
13397
47213
59261
98296
81012
33030
52531
64378
11316
83716
62426
75176
85590
12840
91529
94978
35993
13656
19306
40667
33551
50033
42969
12447
9923
84450
42480
23440
10135
51158
79735
75894
55255
95944
64808
6251
50695
67996
1597
48091
76074
73562
18809
16714
1501
52317
95177
40733
45139
3475
28088
43776
25119
27439
54796
39613
21534
70875
54448
30688
65762
72037
67635
17213
95831
76219
43288
4587
2882
59295
55532
75594
80711
96785
85087
9957
86055
66333
18825
36726
37813
71488
10487
975
79504
16368
59784
61081
72412
47525
80192
61325
36617
86596
49150
11143
4590
12038
6827
35117
66820
10845
95563
15973
15450
96972
9187
32274
34536
51347
10669
49629
27011
39308
33120
39759
84912
86922
1196
48040
9781
70066
51371
82692
28418
40608
21521
66602
73201
1629
60155
58333
19352
70560
91439
23824
14725
40584
1697
59853
72109
93423
14197
85939
48011
36991
60466
28289
76063
39519
87426
19407
88454
97278
19656
2037
61233
63527
82372
13458
37021
77088
82424
59063
63888
29331
41337
7136
36730
77858
15962
12845
74789
67695
6982
95959
52421
69763
42580
14457
15763
73302
91445
81719
61003
38244
25552
78151
51487
19031
47299
26950
3209
25646
38067
57414
94898
56289
83022
5777
52803
83426
23142
54395
86789
37124
32178
87101
81173
48224
61948
84914
83706
63164
8589
28278
59731
54399
33279
93892
59714
42940
92400
78386
77810
1780
33927
76719
71243
77086
2640
26328
23861
19361
50954
63719
64865
43251
39147
79494
7537
24779
35965
59568
4323
26578
55381
59647
554
70237
95538
96138
96205
24311
42833
95530
49730
34775
82631
78735
47263
98015
96818
27112
53932
70179
85107
55412
24627
88093
24113
68744
71398
97994
47810
13679
30554
56139
54244
55231
1020
20782
39701
33854
29089
8753
96415
93299
28487
12620
32944
45994
44514
94272
2112
97102
47612
91852
8723
71305
34205
7779
48442
19622
26084
73360
53947
14228
18211
66726
32415
21260
4086
16399
78343
84198
64612
16719
35408
45835
61757
66387
14239
87444
50027
19591
29533
85349
45748
74040
77319
75631
31712
85091
94263
33192
86590
65421
84660
26551
81057
26777
81274
44003
82829
90521
2419
78572
27004
93783
44110
94303
88996
61103
12790
36599
16230
19100
54337
34426
19302
60852
16580
19218
85347
27094
68428
46757
91698
13662
42985
72344
12632
55686
54108
64307
76211
89073
15349
7131
91049
60332
84651
27174
50613
73448
38475
20710
254
25874
66340
70509
96812
62037
10204
58850
6960
35561
88185
78532
55196
59361
58514
52271
64396
61182
84059
5385
37518
39311
8391
41488
32902
95495
29603
71533
93119
35054
91007
29424
59928
62264
84462
77547
6885
10632
49742
79585
30237
31742
25425
37351
23500
72460
94144
2874
84667
49130
35637
61335
35205
60315
58472
87945
76733
90682
25672
97952
72540
76543
72210
38655
70817
62865
68647
17860
25909
2807
3999
60489
58425
58173
69208
41972
4823
97299
19497
88066
58756
43508
63436
91639
95437
39676
29025
56658
83451
84071
57326
16520
86705
93551
84911
12822
24976
23169
46009
4380
67564
85218
84743
96824
65140
63208
46157
13919
84744
7309
50334
92311
50392
58841
91128
43575
87112
9
4897
74514
85328
34700
44093
35537
18220
58452
29727
36052
75327
35159
38203
29277
81765
39625
70060
50516
68567
63009
36157
764
18775
39510
86669
54713
92986
10105
72548
47259
81612
33124
92503
27655
96805
5467
57746
10265
70555
61253
35400
2766
94252
60010
2095
77369
74816
60244
13321
19750
31565
42756
79016
11625
7978
13323
34817
22892
39550
82147
42498
67856
17166
97151
46075
57432
46800
66512
95613
34159
33252
69278
15243
25104
37334
49237
29519
23134
76838
1255
61975
79991
53765
34331
45535
15445
19076
10610
37879
75645
16909
38144
92218
86642
32389
88603
86215
12281
12876
94428
78454
16801
51909
13110
81951
46080
7202
68593
26151
8426
41109
16895
78776
63284
65071
35573
12505
69663
63903
79622
6999
19703
30568
67068
96333
11922
55597
56849
89567
70993
35164
20663
66518
55699
81874
86824
66936
61508
41840
15842
31743
87488
35462
53558
58791
93958
55952
40316
58068
88301
48545
67596
71648
35287
9244
65229
23166
58238
43718
10828
53807
1285
28285
46272
42436
48928
55865
77138
6366
34386
2872
76050
47727
35114
21255
751
30090
32001
43584
39111
38542
69126
46560
21402
72372
19041
81915
22158
64082
52281
2610
41975
41671
89059
36237
97495
61599
7927
28959
41545
12525
63967
48944
56099
79863
87765
76018
87251
57448
25225
53910
17488
47325
29349
61363
69329
90593
89218
40031
88235
32055
62004
5757
45885
55747
87984
811
30070
63351
45438
80110
6890
59374
21136
71957
3074
79168
20655
3760
61563
56635
95777
64002
85537
7495
49896
59787
86067
53327
73888
50852
79927
58346
62526
21358
79985
40956
34284
26721
79170
51459
48793
55624
35416
95046
85294
49744
341
47691
55248
75220
66115
65104
5277
8944
3038
6064
23556
87195
92282
77407
51425
58865
25020
43839
93165
89361
92909
70148
80188
41906
66616
9017
95702
29132
43287
97506
20480
42998
89283
47121
14823
2966
12706
42705
12736
21467
36496
89372
30790
86168
91993
15477
54558
31868
44933
33370
7804
74852
5521
65651
91353
64364
15828
83675
34935
64064
78732
25586
18200
66828
54671
30051
661
70382
4450
43134
63233
64531
93181
6767
2140
92252
8579
35410
23328
88425
75695
84396
78022
79049
21296
1547
36266
65883
93426
78718
52212
27224
45433
25674
93619
20033
58737
55657
41475
16958
83852
14597
76984
75206
41796
40319
97925
8443
62122
21117
56464
74267
17189
56356
43585
56872
43101
39030
16166
76818
65189
63874
41832
165
61585
85030
57489
85245
11892
60381
18757
30424
74108
23013
19943
87446
2138
12778
70979
10403
92953
1436
22965
43680
32839
88987
9193
460
89436
17618
55926
53510
88831
66500
84425
22456
12118
60242
91217
2502
44852
45603
13780
52650
86647
79108
61330
96867
82742
57907
19339
14672
10979
70105
17855
48184
54941
27774
45024
73748
58569
49706
49787
80637
3346
14719
38818
66995
3843
97636
73193
18156
97988
34713
43270
61686
55518
54081
58166
7019
26956
16198
69341
10443
39655
68286
20051
36870
78727
14064
37627
11049
39387
9614
12919
95484
69174
13413
30159
96149
65549
5675
68881
9995
88174
37624
19899
41770
55099
43506
25377
97709
278
90601
22435
64340
20088
19904
92442
19371
12456
23601
59254
66242
64409
14205
38121
68961
63887
8803
20
31311
73858
83887
19983
652
12433
86760
62051
38984
97655
444
68469
84320
95127
43531
91998
58587
34882
19208
52558
30640
55110
42051
94498
2321
19311
40146
16686
4919
33800
30841
92629
12013
48617
51420
35731
90903
29891
73134
89519
8442
45046
39346
1478
22150
60097
16425
21360
2211
10318
19654
14969
2079
96657
32061
54510
34622
46026
651
13330
64931
56564
97067
51546
2934
18079
20997
49320
90305
64963
73469
36576
69477
16870
77812
69736
31615
47052
6744
55356
55953
59777
46063
2457
93
2447
53398
44423
94188
42930
28202
24187
94594
83144
31632
1468
51184
65262
31768
46505
16661
84177
17022
69628
23400
84768
12895
77061
65390
33533
55234
35081
91228
79484
68885
31738
16265
43216
90253
92224
2074
25932
494
77254
75776
57941
58
80604
9317
47659
20109
62602
94717
94274
78578
28600
57913
7947
97073
85507
77181
18666
97792
66812
17543
11766
23943
74176
31283
22281
42275
55371
58768
14079
6654
45913
19838
95419
62078
23655
84536
78662
72668
24820
53234
76811
84254
73950
59806
26691
46752
44530
10991
6877
80170
16144
73928
71736
45878
36632
49818
646
75279
10672
93354
6293
80814
97694
40382
79290
68182
23798
39137
46
7599
35227
61998
93991
9686
40002
4361
96712
55046
47690
51066
44626
73130
60387
64783
73559
24143
95801
19341
70879
82917
72585
23659
24890
93171
42335
10646
50060
52464
33294
65524
38732
55544
20746
2080
61841
45306
59067
74500
8765
65126
65758
33185
78281
5704
59025
16446
36959
35808
69877
94095
51504
45185
97049
19764
8141
19162
81767
21207
29871
37366
20293
16203
68904
3712
14036
10329
89762
53624
44099
25434
20362
11225
86239
74288
97126
86245
35209
77612
3280
44017
94589
6495
27036
38490
33123
30665
65601
26260
19320
34724
13426
88068
5890
90800
96110
40034
28885
40136
51732
25356
33836
32215
45924
51987
78866
91080
85988
47768
77471
54585
14931
5354
17316
61685
71724
16696
98269
85970
47819
72659
60403
13019
14440
16333
12540
16259
77694
2741
89261
83413
46772
66205
844
48039
79474
46454
24781
26752
4624
2135
57704
36270
46844
65374
76618
23468
9332
37875
83163
18057
66857
28368
70925
56985
74337
89980
42507
92683
76038
9862
50065
43742
65195
20996
3142
61756
70482
34073
1317
42986
46150
62613
16704
53703
65501
88250
1010
31757
52533
40180
37511
38300
55441
32231
12616
70277
43553
49835
86197
89518
28157
69384
82019
44893
91937
79596
22955
11018
61670
49998
70918
81385
37371
55062
57314
12427
59629
76335
15572
81267
60689
74680
92861
55417
39088
64832
82150
40166
91331
63815
80260
54155
77621
53589
73643
3823
35218
19257
49685
53679
3265
34135
46529
95139
17368
69258
35813
61148
48915
19670
34413
30562
90853
68430
59440
65873
40807
42704
12361
26520
95345
30026
29121
48939
92474
16321
52785
49924
89623
75953
12942
63809
40542
59297
27861
1294
69850
60792
91849
87656
45761
42311
40347
38569
84697
36655
79859
34538
75818
7203
1653
43362
38013
22196
548
75697
77552
77908
17293
60727
72323
75613
70266
31289
64769
79000
20174
87586
94465
36457
49366
60559
68559
95502
52522
63546
38766
91895
28576
68940
55664
19865
16600
76173
54326
68187
7288
79756
92343
47082
20805
59652
96141
56927
8965
58547
68735
73961
38501
42825
78424
68409
43571
43054
60272
82894
55324
93877
7645
15168
14722
60825
23931
87553
75757
2669
12596
32183
52909
90016
44827
42408
87694
91210
49256
83249
40259
62196
482
66015
47949
77308
90348
11634
10007
22094
65715
77303
39823
94407
61008
88442
7496
39449
48216
76762
42101
27483
12576
37905
73082
91404
77111
25085
24234
91804
63020
67588
32425
53118
15624
78968
78063
25368
52817
41510
56734
59226
20126
2438
13774
90095
19788
74793
3166
90885
41413
85081
75304
27091
45492
39865
48676
67806
29317
21914
22386
95235
19931
50408
14038
90637
62351
28162
53780
38854
90106
93923
16459
6103
50790
91241
69510
64555
5717
89127
5840
43753
74085
43253
76768
41450
38368
72175
42657
75456
82621
45702
71655
24303
39568
16345
86327
75629
17882
36161
13098
48384
87079
85685
37123
23934
70354
94150
25985
66808
23290
20171
26595
38831
63166
53663
90320
26476
6607
10406
48836
47933
73807
78099
28466
60141
76379
35497
79633
44372
7405
76431
4588
1570
67355
59292
29874
81513
43363
12681
62608
89063
78537
40966
86412
13831
43302
95647
87389
83701
79634
9152
44742
34739
75046
9998
50547
95249
74935
66081
56166
69902
9069
90706
97513
67216
33324
52841
1626
22776
80700
8936
59541
66909
14513
2349
31990
68320
65643
26408
48455
95671
5086
1073
26394
68044
52500
58689
46359
37865
3677
68157
90746
54360
3439
85293
34513
16205
45446
69684
39416
31452
86402
24593
77934
68238
10994
48047
12880
3938
4422
89350
89517
64407
49966
31257
61108
88226
12071
38437
78101
61410
13154
35614
85343
81542
13881
40774
2436
54467
42764
13632
45590
54716
8901
94840
19109
68666
8529
17375
33264
88380
50461
53171
87667
192
50359
81082
77637
37355
52561
64230
41314
52569
35237
26172
18166
95559
20538
69983
11865
28510
39232
60707
77681
19911
60753
44451
66431
37287
38327
24703
52199
64797
27964
97478
84000
39004
33263
48353
15163
71913
75286
17064
72935
30036
46014
49689
16545
66462
82030
72566
97054
70228
60418
71107
76798
25951
52762
42254
87919
94413
45386
83393
24108
37094
55789
50681
66293
64062
79657
73919
40677
732
23734
93208
66886
90222
71452
20035
83762
80699
67764
41268
59090
14960
