46730
28605
28142
4660
51100
51720
1035
15691
42219
4588
8005
41389
24267
23416
16053
6775
220
30800
36613
52236
24131
44035
21733
32906
24334
36596
43111
45131
20278
18067
10113
47753
35791
47086
949
7564
36297
7117
8033
25753
46074
20908
3260
13739
42457
42268
2737
27788
21742
47789
13245
12656
9476
33371
10469
47709
15995
4100
2034
52004
36728
28211
4575
42664
7062
53102
7885
21078
42898
9595
24117
34608
41038
41418
8567
5464
13782
39309
28544
46100
10077
11537
36947
21791
33551
40770
9453
43243
12413
22535
41660
52278
36053
6520
13419
53648
9849
19070
249
40056
4919
50496
50401
11142
19527
53370
9133
27473
48737
31250
51138
675
13203
21873
33031
35448
38632
49692
18436
22141
46513
44339
39399
6397
38604
26033
20776
15390
39889
12243
24856
51643
43848
47512
11958
43887
34930
16898
881
36135
51869
36312
40784
23936
39427
39677
24938
14279
39710
4801
53162
40491
25822
38608
7188
21958
4779
33767
31854
28786
9166
52811
17105
9887
6341
38548
19002
47119
53577
41012
30380
30925
12191
7905
53346
49426
18260
7273
43803
52594
19190
29304
44714
7956
37526
24755
32066
9578
42972
14451
41287
33048
51821
2867
13873
13664
31107
43055
12055
23759
42277
4056
41214
46504
37455
17012
17197
42554
45464
46299
48146
8179
26842
21185
42399
52732
16536
12220
26654
21333
14187
15727
6533
6098
21633
15945
42491
35221
39331
16618
49774
31877
49635
21200
28231
46640
8573
10474
46466
13759
33156
45103
53970
39592
31891
45788
28285
30110
34556
32059
5361
42187
52841
31881
30161
31001
10606
51279
51282
44872
762
49043
38885
18826
27237
15711
37444
26496
4348
17374
6796
16317
34176
1795
26859
22138
24095
37260
25584
21274
11265
29856
13254
50902
22784
33395
47081
12276
19753
50560
37623
27498
50742
9793
3355
36282
43530
25621
46005
7753
48691
46220
25014
27737
12710
28881
50707
26799
24949
32403
43344
9830
31336
38838
52776
2066
41463
1529
2497
36348
37783
39176
51847
15815
38025
45546
51131
4068
37531
17196
4673
15940
16243
17418
48021
51879
27131
32205
29292
24799
32295
46131
11274
8237
30413
19759
51882
53411
18335
3989
14490
34954
19309
8622
31100
31470
53509
23692
40036
29940
53065
188
42966
26118
47241
36981
37327
26661
45489
36145
11796
9949
13424
419
32991
23470
25946
31320
7714
11736
33978
4664
3386
5386
632
49792
14303
8929
38928
30107
48593
49981
3850
22771
42876
17679
45114
38800
42536
18174
29922
1740
23086
37995
15811
39125
26980
47148
9269
21208
52364
46582
16145
7143
33511
24969
12100
19673
50083
3395
14404
2864
50939
28378
22789
36650
30371
25107
22990
26019
82
10588
14206
50447
32276
46780
35623
6439
26926
24588
27342
27098
37747
13237
38664
37193
2257
14870
50103
48545
26334
52572
29126
40560
47740
46432
5146
46775
1954
27317
41204
24677
11041
35574
32318
31135
44647
9039
35365
42254
50106
1456
6804
2764
35086
25951
49781
35384
17408
13164
44897
47714
23066
25334
30620
18458
16394
39021
16747
21529
1372
51496
39878
52323
35284
10398
29180
25590
2109
51812
31773
34833
43248
44136
13729
9819
44380
25676
24423
51403
10812
28073
47981
27106
45845
405
52513
5269
50287
11059
53278
1171
48071
34676
35142
51569
46705
23300
53281
52033
29756
51333
5436
22676
23580
21520
48934
51400
34677
37471
7042
12834
38903
4143
16804
3037
9639
43982
49996
26075
34541
51249
43250
35550
47502
13864
10807
39328
27292
28343
32743
23987
25886
40038
49644
11706
30791
28140
1660
36944
14954
24273
20605
4976
34217
33032
41634
46643
18498
49767
20413
27436
28333
1384
2560
16934
38387
15893
23842
40245
31044
24250
49733
19130
10448
51015
45622
37902
47556
27532
17406
33841
1803
34352
1988
42601
42009
52668
10817
21632
46790
8762
26599
53089
40096
14936
3468
11251
32731
3811
26123
51681
37505
42147
42432
53650
47022
1591
28793
38990
25096
28115
39753
1385
3814
41165
24453
53117
12255
10172
15549
9142
650
22131
43553
12486
34246
20796
16997
20585
46964
51523
47708
28974
31557
36396
21081
46911
53676
21257
23551
35531
38741
36422
26145
47326
37849
26132
14029
33677
17918
38346
28898
48284
6052
26587
33092
48187
22317
45245
21255
45387
45527
32763
2511
35914
15014
40773
5217
45599
18879
22596
49825
22364
36939
48814
32085
36420
51458
19836
30408
50766
52620
6860
9206
11043
26949
28534
49820
3697
15061
8742
45946
40610
7742
20043
49668
15457
21348
51386
28327
34267
18348
2300
33811
3984
29858
19558
15104
21640
27170
1391
15470
48283
14227
52168
20407
36120
21433
26829
7272
27211
47765
51898
44016
12893
37535
19008
27069
49196
26474
46667
43745
14334
52235
19529
36025
30476
14292
21235
32530
7987
25004
32876
6104
44030
331
38045
28855
49095
41547
24521
39433
35939
38765
1995
28520
31152
26276
16226
43557
35156
15741
937
2551
26735
31417
42741
32492
8045
31949
40994
34867
33566
20331
47599
6240
10751
52670
32478
5210
37491
38306
45185
19223
4253
36404
43192
50281
22265
441
948
5042
35330
27374
39368
35324
40741
14534
39423
49368
17966
1945
22697
31146
44697
25619
13317
22616
35546
21947
50388
28622
33781
2677
44918
3963
39241
43732
23734
53197
9218
21787
36152
32462
37336
29029
1581
23954
33977
31025
24333
12879
17496
24079
7468
12046
13673
25287
8399
20761
49315
45974
37467
28247
7085
7998
21809
9622
47600
16559
27522
53831
43798
28444
7054
8689
46071
37979
21600
2509
3752
4635
11272
25925
51892
16168
41763
27130
9073
30894
41841
22660
36900
38826
52375
6635
23128
6435
16743
11287
45364
19555
25517
5501
15384
9283
186
33606
42267
2387
27895
23591
23303
42415
50362
16996
44449
2420
14847
25862
14375
18624
47263
14786
32638
32312
31346
24241
49942
43157
35692
13350
24907
39741
40366
30204
33459
27190
18249
34654
14306
2319
51299
20357
40297
26153
51905
11828
33442
7810
9705
48102
11392
34707
52002
33825
19700
11371
43427
36129
5418
42003
25124
23312
1976
13635
24607
4312
22335
28727
51222
18054
52883
5969
38836
38649
31232
18052
44970
18346
49012
46836
5510
12032
18410
11680
23941
6696
5122
33553
14466
15874
50969
654
51489
3691
20857
23555
48465
26742
2091
34968
6954
32282
7696
16745
922
24014
8664
8926
2715
29950
37929
22491
52155
10730
46977
32741
27641
45843
38172
36242
8284
22937
1217
26576
46363
4947
147
7797
52344
29380
27659
1843
6066
45197
12857
24627
2285
28844
33444
12910
52354
22259
25256
31777
24585
48264
37025
37584
26079
5451
3957
26905
32531
413
12275
39182
47006
51830
9614
18380
39383
17905
34993
13197
24484
11139
16188
5164
41538
274
49917
1058
18363
33731
11681
37196
12353
9715
15975
31220
52924
25518
25953
23874
16463
53804
19476
19064
47176
48636
27169
12666
7581
39590
7434
25599
28077
9438
32367
26472
17472
46344
35929
40681
37614
50494
6996
36044
39574
29757
23214
40599
32550
37346
8499
52714
5305
29641
15235
32257
5637
32127
17664
41880
15148
3669
23510
12606
7333
15364
24958
26119
39624
50239
48527
29687
7102
41713
24896
5804
7847
25201
2762
2603
48773
17102
43471
53338
5000
1520
32714
53521
12233
33838
44940
21414
6545
36988
46101
30891
26343
50986
11180
13442
10024
20184
39851
39088
32891
14607
36983
46216
49633
19416
28629
4554
7929
8509
25353
15041
2051
2274
52429
11677
11170
35338
19561
45046
37685
33840
1713
34076
33301
2672
49296
46450
8442
18946
53507
45605
32041
30389
32493
50887
16981
6354
36458
29591
25758
35461
41571
37865
3668
13122
20187
27290
3970
26014
4136
47361
17612
11709
35044
11931
4958
6904
47641
39223
33135
215
28071
52960
31762
18372
49364
12718
5530
52318
37764
3431
34161
48523
30440
50434
32207
15846
40405
260
10205
22793
38443
35248
48638
6023
28575
4086
6509
49212
31577
14536
53915
9021
15984
32734
42054
7501
52143
46120
40089
35747
15783
33472
6380
16264
10984
26560
38082
25012
49926
47672
28095
22346
25985
28872
21067
27365
15842
53811
15982
41472
33701
24237
9594
2111
45205
7433
20947
19108
34411
3878
34798
38341
50708
49787
20351
18907
12239
5797
47418
34916
3000
42123
16001
43633
23889
15462
38730
23873
29160
36624
24313
14432
25332
12780
48714
966
22270
9361
3717
31697
16062
43342
15514
13886
9566
3635
12948
51726
7831
49829
1695
38944
27905
41300
40792
43300
51806
30230
27527
50671
30246
28059
33859
35622
26706
2059
19473
36122
27215
3422
26492
12729
1812
44423
23980
42017
13910
23485
29638
48010
14062
29586
21745
47275
30300
32633
12218
29768
38986
16046
25879
13379
23321
43850
48309
53245
3966
7405
37523
40010
19463
7363
19528
35754
42509
8163
9970
13737
36551
3025
50219
49579
13067
16106
31455
10235
37556
14236
13707
13900
20593
1631
53615
53297
35224
35323
20268
1353
19889
43653
53238
11052
41095
46763
40679
43476
8197
36696
2486
48812
4134
196
54005
11519
46762
8288
44494
9961
25890
3140
16433
22344
35169
13367
17973
50134
30734
7658
7234
23225
1791
42263
17896
23704
26773
48849
23985
4849
33969
22197
44529
30421
30818
27624
31923
38694
16331
26526
28076
11430
28386
974
52781
33845
14902
14201
18555
32050
9231
10189
40731
17103
28563
48525
40706
53061
42438
50132
41480
41953
15547
22911
23174
36477
25525
21697
22957
10911
4084
39480
26748
42322
39699
34823
13269
39190
5731
14562
10897
49909
17633
29086
34174
49057
31668
36972
924
35273
37802
42878
43884
52231
17327
31670
16267
18802
11178
50429
19570
1487
11089
25865
23607
14436
27674
46223
47596
8302
33317
8136
43049
17695
34286
25013
8063
13524
31514
5405
1638
34863
1847
49354
5278
38869
18419
8488
11808
34375
2771
15366
43638
47594
51560
23162
26794
5285
21102
1637
24024
782
41190
38476
8439
7252
13998
1481
26959
49133
38949
28056
19746
52535
33878
35241
37716
4831
19234
52887
41229
6336
9003
20017
19852
22333
49796
26624
23806
447
9041
15536
7850
3045
16186
10039
39116
47160
34304
21242
17957
42067
32227
29063
29585
30764
33417
2644
30781
14383
37058
8428
4598
52517
2407
10856
17258
1239
44145
4627
49479
10006
45461
1127
9465
27252
17360
28339
33160
37670
27528
28810
32336
24329
13457
7651
37975
14779
17145
45039
16649
26910
38506
51753
16673
41078
445
38394
11339
2229
10467
50152
5738
16130
6762
23731
52170
49006
14804
28207
18520
23223
35131
48419
46665
31033
34538
23688
16098
35010
23807
36225
51629
25815
14978
46720
27725
53989
37537
29885
34674
42302
19826
22231
52935
44847
8997
50798
21657
17995
47
3944
48937
12447
17911
30953
22997
51925
6691
3323
50967
29189
52577
47803
44379
6697
29987
20800
7202
10115
52599
34851
53807
17000
19172
32635
48966
3662
45191
31331
44585
19896
31532
17451
16814
35465
30005
23147
34253
43439
25613
29499
40484
3383
12279
54022
53948
8413
28715
28817
45057
9282
42584
2167
38194
36381
23545
20247
49715
10852
34372
12607
28591
46797
11563
33946
12548
16017
37580
38788
39827
37301
34741
52459
44414
33468
21966
16153
37262
48893
9775
10782
18727
48922
32618
31571
8895
53780
29648
38924
24062
17214
2337
38106
389
40343
35555
27892
36788
1025
14627
7096
18048
49612
7459
11763
42740
11573
24074
21240
37909
18168
47800
7682
8587
31065
6201
25114
11484
5093
46622
9581
53386
42281
23274
16690
29833
15813
41237
5703
12445
23115
49275
22088
31374
52448
8713
50931
52743
35050
47246
30207
42110
28439
21016
27599
25292
9326
7623
3466
48482
22143
41324
27010
623
30615
1499
39859
17242
9813
52460
5442
14934
45377
12616
51112
8259
34957
7612
10521
31493
46664
17802
52877
7354
15461
46398
32694
44340
25062
27618
13220
45542
2707
42561
6060
15392
13324
42225
36285
27094
9319
34879
7870
43935
41666
47959
36682
14240
40251
11892
22185
53402
3991
34995
24729
30244
23955
26975
46277
51297
32433
47479
28865
9879
45687
3363
47425
14195
45888
12188
10831
17094
20635
37152
41146
51888
2145
36507
47251
38204
6647
14929
17667
38774
45791
43136
18309
9890
48319
1798
37060
49832
22959
2339
44281
41743
522
7254
7338
19484
14910
21179
28906
52260
28537
42947
31454
35072
3042
41693
23294
35121
38819
41758
37743
28505
7636
16287
43108
1794
13526
12478
48290
36490
34413
36018
10977
33228
16485
41750
18665
24955
48227
7976
20555
3122
9029
52587
3004
13974
28268
12953
35591
36470
47311
20992
22507
33128
18607
25872
19351
8029
25876
6907
42130
34327
23181
10050
38617
38179
18814
426
30032
7302
27388
53132
12723
2422
16047
42660
36793
7300
43846
28990
52136
42408
40158
17590
18734
47139
8564
49165
17901
24761
28772
44554
13883
51609
8155
14256
34871
36214
19096
6791
53969
41181
3958
24129
33831
49976
19977
1070
36374
49728
26810
44772
8424
4955
32223
30288
8953
40580
49592
5966
30172
11100
16105
38383
6832
18518
23863
17463
23661
37655
33050
9834
50936
514
1016
7133
22380
25547
50319
41238
8328
906
31160
6001
10394
53016
22640
6944
25860
29731
51470
43254
15406
51621
12204
9592
42248
53155
44430
33293
22838
29880
50043
10906
3371
3174
40687
51686
30434
36222
45060
50745
47822
43443
35630
24543
28932
1048
26681
7576
13472
53027
13135
15274
46075
13997
39301
48281
47290
34046
20200
9099
50960
29593
53009
8416
13818
16531
11185
18506
51585
22226
34738
16420
10473
25538
1849
18755
2347
35088
38540
18581
1201
157
35013
26916
33101
5996
28437
32534
21971
22811
26178
35172
47982
5100
3333
32014
24300
15894
17500
30232
50314
38942
2139
41031
17781
31323
1936
12192
39043
48540
25117
21261
41806
8654
5763
17937
40884
11050
50323
9179
26797
51119
13468
38566
39093
22575
2000
37387
47908
22901
43446
7311
27953
43071
53953
14441
17811
42847
14621
13675
38518
45719
13854
45086
28655
15518
11379
9953
17166
4259
24829
21141
5831
42072
24629
37369
32625
9964
221
46359
51192
10212
25028
19811
4812
31302
3848
17735
4527
35339
4666
17561
25414
39434
39089
22720
6751
35
5649
48460
806
45914
37263
16967
42431
28317
40088
46728
3176
9202
52882
3480
45024
24947
28242
506
46994
2885
3673
256
31208
20062
28194
5849
7114
43689
32788
43315
37846
19000
53413
3863
31552
4570
32515
47008
49345
39643
42365
22599
47002
15868
42352
16637
13212
53108
34558
2516
44434
45582
13364
30021
41966
40577
78
29542
4025
29538
47589
33438
13334
20608
48606
5555
4804
27055
27973
21638
30416
7705
44375
39750
48040
4342
29920
39250
10541
24312
39620
145
14423
16191
18582
25380
25141
17632
7392
22696
14165
22835
38155
51789
29644
16431
26091
48259
23310
11411
28627
10494
41003
29706
40407
28509
15037
52536
3716
6968
52808
17550
50736
40733
20810
21801
8230
18468
5347
6676
41992
5113
5721
20279
6369
15443
30880
14787
45243
1523
11488
15361
1346
6999
6301
18840
36064
6877
8974
34390
34797
14973
42670
7092
40955
17990
6925
23816
31900
664
20410
12117
35482
36121
23778
20728
47956
41536
27376
25211
15262
29044
40110
28172
13522
30729
2993
8100
7903
32642
29361
19140
53412
45239
28100
27686
13743
9617
37525
12782
11738
43824
2160
22904
35886
45300
38202
1619
38337
45052
39345
40418
28961
9439
49898
51550
47653
23369
23584
6812
29663
47584
14914
18373
18598
14654
375
25342
4050
23860
2909
2811
31679
10995
46473
1967
18146
23038
49548
33476
20523
25389
16516
48261
9580
30501
26420
23527
32856
40457
29268
42085
51960
31750
35628
51408
6801
11307
22967
53348
7079
32074
41879
24542
53869
5095
41102
30001
15675
18823
18955
26101
4962
9057
13535
51278
44817
2808
28422
41355
28728
42816
22215
49975
24120
3346
18455
15603
16758
9255
18593
35256
11278
33837
49084
15079
10780
47710
21859
5369
15340
37083
30686
11064
12806
9207
39858
17037
36478
12024
1057
15427
49959
32894
19626
53441
5607
41805
52736
51874
28414
19251
5016
315
27283
41847
21405
18217
17813
10570
17444
24906
11156
12313
46842
44553
48400
34277
44416
28673
37437
47060
11070
24432
42203
44245
44756
1133
42320
22752
30843
6313
4692
40979
9502
29850
47752
9157
30978
50529
14374
47286
16252
20078
51191
16475
34998
21668
16518
17041
13578
955
37739
1438
17410
13069
24155
10859
45886
15739
43278
21389
13465
40068
13898
22735
48153
20659
51067
19741
46912
27128
45943
25071
37509
22666
19948
24123
11407
20805
12993
46875
38069
38480
8911
38702
39085
35016
18944
23579
19007
1608
8123
41171
44488
50977
7941
4690
38032
47378
16789
47996
7029
34337
15117
43339
14590
25095
33559
51318
529
34373
1783
30339
38189
2045
47536
50063
21393
30631
50979
37106
21533
7442
46057
31118
31051
43835
33068
3275
35740
16865
50268
13599
36576
23668
12530
41295
42503
41198
47389
31241
43167
41243
51503
17994
18767
4769
7672
39765
31317
44539
22686
19119
30060
42008
17009
33918
19353
22978
11881
14800
46118
49763
13348
44917
24662
16312
25897
48418
18437
23172
15357
27859
88
36918
15886
45649
13975
26191
35612
17987
4961
19566
37392
691
42231
19371
33300
35408
49162
53187
1136
24301
41518
21514
50634
29156
25318
1729
81
2137
42077
21599
41367
48838
16501
18591
12189
24530
46069
22977
22806
25688
22222
7671
44295
5492
16261
46354
23351
46357
29640
790
11649
20894
47471
2953
13263
52367
15977
18953
10576
13888
27304
41446
51809
53977
22376
6016
32186
34207
6680
50583
1109
12883
52075
18781
53605
15347
27464
13897
11345
34547
5339
44123
6458
45180
6004
47680
2569
44088
10022
17970
7880
7184
28176
25757
10716
9437
33047
22308
20034
3282
42724
21619
48890
23296
9607
38848
28940
53210
21561
39754
11317
49153
12887
34202
50187
49476
13494
30057
12406
19993
6942
48653
17844
52837
53387
11054
45604
47791
38625
35353
24378
40519
26081
8642
42862
5400
27625
34780
1291
34011
26636
30812
19658
53737
33176
51976
3528
24001
8556
23869
11357
19498
3554
6563
25716
31986
34629
46566
33239
22917
1896
3847
50005
46716
8489
19844
19294
41404
37701
43225
10454
48151
52418
54008
48323
26056
37210
40710
35240
9726
16444
48907
16175
21738
44965
20057
49574
8632
24502
13587
36055
47142
24671
2750
23199
28240
42672
33697
11864
39981
36667
35512
19250
29954
46348
7401
29894
38713
49062
48752
31742
20140
5843
2403
45334
50720
39719
4386
12237
16517
32975
6162
33353
37316
9480
42094
11461
35027
48223
39875
36352
39799
12063
31899
34827
48047
35055
14542
24107
27015
18959
18815
7484
11020
50603
35850
41288
39186
18386
26100
13972
43667
26988
34039
40688
6748
27185
41065
51216
52467
1130
39171
20273
41439
9736
6268
22513
20926
23739
31367
35025
46847
7781
35261
46470
39259
19875
51158
27357
46262
25379
27705
15682
45156
51335
30519
1518
18362
24936
46260
28903
24218
43538
21377
5960
8915
1688
46089
16778
17391
51528
47854
17714
16127
43460
19427
25811
4922
38862
12544
30022
25658
9546
51707
49269
38228
42456
49750
2441
20525
8931
6283
44803
26047
9080
9069
46115
9694
18153
33555
42721
3175
26630
33720
12819
8589
28919
52566
44555
1522
53141
29211
17177
46395
16464
23995
22475
11812
53125
47294
4768
25756
48140
9530
7554
2169
6234
49166
2006
27543
5918
2934
5423
47034
37691
53448
39728
19460
21621
7703
14130
36754
7974
37765
12641
14
38374
34335
38522
9402
8395
1907
17789
27756
22103
42786
42347
8134
16084
21718
23924
28120
27992
39734
2673
8779
94
44333
45597
20211
15216
37931
14874
2371
46041
36179
8315
19886
20077
25958
50905
33178
11925
49213
33191
10784
28405
24525
12920
18928
51505
29972
43972
10574
27083
9516
20890
18130
4771
25712
22935
14941
41506
13145
14108
42974
51904
11316
11087
28487
26861
43140
20782
25964
33369
9376
39626
18852
5725
616
18669
32706
48336
32491
5362
11733
47880
27469
27719
38736
33828
446
52969
1083
19355
41984
26473
3337
14231
52440
7430
44922
40284
3646
11425
1708
8794
11215
3089
47362
22004
21675
22316
40166
35321
43855
7855
7461
49895
29935
26849
15553
13715
28553
1442
37622
16065
23950
43868
31225
27193
37223
28745
30793
23368
17497
21728
20322
45933
47104
35997
44176
25061
34572
45215
9948
21297
17457
15895
43773
53797
31273
10942
3960
19911
44272
73
5500
40622
10344
19159
7208
49276
13793
33634
48537
34051
11108
18554
1818
45314
22119
24897
14189
53267
51281
11271
33225
44797
18889
41473
20131
20603
28426
49053
17526
16848
25537
13962
32346
32878
42903
52958
3436
37137
50074
44170
16280
10821
21174
51866
8348
4426
51616
31776
753
11247
3077
51694
50266
43598
48918
12094
31243
16847
49362
27612
35774
12252
33305
38098
8725
25132
13521
44514
51054
23061
3097
35070
53377
42091
29182
34706
46724
7673
47360
4662
46192
38364
17141
19663
29281
10342
5198
39563
42772
31808
10181
29385
39544
49544
40607
25188
17278
6614
39026
1000
5162
15240
37457
5406
47623
6463
8792
9350
13684
30595
22826
41726
7892
24394
22203
5599
43199
12719
46959
32355
35966
27569
23901
16303
42850
14994
30167
13627
38769
1162
45760
43568
28159
16955
29788
14429
24642
27398
42316
25449
6828
45618
4985
45739
36389
36921
19205
3877
14255
45536
24049
49653
51981
48069
45979
18374
32012
2658
37305
15144
42950
44943
39256
43624
37198
48938
7358
30195
28413
3200
47088
13323
5769
24503
28214
44316
16599
40193
26663
45972
50014
25836
9802
53082
2849
22358
9676
13867
37851
31199
6018
29697
48349
28463
53880
9081
22578
26136
24593
25675
6466
49206
25262
20190
7692
16598
6236
13173
30236
16011
34036
19975
52330
3784
37232
24293
9562
52777
6915
49677
14968
20061
42062
30997
2921
19765
24304
31732
46904
5017
30284
50428
16855
45652
5927
14611
21024
41196
51390
5615
38073
49130
39220
10630
27646
41814
5774
31405
53284
32717
37012
21770
18413
31043
43490
5682
41100
37774
22191
1046
43179
48806
42737
38923
18703
31212
38523
42970
54001
31373
20129
19167
13732
38135
42926
37703
25434
33926
30720
14280
493
28412
19236
38844
5309
24493
18800
30120
15455
31456
8910
30806
5704
24093
10612
38865
12897
19029
45
31782
48854
36664
37342
4616
16166
10562
41556
14315
9467
20297
21547
10308
2321
34951
45249
49145
52225
11338
52618
22458
36437
22896
14247
38425
26736
48123
23948
33492
34143
15293
49562
7920
5189
52581
27041
45036
5675
17392
18736
33445
12059
37790
27894
457
16430
38772
43760
24424
22396
1298
11871
23286
52983
404
11228
38509
46019
33374
24219
5746
32265
16514
34892
21865
15488
2170
37202
764
48267
35446
27893
38359
19359
6329
23273
51315
52889
12704
13118
36108
26675
31981
31193
26912
18859
42675
40602
42823
1662
53276
45371
28910
1169
48931
52685
7057
23875
23359
30667
33765
30344
52066
52795
26297
29924
44821
42049
13134
24520
5847
35549
5165
49433
1021
16593
8776
14257
31344
30072
1176
14798
4912
36589
38543
36397
37713
38239
29829
38728
39984
19078
4789
27848
14998
2008
6752
23315
30432
35743
33398
42715
28951
19592
24912
3561
47430
51468
39864
84
48720
20063
29306
3190
33275
18475
39598
28278
24781
31347
8746
14427
12586
39937
39883
49231
26006
39647
8035
2724
4093
5472
47734
5233
53335
10801
28456
18375
9820
22808
6287
14742
22817
7011
46795
163
48622
14675
44402
1781
37159
30590
11210
34349
27446
39576
32335
8187
8064
1825
9130
4392
13991
48133
6785
9396
29133
42319
29566
18757
25810
49923
29233
15507
573
46765
4819
1865
9662
45922
2844
16526
49363
1750
20101
43953
29824
18036
33001
43144
3382
4108
34330
20060
25515
25128
2992
39890
15475
2391
18886
50774
45034
22085
36888
17292
30091
35970
21313
14156
2120
619
34460
2702
33935
2591
37200
38723
50474
30117
18626
4861
30567
51946
5415
4267
2480
26633
28992
33763
18565
30778
45707
1809
30471
18327
8173
13473
51435
45504
51785
3428
21961
7203
28279
18698
32479
22399
23062
41652
15700
46945
43295
16005
25297
50921
12120
12754
42422
25642
25917
43345
53520
15359
42825
44232
15831
6870
20216
2857
46941
10726
13700
40674
46275
3755
43347
43147
2884
9638
19742
30696
1792
20423
23410
12620
24722
44196
17577
22847
26291
35434
7074
23568
27157
52675
49396
24568
6903
32284
52175
1694
11334
49602
39899
52009
26725
50635
12431
49170
39165
26302
39071
15702
35571
40641
44609
26562
7396
40954
29488
19789
21483
51541
5323
31584
50493
40968
4676
22755
15969
11996
25907
18187
34029
26515
20895
48939
23938
28862
8174
21893
38967
30918
19046
32909
29061
10993
51310
28400
37781
46270
20911
46861
27016
12006
34963
23124
31290
52734
48138
42870
36646
52259
2164
32680
24505
2049
44698
15719
47037
6267
31616
43193
33934
114
28935
2449
5999
45153
46222
3919
30896
26792
37122
40615
2605
17731
38647
4333
3652
35528
9900
23730
25752
26992
1644
21264
50935
34152
33330
15856
33103
44793
18347
19262
38044
48480
46968
17247
39920
27070
20330
38598
7194
21431
30666
43081
48875
245
50769
11934
35313
52731
25015
43387
51166
746
12401
2626
3574
44561
31427
15130
43043
16585
3610
6275
17277
44685
31804
29747
52707
4044
132
6852
729
51913
42097
53687
41704
28801
47011
39413
10478
15082
8978
10517
5863
28318
53966
19368
32621
36481
38622
7493
24468
15568
4178
38951
9881
21660
42587
18489
7938
9351
52903
36941
53500
50896
1576
4317
22876
36418
51717
8989
5389
43423
51417
41493
27746
8608
14027
44120
21642
49113
30898
41007
40618
2891
48162
2777
22456
43544
22280
20606
9831
1167
32098
5527
42334
22171
37236
32004
53632
38404
30372
33786
49768
10083
22118
44684
42257
16545
15522
33157
17626
51031
34672
53043
36977
48827
18791
44286
53925
41009
53024
23722
6
18470
18779
26406
3225
28335
47639
22189
9611
37700
6531
26493
29224
27280
45995
29301
26537
27116
42035
1023
42201
49657
41869
8090
2617
54006
18109
1838
952
17657
4626
51056
24416
34382
38123
28657
39732
46413
696
8270
47559
24291
10929
8443
40860
2757
5187
49211
50354
41882
1366
33909
33256
38182
10313
49721
21171
41044
29649
52744
4785
46723
23399
40026
44957
50068
49257
18805
11326
388
18765
37
2806
9447
53060
14069
13614
1951
19640
16163
24016
13969
53265
11945
25568
42705
28899
16077
40253
33497
25694
9386
11835
50079
21294
34265
35844
808
51760
39503
12536
45882
4270
43790
35157
27597
7279
24085
31823
19935
49349
42437
50941
5297
43382
16682
1561
47370
49304
39139
9347
39676
21546
45297
52477
41567
12383
15317
33428
14962
38984
29055
47365
38892
52524
1862
30330
52967
49960
11072
44334
25763
2252
38484
48329
48885
11888
32609
11205
19390
23735
5628
816
41981
26808
8341
45246
5962
724
30705
10257
23552
8365
53633
23224
9409
38117
24825
30115
49591
33121
8304
7563
14532
326
11462
19139
16899
11260
3845
49255
19699
45981
24812
48612
39492
1429
52914
10438
53643
47799
23344
44748
17211
52407
27816
2907
50078
2796
31520
20032
49961
17688
37696
18770
1020
34475
40903
26777
33714
4251
40854
4427
51199
6596
10712
3657
5399
47607
23988
30157
179
51251
42275
46737
24399
22076
27165
40370
52087
444
28557
10275
17948
2183
47957
42638
33299
13161
9108
4689
