20335
12095
37014
25325
20663
36739
27354
10492
15562
17409
1479
39896
35961
18901
5782
13109
14749
20572
37183
31977
31711
34923
977
12744
9237
14226
7017
37150
35079
21855
14560
20172
16759
39287
35030
13962
40728
37683
6039
16543
24305
27676
28475
16065
39153
27780
10246
15878
10256
25243
19647
10548
25728
16610
27110
15191
22809
894
32963
17327
6003
36009
22515
35382
14305
34758
26878
11720
19093
22187
17851
35571
15550
26004
8229
18558
30508
36860
535
25877
27617
31788
4236
37030
4821
18239
3653
30314
20505
31266
15195
39755
14683
30271
16754
15043
30111
30632
18430
6592
3819
31373
22497
37939
35877
4219
25507
19118
36764
37504
38584
6404
23169
5204
14943
39021
20154
28878
2923
9154
3685
13807
31390
24005
34512
14398
16750
11048
9158
38441
26041
39256
25691
15273
27697
26986
7779
18377
15927
13133
5273
39888
11926
18908
18743
13853
36357
9164
8086
30077
35572
39181
9948
8043
5897
10218
22313
20208
1555
15657
17257
14763
1739
26687
3855
