40382
8676
35578
13713
31745
1620
8457
168
8656
17028
52103
17176
50759
28092
41960
31432
3931
35916
2685
39336
21073
1777
2520
48512
46698
28781
24289
36617
33353
10574
23422
38363
39943
35228
42738
15232
35585
14854
32737
42266
29346
47739
50646
14559
32572
18826
8317
3095
26139
41171
8963
51248
21412
723
39497
2644
9972
15872
47366
23885
44333
53211
5121
36987
8889
42096
14047
12471
44199
13038
1693
50780
15360
52088
37928
8129
1905
17633
11463
8438
18990
36158
9159
20188
8664
38865
6327
44034
18364
34764
42166
23420
53262
27816
52320
26249
43935
25117
39096
41090
50373
33999
16833
37109
10744
17529
21343
44870
15153
13739
37465
3418
33697
36954
48969
47852
8008
27364
20072
23526
37111
34726
30299
51498
18278
7949
16603
18629
30968
15412
49584
49982
36829
10412
3701
41727
2701
25765
52900
28602
22488
26868
38366
15272
42903
23260
20309
24663
33759
2953
40607
26612
31548
36682
12253
30410
34982
5669
3391
52557
36756
45638
51751
10042
36850
31073
39765
15503
9673
2791
35876
5633
34945
15046
1
20028
16873
31544
25764
53990
39549
9112
634
51745
27558
12577
34389
53714
41510
43585
20415
25140
2501
39517
44992
604
52193
6174
20804
39170
18504
5052
18395
45421
17541
39619
30824
32214
7952
50813
16441
29203
12054
44853
29184
49100
46386
16507
51728
4307
10515
31681
53397
15588
20340
25167
6557
35849
9797
11256
40719
15490
16924
45096
29018
36037
28664
18825
12048
43383
32613
2249
579
806
4168
19687
36613
8452
18312
24426
32146
30136
51794
32504
33290
31076
36337
9330
21405
27586
29751
17373
47908
36079
29029
23460
20305
26764
2378
25041
11464
30604
25063
39162
33483
14728
13079
47935
35598
10702
12526
52570
31616
39710
807
24474
24096
37748
25086
26628
51769
53723
53750
41661
18291
50098
20359
40021
6440
30806
7114
21291
18702
10380
5760
33396
41649
5445
21604
14756
38176
22401
36774
47724
44054
14014
41736
34079
51202
1829
8507
17591
48637
33765
47874
5493
26446
7660
12279
37179
32865
12570
43571
38145
17519
41866
25266
30470
39973
52493
47815
53
52131
44308
15521
24078
33260
38624
47907
53896
12554
26623
41035
13456
39876
1255
13687
4563
16702
53881
49056
43094
35055
42439
26711
6819
43686
23838
49886
40042
19607
3577
19372
38821
4044
37886
29503
50669
23964
28414
46096
2159
18613
3779
41875
14669
49626
33160
40981
42681
11069
17616
12056
19893
869
42156
4337
23213
42562
16569
34257
20898
30018
53510
2148
43670
10700
27531
41488
35121
41915
50101
16357
51388
11330
32241
34972
37514
38726
18412
40278
38522
38543
9992
40623
23481
31952
30802
43294
38601
14089
50028
10155
5081
50790
22133
39541
27952
43211
5166
10364
25739
37143
40465
28849
16488
5999
45922
44734
39155
49518
29045
32486
42093
3761
8927
7151
3105
28858
25584
15591
28210
8405
5237
35572
39900
15978
34232
35666
4123
44080
36115
15420
28548
28581
35422
19797
3411
1833
17928
39037
47887
5108
6880
29799
40567
35558
29641
11553
51520
42429
28731
21957
16351
2288
30342
18721
36905
953
17295
6971
39209
52735
35733
39869
27970
12373
38508
23377
27657
28167
9918
15187
38122
13783
25210
32739
15428
31204
28883
6414
29298
19894
32427
31128
17178
17364
35815
16778
18047
33125
9001
26167
29619
39094
19029
50307
21672
6091
2372
27042
853
25780
37856
26450
16021
39238
45764
10056
47971
10857
13694
45081
41643
2031
42285
22899
7708
53641
40910
35295
36423
17508
7904
7467
29179
50846
12453
29887
18287
28845
35662
8608
11566
21867
17457
35832
48872
29219
29368
36007
31828
52773
21091
41706
46063
2515
44335
22948
607
50186
3312
46293
5334
20608
32426
22779
26480
31205
21651
10414
42260
40532
34195
47312
28991
25758
216
29338
3406
16340
11372
11515
43028
3412
43559
19465
18053
43821
26916
47692
39935
21861
38456
39124
32358
9268
34160
38305
43040
13363
18360
44019
28517
33656
35842
48547
29111
22950
13842
13659
4839
50032
24212
39479
47962
25432
13785
32616
22541
26663
28066
24709
29281
53115
37425
38682
39433
3965
29302
27244
30393
31456
52482
6452
36387
8681
50006
8508
5538
51594
38676
41369
6055
6962
7644
7666
42094
36305
48826
36973
16187
23150
14051
10991
14529
23785
51376
22178
45348
49358
50264
8175
49883
14012
30388
42694
34734
39742
598
17932
48797
6761
39658
36300
23518
27219
4529
38760
31249
14278
22445
2414
6893
21598
4927
47979
19574
53432
5364
146
1340
1788
34905
33600
23340
48858
39961
13411
27833
36251
46136
12490
12102
45349
31787
49615
16327
2888
21905
53125
31660
25016
44768
19774
39555
36188
8597
44033
384
14476
18012
12304
7337
8861
5458
36081
24356
46618
14105
6289
47220
34153
1167
1847
27944
16826
16783
45133
26998
2391
52179
38568
2204
40791
53708
50956
47746
15277
20684
49836
31223
17362
72
26501
28919
33482
41070
22463
37890
19357
17407
22403
16103
731
15808
16173
555
9336
47623
18112
36749
14821
16013
38449
4138
27962
48276
45177
30385
29634
49909
42835
25833
27046
40461
38750
48386
51060
46727
17673
18538
51940
20583
38080
5489
47261
45301
36709
3675
1299
45231
24027
22337
31463
50851
51107
6487
29409
314
24089
52330
17443
42521
33981
36369
50899
31187
11209
20050
22910
17419
13513
16110
21638
1546
36040
5449
29280
45610
17940
45750
15319
24926
17166
51990
40000
42724
7202
30613
28749
16882
52539
46023
3840
9884
29696
24809
1329
40540
25559
20567
45067
5094
23982
24527
39432
34100
37820
40047
21192
47685
645
27863
21601
8437
22967
12361
30701
28461
46019
6917
21880
51844
3024
39849
6540
48526
32543
47795
10855
49673
8192
40710
45766
14971
15441
35264
8500
27023
42457
30554
6268
44420
28001
13518
17901
19106
20395
52047
10820
12225
26922
36813
42744
32100
12716
32140
563
51962
12226
41120
5298
7503
22527
44430
18799
24743
41926
27263
48194
6795
42459
17898
116
5411
32707
24746
14331
2909
32010
9430
49172
21963
34634
26032
23710
46305
26757
42850
1097
34880
39398
14665
18311
2123
9933
17254
52412
32898
36882
30977
45471
37064
12459
9910
22296
2092
29432
15381
1676
44099
11248
45867
12261
2727
11160
2975
9446
16868
5035
47061
36952
20638
47524
47810
8375
34838
12948
930
47778
34505
50697
44618
7936
52875
27386
41981
4955
36584
1107
35915
43330
4368
45792
121
21187
21067
27875
16872
53847
17758
44476
11497
1981
4935
31516
2469
52686
2004
13952
47864
33411
51259
42504
32998
46869
46225
22255
17277
47734
45227
42979
34081
48848
22875
15271
2121
2665
43301
53809
51629
6998
3981
35048
14707
2743
45522
27804
19122
3028
47532
17679
49086
22788
45736
19194
41818
51426
45454
12791
22190
47722
50681
47715
44994
31961
16982
42288
34119
50453
40564
34270
31024
2238
37287
9971
52790
15671
24802
42846
23041
49470
9544
39450
52749
24682
36685
5793
31675
3099
3951
31837
13706
22391
37049
45440
48649
44954
28405
47526
39615
29660
31944
16247
21847
31112
17074
17589
17688
29594
27328
19075
22647
38040
9674
37362
18206
52117
51424
25468
40596
10246
15864
37916
4607
39528
37671
45491
711
11600
31466
25962
30733
33836
5770
10482
15962
36551
1170
14987
10645
22448
1291
45807
37710
11471
22340
2318
40170
9450
14048
43484
50792
50551
3620
53888
11795
13180
40971
27312
4255
52428
30435
20450
47416
12128
27307
53912
35477
27697
27503
47074
25656
22052
8673
13004
597
25517
3169
20179
18529
20729
46514
5772
15220
10964
19338
40102
47610
23009
10249
35368
28742
14787
42434
17630
3000
18
1201
42593
5799
31276
36316
31649
12183
22060
41484
36481
24824
14121
24119
36731
20001
1929
25782
4158
43422
51143
41816
37580
45419
35974
38657
21813
18913
25865
4804
13264
23389
20037
11545
16597
11862
20992
40397
42418
28179
7002
25325
10644
17211
29168
44028
29284
23476
39457
42087
7174
37570
43567
47693
39418
25630
30704
38416
36924
29511
43322
28778
1109
25056
1381
51280
51591
29674
34332
17610
25822
47630
2481
30618
42705
34660
12896
47632
9893
42568
30382
31514
23364
35127
38747
34052
31959
6102
8821
25389
48146
39062
3309
34306
9501
51402
4775
49736
4381
49525
33315
2822
26985
45650
26310
41349
24437
30860
32632
35839
17698
31458
52372
24244
34448
2183
36402
29697
18383
21908
31240
42942
41584
53337
37475
25207
12844
3104
44316
51970
52495
23698
34275
31159
23776
53429
43994
38481
10219
39465
37140
35885
24084
35494
43512
4374
14855
29167
33956
7924
35012
48759
10344
51179
2591
15729
30895
2377
35167
29086
43388
7334
51849
36744
12763
10670
12990
17387
15705
25821
37463
14110
14739
44778
35848
9039
49541
10199
53138
39458
15180
17358
3213
52605
9710
24714
1550
2150
18783
19376
23638
9169
29222
42675
19630
13454
43489
24921
52291
29255
28936
19184
34960
39394
38438
37676
37779
26056
18154
33947
39114
46579
10854
43581
32873
11911
27034
24903
31444
16193
11754
15990
42755
51387
38173
1945
2402
42811
27360
16824
38335
23035
103
47328
32086
24583
38848
47514
28156
43939
33776
38465
28969
21763
53460
15801
13362
42138
12701
24449
33079
26815
31025
46473
38513
27530
49908
49911
17766
23926
19772
2739
15509
10698
9986
16956
15556
33531
11559
32553
17969
40449
23248
44927
50447
36729
37009
35710
22706
40371
5020
19295
48943
31485
2986
21708
19980
7652
15695
52711
5911
15429
10825
36013
43764
7269
5684
48285
53378
46583
38220
16188
23508
44971
20861
51309
42915
45279
49248
44620
33713
47284
48824
14952
31231
17413
38881
29521
26997
8573
16818
34713
18661
37941
15389
20688
36304
53699
32037
30782
29584
16264
19091
20122
24995
37218
38312
2189
8523
37763
7209
47470
22118
47010
52132
7880
9259
33221
24927
53882
28546
51023
32321
34210
26215
504
28928
8760
35503
26503
19589
31889
28807
5541
18731
17460
30813
21310
47109
26536
8898
7465
18974
46953
34870
6743
41210
43895
32040
23234
31748
30833
19430
13962
36766
9659
48125
16394
52315
46186
14815
33088
22239
3683
48428
32973
24188
24311
40619
12708
9562
896
52459
26375
35007
23303
15853
44970
40111
32229
52630
18465
41886
17966
39468
12067
7935
749
48819
23417
38674
38094
12744
31802
22897
52374
50867
49022
10545
26864
27285
46103
6206
8920
46765
22359
31490
1495
30305
1882
49040
50111
16883
1208
38812
31403
6158
10314
18211
19015
33549
52642
28497
53253
47212
948
1865
15455
52556
51343
43500
21662
10430
53217
288
28190
44885
25523
27423
7866
47292
12720
12801
2787
21802
22514
16837
49565
25002
25759
39173
51322
39232
661
8724
5673
21245
33127
2524
45892
26344
30064
20131
34522
37156
49690
29564
35675
22518
27827
557
5344
53102
266
4081
2862
50015
13221
49443
25394
13097
11542
22318
50504
32333
34436
25849
34453
15802
7723
20522
48176
18537
36585
10406
12852
11098
46972
27142
7485
23774
35692
46550
41823
34868
33246
16319
36581
47672
53751
37800
45414
19938
4778
1753
5273
118
18069
15410
19696
23652
52126
49766
20266
28901
48523
27213
19287
48406
36220
46212
49129
43105
4338
12755
3747
22127
12800
46232
18416
19121
9774
32193
31464
11611
18381
42322
19580
30648
11412
21236
45412
37383
7449
32108
27755
50936
40384
44359
3509
38374
34330
21796
12363
34878
2511
3937
9795
8105
7854
51957
3971
48875
4377
37189
32624
27562
16628
44249
30706
613
45342
8464
45193
43881
32490
49760
40867
49217
18846
21876
45369
20904
33541
38728
42696
16933
21109
36175
34957
30906
10584
11425
27778
44595
3375
253
33017
31778
12143
4198
27870
11926
14444
17657
40048
7969
20686
34979
24619
32055
47256
29627
23747
28472
47757
671
20915
26208
17597
1488
16724
25921
2420
6682
33481
2149
42000
26529
28098
11985
13494
44938
16475
49007
24503
13449
10145
5477
51774
42408
23911
4416
46723
14517
28750
8084
42261
45972
13473
33863
22540
36041
12895
1181
31751
46401
10660
1350
37351
32728
13101
15115
20725
14800
38051
44538
26039
22900
20425
48206
33425
18606
18523
8469
46072
47819
27588
23962
45344
52380
33519
22080
53638
51117
48993
35149
14867
36571
39851
47014
39602
21279
30333
8318
44934
9533
41315
39857
53054
3671
16454
53393
45310
46657
3143
25228
36913
34022
43864
38873
7344
6973
52173
43718
11740
42232
17134
16739
44468
49062
13877
43904
47740
28765
39907
16976
17583
47099
52949
6297
11004
30910
12085
15093
52234
12293
49250
10726
4866
13309
28384
42773
48996
23084
38864
53537
12419
26093
49831
24249
32007
43602
5547
28847
24505
8520
37323
43942
50145
48196
29096
37086
24917
15645
5832
46451
44779
24463
24962
20885
12790
22313
31315
48840
51895
17733
35176
48397
5469
28154
4220
46894
25440
36917
19454
11980
22529
469
48662
9766
7295
49697
3118
50137
7326
53097
6852
6574
49467
49972
280
35307
47884
21875
12360
31673
39451
14383
29427
51218
48082
9579
43613
17203
48205
52452
36367
30856
23017
4127
32925
8623
26154
5157
37917
48595
33311
33458
8650
6482
7517
21819
38323
5313
28516
15089
34033
11576
13988
40043
17771
7905
15957
12985
42853
34836
39136
39792
18123
40879
18589
8271
53025
20403
1589
39360
52944
53756
42262
46503
50086
26912
32811
21129
11836
19708
3920
10392
3395
36393
29367
28788
30235
40536
40425
44470
14302
11013
48604
45434
19207
11286
25876
33966
41258
51336
32558
12445
7677
33132
23209
1075
52906
2605
53173
51021
48520
28419
17438
38191
51572
50048
21010
13046
42056
9862
45793
52232
15171
32422
21216
1263
7050
27871
9182
32220
15295
52361
10641
4767
53761
16152
26879
39402
30414
28799
30421
21554
51904
9213
44303
32278
34820
2343
52415
41693
5638
30499
12663
15944
41185
22102
45442
36372
50881
21331
10151
18016
18432
50503
23396
51442
52298
5949
35281
13342
3667
42064
2095
47620
14413
7871
32716
22044
43396
11438
40253
3393
3895
28514
38247
15085
42095
18793
6901
22409
10696
10493
23477
12074
41929
47635
31244
34637
18014
30574
29869
33001
51403
38464
40307
32838
36606
2799
23255
2415
35814
1670
43747
25403
49642
15231
25670
13589
14098
17223
4150
14084
11519
22440
44702
34322
24387
8771
53263
18981
12727
7099
20465
41506
4114
29348
43858
11454
17124
2060
32065
14717
46311
29524
42828
25384
40693
53077
20391
34967
53598
39624
13935
32901
794
4217
29489
47161
46200
31646
52321
28433
44405
10794
20142
50514
15166
37847
15042
7942
20159
1657
49885
49630
47966
38570
50754
49954
37569
23228
28854
20935
7671
15316
45718
14939
39424
45863
47497
30221
38400
7567
20605
19108
32178
26722
44922
45870
48510
16745
37770
37877
27969
3984
36830
53358
22416
18855
46364
12940
9886
16665
1149
6522
40079
1503
41358
11918
51560
26735
37732
30323
1254
16151
6396
6021
21345
24667
14650
34978
45054
6368
51228
9686
30268
34659
37817
47633
44369
47449
43707
36654
52169
31427
46135
30536
23647
31970
36345
49237
10500
47797
53660
11144
39982
24696
53462
8086
36556
31546
51118
32839
12847
41499
39063
52809
5902
19396
26990
26769
45365
1771
29541
52278
36003
14025
22955
654
27859
8864
48338
19593
33397
33274
9606
46852
42103
7020
35486
120
35145
36555
40471
3015
33640
42213
9947
3842
16781
42342
40885
12995
3478
18186
18036
45580
12070
45460
28042
16248
22483
6226
43236
6350
30127
36628
50873
24329
48706
33219
6549
39460
3360
48514
40559
17104
22841
53992
35341
11429
49781
14412
12146
27896
46949
798
47117
23872
42402
44659
32913
24139
44926
13903
7519
2214
6933
43314
41976
46916
24209
38805
2935
3590
39143
38066
8865
49588
28389
31960
9088
29834
44631
1716
17712
51538
39304
2879
53049
17702
48178
4745
25508
53158
33490
38142
50317
18374
3778
13006
48905
7069
52085
33932
22799
10914
13136
24261
14903
21191
36138
17363
22363
9126
31239
31723
7220
7992
30138
1826
44278
49411
44721
48766
52926
42805
38549
1148
39330
15827
43110
53008
44549
3499
39266
2582
961
34697
49502
6502
10452
13292
3422
47839
19804
25783
22761
21346
5873
3179
33152
11981
37443
5090
7102
25536
38092
52588
27117
9099
761
24324
11950
2882
5749
27924
11435
4702
29186
2900
34665
40953
34525
52936
15361
22650
64
11104
32281
11178
20920
35954
43521
38021
39803
6003
45420
37709
5048
46144
52616
13554
50889
10528
29463
16253
50277
12461
25803
33677
36876
13685
5534
52713
3503
33780
20417
11000
9785
2849
47151
51937
7930
2390
52110
23094
31917
28663
34127
43840
2332
39580
14276
22521
18717
28105
10017
6036
44660
37751
46140
45100
16641
19830
14983
9151
12121
45480
46845
30752
12644
41444
38737
29325
9191
10047
22150
18886
52750
11420
15144
15491
23884
32810
47621
37046
46124
9694
48537
17002
8763
1473
50379
44705
2175
37920
43827
32907
13143
52017
47879
32814
22879
48120
28343
43324
12818
30684
2296
42460
52208
38448
8918
34407
37274
21824
36909
21511
18668
6402
48685
53373
1796
33684
3078
39035
7774
49939
39903
1970
47588
43897
13198
24551
80
44148
42815
28721
22105
48886
22723
35747
45942
35139
39290
11989
49107
9759
52837
50603
13885
13787
30757
27511
25356
22153
51663
30955
42931
22960
38891
20944
14153
6023
8866
9376
21281
36252
42502
4945
8282
43441
2434
53074
40598
35373
33843
28885
27349
21269
38503
36029
52499
51982
18565
15034
28213
16073
199
31797
27831
47143
21816
25409
47540
43871
802
7568
48897
24153
53718
23695
43264
36441
19667
43358
53227
499
9469
50291
49440
15299
53840
5068
26481
20345
14985
31908
12159
25482
43597
34809
31919
18986
1045
10133
21848
23214
31633
13907
51287
472
44464
2261
22167
10514
49823
44929
2346
46295
50094
8472
36837
12913
25339
44203
6306
52501
15249
36520
39810
52162
29702
24309
46589
5524
39690
34546
33217
38681
17540
20029
32461
26624
41154
23622
21294
13955
51577
5676
41837
22115
41382
53726
45627
20294
49156
758
10656
26977
49820
31388
44794
2489
8953
50615
50511
26202
17553
28102
38014
9269
2654
28023
4405
20745
26991
19004
16503
32472
43257
43654
23640
22305
44330
17198
50523
52337
2795
26159
33502
12660
46292
37280
43106
19781
26492
53806
14778
30945
29874
53285
25276
51818
23076
44826
47581
24376
7528
29776
35599
38064
19543
21726
50461
4651
9363
38558
8323
18642
53147
25014
3449
25812
45984
30427
25411
24475
38698
48195
53594
51862
3437
38651
13884
48810
50459
24681
10010
43981
45250
25612
44928
37605
45645
12812
20937
38023
43035
7386
31572
3482
39414
38797
3525
1585
31306
25040
22273
3184
29421
10626
51108
21541
30707
53771
13771
32112
23641
44795
30669
50978
51290
51604
10664
35709
6966
13725
32612
48868
8684
22507
38883
24477
41129
47980
29729
11033
44946
13773
511
36869
6459
15385
50159
41087
23515
38933
14322
33350
7082
10455
36025
26099
3754
50799
5188
35695
4799
19954
21305
46128
3825
4112
7219
3588
2601
38326
14760
48890
28366
43297
11558
34254
19164
20954
38218
14870
12011
18290
48014
24314
21470
38804
36411
17385
38834
17817
46908
49867
53440
38200
48527
5659
29832
5719
26526
3363
36016
29512
26540
35347
33359
5753
47755
16075
45583
12151
22947
53193
16405
35364
36755
26598
694
51854
39273
40424
24
25085
37894
33905
40154
20117
39808
19459
18513
4659
29733
20846
10167
46508
49742
48519
47395
29866
18306
47703
37760
12656
6647
6466
27067
3293
39093
12950
52772
31088
41141
16955
33175
48947
49304
25960
3464
30340
16329
23461
17896
4304
20779
42149
14337
53960
32079
9799
45523
4720
18512
27779
8937
9395
31193
5526
48597
17303
13539
13825
36803
37538
21879
50971
38894
667
43818
2659
2929
16286
4219
24183
1001
4652
10247
12203
45554
51633
12036
4550
23635
20484
28378
3401
50994
40123
8924
7711
40052
35444
14791
17560
42658
40069
10434
29930
6418
36607
7116
11315
42185
9641
42548
13910
3147
25513
23890
34766
9567
28542
22415
37704
13746
11873
4281
4139
33363
13814
31518
10903
20402
7097
19179
14883
40602
27039
41486
36558
9667
3019
23217
45760
22718
35791
53065
26441
31842
35084
8758
2198
19729
16610
44486
53305
16788
40818
49232
45453
32430
5950
52799
22595
12342
30265
4690
29247
3197
32549
15680
23275
6631
24627
30280
29442
9241
29864
9959
13360
15350
690
17867
29003
2277
46708
10821
13939
33388
33745
33533
4599
11210
15021
51972
17732
21540
25846
28243
3328
22599
29950
33508
18686
41416
27325
51698
25143
51850
32569
53545
33241
9048
5183
25965
22029
628
46761
21833
48605
29123
41186
42878
43246
41044
47046
18017
35511
6002
50438
41912
37861
3365
20155
30848
20955
48933
49503
49139
24072
47097
48266
24037
14642
27696
1089
41674
27627
35519
47370
15754
21142
47175
11164
13620
50105
9664
33416
27794
39533
34034
21020
28151
38975
33078
2534
17800
42508
47019
21196
12081
29742
28309
33004
1746
36524
36925
35844
42821
4486
40322
26666
29152
20119
41662
41715
19418
25104
46233
15466
31048
43663
45840
50804
32797
7196
53998
11126
13858
36439
1866
41861
14804
53325
32012
37938
39121
8296
53018
24041
28271
38102
12343
48610
18018
14527
6395
12774
42677
26180
37628
34875
29827
51590
13609
1725
12006
34552
36232
18618
5794
46846
49082
47057
13249
8847
53655
8672
5565
11493
50143
23073
37818
3073
36134
29034
35637
10499
9457
52407
8784
31248
9120
13099
12934
44789
33018
47406
43811
48792
4779
26693
12879
4816
6610
6780
43667
11342
44708
53260
38331
38320
21952
39722
40060
16937
13987
14857
24428
26490
47043
25451
6946
3351
23953
53821
2179
20900
10362
50743
51835
22675
13996
49963
12897
47214
51994
28327
14424
882
31148
33093
42414
17619
35686
32831
41677
16516
27367
22923
45387
15936
2201
24413
6314
37170
28913
31136
6018
51860
29220
46259
21664
38106
10495
48346
35469
46313
29487
38950
17051
23844
25672
48088
19362
35313
42702
225
52092
11605
9675
19983
51247
20826
53299
22545
10681
14647
33124
23994
5376
42250
37215
49808
11428
21362
21250
4696
3579
37003
50026
30619
2011
35437
41613
47728
7585
22232
39196
1800
46052
21399
20313
32817
39985
41558
10830
30229
38036
30592
33349
26401
47916
22745
32023
23825
51521
8067
10672
13482
25195
39732
37831
26929
34325
20742
6505
40574
31712
50661
38295
14892
11014
28866
20202
39569
19689
27971
12052
31266
16101
9087
14125
36746
33995
2609
40671
33831
2500
43279
33141
17216
39556
36127
38386
16071
31206
38850
25174
10603
32762
52443
14031
37335
14603
35617
27087
15233
17661
17007
15686
29263
7841
11072
45389
28512
33768
13284
10852
38880
42665
25095
5814
25365
27763
42063
34297
24458
49595
12631
45883
22686
45457
6431
36701
34039
33257
20762
51167
21123
30357
20746
9036
29755
16534
22063
12548
3662
11692
4695
11074
7090
5405
29257
15122
8942
31098
15258
28939
16977
6892
28058
39511
834
22264
20385
24929
20262
36136
3383
21759
36696
32276
36476
21148
32495
7502
17315
47934
5698
24431
37554
49151
31628
22655
38253
34269
31929
27876
49853
47483
13424
50273
44329
48928
34519
13729
53149
16370
12069
45896
24002
2070
48642
52402
10814
44761
18947
15165
24281
26091
28564
6389
45677
2286
20220
50365
8730
2919
31174
42621
8810
7466
7372
17870
43363
49737
48296
3863
26267
37606
30306
2948
23007
26029
12355
27539
19157
34536
18720
39357
44445
45510
24093
32503
14714
41060
25577
48631
17099
35871
15075
40927
38294
35249
44644
33921
48852
38942
42751
48593
38684
29909
8970
47430
42394
18751
6849
16451
36129
50413
36058
8605
50064
28064
33392
2525
37017
5679
48992
5039
34914
35895
14960
2430
46530
44919
11453
894
27058
3910
9693
16904
49934
7775
22724
7005
36339
43649
29833
41810
19538
51948
3517
18467
24843
29898
8803
43750
53409
10824
44864
45921
52721
28325
52745
2040
26927
4984
34585
27655
51995
29857
37341
15255
8148
867
974
11156
7083
38889
10937
40235
5467
32889
10813
47596
34425
33041
28877
2127
32409
2259
19847
27506
51053
16078
17046
34873
9592
16555
35604
30469
15326
15157
89
5268
30713
25546
33391
16878
34101
39797
18975
7682
47959
3035
30248
31936
17929
14720
12509
18921
19779
50078
4293
33566
52388
41744
41952
31794
32619
23797
35112
51175
9445
22926
3635
25329
46446
38409
2539
49509
39236
45479
36480
3682
6554
52500
50300
31227
16356
46424
34394
8809
33013
31820
1283
7860
52663
43610
10022
25445
36160
6691
52286
52116
35534
10391
29883
44542
50700
35729
15581
31352
224
44993
27721
37469
6583
18422
50632
11614
10055
19712
21124
41333
36861
4616
4470
30454
7908
18570
43543
28379
40905
37226
9798
39750
30643
11335
25188
18920
31018
40653
16854
46443
47145
45557
14236
38688
23293
39448
20988
20032
37782
46345
47398
50139
51080
13334
15964
33122
35199
9642
1114
10384
19871
37565
2394
17008
13645
16797
26086
26146
49570
22348
41628
11224
50824
43955
1251
37025
18124
20433
2003
4982
21780
51696
4057
18484
44735
32995
32864
31114
10958
42442
12436
50983
42934
40862
45667
31481
17082
29891
46787
28979
45571
28455
2012
50708
27850
49331
25852
21716
11501
41291
23292
16223
44225
15940
49206
34907
35853
44712
34104
15252
47953
28988
10677
26003
2344
12719
5086
10618
24335
11415
38019
33367
38081
15264
44304
46012
30254
41957
50135
42374
34595
27192
43911
18261
32758
34053
26984
24569
6219
6539
21469
7238
31630
22366
7313
50552
13821
4821
43828
27112
21701
10619
18564
51275
10548
7559
17140
51334
28071
48150
6136
46946
27166
43583
11662
31541
36137
11486
30867
14552
24348
22783
50029
27208
4746
42992
42893
28212
14092
4097
243
20068
20580
50185
35689
42501
34785
14813
22868
39345
46254
22682
13301
5978
30269
18130
35212
8486
21527
23145
33408
40027
44300
2574
26836
20094
8842
4207
34987
17719
41812
20513
51834
17190
9601
49391
29656
47817
32927
23799
49678
12369
3689
24055
8726
3807
5930
43548
2725
34951
5599
29925
22456
48476
25674
16083
19446
47185
9777
47378
509
9424
47484
13745
40993
42885
1253
14171
6921
41621
32054
41326
34928
51178
46192
18709
18030
2141
35062
15354
41751
24147
15889
12922
24528
51383
3827
51705
22928
49297
19370
11710
46758
17613
23119
46987
10557
26752
2625
24893
3013
34639
28430
906
35778
6585
25146
31676
38904
13686
22850
18178
41187
11751
43340
33089
48912
25100
3170
1405
52255
48030
6711
50713
40863
46399
34233
29452
21686
23725
14509
49181
25028
43997
43058
30490
21988
36042
5962
33963
9922
24589
34781
31637
15435
18983
51326
45267
35997
44049
20365
37943
44800
28674
4937
14008
6664
19432
12468
52432
46099
51522
48163
41281
22090
40193
53732
29983
3599
48394
3543
3970
40935
43453
27016
53250
17988
8363
1036
14946
37637
7179
5307
41207
10115
37430
2648
19861
27861
36596
7264
44192
32994
23841
3084
49674
46434
42159
29221
14348
31733
39434
19923
27146
4545
46867
36501
26175
10647
34486
27629
47760
27613
12489
26248
47673
5175
12148
15648
14417
29384
17996
30542
19130
8879
6449
18031
40255
6380
46147
10933
20532
38138
22601
36669
33767
25198
45906
7107
31100
42983
22848
30157
42117
37402
34950
13863
34045
44501
2132
52151
37311
31730
14582
4140
24839
4399
47427
36634
6009
2971
51222
218
23352
25084
28543
53356
7737
31965
19464
46460
4003
11569
40359
49152
32529
29307
31331
1505
21144
43756
1607
51433
1248
11241
24341
17059
4757
14564
15605
2333
38729
29009
24179
9737
2790
27881
28277
27448
27002
14265
12905
42189
39553
18309
25606
19392
16500
14063
44726
9574
2482
49069
26207
8840
51539
51670
12287
29947
1628
3990
38646
34675
7369
16910
4742
8189
31589
42299
31473
33249
10982
14104
44362
9177
24095
20331
23936
37193
10290
10875
6167
4441
42575
16406
12316
31415
45195
15914
50769
45472
47653
33120
22804
15311
9752
18288
35320
11947
5383
36588
35944
1092
50630
8979
14352
27784
20893
25111
33996
37870
53554
4604
6207
41654
6401
34676
18184
8817
30151
35874
51935
49888
7897
31726
48348
43588
46095
25430
15522
24703
2555
23016
53184
53183
39801
24344
46316
13365
6878
44762
52664
38798
32855
17253
6288
24994
12561
36322
14487
37540
28627
11840
8588
29622
39224
28670
38232
41839
4522
22361
28720
42392
45237
52636
46184
20875
4350
3960
16608
51789
52344
37730
37331
6162
9597
44157
33405
4621
5454
33115
33898
28214
2329
21836
24948
20012
10938
4186
28989
9899
20355
46352
40793
19364
24976
14618
16042
26082
11628
37738
2633
49307
14258
30515
39653
51405
37191
43352
43329
52236
51504
12988
14342
11696
1105
1297
51661
42745
41927
7713
42039
52331
9346
37178
29573
52998
52213
9190
52826
29456
29326
7844
46303
38412
29308
48518
46605
44069
11142
8811
23996
14584
38958
28362
17143
14076
2860
12273
3463
25715
53434
40472
15128
32175
43807
53421
34532
13441
47474
52946
48621
39461
38560
47447
24530
49210
49132
27979
2556
30918
11325
28822
41710
492
31683
5165
52728
29378
29792
26511
24063
16274
12966
13278
14246
18491
45717
50249
48964
2071
52487
8553
11441
838
52800
47174
5886
50087
43785
20308
19699
51293
8613
23210
37272
13002
18164
46887
12053
11350
31374
18168
2102
53621
51700
38733
32101
39665
1656
12836
9041
18814
10743
3124
50760
43877
31538
51468
25719
53818
48850
45749
50671
43046
37764
1735
50727
10651
11284
10228
35038
30487
45254
44161
36984
36612
16100
22554
16322
37746
33628
13848
16012
39172
21739
38946
33485
16849
6405
11806
6149
12238
41975
25050
160
39004
8278
33
37701
24298
1448
41289
13949
34710
1963
51152
49202
42975
1526
466
42875
25048
15061
21032
53005
10754
24192
7679
32644
45545
25637
18243
50748
1593
37518
44247
41763
307
45626
49457
6040
31614
14973
36295
27581
25293
43745
18479
16310
49563
52567
33243
19161
37460
32070
9210
9518
18473
46098
51067
14315
2110
34837
25419
23676
4270
25010
45604
18021
38183
49619
31728
27718
1180
53762
53626
3374
46898
19837
34921
52730
20104
30738
27960
31127
51160
31881
3554
22856
7161
41830
23049
8799
44895
24394
11110
518
11761
23608
47848
26236
24658
48164
14291
20604
34484
16434
45022
18193
10543
44876
17507
10144
8038
51827
32983
35423
18832
40724
38097
25043
16830
21241
21846
42943
31457
23177
20182
6606
47536
39848
32721
8401
34073
