2498
6945
14309
2251
15128
21589
16410
2141
3511
20805
23151
18217
7514
9542
16721
22670
6164
11224
12026
2767
11693
1568
1112
19118
3551
21527
11457
4840
16898
8643
8429
5832
14959
6117
6698
12408
11274
11208
15179
5896
15757
22652
9229
2937
12774
23002
6790
13714
537
15818
5941
5589
25054
25061
16485
3975
4763
24314
408
19397
8834
2218
24296
6471
22436
4337
19471
17868
7506
17901
3166
10988
11378
21556
1573
6083
23253
18504
13341
21124
10658
4593
25453
19264
20067
21038
20885
19826
23348
24822
338
2533
13553
3411
25527
3047
18202
4523
15764
8841
19427
17493
223
18292
8260
19800
8855
17377
17811
10741
25090
22334
13035
25178
5554
16393
20137
26472
24185
4535
15433
19819
2377
24644
9278
17437
14205
19371
17673
8371
3697
17020
7534
23088
8773
9314
21624
18326
17436
26045
19281
21606
9152
19127
2489
15634
10939
5398
18432
10731
8678
12782
13712
21476
14648
1718
6820
7918
2859
11152
1010
7540
2130
1338
19885
25765
26100
180
9381
25967
2249
13730
7810
3782
10767
2391
13400
4081
26563
15073
1123
2814
7944
956
20325
12672
6809
9415
6371
19172
12184
10397
7035
8729
17833
9882
22812
8313
3978
16926
6301
15005
3320
17572
11343
10436
327
1445
10479
16764
5046
9308
15990
20352
3163
24913
2664
1563
2802
19282
1238
12251
250
7380
24941
17675
12822
12340
19316
22049
2173
22973
21340
663
24783
25816
2360
23760
1807
18693
9219
24350
15727
16638
1204
19280
12415
17616
6223
7862
6074
14855
15986
7342
4915
23859
1353
12004
23382
10033
24687
23860
12845
11403
21214
23244
13761
15497
21698
21930
6989
2560
22424
6389
16516
1906
3439
5660
3407
1958
13014
13740
19829
22826
20807
11143
4625
3792
1641
19751
14553
16346
6089
8185
16244
23538
21312
20210
22348
8266
22064
12291
11648
25035
14277
19445
7609
19349
9574
6704
7670
18425
8249
298
6736
4766
22889
2905
9895
18340
7527
4720
26088
9061
22444
24474
9236
20213
2924
13754
17236
1170
11778
4361
18658
21059
18770
13863
8474
22598
20962
16959
21767
15892
2088
24787
4173
13344
5862
4726
12191
14282
7016
484
15988
19436
10030
7275
21629
24409
21799
19053
4032
3137
16327
130
2119
1454
18400
18112
1101
14710
20901
23261
6199
5935
26044
21231
9661
1918
14851
2370
18275
20904
3663
6599
20444
20186
21856
25538
16412
21958
1463
11820
25729
10252
8032
12685
16783
17792
17078
889
20973
21251
10066
6000
13916
1227
22690
18839
5165
17240
8937
19301
8019
1256
9997
9164
17851
24958
21765
5830
13496
2646
24632
464
5479
14204
17171
25721
7820
9390
18609
12076
11345
15257
26068
11420
11927
19830
11822
8510
4736
13678
19465
5310
2939
24119
20530
22495
20319
10775
5312
5482
14806
11829
3192
26055
973
16299
3225
8999
16426
1282
17419
26340
12911
1646
12931
7759
5182
4827
13069
14836
937
22199
17153
17376
5982
24819
10614
25390
7978
3277
15401
10813
13585
819
5868
8907
8785
8882
11012
17265
20940
21620
14275
16917
19288
21809
16608
2046
16406
18645
12544
24582
8871
2112
11450
5875
9699
18299
8969
14837
4386
8463
3421
2643
7015
1292
13661
6152
16082
26526
13623
23624
10410
4494
2903
9978
4628
11662
8992
3658
14639
11391
6781
25042
20434
9857
24421
6033
12732
23899
10534
5779
14475
8786
11807
15921
19933
20666
1823
12096
17113
24813
18778
2133
24511
2737
9086
25490
18206
24631
2080
24469
13516
4615
24593
7484
25855
13774
24998
19624
18408
26536
17908
16058
21176
20848
26106
375
3713
13216
10270
14687
17548
14308
1634
20116
25895
16735
22967
14580
5267
16980
16766
23006
20475
18675
17551
6390
12885
25744
20692
9760
16231
11487
6435
21835
3683
21463
26214
19122
25489
12052
19311
13080
24859
13511
24623
3869
17543
20187
23635
9773
16163
19950
17270
6597
13981
23694
25289
15754
1665
413
22694
24661
26072
9280
11776
1456
12005
3573
17514
25015
15543
15310
26577
4713
6687
18072
13126
25621
10919
22827
13224
20404
16627
15649
219
9372
8416
22711
18657
22570
14504
16525
24616
4818
4594
8622
16942
7041
1470
3056
25023
104
22526
1079
9919
12378
19378
19295
25373
9428
16382
10036
9588
236
20623
25573
7605
9341
5325
23397
4384
16795
7889
15658
8247
25533
20079
25669
2113
5100
5500
25191
10001
11548
551
13589
15458
13811
14250
9434
17817
8207
58
5348
12116
20472
10269
22881
5043
2994
21847
11532
13765
23861
2108
17230
17763
2616
9167
24928
20440
23890
1901
54
5879
3636
8766
16915
20151
22167
4413
20620
7964
11138
23345
5735
6443
15946
26334
19162
21664
13052
7303
25942
13255
22792
17624
5824
10380
6900
14784
7151
18567
1809
4595
11813
14557
14630
5648
19417
18076
3417
11149
17467
8602
9297
17092
20612
12960
25594
16337
23438
23807
14717
9876
19796
20531
11998
8442
2122
23612
15185
10508
1202
5822
2649
3960
15308
16349
25761
17244
16911
22091
17876
15723
17506
7816
25602
22937
13298
21710
7116
22244
13227
12295
19988
12450
25596
12557
556
6186
6289
7614
22895
12117
14375
20732
15197
17362
6417
12880
2175
6720
6831
13288
197
2648
22974
20073
17922
1302
24970
9634
14501
15266
4552
2885
19775
17932
18742
17869
741
5594
22547
4956
7245
1364
9515
9424
5213
26329
18587
1843
4033
14450
14495
11541
26330
16631
15357
3741
20111
1381
25732
3546
17049
6836
3769
22660
3467
18274
17547
25819
8057
1096
13408
19994
962
22585
19788
20698
15064
19687
15749
20318
5840
8480
18371
25478
13716
10785
13924
8765
120
21786
15851
14423
13009
24678
3817
4844
12354
4692
21197
9797
18050
26479
10870
25120
6441
2608
3673
3329
4545
18308
11906
15601
19111
4834
9851
4146
21778
7215
10706
14076
9513
15972
18598
8514
3111
18656
24382
18668
9255
3840
4499
13788
24875
1299
18444
5972
22730
20253
7533
10087
16121
9071
21257
18090
19714
26455
8971
2562
390
23179
8112
16776
12711
25188
9602
8020
1886
3260
1704
16128
25125
10190
13020
20089
19729
9032
4218
18512
18520
2172
18727
23271
3625
7883
16062
233
3732
5664
19792
7499
3298
13564
12553
7803
10041
5981
10439
9924
11564
10777
5115
12826
8666
5466
9859
7837
21666
16712
26647
21679
23757
19474
6267
24898
17279
14906
25600
5069
20545
16649
21933
6530
25300
1378
7397
6210
11756
21006
729
17899
19038
8967
1841
17342
18718
23436
22923
23920
2894
2306
15586
3328
6856
18074
25446
13875
17273
2763
15374
10727
5880
5105
26159
24891
3004
16903
19220
3915
15944
6613
11873
23691
9560
8522
22058
10904
16389
8425
19467
1148
22942
10254
3069
14219
26595
13557
8324
1719
22113
3833
1152
17712
8264
20763
2253
18797
19763
24237
4816
652
11321
19607
2033
13136
24634
832
13826
3100
581
18081
9847
26511
1992
22237
19459
19175
3609
15632
3655
22952
13008
1210
19869
16578
14834
1752
13447
23311
16634
6934
5393
11329
6855
799
11380
4483
7736
8710
25653
7172
8308
19176
21246
749
17505
21584
11479
22392
11653
1134
19874
19646
21048
7913
571
6663
8093
4530
13348
3602
25483
9148
16081
16792
18502
22330
1362
14856
9114
8978
25051
15456
15695
7201
8956
14383
17724
15509
23170
26102
20329
1194
8304
26353
25057
23534
20260
13312
15387
5674
6272
19504
10821
25687
7086
19848
9597
10309
6339
4786
24466
20211
15665
19033
20482
23171
11022
10848
15074
1600
15713
4234
11715
4991
1441
1391
8701
16261
9482
19212
15833
16477
7004
23266
22332
20001
21840
25661
7175
22067
26582
23907
22420
25009
23034
2705
24301
11460
20045
18830
11529
24105
14019
16317
3214
4979
12355
6878
17356
1284
6022
25482
10668
26058
10670
17489
22742
14668
24490
15611
26235
2899
17272
1326
16794
26141
15789
9426
22198
15901
26498
13192
25640
24160
16328
8067
6270
675
6433
20656
20254
6101
22540
18826
11177
15735
19903
26018
4455
1696
18284
1519
18513
26460
24666
18153
1605
11083
4759
25704
875
8775
10329
15397
2972
24588
17558
14084
1153
18994
8883
9064
24088
463
24715
2329
22382
12873
10632
2111
23969
10552
4553
14907
2095
7613
14248
15242
10896
4465
14023
25008
21392
23372
19279
6039
15916
21466
7091
22925
24137
7442
22465
12210
18413
21342
16976
6424
1544
17317
20644
16541
5604
6139
21677
7146
5675
7839
325
20494
1792
7077
6205
936
2482
23808
15718
12043
8321
4948
8583
26568
5340
25772
5136
12323
25631
11237
7394
14254
20851
10186
14765
26574
8482
10266
13884
24834
162
11620
5478
8887
26233
24795
13328
22333
2590
26239
22550
23654
6858
6439
17735
14520
20321
6337
10003
25844
4212
20345
10774
24259
9421
5177
23443
17749
9337
15643
11257
13876
5350
12410
13997
20787
8860
13362
21111
8270
3714
5605
25364
19621
5219
9820
6460
10746
17152
20011
15691
11738
4065
22095
6165
3549
21087
18629
26629
23830
25522
24971
23257
10400
5084
3012
17590
11722
13486
3832
11041
5928
7890
23608
21998
18456
1016
9441
16398
991
18038
13457
668
16754
6660
15468
19501
14908
16108
16759
5365
25475
18125
20867
335
15031
4318
15693
24564
16812
13265
4762
12299
5427
18165
20619
23881
12820
16746
16182
18714
16047
3842
15592
19527
19380
10842
2687
3027
12983
14270
1596
10199
11637
13231
26424
4231
20394
22800
11206
9652
4162
19215
10393
18848
20685
8748
21141
19300
20579
7333
9077
26632
208
5820
374
2552
15417
24860
25838
12728
9391
24212
15707
975
13569
15520
22086
21016
21301
5635
324
3813
10204
2974
26491
5547
17274
12377
20630
4780
20535
7081
17123
5463
12414
19599
11710
12714
10493
3046
19112
9035
3118
8048
22878
16861
15288
19259
24492
23289
12341
25992
17118
19238
8024
3964
7255
23813
6105
22903
20707
9319
16532
18094
3746
8349
19716
5405
1250
26290
18859
4068
4222
22023
20941
11172
20108
10367
26649
16736
20665
19304
7992
5067
20739
22832
15745
24178
8485
11278
22403
26157
18983
13385
13183
21638
4139
7028
10123
22739
5440
6481
19365
24223
24287
7453
12688
5191
9411
12326
774
25668
13239
3408
19731
18416
248
11157
17075
23322
13690
7979
1880
12102
1627
26202
24808
25429
10905
2348
592
1817
6182
918
16173
16800
13154
15094
12793
1833
12304
19940
18140
25529
11627
23957
17824
13789
3563
9503
10115
22614
22575
8326
8388
20582
1089
4872
4338
14083
20123
1521
1526
4126
25168
12407
21617
14086
3830
10547
5424
4364
8629
22961
17719
2775
22714
8593
5250
12202
2609
12892
13817
24215
511
2766
2273
16763
6948
21738
9127
1376
1937
7878
6638
8029
5620
5110
989
10250
15099
24353
3280
13509
24171
4854
14686
17201
3034
12720
18573
17575
22892
22236
16164
25028
21524
15824
15256
9990
946
26410
17544
15252
24001
1513
7923
13818
4456
15563
42
13413
8730
26167
595
3724
9934
1685
5013
9821
15093
5422
22359
779
18242
17256
20572
1994
101
11365
10278
16314
22482
20611
2732
6869
11320
1135
4479
12945
8361
8296
7737
8153
23237
24252
12611
2539
10608
19514
21300
4314
23101
6224
14173
1301
14131
6862
1860
5870
25050
24554
19478
19428
25022
5401
25636
21285
20946
18824
13907
23135
1346
26564
3936
10101
21597
11868
22947
2153
16402
2913
2582
5206
24247
10982
7473
2946
3890
20431
19873
8994
5857
20578
14488
2791
1888
19003
19691
13630
24322
14088
11977
25903
16710
21402
2286
1332
15138
10583
24864
6276
23092
4905
19723
9835
2110
11148
17083
11699
2345
13073
2308
23356
15940
11958
25831
16375
17777
7065
9981
1896
13688
4468
20512
20348
22025
6298
616
11744
6990
421
15841
6987
12312
19870
14002
860
11674
5673
16870
24404
18379
3292
10934
16572
15704
7655
13856
5328
4123
9951
5844
6094
20775
9639
11697
12353
12164
14505
22510
15216
25263
10420
18713
11182
4881
3501
6203
21755
3765
12423
17565
1928
13226
16595
24024
16334
14613
9176
3996
2419
26602
11119
21230
24508
24186
16799
7722
8649
23130
6534
12
25605
13806
660
565
17294
2636
26278
4886
21373
12033
8316
10246
11472
220
22081
12481
8520
5202
2790
20299
21018
19298
1801
3882
11291
16734
2658
6338
17421
3307
26298
22131
22486
957
14114
18452
23078
15889
12965
9598
20419
12309
15572
17629
18901
1973
397
19249
16606
20920
11721
17112
21895
4025
15103
6746
23780
14028
17069
401
15298
5958
20844
19029
13912
11650
18034
25784
3107
2921
6047
22970
22194
20560
6729
9793
225
12953
17442
18816
2369
24072
8925
24723
3837
8598
22557
22535
9295
20046
9789
9740
3351
25710
20034
25387
25261
17925
2375
11308
20306
5428
11986
13281
17840
24424
24249
5289
17803
10715
8686
23277
499
2618
22160
9647
13225
20176
3619
6045
13726
16520
26551
3954
910
10253
20279
23434
11142
6538
3217
26267
20196
974
16306
13398
11003
17895
24506
10866
24152
11010
22518
2406
26369
11360
6898
965
8627
18812
13601
5263
18843
3934
2989
23719
8160
10165
20974
8977
4711
1388
400
23338
3312
4083
11311
4240
19257
882
8797
3189
3785
1741
8976
10386
6188
10690
8491
26440
18505
7150
19032
24182
9803
20991
9160
10936
19822
21131
6598
1594
4616
4695
24299
11645
22543
19672
5458
6274
20559
23939
7154
25257
7845
13200
4557
2341
20501
8661
1934
15200
16842
8713
10561
14968
2231
26506
2988
11103
9380
20040
40
17609
5940
1557
10015
16411
17330
22521
19385
15830
16767
12038
7209
19943
14338
15050
24775
16621
6002
24762
23192
4670
14333
2236
7393
2630
19200
16548
12975
22088
1108
8074
10627
21201
14348
14779
13687
885
2826
2872
20127
13537
23949
10820
11734
14187
12673
19655
24987
8481
12576
3875
503
5967
12794
1200
25742
14123
11370
25449
23039
3695
24067
2448
22997
13368
8039
20323
3941
15002
23292
9874
10323
14571
21437
149
10049
2593
13037
23067
11616
1650
6315
5204
17089
14323
16708
2623
23366
1778
18706
20017
12524
23831
25151
18095
11382
20099
16841
20778
8336
25133
18160
7541
16106
13450
21583
8532
26244
14692
14441
9214
21211
17323
9130
3429
7007
8576
11560
2838
22176
22264
3142
16297
20495
1802
26255
701
4733
26484
5162
19278
23992
24398
10651
17898
2625
15165
23806
15381
23077
25849
8146
11175
9480
17918
9103
751
8298
11415
5465
11338
13433
15698
20873
21296
9562
13452
16364
10262
10399
10783
25032
25870
19697
4667
22765
11373
23509
13106
14311
22562
21295
3311
21573
23441
15211
16790
12362
794
533
25783
23269
2321
17780
20303
18356
26015
13656
16748
2365
1258
21198
3515
26621
25049
6397
5156
13549
15109
10026
15585
16397
1894
13540
7200
7651
15898
10516
15655
21716
2478
48
4987
13763
19619
22814
1035
18252
11178
3533
21290
15285
21575
19570
4295
1890
6012
12585
13443
7149
24743
25072
19970
24080
24781
25572
16335
10383
24922
113
20668
12211
10407
10314
419
1686
23698
15763
15377
21731
2573
2858
22853
12466
207
7457
6793
8303
4623
10168
8547
3827
23775
22628
9261
18996
3165
18099
16254
22171
24785
7159
15870
7424
11341
23711
11847
19604
7486
23456
5091
24264
14222
20110
23239
16731
1076
4317
5139
11348
6352
25346
19157
8408
21377
3558
4171
2402
23673
15596
9926
21536
7356
14306
18788
3945
24906
14984
25276
12347
23280
7677
2672
10425
16967
15587
23901
2371
2282
18121
9637
572
7217
2856
966
18164
16526
2867
1055
25221
9993
9363
15594
968
1371
15184
12122
25310
8973
3802
21927
1560
20527
3285
17166
22850
11765
3440
15998
26642
12850
17198
6699
7977
12389
5518
5889
3485
4688
10817
6306
19914
2261
1116
2318
3400
5366
24950
9665
17910
6842
14830
17353
7492
21683
2492
14251
3831
6919
6807
14133
18453
6473
17765
20606
8376
5249
25647
23109
296
12391
3161
228
11234
13023
26273
12009
9377
8527
10890
1033
14602
9231
21705
14911
9259
16530
15238
19398
4292
19531
16233
25374
2356
7402
14644
609
14149
18887
1028
4524
10908
5524
5009
19060
1460
23144
19698
17678
2948
11240
10343
21562
24890
13865
9046
16158
15390
11841
22260
11780
6243
22549
658
10055
8184
5963
19977
21399
17612
18254
22074
933
15798
12396
21661
21711
16844
26297
2027
14291
16005
17361
1359
26404
17960
6459
24789
16706
18041
6995
14778
14269
2295
477
11579
25119
22346
10943
24493
14170
8881
11586
5520
9989
5180
14734
11239
21205
15865
3888
26635
10514
14283
24283
25510
2695
25539
2879
15738
22805
16600
20412
16235
25108
5999
2085
6776
18883
8996
1940
16184
20142
3080
15806
6478
11400
10201
9195
19462
15853
17709
25659
11840
19409
11249
10234
3972
24503
507
13393
8241
25274
1306
26483
22564
13193
22445
25330
4662
4442
17537
4441
4058
10282
19049
20588
4208
4540
16132
21614
19652
24695
14712
24454
16739
13609
9864
6372
22453
5722
10789
8828
14051
15058
22280
11614
13049
19098
21002
18375
575
7697
17351
15785
405
9384
11333
12890
11453
1192
25359
22566
20930
10881
13276
10742
25775
16818
7951
7962
13485
4389
16033
10929
12275
23508
24085
14300
5643
14976
19867
25377
26252
906
1369
16274
16130
10587
1952
17142
21517
8175
16265
20365
26419
10412
26166
17867
7277
9026
10772
13046
24531
21382
21406
1874
22146
7030
1327
25403
19201
21209
19214
14137
4693
15834
7985
15854
18368
8812
19182
23115
12841
15773
10060
21356
10107
12623
22374
9137
10357
1885
9745
12551
3123
24383
915
25313
13138
20446
13994
3227
2554
1027
9001
7917
25273
25755
20568
1765
6411
5787
9118
23008
13505
22125
18796
21805
6142
5878
8253
370
8873
16472
26024
5345
20456
22760
13246
11754
6614
4705
26005
22316
23595
17144
25829
26081
17781
19326
21956
21239
23991
23804
22065
2931
3730
23771
11569
20780
12036
6341
25160
13149
5367
2497
3397
20817
24865
14009
15344
721
21297
23587
17076
11016
4214
22470
1525
1188
5111
20659
23328
4974
18527
3693
6877
14665
21008
412
26382
25351
4739
4837
25004
21701
13681
1764
19069
6993
1731
2923
7461
22958
16924
25161
4288
992
15110
11408
2164
1193
16874
14510
8350
24794
13331
22755
23583
13835
9192
16022
3962
19272
24545
22580
17370
19357
16009
8252
25963
3920
23251
12214
10074
3821
26493
11830
745
14199
16669
25137
8108
14925
579
25516
17748
10878
18589
4340
21509
26411
20081
13076
3120
20282
9180
21914
5132
634
5163
14899
14511
10825
2051
4656
19744
3950
7351
22159
23915
15161
4602
8221
5721
2221
25684
12995
21522
25589
16283
18239
8726
13850
12412
3895
22671
13115
8151
9006
20421
20388
17573
21723
25030
709
4627
3376
10650
15363
7234
4932
9915
11963
17349
12444
2505
1422
10760
20093
1109
22532
11687
5480
14148
673
12106
11459
25251
24801
8420
1064
8098
8488
16946
18387
16021
12114
21491
18902
7656
22719
7321
12167
26519
6018
4188
2829
9136
22657
22473
1427
9284
7726
19387
2842
22405
1714
23754
8941
13169
24645
24520
25296
17530
8385
3009
14865
25571
9406
14816
8082
26245
26406
14946
23770
8489
18624
21785
8129
15981
15003
7449
26135
141
12743
11225
10120
8291
2011
18534
17418
19426
11553
6436
9375
22646
14788
23448
2750
24622
18736
5577
23960
22066
23972
19446
6652
14958
7896
1395
16151
12661
278
17634
2040
17864
9417
597
5833
16507
6068
26064
5882
17522
13773
23024
23429
1142
203
5766
19912
20697
12385
6717
11366
4928
18965
8078
13142
17126
7136
19183
18256
11407
2689
15519
6619
1090
277
22708
21219
8441
6496
8299
4982
14844
10258
24487
25348
29
20083
16623
11471
14798
16644
21206
12903
1383
24908
25977
8478
18293
21814
25282
21415
4325
3291
21966
23833
5313
14560
7530
9488
2955
24689
12561
14027
15000
821
23394
10513
6258
20486
3031
3418
12055
11019
4790
23025
25859
7194
1848
8107
19987
13436
24727
15930
6373
19761
6553
14825
21375
11470
7398
8769
8573
3470
15135
15506
16918
23940
1583
17036
7079
6779
18220
12077
25210
5048
10433
6135
17340
2843
6410
21487
16740
23125
10424
9449
13780
17517
3818
25723
10304
23622
21670
8357
15192
23042
4062
8245
18359
5326
3897
24996
934
9681
17194
6758
185
14745
2297
16338
10403
3085
11317
22284
22328
4467
18306
5280
6983
24484
5587
838
13343
12663
9454
14617
23840
24460
14071
12236
22949
108
10437
23309
11323
24087
22581
12527
21909
1814
682
15503
12583
601
12259
13455
9015
6672
14328
12872
4785
10263
18906
8310
7831
11013
12328
2510
23880
9279
8473
22290
691
1219
4917
18892
18841
11236
21423
11883
11430
1266
2107
15402
6096
25815
8419
21899
10112
1695
6515
8896
12675
15215
17306
23918
16199
8646
14239
20078
17094
26151
20784
637
16945
25236
12742
24386
18556
23749
15621
3297
4934
16365
7495
2216
16509
3021
20513
2757
22245
17996
87
4485
25719
2589
21887
8302
7313
7970
3041
25448
591
10897
24302
21154
7405
3919
1495
22912
12443
5221
8778
5396
26250
14293
15692
21099
25536
22939
14733
24055
20865
10189
19887
21484
1642
326
20336
18017
14651
11254
18381
739
16992
19695
16803
21142
4936
5872
20931
7311
25735
1442
11267
18652
13881
37
16919
26211
17655
13262
14318
16466
3553
18377
1178
12302
3399
19815
12319
23604
11713
14921
16289
11604
13100
15300
9535
8017
8322
19702
14662
15189
11047
14216
12159
21291
1159
19096
8995
7706
9082
2959
11102
12797
23020
1307
8148
15259
12908
14638
13055
22883
15560
3715
6123
6445
23304
21357
18738
9336
7072
19255
5612
13920
372
16196
26567
8498
13285
25060
18327
23215
13495
8399
371
26265
21379
15453
15730
6080
9777
11888
3168
2660
24559
8658
12284
7444
11514
22888
2951
14587
18510
25298
10240
17212
21802
8503
5349
7450
7281
22954
7409
18837
1571
1264
2978
15440
16877
23054
20006
25664
21092
11327
15332
16004
15920
16561
19808
7213
3610
9751
14647
26089
22455
12974
10717
19768
15352
6889
18286
17190
15351
3534
585
8334
14937
16933
19037
19092
12124
5841
874
1124
22046
3690
94
24619
16059
8194
25231
11065
20766
4752
18566
2464
5991
9049
24710
13463
7679
2912
20134
19395
24477
23990
18980
3049
8849
9545
26607
711
13326
19665
22867
9550
11281
5618
24230
25702
16725
16125
16469
4783
6098
22577
9609
9711
5432
14329
8626
2446
12932
7770
13762
5633
5471
18393
24399
13195
23750
22447
7018
17852
18319
3151
12598
8853
11559
13837
9519
20355
13551
22654
7805
2114
22027
11227
23599
15201
22274
4978
21636
25590
5472
4775
24482
15413
448
9446
14349
11017
26522
21820
10680
4914
2101
17509
11219
25611
4066
5449
16241
18008
3348
22747
1626
16267
22249
8902
9911
16097
23480
1229
11658
11011
13827
9620
22104
5495
13378
25790
11679
26431
6171
14049
12515
23476
1929
16714
5209
22352
25176
14621
16090
22644
10580
9694
19999
26459
5376
22677
13903
14546
5581
12411
18634
8654
4313
8363
12656
25460
6501
12390
14889
22401
19109
3696
16963
2465
25608
17028
15748
8804
14574
8610
21967
11943
2309
3834
16339
10763
19057
24790
18646
11318
20225
4707
10769
17808
16085
10145
14626
23639
20408
18261
2893
4638
6331
24206
21457
7821
20223
25708
13784
20025
8329
22001
15386
24581
2980
16481
8791
12704
3986
22112
11347
8743
20314
4147
15398
19297
12770
10645
25581
2121
22258
13613
20563
24429
900
8577
1991
22151
7750
26442
1782
1949
13809
17888
9700
11628
979
2716
25769
1341
15945
2134
13872
2082
20049
1710
15228
993
737
3701
17771
656
2511
8528
6130
4160
21580
354
4179
20410
5161
4323
23941
6231
13853
25985
1705
5169
19265
17473
24720
14213
13539
25884
3132
24430
10231
22856
21916
3682
12101
12967
25794
6813
13458
26434
22658
4099
16353
4261
26575
7376
24624
25532
17819
9537
13451
14185
5131
2652
25284
3745
14646
9586
26462
23986
1417
18493
25058
5511
26481
2058
24115
7806
2426
25852
7663
21094
5926
19891
6031
24880
14397
5487
11539
24769
12646
19838
4581
2066
16377
6728
5522
25461
11406
21341
1230
5092
4334
8423
11667
20356
2925
6753
13602
22980
1490
26137
6846
23212
18018
22358
13866
21496
9094
11739
18620
19344
22303
16496
10818
16698
21588
19233
6451
15631
16751
1547
9522
17471
12761
13607
10291
17255
10637
12392
5979
23475
21554
19204
11187
487
8142
18913
11997
7120
16805
22626
6564
8906
4477
14655
6828
14559
4862
24364
23815
12206
24357
24491
8615
15848
3784
18806
22772
3102
4444
8198
12372
7338
75
22978
17676
15452
13508
12772
2754
11122
23022
9960
26338
3370
19801
2452
19615
17538
26006
17405
4811
25927
15721
23816
18272
9779
18577
620
17296
1663
958
13415
7618
5144
9629
2151
23139
25362
11164
1499
23710
1639
10354
14411
26344
17225
16833
17281
674
8428
22018
3444
13363
2459
566
20996
12531
25820
710
15546
19376
2378
6841
25858
10550
11584
23300
10
24339
3345
21689
18492
11904
9338
17115
1486
3412
18999
26337
16452
2384
6511
13275
18137
5351
4559
3601
19724
16394
7641
14810
21889
14473
24104
14074
3128
3836
24352
21039
1122
25663
25675
25272
9291
13070
26413
20541
9253
442
11837
18928
18288
8010
19016
25530
13063
13617
14060
14234
18247
7741
26533
12175
5052
13988
1754
25292
21140
25140
11542
12492
3965
16560
24628
2166
3438
6754
10900
9878
20249
19097
1688
3699
725
22523
1830
231
3560
14619
22560
20933
9983
19030
9412
19509
11034
790
25731
2194
22143
12555
18579
18057
8905
22916
26580
25141
16563
9175
12041
4355
7437
7996
15108
24348
6742
24915
942
10413
17299
25616
11423
15301
20386
14257
21988
25039
6872
14775
15054
17947
7479
21996
24397
18235
14363
9521
7946
21839
1967
7565
12012
20869
14033
4140
23797
5037
9577
15568
7725
9845
971
2128
2148
21790
21471
15608
4860
12127
9508
20595
9666
22686
15974
14034
19941
3216
13957
17364
20944
24693
4296
22890
24649
26517
430
859
25232
11565
14659
8544
13181
1926
6808
12731
10394
21380
9511
19613
2476
13772
6516
16061
13968
11936
4571
13429
3855
15245
14818
6412
6668
5698
2821
9528
7945
4599
5135
16076
25825
10093
5984
811
3281
17870
11955
26501
10738
20427
25568
22409
1533
12780
23391
17060
4016
6979
2456
18514
21931
7214
7631
25543
22331
5197
22257
11282
3711
1024
19253
16970
13727
23186
14752
15593
20231
11880
6169
18126
3938
3742
7581
3850
16847
23174
16247
14725
7344
10038
15481
20602
16320
7678
9668
1412
25077
9590
12270
7719
24761
24657
23927
17283
5910
10136
2423
11007
18948
23337
2698
