5549
14547
24116
23788
22411
34599
39020
21581
17429
28962
28085
9165
26650
28221
7805
40419
38256
37350
19400
18381
1892
36713
34283
21811
8004
24707
40392
27033
16424
1732
10881
1593
18733
26415
24697
24926
15146
38348
39108
34802
36310
32739
39726
34990
29854
27690
21694
1432
12711
1436
40033
21529
29206
12840
34346
15543
18754
7550
1862
32863
25240
17301
4664
19892
2498
8770
34310
19643
21124
18875
38869
5429
15053
2962
940
19585
1971
15987
16402
13220
1854
12639
32266
30478
21999
11220
12781
7900
16975
16485
40673
19626
16405
7560
40289
16786
39094
815
31511
37954
704
29947
25567
17755
11228
10114
10714
40294
21606
29005
32689
38290
20941
21822
13534
19818
20672
34412
36229
21726
38025
11593
13422
23042
18097
31314
30597
3899
39754
5490
31876
27761
5804
16473
1142
21127
30934
5312
19173
1877
14066
9604
459
21067
5158
27617
15257
12837
4236
18774
251
25285
1858
34610
4856
17169
31513
15143
24015
21213
32821
9732
12446
31521
9671
39895
29508
5124
24321
14414
26588
17730
363
6352
12823
37826
17048
5990
37883
17970
12805
31345
36753
11080
885
9023
8822
26742
28796
16724
3907
20948
10656
21466
38620
31063
26204
33400
33520
120
12437
40450
14682
9411
14626
25097
31281
25839
34154
16522
35628
268
9026
27585
2245
14786
34567
39321
29043
19507
30450
2086
16129
37953
5175
29603
5358
978
36412
2710
18798
12325
32649
12560
34604
30844
14062
23854
13188
31523
34465
6303
28167
37576
6798
10399
2499
8537
13406
33881
14754
20881
37485
3758
15818
13627
288
31881
15792
23507
32525
14627
27291
34193
17748
28244
17425
27512
1510
3967
1642
32873
18276
10035
35409
23911
25778
37187
25922
17248
1195
14429
32023
26696
3421
1588
7471
33550
35195
33188
32613
9691
22432
38858
4661
19566
22737
17421
11568
20376
5971
12270
26006
9000
16592
25172
479
38461
8181
23432
16579
2342
1245
39451
25449
34974
37822
24062
13161
5128
27130
26501
10137
11434
25301
14862
19346
8739
19997
15281
8773
26043
24682
36066
4031
5663
40532
14207
28953
33053
40661
6708
32623
21220
19121
25538
28104
27113
29505
39202
18411
12841
32531
26906
17933
29169
10181
797
13388
31673
12855
26834
6225
22604
31655
20247
3201
32677
24590
34336
23705
39327
33220
27853
15600
19939
8425
3903
4772
19677
31724
26463
36748
39458
15630
16651
32625
35622
11966
36473
28019
10468
4094
5965
20237
9817
24213
36305
7840
22017
10048
33710
7204
21982
7969
25043
22757
40147
24133
12698
6111
13441
4163
18294
33245
18740
33629
34128
2496
32572
32371
20873
25024
13265
127
25447
27384
16480
3609
39457
14027
27846
35009
26473
8445
28079
31799
27935
2205
14185
6578
27702
38770
12755
25100
8792
103
23969
29126
21219
9137
6759
14570
19609
7421
10038
31460
20218
24717
39909
19040
13127
1052
7553
32038
38891
25632
18162
17287
21143
18993
1046
23368
38356
26327
2051
1803
37029
32349
23305
28851
7322
29626
40772
14555
18356
6380
5119
34354
19820
10138
31854
25859
38937
27231
1944
8174
18525
3460
26250
29189
21214
7454
34955
2755
18493
18304
20971
4202
23613
32692
11081
9203
1727
34595
34453
12731
12211
9158
29866
20328
29139
14569
19689
2912
18413
29935
29234
21018
1718
32651
26119
15639
10526
40440
32205
4624
8375
8893
30895
31869
24423
13344
21611
1548
17720
20236
15445
11224
38789
19771
20146
19855
40482
20096
2481
22798
22899
16329
25372
13031
9486
37915
14512
8863
609
36256
40394
25382
11838
30393
9475
25615
35378
7106
471
11538
23475
22646
32717
21515
30946
32163
21110
38018
1051
27292
17708
30769
34779
27537
1406
30903
32366
3241
40700
2680
7916
10467
695
28114
12733
16814
17430
8794
38505
40619
15293
40056
30729
39449
15420
8995
40590
35580
12322
37302
31324
13320
2768
33059
14375
38947
13621
15433
7207
13913
17506
8541
27166
12845
21951
38548
23112
1108
20769
7897
21311
24768
14127
5579
9288
32953
4148
11269
18764
2747
18467
20657
37202
40182
21269
27045
13087
16976
10439
14111
10906
20888
39797
37655
11164
4112
34095
222
1421
16041
16727
31777
32898
7065
31174
21076
34928
10463
19288
30553
33901
25278
14099
20339
25873
9409
18408
35251
40505
17685
16496
35991
36189
22845
12293
23706
17235
4195
28705
25062
26761
7644
1416
1479
886
18476
23281
1998
7546
16494
4816
37072
33510
21809
13509
4388
22443
39934
36267
2852
37326
34635
29540
16997
22076
9578
29526
24963
29609
15800
31715
31865
13576
1141
19826
38400
7466
26578
35450
32798
32416
40786
28177
27397
40011
26823
24316
17289
25776
18393
5832
24437
40109
25711
14858
30304
37872
4164
15775
31882
25312
33000
38310
19698
32304
17514
16503
38897
36785
11143
15145
37352
38243
16648
39575
4417
22726
38836
26861
20671
39423
15010
10858
4339
37732
9031
8010
33914
34848
27684
2397
36274
6220
26836
17542
9757
20571
18708
37301
21052
40257
2313
24660
25681
38426
33168
4080
9504
29350
5639
32629
39309
7372
28659
39304
20987
24863
34765
16683
22412
23575
19615
40413
7389
4663
7003
6121
36078
27587
30944
17261
6710
30006
900
8149
10100
5702
30727
28794
10405
16826
21572
38012
28822
3692
12020
40162
10688
2921
20259
8122
4050
26535
33630
14467
19323
39005
12117
3682
3352
3276
10173
7267
25768
27013
20432
11484
35890
28849
3544
9334
40037
15709
15529
21997
39373
4807
19295
5550
13606
7594
32604
2356
11934
22637
17029
19123
31592
31018
5418
35259
33534
23212
32180
28839
13839
11615
16752
32549
7745
14480
36092
37415
9438
16224
28064
20137
27468
32789
804
32088
2240
23702
162
21188
28043
24949
38294
26659
11584
1665
22644
15785
7953
7366
6521
39976
23861
21208
20473
12164
1651
35178
19324
34151
25369
9160
21589
27906
35745
31821
17695
24848
765
24789
1263
1938
37761
5592
5744
31504
26349
7265
4095
13289
32125
7127
40273
5410
15956
36450
39017
21583
31412
10665
18937
23054
21913
8505
19713
36324
19168
12579
1898
31873
14386
2408
10492
19206
10909
14702
32247
34508
27570
22185
5425
7473
33761
30437
35371
5047
18277
30187
35657
30031
34291
28523
8609
28356
23100
12699
36113
33507
30894
14217
36530
6712
6124
29388
10535
15379
9711
37707
2295
8664
34954
29108
7759
21888
30429
14305
32333
2646
36655
15997
33436
23072
15923
36190
7153
10186
21036
8396
22873
20524
2130
10955
12718
5321
5690
15346
21655
27126
28854
30779
16331
40748
1377
90
38684
12634
19248
40784
11123
1827
11504
26467
32878
28640
17602
1664
14964
4888
36230
7113
9526
23807
265
38655
39505
7933
35077
20128
12969
20028
34984
16258
9073
9728
39897
22082
8835
9582
29465
39536
11703
32574
6285
22573
28955
23381
25691
9049
34391
29836
14063
33713
20318
1686
16200
30590
36341
30409
24360
19799
8751
21098
18499
35456
14314
12897
39015
32424
31140
27145
18996
3440
15052
8233
13192
7820
13709
9057
26768
1143
27120
25577
23071
15645
34009
21877
16743
22905
12371
39652
24523
34588
23447
12879
19897
3353
22617
10483
28604
3656
4032
28133
39295
33521
24814
10412
28207
15111
38945
6980
20242
13906
17225
25637
35567
27790
1364
23867
5609
38472
17294
29312
14680
22796
20309
5436
174
11906
35733
7670
38090
20234
4347
27165
11612
24514
355
33726
34220
30137
35518
8491
37916
31763
21737
15540
3042
30122
23879
10828
4681
30345
37055
3559
21667
34138
27990
18669
33154
29537
9941
10238
23745
698
6296
2181
3101
21495
20026
13897
19938
16733
37185
38407
23889
38987
26001
5013
20952
10464
9462
38694
2682
9976
35530
9512
3398
20354
15867
21680
24023
16284
24989
28616
28725
11967
7100
21722
7713
38404
11649
15815
2745
35544
7119
9326
175
5354
15268
2370
27260
31200
13638
32667
8048
9598
10491
15400
5610
4490
35677
24096
6966
2560
19290
31683
38840
8210
1130
10382
2323
22442
37416
31319
27614
39374
16625
9114
8385
25307
28946
36296
19926
1214
37653
2092
13602
12147
15691
29430
25253
34634
7054
14709
6644
6123
32020
34123
1880
31936
18394
6793
11389
10345
12095
28554
25363
23467
29595
22150
26902
8056
36831
17894
30723
19245
16256
36854
31287
22583
29669
1951
15574
23121
1666
9659
30064
1652
17251
3231
4586
32312
3944
1897
39820
21636
23330
17030
19483
34142
2139
19352
23897
29549
24987
10466
26991
34982
35997
14452
10991
22770
15989
15862
21420
5006
26220
33633
16896
3178
7501
40100
1623
23406
8640
11194
29420
7904
20006
16346
5507
37751
8658
9793
28038
5768
25194
37680
36910
18968
18676
21789
25001
19654
2131
4459
33038
3288
23908
28360
19177
24330
37888
37855
24152
1090
20681
28922
17523
1030
22980
2616
23527
38854
33355
3761
4688
7058
18543
8883
13110
11544
22161
11246
2461
24606
30635
2552
20486
12873
5634
5109
13932
8422
27988
19224
21523
19730
29725
23648
21441
31215
14325
6783
18647
13645
39111
24295
10481
5637
17826
7839
36051
10286
22828
16304
896
488
16604
36964
4526
26101
40367
36686
20029
17246
15394
1177
28550
15374
34937
35449
19452
445
505
18667
38577
18414
4220
31485
28212
31578
13130
51
6951
4625
33021
25259
20843
13228
15118
5299
38455
24579
26137
15824
22826
23480
4574
39021
26353
19792
8921
33489
33620
39252
5074
5871
29431
13987
18601
7477
26909
3305
15239
38130
6206
27089
21626
28311
20589
28895
16491
34768
15576
34929
8341
23155
33365
2066
15265
2939
32497
26030
1679
35015
29749
21870
13362
36661
1116
29822
24310
1076
34295
28681
37291
4474
11268
30368
14002
23177
30695
23796
34312
15071
34568
10077
18464
12462
3392
17419
6758
4530
7163
13370
39771
25755
39487
15162
16902
9689
981
23138
16264
39326
15594
23838
3783
15202
20091
5266
11016
21360
14711
10945
33979
29132
10898
9416
10961
27822
19335
14853
18484
5495
26910
2598
9088
3183
17410
26727
6872
19026
34930
37311
38107
29128
33496
18390
6927
16092
10503
37082
27899
17671
13835
40559
1722
3522
2717
25933
31607
5559
31051
17219
14113
25936
3319
34124
18487
23023
23615
35708
39814
26573
3260
18590
10427
3114
32958
20685
19577
30056
8814
14355
23945
22084
19487
27642
5466
36344
32671
23988
11589
37356
25045
19620
39275
33331
13904
23056
30269
30687
30484
23795
32297
19285
18077
38678
25310
13817
19080
24001
7920
16737
19233
21960
30394
30825
20980
24488
26226
25686
867
24568
21779
8262
34231
14635
34613
10813
22921
9074
24348
22099
37972
23647
3413
37299
32486
15805
19514
30709
20878
36002
33145
31155
28924
22122
7893
33012
6801
37595
4040
16531
19967
7722
37901
20279
15769
34059
14735
35173
20639
10661
12314
29133
28645
7307
34107
22915
1833
2778
32514
19139
19035
21268
22821
15553
39535
3209
35349
17932
6592
23411
15911
38352
38812
7215
34582
24543
18833
14172
12014
28404
6476
342
634
10367
23895
4732
13591
18273
2168
25251
4205
10639
21393
40045
1590
38637
5404
1601
608
25292
13439
2378
23559
39709
29963
22943
17787
5469
665
14306
20487
9875
37472
3345
26857
29144
17460
36700
18961
9934
12942
33008
23644
8560
3965
11322
19151
32903
30875
36309
14993
7253
11427
30497
7620
7347
36903
19481
36571
19201
38825
22367
27155
15722
150
13101
18258
29405
21200
17239
18009
31088
10618
1881
36436
19247
15719
27354
17183
20307
20222
5461
30159
6800
9972
18023
20257
9876
26029
31700
27068
18516
36262
31302
1211
9887
11262
27601
16209
35029
29006
10103
33401
22839
21372
27626
750
9373
27042
5568
7225
36616
20665
5636
15214
4329
22284
6535
20522
39259
40602
13861
911
25084
36672
6590
23936
26867
22021
17532
33019
6348
12141
20999
21745
10009
28917
21356
15511
7795
23949
14906
3598
10155
3864
5231
26699
8279
13296
26083
32201
219
17517
26916
17789
1111
32194
25730
25416
36095
18632
34639
25450
29033
23682
30413
3265
763
12939
4535
28986
37216
13446
26078
32369
18975
3300
12286
11983
4848
32543
3262
27970
23739
37649
5308
35873
36263
4924
15939
40388
31783
5176
2867
33305
10075
2410
2485
11153
1139
35974
24292
27167
23489
37340
28663
16055
10843
37343
35115
8157
2996
9702
22361
15967
30644
16427
33076
8137
11369
22719
15583
25193
5440
15149
9641
13096
23604
7411
23096
25359
5963
20563
7530
16032
8589
22609
37654
33152
4311
14805
8120
6867
1554
31971
9653
5746
3535
21697
33349
10411
32619
21956
11879
37728
16746
27334
20175
29847
33267
38421
15804
31238
27255
9166
24818
19486
126
32720
10415
32775
33512
3853
12495
20395
18610
17477
4352
11988
26640
32670
35551
39283
31138
29256
38607
31383
34393
33992
38999
35791
35703
20070
3745
33186
5421
36272
24289
8435
29158
2660
20776
6489
25034
38339
19699
30632
11074
7843
1475
5347
11578
31639
40094
4949
30338
8440
27364
5066
16194
38255
12617
12542
32743
34979
23506
20705
8347
30364
11682
10113
23511
32795
25984
708
4718
17380
8060
30327
37328
15347
9218
36170
35993
11623
28961
12252
16033
37335
19345
18664
28541
18822
5131
12663
29972
24257
37401
39224
9244
37844
25131
37400
9230
24219
19629
4281
35239
34683
30610
1760
22792
15318
1873
20315
20417
19137
32978
36194
23770
28265
15669
5217
39605
34899
30343
38532
19276
37744
26527
30486
31134
40049
40285
2302
28990
29541
5058
32067
12415
35345
33674
29235
22029
30888
35719
40744
15423
26933
34509
29127
28622
7025
7260
16611
20179
20663
18653
17208
32724
19766
25890
27549
24438
1780
39735
28737
15572
36294
37764
35479
21601
35085
23549
27158
29225
13829
28269
7420
39620
14479
15748
22118
8162
15270
29021
38021
39650
9870
4833
30218
27483
32464
24249
30415
26755
36397
1376
33088
7811
939
3793
1612
3648
36696
29342
10465
3493
3993
8767
35283
29788
34834
29274
17379
31040
30174
7570
40193
23960
11975
17549
9266
10139
20073
32214
28788
33878
31222
33429
23699
17740
31616
4770
17416
35069
13927
8681
26642
10755
30303
30367
8990
26378
35575
13248
38454
32352
27149
4216
11894
9536
33211
30562
12408
19914
23020
16517
11041
12621
22358
2183
15320
20861
23967
26583
40395
14423
3018
19573
10088
15029
38408
17355
26406
32754
22548
35565
24497
2910
10435
10524
39866
39767
9919
21394
14163
34805
40001
20849
26424
5718
4604
40245
22702
26305
30051
6813
3014
14186
36937
17431
39851
39809
31714
32432
2955
37567
9797
32934
198
35272
33572
23824
36836
9847
10338
35422
20084
32824
29010
527
29921
40651
6215
25689
31909
3744
28735
29091
33975
8082
2695
4665
8266
28628
8708
2106
18854
22286
25005
29107
32227
8730
32068
15495
11570
16888
8657
30057
23275
7404
36737
38440
18675
526
23287
1702
32206
22567
28703
30614
5553
35187
15566
36288
34782
9272
260
2411
18459
8358
39576
37408
22946
4551
6790
17988
33425
3594
3536
15811
16131
22812
30516
39727
8653
40175
2664
25036
15041
8039
30733
18008
12145
39318
20595
22998
4089
34922
33666
24430
851
28110
23700
36146
7682
7252
15306
5005
31828
37397
26374
28702
29211
39578
12888
25437
2386
26007
21211
25944
25348
35553
20442
40356
40785
6042
1584
18283
2693
14579
6657
2839
5320
30120
556
5642
13865
31159
2132
23683
11923
31677
15253
17578
1872
37489
39831
7901
16358
40551
26898
3662
10220
38482
7111
7249
1782
3670
12712
30444
20177
20340
15032
8466
36250
8087
40047
8911
37387
37640
38622
37466
14851
12974
3846
339
13791
23554
19994
4234
15240
27498
23268
39088
34707
21509
25589
16125
13848
32648
5737
14359
39022
3341
25002
9577
12791
26539
8037
4241
40485
20612
29633
33596
16389
33841
10237
38364
1561
9763
16606
11952
14287
16750
28969
27175
34039
5240
16694
9721
24399
16537
12961
33646
11091
22931
14728
32834
32381
4900
12577
9900
31632
377
40818
10346
16992
33431
5120
18853
22348
2822
16439
33606
3294
12091
34230
2600
31333
24167
6092
7743
20530
11473
37402
17415
39378
24222
8325
10521
10762
22338
24832
37005
30584
5122
25204
25235
4872
17104
33157
7739
10769
34906
36014
29221
23886
35075
31189
40337
21604
19924
996
17105
16768
13202
2515
2497
26576
22537
25638
29468
35899
25102
31091
5890
24447
37897
15264
11637
20931
866
23376
24129
18435
14730
10369
17636
24499
30107
3795
15384
33313
21346
4549
32666
12651
25442
32683
34063
7467
21790
40344
36238
5491
18142
30199
19649
30566
19529
34577
23863
28633
24455
15187
9801
5017
29657
24508
9157
39409
21983
9033
17786
18201
13691
36822
6093
5901
38468
16698
1163
11687
40102
28367
15338
39837
23582
10689
33142
5598
16818
8153
29191
19297
35666
5483
20150
21405
40165
6811
6012
38882
27896
25048
14116
5363
38361
3785
34466
2840
36702
15679
32502
35846
35759
3643
30803
22585
31060
5540
32782
6692
6515
36195
10533
874
23357
1102
39394
14444
36654
135
23211
3045
33751
3857
37020
19226
7214
19356
22522
19598
40803
12716
25663
2718
33492
31931
12447
40054
10099
11809
35831
34927
8628
24238
26408
12946
33421
32596
9032
30945
39673
34842
231
10080
18430
22479
17141
13867
37525
31227
11720
23694
26171
5536
16570
16550
26194
37531
13824
18730
26348
33051
36766
40259
9824
23653
38332
8338
14991
30624
11342
11003
6524
24525
7399
5253
26676
26256
23049
20634
33086
26859
38857
4198
21595
36925
863
5806
2679
22674
9149
30472
1257
14210
29574
27114
26878
18123
34741
35001
33716
37687
30151
5268
31224
30238
4750
27283
12302
34648
4774
35853
13650
7356
22131
13535
10486
8083
6312
18902
11365
36863
37866
29581
28542
12290
29445
28141
35714
32362
31056
14843
27274
9478
3697
13124
30841
14231
28973
5463
31339
4424
37247
24914
2602
7957
37990
16529
7441
21456
10215
31171
35429
35394
1911
22447
15947
14747
16898
39590
7694
16220
25214
29149
6721
12726
19621
36025
38721
13896
28834
10712
37477
9627
19627
13766
39583
8716
18620
16278
15296
8760
4396
23929
39439
38861
28260
7031
24229
30254
15760
30383
30272
4543
36254
30184
11271
32361
3379
32791
3312
37675
16645
25852
17899
40013
32969
22406
19027
30760
14848
32450
32100
10229
39804
31573
26965
11532
12474
1047
25254
30016
6025
30569
14531
22482
3855
15055
31878
30198
36048
30482
16617
31557
32019
12114
12738
35474
34627
8003
16375
12112
40130
22056
18847
36368
34938
12182
15192
23251
3910
21492
25672
32797
14304
26851
40143
20923
5763
4206
3233
8821
19197
26559
30508
15588
31374
32500
1334
28339
2964
4420
22389
1519
6885
20642
19191
15665
33195
10757
13857
21171
12326
7137
17908
21677
18595
3400
39218
27101
20819
11393
5303
10141
35179
17132
22188
36768
11364
28146
15725
35072
13359
13067
4629
24615
33746
30628
31123
19723
6540
28861
23589
33749
14553
26628
298
37841
6052
23116
1054
26359
24384
12605
27400
11642
25309
235
37831
37562
18478
35379
35505
12472
17253
14251
27288
36586
11422
8635
26481
24417
18586
34510
12449
1976
827
20686
22715
7712
26252
17019
10118
4835
11575
18222
20139
40111
16115
6631
8881
28824
12737
21292
37716
27567
11639
39208
27992
35637
1685
4196
30411
36448
20359
32115
688
21279
5356
10043
34671
3470
13473
28873
20945
39483
37736
5164
40132
7876
37943
22713
17543
10289
23729
38416
34891
33423
2846
34851
5616
33810
28364
14036
8606
34106
14118
15235
28519
24162
14283
22615
38965
25190
18849
38492
13541
24904
24592
6844
20962
15812
38061
27432
23434
27293
22060
24458
26577
12294
36677
24970
19122
35333
34747
2999
34520
39914
27269
34224
26474
16705
32199
19950
32325
14941
35358
30503
17259
20465
18099
12717
24599
20641
39848
29965
14557
9953
36689
3335
6420
17286
33686
14752
2837
8709
2189
28815
29863
33867
8600
18597
5594
10773
22499
387
6122
26847
27351
4320
38665
26186
28778
29273
18812
33254
5333
14316
10331
31277
6821
31508
2701
32172
6853
14181
9834
25051
38538
30366
34596
3064
1602
40126
37933
1891
22654
22552
20061
26510
27971
30344
9621
37426
1128
4886
40340
17166
6279
9369
40503
30209
38531
38159
5492
34396
33656
25086
37296
12160
23903
23866
35694
30369
1251
38859
26585
14659
1655
40671
9183
27705
10834
13566
22724
11444
33372
2465
30706
11697
13949
38465
33526
38432
4082
31251
15803
25151
29765
2192
40777
18887
19862
37048
8934
18563
15819
29865
37726
24754
15091
16510
21259
9021
28153
36427
5368
12890
38774
28859
8203
24434
20886
25432
39256
8966
17875
15413
1579
23336
13801
12156
23971
39601
36126
22853
15531
9651
14266
38565
39129
28002
16435
23315
38783
19333
11979
36221
21798
22865
11995
4421
35434
36550
26613
38074
814
24261
20481
959
32223
9962
32455
26962
13923
28789
36989
26751
19185
6430
31284
6237
30161
14398
13481
15705
965
33244
31115
10551
11592
15102
21154
29786
33915
27673
39361
34690
29275
796
19633
20618
6304
25803
31093
19931
5706
25685
20778
37821
6311
30541
31425
36265
29089
37465
24732
24038
38917
27991
498
16464
3558
21320
36936
25903
2056
644
13419
15022
13274
40762
32154
27102
225
6003
3247
23566
12821
40286
4867
873
17983
37542
2767
25134
39539
21599
39263
27835
34580
5161
1985
30865
22263
11239
1321
5798
17018
29452
35611
24382
401
29303
6757
4462
2654
29418
29610
13779
28787
31533
22695
8410
12534
34139
15019
29974
14415
30077
4698
14014
8909
26354
27891
29561
8108
28425
29817
36370
2251
7135
27687
23124
13778
12232
33802
38646
29928
28280
16345
29357
34093
37588
19055
32606
18625
1747
5897
24985
21690
28879
19100
1905
32161
13078
21660
40752
1341
35955
710
12229
14780
11274
38053
21361
30867
20773
39007
40801
29201
15017
39306
7407
7096
12608
9006
14871
24868
7883
22220
19243
20186
19307
24230
23351
37370
33477
37746
8225
34700
26117
38270
35550
32018
33506
23602
6543
18471
28742
25669
29801
10844
22265
16399
11973
21587
21550
28569
19135
19986
15225
37061
5079
1796
27040
37903
7383
39150
13767
40584
14814
962
16822
19508
26071
1261
18331
15964
24788
16753
15846
1161
36330
29660
37766
30911
31896
17605
18061
36477
37491
37636
37388
3054
20412
1918
6728
6305
6424
13873
15250
5627
8218
14748
37358
24764
18537
38430
34005
14793
21246
19553
38919
31946
23449
19953
7091
15222
18197
38252
28437
36749
16927
30082
33390
16070
8094
17768
37112
11561
36343
5484
1253
37578
24416
1275
35277
23378
35036
31638
33271
8345
36619
3599
19498
14256
1511
23413
33581
1435
2876
37553
27522
23961
7475
32888
35381
6805
26714
4121
21978
40318
17980
4654
57
36681
37395
7776
11219
17776
1936
19305
21028
22870
9607
40355
37143
25222
18129
9521
10838
18782
20729
17863
23850
12748
16781
35969
11869
6596
35618
22544
32644
770
8366
9939
3574
14669
11336
10873
25618
9431
25139
10474
35235
5282
28374
16738
4144
4738
37700
22110
371
28545
1203
28980
21966
8117
37354
40277
23595
992
27398
16366
5227
6589
33952
13978
3547
11913
32935
33226
3641
35998
33177
26376
29232
30236
13271
32049
40057
9198
34359
30773
9377
24680
11829
19760
25977
20255
6563
16182
39282
3552
8243
2327
21207
5412
18324
24045
29008
37167
14763
23630
33825
19589
17025
10575
14092
7180
11892
4425
29890
19763
12965
26597
26523
23751
3743
14162
3333
21247
38390
8111
7635
31615
23170
33163
34689
12764
22027
6290
36011
23649
13679
2738
6950
27406
9774
32367
14977
3376
21593
31751
33380
2630
6976
9175
26852
24656
16864
21000
31288
3374
20638
1005
11116
6580
20505
30681
3461
25201
18057
9482
11911
1945
40034
23164
3523
21520
4433
36731
14636
16778
34796
17965
4552
8737
14481
26752
26506
6201
13699
31208
28470
4621
15352
23301
1100
28889
28709
24076
5104
20896
20329
26430
26639
20353
29830
21493
15718
14411
9320
16934
1236
27944
15981
7610
34559
26205
4983
13225
34697
31338
28535
29841
2899
35083
37823
32387
16054
11190
13357
35393
20039
8917
646
1040
35057
33048
5932
1306
22129
4232
468
270
7935
25035
20653
30035
40529
22100
17911
40776
31671
25198
20862
38265
22181
14465
37079
23109
2381
21968
37206
13169
18434
16349
18611
9916
15782
12666
29547
34303
29962
8350
39019
26619
7656
25414
4025
20281
23495
36751
8574
13573
36178
30737
20142
35037
14878
13603
38636
23991
23441
34056
11192
18928
28803
38211
34306
16378
8763
37197
7733
11883
5948
36992
39915
36830
28801
9513
7145
27520
9356
30840
36809
35705
36336
28003
32954
17692
37857
20562
36047
24500
15387
15886
10244
23135
33968
4893
4829
18881
1940
28617
1277
31500
16085
37293
5829
38901
1477
13199
13571
13760
5803
276
36071
12485
1212
21334
5865
16351
1078
26784
37869
15000
5648
1733
7512
22788
3166
13726
4547
20274
32250
24937
36595
27952
17885
13837
25791
30239
21948
35458
5518
28333
34925
29613
35341
22959
26600
6453
13637
21770
25714
39819
13887
520
23356
40629
28828
32170
37
6918
33673
26197
7211
34972
31505
18979
40164
27412
19050
38495
8551
10647
18343
26121
25836
4114
25386
2094
18397
33566
25325
5264
5686
39968
36089
34704
33457
34551
32534
2911
6743
35579
23069
15363
24691
5271
2225
35740
8894
27709
20775
29313
29933
39508
20122
15738
23901
35086
27922
27844
17148
30912
7589
13581
6609
3799
17396
38054
23057
5420
21943
14121
2460
25210
3607
19291
11813
37615
30517
38457
36941
32709
21670
35655
40044
5777
28321
10209
38218
15175
11521
2628
8086
30872
7075
7041
39194
33002
27517
3428
20499
21804
899
13010
22843
9020
40251
22517
35807
11151
37494
17316
26166
2435
27462
11404
15915
38813
24212
21418
30673
694
6090
40755
8944
33667
4754
39070
22250
34265
35910
29170
8270
12048
32025
19095
7612
15736
13009
18649
35778
28482
8175
26917
13345
39528
8940
14577
28453
22981
11073
16320
7342
30636
23419
29530
32411
1522
3723
18084
19461
24151
31546
9924
26946
33636
20577
20078
1457
71
35059
12767
37236
353
10191
2849
19058
28944
23803
12303
16869
15902
30058
35300
4167
33862
25049
1604
35346
19389
24345
22761
28997
1288
9849
22601
11862
7506
28489
20094
32271
26528
34815
26251
33296
11407
7182
13403
18751
32861
1264
11089
20723
32646
11632
5379
25671
20543
1670
29567
24237
10586
4266
7746
12508
3686
8530
37845
38128
26360
39761
16201
16655
40597
6509
15659
26843
16469
9432
33199
14828
34104
18567
14513
27444
22606
30365
15016
2949
37594
22864
31392
15275
33559
31407
20135
40760
19397
35914
38331
39702
35285
39066
23925
9777
27415
11028
24191
25218
8300
25822
13826
15466
4096
20890
25467
21618
18930
24385
13076
28887
20838
14175
37835
12557
31400
24528
39965
20927
34764
14930
33570
34640
8246
2686
25563
36760
35089
7279
23860
19613
29352
12457
6011
99
25748
20071
6444
26381
6335
36708
4701
17928
11924
17463
29889
34414
32686
6562
4363
16987
13398
14339
12401
9027
25961
7927
29582
25
17961
9610
3105
6365
7717
17053
20388
26328
6044
1586
22822
37864
35892
8310
38208
13324
18645
20625
8046
5375
37439
17323
6983
6315
26881
6058
6827
5149
31433
32251
26115
6776
23546
26042
13743
8349
2863
18081
2358
40790
30410
37027
17998
21099
30171
6275
20629
13895
10163
40202
25500
28982
36496
6880
22308
21819
23522
40218
999
19902
34410
23230
23775
2709
25998
8711
33447
6556
39358
27824
30627
36132
31469
20194
15422
4224
4481
30683
21029
39642
926
19663
14645
34792
7737
35604
23097
39849
817
40393
4768
33133
26228
8155
37560
39342
33149
9802
20840
25758
14221
19908
5200
6814
13595
12769
1793
31414
4639
14760
24281
19927
30649
31567
18504
3261
29451
18796
8924
1555
16044
34884
28415
19
37281
12348
4961
10787
16173
13944
19198
18728
2974
33946
11734
27963
6494
15049
24573
3611
20893
18999
13024
17982
1153
37963
3104
23429
12760
329
31344
40560
6057
37333
32185
27147
37928
20154
26385
2475
29622
37718
13856
22226
19491
25276
17280
37152
31818
1265
37710
10687
4401
17456
35423
7533
11738
24290
1152
29553
1059
9145
18918
28264
11929
26624
27579
20841
10091
37376
36026
15209
4055
37254
12590
13036
35894
5089
23692
15613
39319
7358
36776
25321
40608
576
1524
39534
31628
21647
26853
28791
26721
3495
35687
10602
40610
30125
4684
24144
12846
4809
9694
26310
13785
3976
32812
28410
3555
35862
37297
26960
14522
281
34380
27854
29662
25168
29731
11454
3690
11402
6680
37225
38489
31434
15410
27538
30457
5295
12801
7400
36432
16696
13852
18696
36865
25542
39967
286
27640
10485
33005
26304
14764
17556
3928
36795
17901
27669
25906
28845
17835
1489
39228
34470
24933
25233
5382
15496
13033
29919
25860
13304
30099
36243
18540
10174
18248
28312
11737
27402
23361
24113
37022
392
27413
9649
29912
30241
15743
20258
8217
16216
16
14676
24150
17891
5655
20678
30321
760
30717
7274
32887
23616
37232
3667
34647
14269
23323
31423
29881
19612
22049
24425
32084
39521
18843
10569
7061
13363
2537
15467
28910
27296
11726
18486
15194
30359
33920
2935
6831
13598
10795
28841
25634
4582
33311
37852
27435
7415
6129
3482
6067
1491
11026
238
12088
32472
38227
38154
5758
29
37941
12865
23176
36200
29837
33339
33981
14088
27679
33109
28496
20396
35561
38238
10125
26558
34244
22345
16020
26239
23709
20494
15590
34651
5338
12623
17788
31104
37390
10500
6364
4683
13165
15677
21994
38498
20208
31586
16140
39442
8938
19199
21467
25422
6511
16789
18840
33176
2421
1963
38066
20228
36603
23657
3248
1551
32169
5956
2137
5110
22701
17855
6914
29501
38340
18302
16596
34042
17021
37807
31967
650
40586
12803
15207
39741
27638
14140
4911
36718
12536
7258
27474
24351
11769
16069
28023
8916
6932
18208
37451
685
36886
12257
24609
112
24031
29308
21258
11981
30009
35827
17276
11700
31791
157
28712
13510
16668
28660
4016
35097
5977
12078
28232
3076
27480
11586
44
28216
14281
24094
35131
4463
24251
38261
4304
23081
30384
19231
40640
40060
17977
13665
2923
8712
29600
27264
2521
22900
29903
20967
16215
2941
23655
31535
17067
17645
25598
21351
33934
36237
38511
35856
34198
26635
21549
7804
30796
12788
34774
17390
25509
11886
15444
36505
33772
34404
14857
38695
37041
4297
18554
38714
16060
18291
12551
25286
22636
40471
7115
30505
21879
30626
40716
27186
23460
14324
18707
12893
31887
9335
37265
15570
2667
34865
19374
24355
8023
2266
27355
11337
34490
31390
6299
40409
34066
8642
935
21191
3328
40072
13689
12926
27810
12361
13426
38371
37734
17668
13648
12710
28181
35522
29150
38893
14574
32215
24976
14094
14734
17304
4438
30889
6395
19567
15155
29941
26884
17129
36888
26908
14486
20756
4742
31292
37784
9844
19657
21872
33500
27979
8623
3125
25938
18500
40063
34705
29481
19778
19070
21656
13212
37743
14999
39389
39974
10167
24255
18738
5152
24370
29359
13094
38419
21181
20114
21778
10293
23141
25332
7619
32849
8240
23632
5328
39966
6412
27414
15372
39167
38094
9237
4407
35370
17302
27084
8118
36835
22343
13275
7073
22045
12284
13121
19182
9314
20622
39665
20832
6505
18425
35100
9750
13521
5405
14282
20250
13074
8183
9238
3791
29049
28274
16429
2726
40831
39693
20314
13528
21769
35438
9890
5068
5103
36528
3566
4544
33072
38009
30025
35324
39888
88
37380
37878
22707
7360
24306
38172
39197
15834
23687
30228
20531
816
5127
28546
11309
18679
20302
17623
27065
17321
19267
11158
40564
2015
140
13297
13519
26280
24972
2793
4965
13717
29979
13008
3028
9523
4336
17878
1631
37147
27233
35204
5226
37532
17135
917
40263
5301
18440
11725
5077
32331
23111
34032
21048
33037
17068
17570
9872
28408
4640
16411
15196
36580
2320
36814
32406
2732
17117
4850
29493
28055
2045
477
12413
17823
6986
3424
30331
27864
36561
241
9754
3340
36962
6964
24126
1267
32458
22850
29876
39992
18263
29138
33875
6032
31992
4208
25268
32817
16071
16009
6704
18552
39001
3043
7992
22896
2430
28527
27475
7624
14500
29483
27953
6454
3359
22779
2449
4053
29572
10867
36242
37775
32610
33009
12337
38733
22214
2446
31634
25490
34034
14819
13455
27496
25678
36763
40448
23004
36440
18050
29081
20567
11467
8205
31196
28892
11515
37724
15167
20130
34958
28478
26579
17709
19104
36184
2547
2716
22974
40513
27607
27657
1176
34480
536
37313
27320
3253
15121
4237
3357
28148
20368
14040
40059
1317
5384
29794
4828
13059
26311
18224
10185
30784
18269
5497
11683
6816
12459
17039
22381
30091
26179
9966
15186
40502
35415
5973
21965
20654
36784
483
20905
23032
25667
37612
3498
22193
27580
12277
14755
7812
4393
372
3969
38628
18792
2842
34479
20897
34662
855
39524
15299
23693
504
4441
31794
4105
7788
30810
3047
4761
24664
8299
18636
930
23227
24260
9252
2556
10169
35138
32716
31756
31046
9639
7209
9579
4007
10646
15534
2728
2907
21103
38120
14831
19131
5532
11108
19052
36077
21517
28152
4982
35143
1259
36896
32933
525
5557
33129
36072
20580
4736
13213
18141
6369
9946
164
16172
20062
8461
22875
18134
7702
12347
6452
24855
4034
39219
17370
639
6503
6920
6343
20058
10702
12876
6851
13338
35641
744
12677
23203
16072
14658
38805
30745
1290
2874
6055
23216
39647
3097
39222
4484
5985
1745
7434
6690
38594
3362
30615
8769
23364
14412
40848
13762
13974
14693
29577
13207
27241
778
20985
18220
28696
38959
18095
23464
228
26803
26320
33134
654
12396
1658
26160
26276
40504
20280
7310
27055
23857
21584
4577
37881
33346
6610
9981
33556
11805
5380
37693
8868
17769
435
40306
40478
22710
7526
24849
6649
27110
26740
10334
25820
427
34944
40370
4890
40595
620
35589
4633
21112
38428
13956
11817
23355
26475
30183
20918
39346
13040
32785
7536
38713
23817
32365
31748
27839
14051
34887
19119
25566
4964
18128
13236
26524
30521
15611
16154
6417
2920
1977
35132
12452
19009
24816
35804
31805
28474
12919
223
26215
18433
8196
31007
9918
10152
34167
11867
20202
31517
34194
17090
9296
24468
18003
5735
1075
19712
1967
22871
39260
13712
5317
15497
9796
26570
11076
16322
979
5083
16163
31495
23045
28326
25016
29496
40838
33231
3055
1098
12456
20229
27019
29804
12599
24906
2761
10527
13998
39348
21302
35067
1199
25555
36915
13898
33140
23247
19846
152
39012
9997
19238
21552
32132
13457
24368
942
22700
35403
26249
31953
27787
12241
16787
16011
27655
5032
37597
22460
32832
28699
18313
13613
8371
16721
3908
6843
26037
2287
14326
27345
12012
34589
38044
23848
9270
27161
25009
6451
19086
4941
2214
26172
23398
33414
24641
32939
34661
25346
13418
39618
18495
25244
36035
11114
3337
13005
35189
38797
37995
2199
8809
3939
2610
38629
7093
34379
35165
7587
12341
715
36650
40197
30119
422
10019
15822
26745
23986
3514
2585
2208
23477
16798
18372
23592
20882
33729
25899
18368
13494
25436
17476
29882
15653
8054
19213
20160
24533
28113
10593
26048
29050
39963
2526
20921
23586
8742
25243
8303
34273
39593
5115
18380
13593
30288
34731
33722
499
31100
20444
29401
32198
20098
38272
19896
30396
10143
4127
15649
32249
33302
4846
7419
9993
31574
19449
27661
8085
22807
11722
30675
19146
10438
14497
24518
25228
8072
33815
22258
21115
35291
30752
33190
4398
32237
1772
28460
12421
14817
4741
17919
19847
920
36647
22930
21341
2741
8951
3573
6893
24298
269
21232
22151
25464
40636
18491
40311
38304
5252
31676
22128
18347
12067
29197
16476
1055
34073
23107
39503
36084
30073
33650
456
1798
14801
14641
36380
8559
15890
35234
31537
18074
26584
19602
37756
37539
22521
12467
23937
13677
36569
10037
3806
38614
16139
3146
35542
19081
36005
38322
28594
26786
9643
33286
37062
10440
12491
31402
13586
7199
14618
8009
3606
7688
28034
14193
17357
38124
10337
21565
28985
14683
22006
25910
36439
6819
15974
10926
8918
12167
12702
39633
30906
9637
17744
26571
10690
183
5102
39090
18622
22187
25947
4575
18661
27671
24186
35317
31898
7523
3957
31169
39857
5874
2005
21792
3596
29638
37386
39494
12613
24226
18865
293
37986
3822
25122
28226
17747
29382
29656
9602
19853
12445
18130
32995
11638
18874
10475
15397
31612
12247
32816
11230
31618
24748
32105
24055
5151
37069
35411
17367
28692
30910
1483
26187
23746
38644
30918
11857
35278
25393
35287
15830
20536
13599
24176
20720
29743
11232
23394
6117
25915
14671
20251
38330
16991
16581
12000
11529
9208
30593
18164
3870
7658
4700
37837
29479
21068
38268
7112
9858
3451
8030
20582
35952
5447
33799
11009
6431
33957
14650
24847
17728
13995
3602
25516
25877
38109
12934
20652
4955
35121
21617
24415
11992
27327
18477
32242
6398
34365
32776
2236
10515
8845
35123
37587
16699
26674
13556
23816
39834
17442
33287
11686
20134
37589
32122
29855
37126
18160
3479
28736
5621
13707
23510
12240
27115
28349
17017
8564
11113
18955
16810
33330
1919
37470
7118
20805
27353
21886
38676
34543
3571
28786
6209
18087
7715
14224
4308
10449
31087
714
1978
37379
38717
35700
1983
32096
5451
9374
36588
12636
11055
21684
17233
3203
26969
34447
2064
8190
27825
13910
19849
8222
27070
15375
31602
5790
35313
13772
23374
15816
15336
26517
3906
39011
33004
39123
25956
7379
23015
8213
24387
11943
35159
1657
40375
3904
13701
25578
27672
32430
21265
22229
38957
13469
16615
34621
26091
32301
3228
13992
25641
4583
4969
38467
23686
29807
25394
21130
33824
475
40373
19703
15173
1460
3704
12622
13430
27829
4011
25610
9893
841
1092
37620
10400
705
18034
19051
20912
961
18602
5462
7276
19174
17943
39907
11431
6140
23040
25559
35274
20382
6569
28637
9913
30408
32920
15927
9322
24225
16870
33663
30555
27489
14473
31006
19161
1296
31775
3452
7912
2541
38276
8503
21990
10092
14456
34798
84
39429
22958
7223
13452
25869
21718
34507
12565
39856
12377
29883
13432
34321
25196
11976
35638
36168
30370
3601
20002
2234
19918
35895
25962
24787
26973
16756
11293
17255
37363
40713
19474
34677
36615
30155
7082
29212
30682
11495
19117
19300
28684
17254
2914
2902
4857
36270
10788
11426
25456
11280
22528
10429
22849
33364
23774
15341
14329
35484
6368
16387
440
14509
24917
26601
30463
14608
3186
39026
32498
165
31516
2784
3885
38144
19674
13507
35292
16848
1674
7888
16701
14736
38933
33548
23366
37557
38608
30922
18571
22169
20576
34552
39936
27715
28746
29093
19453
1861
40260
22156
24990
32160
19488
23183
5562
12872
12506
15015
5091
7262
37252
33233
39708
22339
24243
18810
17270
1297
24574
3275
10146
2782
16652
40606
20133
15344
38164
5098
9888
27373
2753
38177
30259
2081
1972
23418
14923
40654
7964
3285
40740
6017
38845
17948
34725
27504
20407
23740
4468
6441
11713
11563
19591
19742
14601
38297
32993
7773
27006
6905
28288
26104
6158
9181
6033
1506
17404
40687
12754
20742
27667
30586
7248
12990
31153
32973
28472
26282
23704
32351
33121
10410
32347
17509
6859
5564
25270
2436
38708
39058
5534
32097
12041
35397
26485
791
38659
7343
34077
31453
8754
14883
13092
1103
40684
27689
37004
7263
20533
11387
36029
37668
8510
6507
39474
3508
18573
5755
34675
24919
39880
22176
922
19978
7538
39209
23127
39722
2916
38220
13305
31969
12745
34109
19021
10693
2791
16488
3798
30839
23339
8801
31737
32457
33757
36455
6930
907
15332
39500
5738
21616
24672
3162
21491
11332
3130
14453
29335
10408
3457
15675
4923
932
23232
34192
32705
39386
9780
3554
20463
13660
27860
37509
14179
7783
29487
26925
36464
15848
13382
154
25262
27804
22213
11790
22857
23958
19342
28585
77
28486
6101
14293
26930
8762
30551
34241
26488
12199
23725
27440
19254
30591
21411
31988
7018
10532
19850
3735
30412
39
14292
33693
20075
40296
30330
25612
2120
19710
22545
3792
26031
3949
36793
26633
8420
28090
31057
26483
40027
37536
19544
33994
21025
4542
25138
10402
16193
2003
33453
2048
17386
26316
24124
24794
8557
10259
17186
9101
15670
15874
33608
38259
31891
4515
25419
21834
19740
26244
14391
21765
1615
25904
19644
4273
26717
33961
36982
31720
39127
10825
21313
20057
38809
4382
4229
33235
17458
32790
39488
3295
3496
8900
7391
3675
30362
29087
17087
35462
4051
34824
11905
32072
17158
21328
20069
34013
27578
13608
5401
31600
14849
18232
13245
12874
15569
26580
32354
37318
32195
7245
9784
6762
9564
11290
3518
13187
20837
21481
30838
27838
9327
9500
12484
421
36522
31719
9561
28342
36316
7557
6135
4307
25729
23457
34995
14425
25230
8402
14830
37906
11225
11662
2813
33896
23493
13077
23397
34041
39161
23548
5130
4024
1763
18022
33027
27965
1117
40231
16083
17348
12378
29458
22440
16493
28487
1399
24383
39931
9811
4668
18954
31221
4943
13476
37748
8277
26615
33603
14080
6508
38131
15562
27387
1196
635
2816
38051
4012
8223
23722
749
16147
28514
9036
9634
28813
26562
6155
31786
29110
5911
11676
24125
29279
17773
16089
34864
36225
9611
36646
13636
14610
18681
24272
35481
7652
27519
9699
7819
30421
2379
3520
36385
10836
39531
27273
10490
21108
37535
8193
18800
17153
29124
30390
29796
22302
21442
28902
1356
31545
35623
22318
10645
16979
27886
36701
26145
33773
6921
3924
40768
2476
6975
12541
5664
1788
14148
5445
21937
18067
35486
8985
10127
5960
21696
39852
1591
19614
17741
27025
14866
38753
19354
16452
27208
24519
35875
23237
20975
28091
6199
8417
23470
18776
22119
37337
36704
24875
15120
7469
30813
31466
15907
17055
5182
23544
2623
24336
16783
6504
16206
39065
30772
23424
10924
17131
33252
17037
22571
4670
16543
4338
15148
6947
10278
25900
6411
33908
4039
18288
22039
28109
3320
23600
8489
587
14372
8735
38313
33455
40582
7683
38667
5137
27131
36563
22794
28009
35126
13272
14623
21262
27695
23825
40336
28888
19230
37971
23479
16303
13178
14434
12205
30275
4609
37492
19169
20367
29659
2976
28026
621
9202
22622
7216
375
2544
27654
4981
16057
28807
9668
11717
34542
3796
29702
9193
10678
30620
17391
38689
3807
8207
2495
10
21979
11537
31510
39179
24861
1285
21534
17475
28454
21675
23210
22289
34451
3249
32582
36050
640
19656
5849
37647
32729
33180
33537
7303
13641
40571
24746
39254
27419
14554
19497
11830
36504
17673
4525
40333
21147
16922
19685
34290
13495
17100
34579
29781
9737
30485
24775
15028
19637
15456
17939
2983
24135
27861
28286
27540
39954
32562
38843
6328
36211
22758
14174
14134
6061
31942
11291
10061
37663
37280
1835
3996
21434
9527
37644
14422
9983
19145
17940
30691
34556
22441
32017
11628
22101
22459
15584
23609
4227
26403
37423
6645
27768
24293
34046
23968
19702
13079
27168
10576
2079
7116
30361
10384
28123
33398
10266
5260
36773
39983
1825
5902
33789
18075
2040
27121
38555
1773
17163
6168
14336
15790
23409
27739
943
30790
1894
12392
9724
13093
1937
38027
37840
3013
14046
37861
27209
28524
30970
40796
11086
38372
6242
1783
9024
14365
38328
8590
24199
20342
25713
31364
15978
31297
33699
6601
31195
37938
13952
19325
145
1537
33102
33367
453
11215
10200
35906
24220
25662
27577
40357
27596
29948
2360
17001
37778
197
20192
36116
12463
8390
18346
7747
1025
24265
21016
15472
2607
7175
25249
2740
20753
16191
15887
846
24030
13560
16271
26417
5743
14713
32546
1216
15488
15358
30814
5362
8433
10624
7218
19392
19542
20835
8201
4946
24481
25275
5473
12483
7017
21762
15081
15895
28808
37377
10820
31225
17342
4976
15905
1513
7346
17699
21917
28758
8791
21235
33944
29167
19362
17247
9014
7483
22374
16360
27816
39558
1133
33575
38088
32095
13354
36508
36315
6991
34384
21993
22245
24627
37518
14904
10437
13408
21122
1331
18498
26926
28560
5297
36884
23171
17012
21746
1462
5814
23836
28584
454
32809
20200
20701
4801
16844
40136
11182
201
26672
21465
7606
4773
1239
4212
1635
8660
3603
4290
5267
29808
39829
37150
14860
38744
4760
39662
36199
18786
24372
38459
29130
37988
1810
10296
31847
16657
15428
31976
12766
38715
23580
36662
37319
25110
32280
15122
1829
26986
649
11724
27029
18080
32647
264
29896
19193
23092
24753
8275
25574
14021
21831
5722
35574
19183
5578
24799
3802
4090
11508
37036
7212
21931
12567
1716
19259
37099
33042
9248
33871
31411
27067
11061
13815
8486
40800
37977
6693
30022
21924
40836
22268
26062
16519
29761
39661
1654
37699
14880
26776
9017
7605
11205
31
34360
24183
39513
34742
12430
29012
39871
13787
24916
10283
11250
1160
12516
8058
26131
36769
12319
24880
38982
33682
19578
23497
28432
17870
12814
4938
25507
28919
39261
24902
3356
6098
20074
16552
11625
20431
13959
28611
18695
34373
20241
26979
23225
3588
1202
13828
23062
20767
723
9499
20734
12670
26084
3185
39277
2316
31448
25994
29856
20587
30716
33240
35874
4920
17864
21043
22745
23487
17127
22815
21033
16497
38568
5649
3583
4465
26787
36852
3882
24177
38362
8648
35816
15966
32547
2417
36156
21681
39908
1668
19860
40364
14751
18203
11040
31698
39899
10512
34370
15435
36927
25379
31622
30785
11517
40517
9487
447
32045
24053
32294
11451
26409
9935
31836
11372
196
16988
23083
40134
13502
15113
19503
2220
29930
17277
38160
15809
9850
2357
19936
27275
39419
442
33528
11497
22478
14815
16002
40399
8245
24550
24404
18051
2194
10601
21816
21568
14344
9958
36402
7807
26097
15757
39645
21633
39917
20474
28741
40046
30527
7294
31706
14225
39697
36373
11511
4109
18443
18862
32661
39551
14926
13514
19617
26998
22386
16882
22031
26362
25395
21899
22347
16653
33138
37904
23077
10313
32926
1229
30958
7313
36577
25985
5641
36282
21815
27222
23776
33391
26943
15407
2532
30295
11065
17436
38335
8468
12626
5762
12390
26897
38397
15541
24560
7544
21306
28602
15535
8957
15802
5327
35549
18194
14112
9912
24287
17832
11698
30005
117
26800
22598
15284
14201
35556
9566
884
26734
12655
33943
21156
23401
7292
32372
2401
2853
19724
7983
14889
16317
40082
3955
28008
14263
17669
30601
15945
19421
28676
37016
11247
40103
29253
3941
13050
12409
39316
12422
19411
39788
10129
36938
30749
5039
16716
24913
5197
35256
27173
5704
25360
32033
19692
35691
25236
23426
31456
15098
31290
5288
39989
4386
33295
11209
38998
14393
27895
15768
34846
38886
32477
10706
7187
36802
16642
9720
19528
5257
18054
29314
14205
1083
4644
35174
1155
18351
27788
21304
683
27341
3140
24443
8529
22669
34819
7382
10802
39105
26092
27181
30538
30711
38748
11447
14578
18942
12943
14517
7642
11899
6500
8276
34060
3034
34748
16577
1606
28097
18350
4564
29098
34116
34837
25735
34054
7751
8401
8055
37997
7719
33741
29993
6588
2618
18699
12740
6675
27371
2505
36514
26690
25343
38922
13423
28130
36786
30050
14690
19547
24767
38237
17873
27207
7201
6170
4733
3738
36581
38196
14273
2665
34260
33463
9216
22540
18719
14409
22310
33388
38975
31424
28609
29383
16713
7355
4992
20791
16564
4708
12894
25881
35267
8774
32742
16425
5183
34478
4751
3786
33662
23888
29678
21057
5477
37619
24268
14541
20109
32292
40358
35365
18927
32622
22198
33242
680
36546
6233
38557
17999
19706
8049
37242
7974
1168
25518
21820
28956
4169
4678
6344
2290
29925
26439
27239
8919
17250
12554
2246
24308
11051
34643
33430
10721
1526
20799
39473
34168
35471
15191
10072
39988
14511
13131
3614
30020
14471
17634
34872
6056
40363
16673
12932
6916
11993
8690
32259
34237
5132
19216
8101
32030
25145
17434
38486
33854
7242
27605
5224
15255
7482
28578
25823
37923
37490
3070
7574
32722
26997
12696
33248
38804
18866
20008
39329
25616
34483
28061
11414
12180
24486
31003
27434
40004
9194
6035
21404
8867
22010
6019
28066
31664
7023
36252
21343
10219
7335
18741
7517
39686
10705
24158
35351
26049
21260
23920
36596
14701
13749
11050
37506
11349
8604
11039
39250
32676
9491
10300
35082
32139
9923
35709
9415
29194
31092
14934
30271
14354
23393
6869
6184
40299
8820
19446
32081
23192
20011
39603
30759
30728
32665
13337
29893
24056
23445
23637
28818
10964
9516
20534
37667
19794
10640
24033
18026
25856
32979
6788
26096
25167
19150
24988
33444
24332
6245
24145
32431
1450
17107
34766
6879
17522
1438
5350
12479
31237
34706
5996
40665
23974
2506
34029
36333
32320
36321
24044
27934
2424
289
21444
35175
3082
4235
37684
9616
29834
27197
37131
4334
33778
16359
29147
30724
31293
24457
37627
25866
12487
17093
24941
25783
6407
4651
15176
20834
32569
13827
4416
36386
3229
8131
37028
333
23845
19572
36322
14750
13559
39077
4448
38476
9619
8682
10368
25413
34502
1390
20174
31368
28428
6734
25640
16285
4175
24564
32429
13561
7206
20224
36493
25573
1689
5909
32788
26225
20839
28119
32568
17024
23137
22783
40817
2951
26940
22716
19954
30255
30382
27112
27248
39313
21150
17976
4913
11727
8963
28376
19866
12662
835
37623
21607
18826
9380
4001
33973
34257
7460
37796
18870
28925
7549
20801
6179
28827
2752
39462
33077
40249
40727
9164
37031
21632
19107
8680
5269
109
22672
2804
24662
11106
30019
25905
22330
4115
30900
22547
12379
5243
8887
9489
32970
18635
22506
6506
15832
3661
16872
40270
21506
19455
8766
27405
9091
22248
22051
3961
14613
11543
18662
14910
35031
37054
23047
15160
31118
29085
9406
18528
14881
12039
36730
30388
7592
37201
34262
9132
1907
30339
2491
2619
40527
15138
14901
5113
11767
26214
8834
9257
33017
18249
14075
35145
31662
36009
38373
16214
18621
12778
20332
19332
40064
9303
14081
12954
9640
13487
3891
8620
28760
2599
6738
9182
35140
27278
740
40412
29655
3197
998
36509
25399
29117
25878
15943
33327
699
3405
9518
18623
39994
27363
25069
29716
6446
9842
18898
12540
21006
14096
15667
24658
4646
20447
17155
38520
21786
7875
26018
30381
11864
36553
10743
7880
170
2087
22819
15269
28689
30342
23778
18016
24925
11705
27156
5022
3539
28346
37709
9776
33536
33894
31415
5969
40425
31320
3925
23744
26560
2152
12301
33442
23367
27677
22825
20118
20710
2310
1235
15439
11421
26912
8722
23598
29095
2028
17853
6744
8736
7148
39273
5665
21613
23666
3749
37711
35957
3644
38826
40151
813
11020
10130
16942
21850
27696
32975
14943
37645
28255
36829
14468
2705
8939
19604
13685
6339
11382
29331
36482
34911
12358
7609
24549
15549
18655
938
13128
32540
168
35854
510
14948
16908
16192
38930
28151
29704
29372
13396
17607
8838
18333
9211
1449
24070
36614
20475
38853
13238
11137
10615
19700
38345
37018
35688
7515
32281
5966
35554
11058
39903
36855
27346
23181
6971
13866
5509
25264
15369
9891
4785
8116
39226
36103
26477
40751
28205
32937
15651
14863
8678
12813
36367
10553
8136
38344
26772
13243
32783
5274
11571
19688
25371
39446
33175
5772
21248
10963
30836
5055
36604
5416
4155
25010
12142
35696
26817
13126
7959
16831
28304
13625
33326
3980
40384
38121
9638
23151
6585
27820
25118
10123
10756
33193
39099
23362
4686
6551
13373
24978
11821
32178
39029
8539
1653
11660
16419
20572
18167
7304
27555
18292
19412
30580
6637
16841
14301
15647
15274
33219
18844
24493
16905
26324
38669
6593
29539
28155
29131
29223
29684
18470
19894
7397
32270
3593
31107
27872
19330
5286
28005
14564
34061
35074
18371
29334
27927
26563
34446
7270
29243
11606
21551
6599
17767
12661
30564
11860
33284
33238
25370
7344
1939
34179
14625
1632
3767
14746
31730
33432
25330
31036
28455
7072
33241
2335
17898
31058
5501
26358
7385
29815
40599
54
27323
29519
29853
8865
4567
3805
36991
25019
1643
29325
39701
23279
34645
29888
35463
18576
25702
25889
34626
23238
37656
17168
17240
13381
19062
31614
3754
27552
27036
39588
26203
6959
4745
27528
12074
34340
10824
6688
16847
30376
40810
464
29810
31879
31108
35800
5204
33653
14478
2083
3236
25349
32133
3005
22113
11962
31120
36410
9828
6402
7486
33301
4215
21980
18671
1043
19576
14178
31327
21522
1417
21373
33478
19383
22405
26978
14565
38588
6000
18906
9974
4038
31419
20086
35889
23720
8927
21040
38616
17666
673
7847
11025
5780
5573
14131
12224
33135
22136
16845
40228
14917
3267
19955
26238
16186
35006
36779
33734
19282
2371
34586
27009
35959
37628
20223
19225
7109
26066
20737
30525
9389
2950
29285
6639
35640
3
9178
33381
14160
9698
8411
20495
32087
7571
17180
17680
32955
11095
33036
16031
4274
18206
22708
8579
38896
5978
7723
26318
2133
8585
36049
29844
13604
34574
7636
10392
28844
19660
34916
19210
17921
1647
30845
14947
35340
27882
38471
20630
24556
27356
17629
5875
755
5078
15302
31426
33169
6367
15027
24418
20226
35297
37545
3927
22456
6691
24035
36499
18832
7947
7424
35647
6438
33569
12625
32145
29513
1189
13809
26681
35114
8241
7509
39655
28169
34831
428
26393
31768
27946
8558
3627
8743
12464
543
9714
13267
40799
9738
2042
17111
30226
2389
581
18152
32564
9051
17676
21938
12246
12658
26746
20380
34985
13402
6856
19882
33312
23369
25335
16463
10124
26811
16007
29489
9755
14159
20856
29259
30375
6014
4855
2550
24109
40524
22996
31559
31047
35321
12940
5914
3977
17959
10056
32655
9424
27037
16693
39768
3995
8719
21371
29477
4264
7870
1433
30074
35682
10298
16063
25173
29910
13846
15893
11503
31741
5617
195
25847
6210
20365
11941
24800
11565
870
492
28814
910
4521
7156
1954
2058
592
32490
31075
39579
37403
26149
35676
14368
17886
40806
25477
38605
17555
37579
39174
13899
9697
16324
10459
26012
25603
6510
14373
33791
27238
7136
26412
27183
25133
23769
4906
37314
36618
34345
14427
39913
38092
34086
25710
26863
3284
19377
37816
12618
24614
27759
38872
9410
1566
23191
6118
35196
16449
4788
39343
13575
9205
4511
2359
8905
26572
17612
10511
17423
21944
7582
20845
35
433
4792
21731
38169
38654
24678
12681
18211
21221
24960
14404
25541
19985
31030
40767
33435
11031
33971
169
40050
6468
13891
2966
31498
2725
16819
24328
2858
28533
35507
25675
25725
34947
13676
27226
441
32284
15885
4369
17091
10518
11513
4616
2539
20508
17647
1298
18340
38442
3291
124
27554
18316
6214
15849
6719
5569
9457
8465
27994
28509
34833
6375
11670
15356
2472
12266
23143
22231
34519
18919
28897
21955
22069
8280
17405
17862
23959
31431
31127
16644
20788
19977
33935
40515
39868
16400
23059
22327
993
22772
360
25323
13198
37306
8421
35736
11367
10377
33265
18233
40114
35964
30997
23139
24206
7339
29939
28952
7188
32794
25625
9016
25368
27237
8994
40275
35605
29192
33760
7987
30131
32288
8112
17966
31008
28974
12442
25474
17935
6608
931
14072
7062
11416
28817
28901
39801
40649
4349
3029
8283
26981
14927
36549
1992
34169
30928
12564
21700
4073
15362
22909
39942
17979
32222
2434
22569
19606
22995
4419
28241
24626
11470
23065
38231
26623
27064
17597
26658
33202
10333
4457
22470
15933
28978
14312
4569
14572
39344
27633
18624
32006
7922
5916
9758
12850
22329
4622
9496
33482
26927
7524
34606
11754
31209
39525
20457
3096
956
2384
26934
37686
28835
10745
20807
25025
25526
40812
18481
6079
3145
20067
14832
17557
38962
27217
36759
1494
26975
8362
14582
36107
30984
32012
4830
114
25401
26825
15203
3989
21012
29675
34342
35510
18185
23041
1757
8258
28570
6047
9552
40003
29779
29849
8415
6804
29287
36939
26707
8326
33028
19092
14594
21642
32980
2043
16010
29690
12694
24610
12264
15633
193
34734
6307
27329
24104
16672
10606
14265
1646
40620
16109
26382
24562
17082
16732
20833
12520
8780
39392
34594
38828
11901
8674
13103
30919
35737
26395
1530
22532
35888
4800
20842
9005
36556
30827
32673
26431
20865
25997
2913
34469
40210
26710
19260
18432
15710
3193
33509
29710
40574
14686
3157
5092
19034
22851
37182
25522
10248
2948
3202
37520
38596
29116
15416
11759
9247
38948
19264
38043
933
33715
34462
1473
2637
11927
5720
33325
35094
29671
31541
1428
34471
29491
10203
36424
20660
19326
14865
1580
36083
17661
27627
4245
21546
19387
40166
39803
23797
19943
25356
22466
30881
18330
17971
4380
20124
37670
26788
28768
11438
23063
28967
8572
20042
34866
22586
12602
20731
12440
21661
35253
27901
22164
27205
25920
32537
5723
29945
30599
24569
8356
33990
23090
15781
11186
25076
17559
11611
16208
6034
34728
16307
30071
23681
36853
19215
20107
35896
2141
25213
33273
20156
31708
1070
399
30774
3437
31197
34540
31695
10462
10115
5994
2977
39231
9501
13058
17236
37429
31355
21347
10026
34375
26914
8380
1131
12118
1708
33685
18704
39970
37219
26169
8008
9412
19343
3710
10616
21119
3430
6414
31444
11176
27902
10953
406
13298
37829
20544
17759
39055
33933
11915
19060
39874
3959
28340
16012
6742
29951
38318
11885
22473
39598
40456
12553
23308
13950
20615
25864
8219
22472
7850
35367
2315
3329
40229
35149
23006
3715
27389
36909
22420
28011
1284
4790
1106
9696
28150
22234
28306
38649
32881
35870
11049
27026
11145
4667
15892
26891
36664
25334
38070
15875
13623
34738
535
5096
297
39799
1789
15193
3852
2127
15929
16465
25966
38022
26508
12820
4413
28733
11691
39287
30678
29922
40442
5522
9236
19490
31990
8713
3266
18066
20391
25955
21366
39372
38892
809
16056
23180
39271
16017
4699
39124
19445
13703
10840
12498
36090
3456
15906
19709
38559
11789
11275
39738
35316
9925
15668
303
10965
40548
23349
2263
25849
3310
38412
15960
10948
19457
30931
18952
26419
5984
22320
38697
29306
28909
14156
18344
24064
3019
3677
34808
33101
18785
1867
36020
12285
25810
148
9339
30518
10891
29813
30059
13053
30243
21217
19316
39676
17913
34343
17596
34430
7565
22911
36744
22786
7251
370
11731
951
29719
8091
18365
2019
20035
33677
28479
39953
33
1581
12535
22647
11804
34200
40383
9089
37527
569
15168
23574
10822
17428
3160
38286
6763
34308
19334
27142
6127
2388
28511
39810
3834
36792
10160
7772
9106
20521
4026
9567
14836
7784
34097
2217
16235
8224
5823
12815
19546
26989
31588
21909
7002
29002
23110
443
26670
11071
23120
7577
33612
36887
38737
36892
8497
9407
38385
11950
32535
3239
11477
18690
25554
27499
25269
38082
7585
10972
18934
26232
2142
33954
38764
40183
5882
10192
22355
29932
13159
28385
709
19519
15056
6671
20458
16661
21505
8841
31551
31772
16111
22863
15963
32052
11784
22510
33337
21065
6436
18463
12288
24011
39210
15382
35748
7273
9384
31845
33132
15690
15401
38956
35599
40324
11408
2769
28476
31019
23293
8100
4076
10506
15607
37912
20790
32818
37473
36494
6309
13109
23008
35591
26283
5488
27211
3386
28563
379
727
4157
15234
8949
39961
23641
2917
29411
12399
26054
37159
19024
3685
21654
17022
14945
7598
2393
34424
9906
8370
25865
34352
32675
15936
26705
4119
1576
28556
27245
4823
37854
9453
2160
5813
4238
24318
34014
37534
13820
17003
40353
13659
5230
4794
14457
9324
15632
13250
20703
33058
30455
14093
1582
10726
35614
22001
12497
5395
28603
24314
11797
10667
11750
989
1819
22160
17324
10221
9360
16692
7693
39514
17658
18227
3983
23645
39682
20211
13883
2990
35780
5781
37398
5031
997
25462
4610
5309
31005
15952
16784
9895
14649
963
37413
21841
21084
25845
38111
6745
14654
28566
25091
37892
17098
29035
39631
16355
28497
16605
13991
32778
2501
9670
20852
31103
12630
13157
22709
36159
7264
25515
913
20891
12470
40240
1437
10180
6243
22222
24760
26064
39972
33516
14399
8993
31026
32257
39067
35744
3384
7186
24378
4861
21058
26520
34275
29833
30763
31895
30211
36460
19148
6969
4165
1238
12099
27272
6756
28630
7541
7838
24690
33640
2762
28865
2708
26736
29758
33767
19779
9854
15036
31579
21933
7503
1507
18489
33724
20051
5050
18963
36583
34699
38251
28679
35732
19562
20184
29237
13850
16708
2030
36625
2454
1904
32335
29088
13022
15514
27361
31915
28162
17452
17486
11599
31211
33310
25014
17624
6817
24017
21216
10013
25061
20628
6837
24642
30654
28819
22747
15957
29299
6906
17955
31321
4560
34495
23010
31256
5769
29260
6456
35857
27242
27472
13016
37251
13756
40178
7022
26688
36562
16832
24870
20333
22520
9961
19017
38039
24601
1454
26202
24131
18717
29278
33797
37180
12217
30461
18159
10922
34148
18577
5432
3368
18987
18505
35568
35634
40303
22305
18079
27478
32106
18127
3416
13193
35344
34794
14510
6425
31759
32595
32338
32309
18905
5090
38139
37033
3020
27685
31948
36850
26257
36102
8092
7085
37469
26017
16276
22736
3056
20889
13303
37212
32086
33359
1355
202
24977
2305
33784
32523
27383
36121
7919
22643
15843
35453
37652
20645
3211
29424
14992
31295
13931
4061
26303
17798
37678
22876
1419
23913
34609
36183
12004
13884
19435
26272
3691
21283
17381
7842
22191
34590
23719
25824
6459
2818
32315
40087
4806
3950
19917
33153
20926
33261
31396
15087
30221
15482
16005
11971
21558
11852
20909
9093
8353
27649
32949
2033
23773
21075
31591
11820
34463
14032
28330
10504
31090
20399
30192
25782
11958
31204
30206
8978
16667
31012
30340
12323
25042
32856
17672
12080
3773
12643
22927
24106
40216
24439
17652
32083
38165
7973
14987
10523
11994
14550
27056
1073
24049
4357
16240
28029
9454
15664
14944
9928
9535
23117
4466
24771
7220
20957
12369
37323
32436
27781
6587
32909
2463
10420
10608
8028
74
21382
28464
32962
13098
37913
31276
28954
37614
38249
25812
15648
8824
11042
5369
26828
13947
29333
1132
35768
2997
5695
12550
23932
13799
4124
34531
25208
28245
37832
19270
29173
15565
31044
19036
40572
7377
36099
5304
2557
26835
31802
40683
17694
38020
23469
25022
14609
28949
30707
20393
24840
8758
19049
30188
24346
28908
36869
6595
23618
37642
25733
20596
23036
12522
25693
63
5076
30144
34721
32104
37657
39380
14919
18218
15872
38059
39998
26961
15272
32129
24793
27584
31960
25932
16454
7219
21410
38212
14986
15289
11125
15095
18010
10432
31726
36994
4753
22730
31085
31098
20010
11162
34164
22162
28862
31181
34468
15180
6131
23335
30573
40583
5759
37272
1995
6652
33081
10781
15248
9725
11648
1497
4915
26410
19645
4185
36972
8027
1004
23256
10472
6794
38375
33829
12831
18043
38033
8033
21685
35382
588
12502
33579
18908
4882
40173
1068
18364
93
6873
33925
35229
26051
23262
23166
31027
13983
12370
33148
25649
7978
34243
27386
30952
1156
40035
10156
33560
23591
27914
774
16183
7128
1452
40406
14826
35246
5855
27863
34153
13656
28184
20527
2992
16095
37056
29793
27523
24075
25635
14897
35122
32203
22803
30880
20140
35087
15501
27732
10205
17063
19134
25158
266
39999
21176
10423
12604
33159
34620
23735
7946
19190
20899
13572
34299
18334
35171
19517
18183
6886
22984
29869
34535
27678
18773
2894
6899
6747
37607
1997
15378
12465
39582
1802
18399
13924
20387
13263
19274
14719
8148
6875
25144
33358
28451
548
36181
28600
21648
9745
31264
2445
14800
8071
2275
16296
32869
22388
36391
16103
28745
14346
12310
2364
7600
19155
40042
7380
24420
35161
1906
7559
25234
38938
26268
3447
32156
35979
6418
1539
3435
4394
11445
40081
36711
31727
5750
25192
16495
3763
3742
17790
16926
9580
39290
16637
18000
6167
18320
39323
8389
5691
29955
28731
25322
1549
30127
11931
20433
13961
37475
6178
236
39198
28517
32526
26243
27092
3033
1739
23596
18729
38436
11405
14795
14653
8427
8672
33105
1942
7860
36065
35980
12259
3809
10902
27924
3683
23105
31182
11456
24189
36039
9467
17297
22699
37199
924
29345
24246
22859
33609
18901
33078
17401
23542
36978
39863
13905
17644
4669
39040
15040
28018
13864
19755
33204
35882
19251
12976
19669
32061
13764
34932
31334
8397
26146
28271
18674
12587
10217
1569
10681
1269
3521
9426
8659
23976
545
36193
6302
10396
24088
2138
21412
21498
25604
19833
13565
4260
8320
13965
9947
23738
35795
9119
24173
23556
34405
26509
14143
9648
29594
40594
5940
35877
722
15557
17548
27081
26140
11488
18614
1374
24623
4256
39100
12168
1086
17106
36137
12600
15742
14482
1081
25385
26380
5934
14900
7350
40233
25654
35473
23576
8346
36219
6136
38277
12291
34284
21996
7975
21325
30471
15795
13086
36220
23277
30150
16225
7934
31713
343
1578
17895
4204
16127
18376
10210
28392
22742
20358
27015
33551
4536
37772
27394
6602
18036
33191
28218
22626
13948
37658
17337
27556
16420
34044
13282
15604
12860
3419
6773
39706
15084
20743
32093
1456
4126
27572
20692
5214
22868
40322
5894
25557
643
4573
38446
15184
1167
36733
12070
11555
29071
12504
13314
20854
2038
9013
9943
9473
4559
21672
21159
23662
11603
13004
33091
4627
16587
33947
17083
37227
19701
25919
26655
8914
10555
18290
30657
13323
4447
26333
14809
18429
5630
38552
8829
19032
23689
22942
25088
33805
34120
1109
28140
26500
31331
38670
8981
34572
27828
12799
24835
18423
22016
14149
5661
24889
24935
12402
9336
952
35070
27399
35404
27422
20960
3147
9910
35924
31166
27932
37011
32427
4637
566
28484
1885
35852
15060
23538
2943
22462
14718
24498
21741
15897
40020
7558
5008
14220
27931
5542
29289
27466
16280
32875
11534
13181
37021
2123
26606
7367
30441
24365
40715
12306
32963
32718
19684
45
22551
23399
9673
29069
12387
4758
31707
9833
718
21992
20235
4720
24218
33361
20449
6353
12967
29337
31139
28203
11381
25560
36006
13205
31717
19937
26191
18229
9822
22323
3708
17678
35900
28677
22000
22022
23935
1842
39347
9470
33779
18760
22735
15624
22933
18869
28907
4345
23731
35200
12161
28727
23452
1459
4017
34053
33262
34786
38179
22255
20100
22947
9541
19603
35520
3510
18818
29073
20836
32165
22091
1545
20423
2067
4905
14791
27532
23676
35443
19675
21469
29978
13960
28247
14855
30138
5270
23665
1124
3257
32400
16368
906
6848
25893
33658
25376
31370
4877
31476
7484
32459
32822
6218
16184
27993
18466
19752
20908
11984
19996
33846
30531
2790
10537
4620
2478
14464
39119
2344
10309
16370
26462
25909
36764
4917
39196
1301
15737
22960
27881
19415
10695
36024
31163
30422
21164
5828
2259
20
28837
10513
1481
8126
4697
10669
6835
28670
1557
12480
3180
28678
27733
12307
36205
9123
30923
27433
9154
563
21507
33321
18879
38894
18262
11457
39522
5021
5307
28004
18497
17774
40685
34052
34331
19734
8177
21567
28077
40301
36799
6928
14598
33258
33807
6405
28656
28882
30529
25846
5941
36217
6582
22009
35028
6300
12705
24731
20352
25055
28989
13478
31926
24431
18584
33589
29111
38704
3619
25428
36725
11673
23675
14132
18176
38334
4676
23243
37934
8583
8301
35592
22409
38550
6481
21861
10007
28314
38417
10751
35861
13286
27536
19525
29964
24699
5529
27105
4691
7938
40284
26983
914
8379
28800
21842
7572
34058
9986
8637
9058
34159
39808
3173
16490
25141
32529
35007
33752
34371
27206
24911
18352
20492
27017
21797
39890
7834
15996
20232
33370
37006
32149
2632
24244
28852
4461
3902
35141
11214
38493
14274
14129
26435
11930
38395
31241
13184
12776
6826
11193
39493
1006
37648
18686
9299
36601
28635
23249
15232
39995
17446
12029
5848
17189
15082
16978
12867
35598
7698
36001
38664
4486
13981
2714
15968
20632
28240
34813
33402
12512
39407
25290
3717
16775
38730
17696
11303
24509
13980
14383
23387
28905
35872
24792
29949
23805
16995
24786
29976
38910
12046
39366
12544
7095
8021
13273
34174
15195
3282
15573
21867
9749
16808
729
17314
2819
38314
34136
11267
6389
7331
33850
36364
25806
14503
26656
16758
33905
36118
33289
4296
34051
23021
9678
32147
23311
28755
37880
4641
3530
24405
24619
31436
758
7907
25112
31229
16038
1289
7147
17618
9265
35439
36283
36540
25644
9228
34888
4998
23174
40043
18732
36022
9084
24279
31870
36598
26773
12388
30860
2626
22383
23759
36789
22090
449
1224
97
16883
18897
27263
11101
20537
22211
27430
13594
16430
21799
1122
18770
21407
29416
36346
10060
6858
24873
29599
15807
10735
21198
1795
13185
9210
32643
806
15288
27775
29017
11964
6643
40531
2801
33657
21807
1948
40267
1710
11375
17263
37976
16295
31814
5071
7750
38839
32880
17188
40241
27051
4578
38778
25381
16159
18981
11587
32117
17346
19209
16676
1330
12824
4832
10850
33080
17005
37930
20874
2155
35108
12028
13377
25605
36222
18172
34992
3111
35630
36757
2590
40701
33181
3946
17659
27052
12068
39672
13882
25597
26748
27140
28762
26695
7868
6264
17698
13440
10644
28935
1764
29394
11908
36150
27726
30012
40712
5441
15825
4749
15126
27878
13708
34702
4110
26838
18286
10493
4977
34485
15878
491
19696
12703
10886
3158
30251
29067
40252
39519
369
7706
23375
38116
28292
20313
15046
26644
5626
6027
14543
1958
26519
17241
30995
13256
35431
29507
11005
8075
18658
13664
15941
22836
39456
27428
24452
20542
4099
19921
28891
24825
12228
26521
4756
6979
5689
8554
20240
33764
20007
7614
37662
4427
9045
22775
17810
3342
38913
31499
32353
2422
12262
23573
23345
20724
4986
16840
15342
6137
16146
33725
3486
40152
10211
33819
13083
3161
27821
39062
31144
9595
39030
15932
18758
7037
34062
29075
7050
19187
6740
15106
2006
3484
14337
38478
36788
7710
23321
8490
32524
36253
33678
32239
11090
33276
17973
35750
6561
18533
34669
11485
6658
38701
39331
25734
6257
1550
32760
27571
31815
4902
1916
5408
16876
3823
16766
8305
35794
32516
37359
15767
4183
3861
185
10064
23869
24796
7425
662
19492
36142
6832
10798
20268
40773
18755
21375
7787
2405
9818
17544
22623
14599
24005
18001
35583
21645
2172
25855
37549
5645
16248
7671
25707
12082
1767
8778
37981
33982
9018
20797
26790
950
23156
6823
27449
17725
16283
30550
22484
9190
22751
39165
12111
489
29691
5728
35099
2554
28463
28124
23856
6724
22902
766
40759
30905
33628
36587
25090
18762
17834
2416
6064
38055
21086
38396
4851
39262
14042
7457
38706
24839
25874
21554
2750
28537
37317
8502
37059
33754
22004
3062
1603
4422
22141
17150
17877
3642
9331
33449
32056
23502
35560
28358
19634
27236
18431
8714
24333
27453
37558
33857
11105
34966
39312
8506
30156
17718
12953
35236
37351
19750
32780
12051
7302
11564
19888
15245
21487
17045
17702
17513
25495
40745
21447
10519
7899
14534
15034
9174
36918
39984
17194
32196
22805
22575
38890
28730
25068
26561
17573
29819
36806
39577
21452
20714
10884
22951
39274
19202
30224
24530
8885
22562
12065
36828
14489
5283
12847
36712
249
38071
9368
25771
16319
17818
6087
31753
22808
40449
22542
7009
38518
31492
25320
19419
9358
5929
38477
17992
30014
35013
6902
29905
22653
20429
4209
12507
9379
39563
10477
24923
21954
22977
19563
36531
9726
38075
34674
18950
19988
11310
29293
22184
21399
30802
1607
17565
9483
19499
27194
4728
2293
146
18578
26496
10692
38874
12333
801
6624
38923
4294
10516
36124
4192
37329
30557
12169
69
24872
4374
3026
1895
6685
7321
12478
7718
33035
30535
7799
9520
34625
21377
16811
36454
2893
9949
1413
19839
13854
29908
25683
12782
3351
32495
18850
1137
12633
15682
35868
34714
4446
13643
2810
22180
11343
1398
3297
13943
30078
39471
15726
38656
9800
7599
40386
8859
8816
19317
23104
31558
14300
18765
772
9662
38110
39545
39901
27785
37443
20386
36079
40195
31585
14045
31017
1470
38452
36813
15773
32598
21556
39362
13554
21285
26957
26421
11605
10772
30702
23444
33555
20266
1568
31365
25850
7298
29058
6696
34536
35063
11792
13735
14797
25347
8441
12996
23058
2629
4940
40764
28105
22625
10753
35841
31131
18358
19592
17574
7365
13588
15190
7053
6379
6828
147
18940
39238
25340
5886
23518
21649
23864
33522
27401
17468
12287
22059
31572
21270
28001
29515
985
32626
24414
21390
14219
17638
39666
22964
40613
23787
37149
16769
11889
16932
38718
34134
17047
1781
14004
6187
552
33111
7520
1742
15789
16854
4285
25053
2707
36873
14192
30837
3703
2473
4831
33835
32058
25341
25694
6526
22307
4626
10246
25572
30625
16101
8567
23422
25304
7375
29233
29307
8696
29680
28343
4815
39817
11235
37629
25165
11763
25789
10085
22204
6060
26593
1484
6360
32714
14290
11728
37970
3112
29484
34658
1292
28477
10457
37109
2153
7728
38157
40014
19791
23075
18855
18582
28461
38188
36547
35934
38409
10308
29872
24377
28083
32235
40507
26103
1150
5411
8563
604
5899
6026
26567
9259
34862
36453
38229
5895
30554
20377
38696
37495
22376
18060
31503
23992
33856
4111
6016
12904
27427
7200
20757
642
17375
4402
29998
35838
14790
21414
14912
35342
16633
176
13569
30280
26924
24412
2821
3039
2093
20148
37068
15533
39813
27542
33356
771
29784
6797
2625
36641
13071
3469
10652
23525
7410
38353
35362
16956
2239
6897
22471
35437
20736
26678
37282
3061
2796
30514
38087
9987
19293
18015
38137
10452
32728
16603
30731
11898
37735
30442
16134
39821
6374
29179
18591
29906
39755
11822
24677
22495
18668
30975
24132
16539
34919
5754
6512
15754
9468
21712
2981
21437
12835
12690
16305
34017
27981
38083
32175
34904
35220
31404
4042
32143
38312
28224
35699
20310
2523
32376
19995
30540
18759
24651
2904
16213
35012
16802
39171
21148
19767
20350
24398
25761
4415
31958
1158
21093
21732
31168
31009
26136
14499
30800
2688
15889
19959
24744
30024
7288
8006
17528
8847
38675
13309
32392
37157
14338
3177
40688
28256
21300
24749
5527
13348
14798
38785
36390
34043
25982
1725
1427
21227
2050
10016
18030
5583
24048
22266
28775
34516
30974
31912
15008
28135
19164
29900
25466
29868
26952
11075
9213
12209
32900
253
22553
12777
38456
23201
30633
4066
1864
34581
262
11132
17467
17268
5654
6630
18907
17234
21428
20744
8685
20277
6479
30938
13118
1371
24435
30648
24730
15233
4219
5683
19824
18886
3751
317
31130
1812
432
15955
38529
32858
35003
3524
21317
37371
14745
39737
19443
11120
34082
21294
33837
24380
3788
8540
40470
13777
18299
9903
7892
32048
10917
40396
15619
20831
9815
18994
29298
30405
32442
20244
29658
32807
24100
36548
1029
18627
3066
2674
15575
33672
16792
33471
28075
23265
25653
5817
10375
5505
17113
35615
5526
24278
3308
24032
31286
11626
29573
13042
34296
5302
29980
38176
13513
37708
5885
39719
531
37563
10360
30519
32510
8876
20688
17114
9902
30092
29429
40204
15814
22712
5394
21240
6774
21703
10819
23009
4812
26618
28797
13237
32620
20488
37540
24927
13035
31817
6911
15612
23061
9531
13578
27750
40343
18219
34883
7125
11764
36478
13467
192
8179
40104
20082
11419
1691
14343
496
821
40444
33983
28875
278
8734
5554
15724
10947
22196
21184
24444
14975
37325
39072
16164
4250
31391
35203
5449
6255
14949
8140
21801
5778
25530
19554
12762
22106
25819
1018
13347
35573
33723
30113
10629
35000
15817
26931
664
25871
4059
2180
37765
19220
17589
18398
23999
36740
8197
27597
7629
37886
36845
28316
3059
19965
40221
7446
33847
12121
6661
13046
27094
39546
35805
465
26010
2008
18672
13279
13748
10752
35084
2748
7157
27814
4494
28716
27955
11667
9492
12203
32810
15402
9740
3898
26854
25220
11174
34965
37570
34736
19851
27446
30273
6667
35897
6394
29514
17134
7497
24433
20451
36060
15455
38389
32652
3880
36507
19277
7076
28723
17237
3797
9010
39479
5618
5178
34473
29254
7444
4472
27989
5745
19258
31235
32395
31306
916
39544
14633
29820
23125
2817
16234
29578
39973
2110
10747
26887
36206
25703
24997
1753
17038
6499
28923
27210
30297
8407
3089
38037
18446
16099
30350
37825
6807
32765
15266
31395
2480
4403
35412
36935
6097
27933
10206
35275
11481
17968
8643
17190
6955
13308
35847
40486
4944
4878
40422
35789
20189
3728
11188
5291
3277
27032
21893
31102
18163
11044
17473
23190
17552
6941
27500
34259
847
23590
9476
8192
5843
5858
23450
23714
9812
14888
17530
23839
139
12770
38205
23810
4873
20346
7958
28848
28363
9233
31381
25568
21392
10239
28687
22362
9594
19990
39061
14588
33605
35819
11289
26165
6015
461
24402
15361
29732
22924
11345
20372
6116
19993
12488
11684
39352
4093
36461
2510
11653
8103
35483
8903
554
27250
21754
29503
1498
39402
5887
3169
24582
39126
33820
8842
10989
38358
1348
14267
27521
10458
18650
1191
37195
32094
32130
9311
25980
10582
38668
35609
22688
15261
12816
39552
23234
15333
27631
1147
12830
5662
29470
38865
19666
15685
23246
19439
20691
37008
32334
26390
33308
12742
4174
35883
27378
24021
9112
18894
32507
15652
3713
17655
35642
641
3621
799
26497
13364
37205
12244
20049
28960
5789
18068
19303
482
16053
31257
31694
20804
29099
2786
27337
26611
19466
19003
29353
22260
28598
977
9035
5485
35461
30896
37084
34524
34983
19569
30972
36926
31959
38776
39434
9081
8991
38786
3144
9921
33863
16512
19162
7280
9704
18750
35988
35201
38820
10794
13133
29397
25921
9658
15154
17493
373
33909
625
26068
12863
38888
21374
8788
27457
28495
29466
24356
21059
15904
14295
17203
28674
734
3817
32846
28017
38299
10376
38101
26691
6716
18712
22561
18412
26582
21988
27569
20344
26413
5287
40198
13400
15683
3999
19668
19361
10605
39891
17991
20694
39064
32461
39060
28644
9605
10385
22861
37685
4824
14447
21984
206
13176
22313
28881
13041
6190
14039
9967
29625
10842
16263
37624
2399
4081
15528
14367
32627
36215
28613
31160
17084
26824
27117
37453
11127
40616
19705
16565
27808
32915
19619
946
19454
16260
17821
38388
33293
29209
1204
8191
24254
16245
36466
30402
2171
20619
32746
19418
15385
2613
16514
37859
25358
15827
32135
35725
27049
40576
25150
1218
10177
39267
27074
39459
32384
32267
19899
21319
6982
37757
12988
12261
20171
16277
26356
21796
21230
10398
29423
26702
33010
13596
20287
16445
11692
33631
17688
30878
7071
10672
37794
31117
8531
16675
26267
4449
10823
20991
28571
11323
12736
19138
21187
26459
19053
9225
33340
23963
25186
28538
5346
17631
12223
35976
15517
28054
25561
35908
20169
28738
21900
6469
4020
182
13713
47
36791
18239
37051
26839
5581
19249
33532
14698
9553
1085
25157
22137
14741
38623
17206
3605
7637
31823
13148
26350
24354
17327
27809
2151
2644
27995
16955
19082
6654
20312
18851
4029
7649
34829
7910
40511
21060
9863
11932
534
33533
13844
40689
38510
684
11577
39097
737
4008
25101
4579
35947
4931
14124
20712
30602
23667
39749
3533
18444
20213
28843
26798
11019
33768
39644
6249
26489
19379
26253
12680
27477
3307
10674
39951
6915
34400
3947
681
31014
36535
10164
12194
9277
29327
30136
27880
27973
34770
40480
28182
32248
9046
9281
17130
31477
23266
24502
23611
6626
13389
8093
12595
8195
20282
17707
36536
29280
38575
39540
35651
18103
4727
39770
17546
40203
14022
26712
27021
21975
39367
4554
3057
28948
22498
33679
33991
32864
13651
23688
9381
14573
7896
30017
15568
39782
37911
9163
35228
8398
31934
22237
11550
20506
18242
25680
31358
4200
13442
12991
24273
4328
4482
35828
36082
5486
33900
10683
40552
27641
34074
15821
2269
31451
27377
40466
21803
29624
1012
22453
39154
9542
32650
35339
10739
13630
4784
30065
35294
12235
17213
38612
957
33200
24558
15480
26446
27187
12468
29079
37087
1899
6096
784
7848
28137
11449
16156
18456
24375
27270
12763
16116
24845
21037
33456
18962
10556
33384
5635
39480
5937
1662
1622
24679
5776
31897
14596
11210
31353
34309
19687
15359
36928
38720
35617
10058
35065
34515
21264
18117
7689
7203
16098
1082
38488
17903
7608
19011
2243
36797
9957
27877
75
12380
5053
27151
27041
9768
9956
23939
20644
4087
36100
26679
1703
2988
24716
9734
35328
8097
36851
17103
30568
39465
10358
38543
29990
38236
12612
28227
18341
6849
36269
20178
5908
22326
19900
9786
25728
40038
5029
21597
1840
22524
30033
6860
7133
30530
39225
8161
20590
20248
29462
35420
7177
31594
37741
27348
3984
29319
19540
31435
17347
2704
596
19874
25480
5424
14168
35626
28117
22454
9162
26540
40300
38003
9306
9189
4145
24554
26183
27452
18706
4836
12394
36847
17664
19006
26161
20425
27349
37435
20305
34673
1759
18278
12513
25628
38096
14665
1328
19407
34522
37795
26208
1813
6650
9290
15210
29697
17267
12527
12556
4879
17541
20420
23812
14841
19513
12804
10914
12790
4306
4859
40526
6560
30744
37745
35949
9417
18014
21927
21773
4508
11131
8470
11581
11680
31432
36018
21229
947
29623
24463
2697
12947
14632
24809
14055
1346
34732
18911
36053
25513
11551
18506
31528
32528
12393
12744
1268
26893
33166
37996
10657
19506
31883
10547
19732
39615
7701
11255
24594
15526
38974
4782
21030
29766
32041
33216
39416
19983
39800
38539
33770
2780
1431
12309
24557
33268
16889
27491
570
40073
15364
20050
3553
8061
25723
8953
27535
1563
20043
13325
29683
39410
32771
155
21273
32515
12861
35930
13257
28872
26427
30556
35835
17651
19279
28014
32183
40696
880
32158
14583
9177
4242
35043
38153
10782
14255
40797
28446
568
29927
35385
33075
7179
2029
5065
15953
18831
4368
21322
83
16827
8615
17488
38386
26737
34558
34222
18319
2074
29159
1744
8146
40698
11669
14311
22913
20792
34711
26375
35588
20364
38281
39294
20990
40742
9803
26982
37836
14646
3850
4259
4783
24726
26070
2021
8584
12950
4821
23951
13518
34293
27157
9687
36284
11694
39923
5584
18170
5898
18830
7806
24028
34302
15312
31482
18235
14737
627
40754
12451
14715
14501
4715
30851
38429
15483
32519
36438
4952
37585
39602
15135
30658
13287
14018
2584
40411
20483
31198
4340
3529
27454
30764
40116
22923
3623
9591
5229
35721
9534
7173
24551
6450
31129
25479
16448
16051
17413
32708
6943
3515
24036
31963
26753
21282
29861
39964
35430
6073
35866
23779
24724
290
37783
21930
101
15971
17715
15525
4885
19094
28122
19697
26553
37808
5142
11524
33593
13170
40681
38989
26894
23095
14376
40496
26889
7142
4379
32991
27961
22102
16715
29712
35582
35966
5348
25712
30853
1822
25057
17936
19762
33756
16723
7915
18813
33201
13527
3968
19308
14164
19650
35537
6777
38943
2524
34836
397
6502
34459
783
13341
4795
8264
30994
