83973
186785
111971
124492
3797
374216
329062
523472
363307
190906
125019
247257
471403
128486
276588
214146
198422
228072
491755
209463
100535
133627
61787
284334
349897
463164
227919
501286
326197
65758
343487
82466
122330
197130
398585
94070
458186
482746
165487
447673
430987
151353
301246
212769
313277
200600
484982
14157
366599
13096
276222
390768
348348
476058
168845
403689
234905
398176
250322
156186
407253
449558
491139
205803
138536
478416
293913
233589
316840
333556
60101
200970
519999
398788
312443
485286
320813
89552
428364
269924
197277
9901
485542
114360
21504
383972
445000
281210
178817
505022
263762
360196
211089
445385
228627
435156
420555
349502
81242
237340
207477
41231
310295
317204
498152
395227
490694
101654
254481
529506
499296
348775
404381
533444
266277
145649
102411
393883
406305
471561
109117
65075
275369
122635
86346
208612
225888
222124
220615
137694
362306
511506
327308
424801
206582
309355
11807
221609
416669
85722
252490
203026
392726
21124
474657
525039
532360
198595
480110
534734
185859
129226
203459
525317
65144
302544
404377
61576
372197
188112
28309
123147
158033
447083
464714
474458
278680
520993
52186
400577
289578
12271
48596
528977
396877
216666
367908
206621
309702
19116
380303
193712
501259
379835
99822
41830
250567
114970
302581
300341
268888
149582
248501
461852
248857
279503
187388
22453
232800
339044
44329
405020
36653
26948
162626
367097
383397
211314
318239
144587
223426
389222
507025
263187
81432
138794
73941
40482
190025
315884
38661
207847
511580
246966
84990
79764
401476
418241
129791
308325
486313
101389
286813
453191
67972
253340
111754
119591
37040
309317
48020
388176
285474
135423
417084
206530
452410
93075
188947
501839
248212
411194
88054
411647
219387
140840
78274
116180
70307
273906
528738
228036
31951
347783
288957
247961
96827
330966
76228
258387
188682
217871
148397
260440
235047
215658
155280
285203
311339
295049
24001
156314
27308
199889
450936
85892
53131
388869
245456
10737
180650
82863
161034
35950
312754
410004
56579
210698
320015
358367
290644
85372
200278
227168
74773
303107
528663
484096
211621
512406
304958
437137
439572
204537
506363
305138
456731
159447
339592
306407
136317
300880
405880
294865
44583
311297
115511
458592
141856
177793
448744
281612
216756
336280
270553
530496
414770
278933
504334
465295
277639
324244
171379
81356
225640
130243
321588
278176
238003
404802
305868
334344
213890
197465
533745
337610
318764
52013
259315
61373
55468
66212
387681
26858
296194
354726
273496
516934
408606
252460
175916
189559
455652
317754
296518
504960
523965
106384
358176
147014
66328
307028
391104
302780
263892
22127
157169
192794
304855
404092
29635
413544
257649
492513
250086
29123
512708
16200
477063
236649
303281
487146
7462
357719
526649
32908
133633
162726
165384
533768
298804
429337
172920
383892
101991
63170
166591
99162
477810
361748
127024
237670
9408
84097
359899
93074
316757
298985
332557
123374
18316
95149
17437
377236
