21787
24409
5619
2021
5370
6294
24111
18261
7301
3010
5648
5486
13765
15614
11935
6760
24077
20085
8379
3608
7634
12579
19098
12574
10025
25453
1802
24037
24827
8467
8639
5275
10528
2101
6720
10695
25232
8396
20057
4404
8598
12236
19028
21802
11806
25356
11158
13491
8380
24855
22363
25421
6041
17240
12511
7257
8168
7197
6034
23267
16938
14204
379
17621
4357
9751
12137
13400
25696
6386
7638
14138
21613
8086
8310
17646
11369
8626
16963
13068
16485
13075
23152
6462
9769
15462
11612
15261
5882
11376
20787
25985
2759
25862
11585
18211
58
21778
10933
13769
26205
20587
13312
13061
5430
26620
1800
