8852
13350
21387
13280
7223
425
56
7936
16372
23555
7782
14247
23811
19584
26361
1520
18993
22588
15579
9140
16581
22107
16729
13587
2398
16705
4899
15532
5320
6283
4550
3640
15551
24133
4172
5837
26220
8943
23609
13031
659
3032
3692
22061
4875
23822
21842
23363
5906
6861
24372
22353
5747
5297
1816
1846
19415
11071
12289
5730
2163
714
2380
10579
451
100
9782
12620
19831
314
5417
26115
20170
5938
18049
3468
3678
20229
18281
10556
10757
21037
24278
24967
6086
25683
2715
16858
22156
2982
12331
10406
8985
8801
2311
8149
2702
20074
2941
9855
24809
23419
134
18507
7125
14628
5171
845
5493
12768
11482
8819
10543
8132
11762
9543
784
19013
7597
11469
15237
4473
5426
17707
7490
15414
458
1358
18921
7680
12757
13093
26230
16587
2793
10379
25404
18889
24447
10607
10894
4672
14631
19160
5663
238
16357
19886
1468
20640
884
21311
10901
7583
14292
14770
8243
11533
6542
24682
15225
16259
11597
20639
3447
23740
25407
1737
13379
6724
2353
24555
12047
19689
4755
5555
26624
19151
8301
12785
1745
13672
22503
13889
24148
15701
21694
17318
4073
17290
18436
20415
23071
17204
20290
18876
10759
2207
17054
8670
10361
6307
9186
4216
9334
23748
14068
184
8118
21027
22437
5706
2753
17740
17911
26002
12183
11790
10849
3446
604
14675
12469
10562
10606
18075
20937
18747
7370
9626
7501
14973
6357
9731
23690
18414
2804
2071
3441
14081
25917
10641
21306
4888
13882
5274
12925
1285
10010
14464
5946
8100
7090
23685
11412
24979
2576
9582
13733
21748
16910
24127
24701
23479
13746
11107
26129
20056
13946
7055
24639
24521
26212
23511
24633
5757
18890
14142
5585
19480
15244
15372
16243
21718
2298
1360
7564
14241
13749
24318
11477
2768
10779
6837
16850
11050
15801
6384
13638
14575
18663
493
824
406
984
22688
5296
23912
14931
3268
6690
11602
7769
12383
15152
4963
6879
21665
26113
1330
630
10133
22797
13560
13156
22617
19131
5408
8028
265
5867
84
26047
25591
18666
18003
16390
3956
1380
16313
8155
25181
10718
20721
9792
6035
2549
7304
8170
25092
16060
21236
15025
13382
5998
20015
8587
21935
25194
16593
19547
5797
20708
3006
5150
11248
17215
1405
17861
8673
1943
2092
10480
3980
25728
14462
4331
26028
3435
19093
4803
16523
10551
13568
11490
22124
1960
11595
7578
19382
21779
18586
22757
14623
11242
14243
18964
17732
16471
13807
21022
13581
3064
10039
20822
14287
21921
13033
4855
9218
25268
2409
1461
6216
22487
23389
12263
6350
12094
24755
11368
24431
8979
23842
26275
14611
5993
13760
10603
927
10139
25986
15162
18147
750
7779
17227
14891
7807
1624
16562
1916
24765
9766
17661
14327
11521
6061
23190
18750
22133
22520
23143
19136
6585
2970
24177
925
5389
10714
13692
5383
15473
6293
9677
583
22158
20564
23873
22033
5216
8652
1647
17133
16378
19494
19860
25826
9196
5829
6140
11557
8738
21742
6011
22533
3278
18685
11794
23079
11485
12035
20840
24201
26097
23017
1692
3810
17450
8912
10275
10941
1757
19270
10837
20705
1431
13781
22204
13289
21682
11422
24656
7379
11987
1983
257
19108
6491
16438
9306
10990
18089
13725
18936
20887
19156
10544
11209
7603
26566
25367
13816
20743
16148
21523
19185
4829
16326
22727
6543
16381
14230
13096
2396
11962
16413
2688
14827
21419
2713
17552
22218
4501
24939
22780
11793
4981
20772
18951
4555
8111
23655
586
6347
5697
22633
8868
12539
25246
23027
15418
20847
20506
10372
20344
16169
20278
17382
17880
21770
24344
14900
9741
1586
16825
23713
23837
14181
7585
23149
4799
2624
3306
10537
9948
26288
8103
25560
1541
8755
3583
89
22239
5965
3127
20704
6559
19473
23124
10008
7467
4036
21876
20145
13232
15441
11519
18489
1494
11204
9718
1945
25603
8705
24300
22790
2374
13605
7162
9128
12080
17119
18588
10867
6406
24981
15516
3087
15437
22421
21075
24326
17935
10859
8845
615
22568
13384
2583
26573
15939
12238
10636
7630
4039
5699
7288
23697
1498
8206
9076
21892
26362
3903
2187
8454
15323
18362
20943
15319
15687
22010
24291
7371
9439
5239
21261
7717
6281
21751
14374
12921
814
1140
21512
21861
23504
21747
8892
11262
1086
6839
15808
7216
20353
25175
4400
14223
16242
12079
18874
26631
4997
3502
9553
23962
22632
21352
8542
25259
3495
12425
9870
25746
18707
23782
10770
18250
2408
18448
23759
8926
10176
24927
17738
11068
9680
10704
13377
19799
21292
17413
7824
22282
9316
14101
8526
20082
14532
25349
14018
22849
25265
13006
23531
1549
9696
21158
19957
21950
1760
11878
23458
2619
24549
13197
1074
5814
17682
24439
17178
21114
19840
20023
7610
13360
5415
19858
953
17529
11863
20751
6112
21431
16309
1481
1172
5106
14201
20153
8901
13976
23446
18183
12357
20701
10138
7767
7305
15421
4184
25584
9891
11091
16701
1540
12651
10585
12624
10824
15910
24892
25994
8287
12140
11418
15158
6545
8366
5462
22233
26308
11350
1428
19864
3330
10182
14128
21422
22536
24636
23563
5956
12483
12710
26318
17762
6905
20810
19258
12485
21234
18740
11605
9881
21803
5848
2364
24307
12622
2987
17528
20845
9726
14542
17129
18724
15493
7814
25671
10750
22868
13717
12613
8959
3422
19100
8372
10638
22314
1274
7137
18653
19971
288
25112
743
14653
19121
20251
21210
24275
8624
17246
14999
23746
18276
20522
25094
16102
6159
10129
9975
19859
20591
12736
17592
3465
19065
4876
23411
17224
12056
21321
18116
9063
14545
9715
18553
15123
24725
23928
1690
1181
7894
24365
18524
9387
7887
6317
6346
10841
19564
25419
5199
20839
1088
479
17764
26550
9579
21455
410
20255
20204
24999
8199
2084
12703
21222
25805
1184
12877
3603
9589
11099
25919
5295
4742
26261
13852
11126
4891
16953
1308
23409
26147
16416
10031
828
24598
9885
16461
24458
19232
18071
24242
16989
5412
11775
12255
15262
17072
26144
24226
19271
8518
6686
12138
18712
13311
13019
20163
11326
17806
13642
7666
23081
160
4213
11537
5314
7696
22362
23402
20549
19805
18554
15229
18677
6304
3846
26539
16973
9159
3829
6261
26323
4643
25443
1098
25656
25002
3932
18110
22770
20395
19709
24602
25978
16977
21647
4360
5210
8504
13512
7762
15174
252
13953
24901
23401
5873
22706
23505
8433
2425
15619
9227
24277
14040
22845
16263
10313
998
25040
3935
20538
20533
18174
9744
10391
18988
23644
3803
1707
17139
7439
13286
19706
25860
15732
23209
7836
16396
25498
26279
5200
26066
18721
13684
78
3001
2628
19868
22922
20021
12169
3452
18427
2050
18285
12030
11728
22950
17291
20871
20662
13032
5558
9075
5416
2325
214
4281
23385
16651
19306
4702
1975
12844
639
1314
13799
10125
12824
11162
15472
19228
15202
7999
12219
20709
22475
3773
9570
3865
6158
6434
23572
12889
3893
13738
11859
7910
25843
5040
24481
657
2319
8240
20790
24829
10471
12249
4378
6513
11608
5916
3543
4949
798
7241
1755
7361
11185
8044
15236
20616
25321
22496
21442
15684
1414
20070
1518
25770
14596
21959
3801
5748
20417
22181
21242
16318
13565
3770
22729
3232
17200
14124
11214
17105
23820
613
19472
16585
7886
12621
21080
25940
24229
19539
15039
18810
96
21531
22166
15984
13518
16166
2422
12166
25885
4817
5410
14704
22298
19798
18088
14563
22940
21893
10688
18606
813
7569
11399
21062
6888
17288
4641
157
5514
17481
8171
17814
19453
25995
20797
22132
14962
19928
19345
23211
22278
5743
20090
18907
18068
16042
2930
16518
7312
26156
14146
26263
12475
14255
6374
6860
11724
16869
10398
6174
19014
12573
5256
25975
9366
5056
2343
18192
25645
15183
2115
14443
22448
10536
15186
3140
12917
15136
19042
7707
2437
26615
19954
21078
9145
6131
3918
4770
16345
11913
19686
19277
18134
19152
4205
10056
12626
1622
18139
13918
21241
23640
3071
17767
12956
12801
23228
139
10586
22007
15641
15334
7738
5279
8080
11443
22395
5419
16000
4387
4423
21450
23900
17168
17974
4796
1404
2494
22862
14809
5097
10887
13885
9044
15629
8680
19394
25254
19190
26180
10745
8648
2860
17251
10401
23162
21348
20393
2992
6255
22913
2481
9356
25617
6957
20309
7650
7497
206
22271
13792
24222
5252
18297
1081
1251
13205
25226
4197
26232
4838
1835
2580
23286
15511
16171
14467
4585
4391
13254
7602
539
14029
10571
20464
20730
6414
6415
2444
1702
15722
8799
398
12398
25436
26104
21525
13454
636
4794
26384
1542
5642
9209
7261
6802
25558
22024
13722
3184
18428
17302
1040
25085
19485
21029
1311
9288
10694
14246
11411
6442
12022
1855
22847
19322
3443
16775
17737
11578
10723
18445
18131
25154
6895
3525
8833
21962
2190
1812
193
1051
25501
9324
9568
5431
16459
25534
5173
6472
26217
26579
4427
20190
10689
20800
16955
6129
6454
12025
10977
13873
3815
5489
3427
386
24251
22600
25070
1177
25244
10235
12430
18931
21852
559
3325
8688
2449
16072
24536
12438
20888
692
13421
518
19810
16793
23471
17218
6812
14949
25358
11624
7443
20836
8589
1875
25098
2569
12208
22541
20811
8232
3008
18177
5572
4182
18438
14210
19377
18064
6563
9053
24416
11545
18991
26229
19113
24719
18397
7042
17031
22507
8338
15166
18384
1735
13261
26048
14656
11129
5083
5212
11232
14826
9897
26591
16323
5302
12222
4924
2407
23887
8389
19286
19630
17017
24250
3674
3243
8352
4568
18916
3916
8117
8966
22450
8026
8760
2338
20918
23926
26010
12290
18758
14442
6413
21552
5343
9949
4942
10228
3473
21390
6664
14787
20781
16577
4163
2096
13308
6311
3526
3164
5244
4474
20961
19340
25800
14502
7851
25357
10719
12540
383
24992
5849
11706
9770
23047
17774
13810
8059
15226
2434
9038
15070
21538
5087
6697
22785
23693
24146
5530
340
19314
24839
14852
22804
16014
24209
10926
19342
6308
18962
22182
20439
9778
19979
21503
24737
21576
23705
474
14232
6234
12668
14288
24647
19730
13022
3723
19153
25293
25248
25576
17688
678
11561
986
21385
9925
4500
21229
23370
2245
16675
19082
6833
903
24711
15181
1275
23682
21396
25559
6351
9641
15982
18767
18950
22008
20877
4968
4972
24792
25385
18123
21088
25524
18722
16417
20819
5484
23133
20738
23596
6464
13986
12170
2777
11950
3902
919
4847
23466
16854
25865
11486
1012
8036
8636
8856
25930
237
12977
7711
11666
16860
15559
7227
26039
11909
25341
2362
16907
9080
22267
16817
21107
3671
19612
16954
8655
7283
23663
4873
17670
20029
2897
10366
13229
22269
8875
4471
23131
23592
26351
11494
23825
6324
12132
16216
21627
17463
1474
10540
11192
23013
22039
18957
17927
7950
26313
6180
12143
22355
8662
21400
21833
5357
2142
23302
20703
15159
19638
12011
10318
2339
23487
4699
16434
8679
14301
20590
9188
24565
21467
13274
17475
15580
2936
17934
127
6279
24668
13552
5671
1964
25686
26357
8427
2123
7853
2611
11695
19594
21081
10037
647
24338
334
13554
6202
6405
15768
14863
6811
11029
12779
2740
1453
17835
5203
8183
6816
16719
227
1375
6800
6700
23351
20044
3698
5485
17650
17873
9360
1900
14808
23314
24599
14097
22516
18850
8327
13651
14790
16615
22668
15140
11428
15463
6546
7184
13099
12952
12935
11426
9674
15175
17711
15856
24276
6772
5728
3666
24838
22915
6092
14265
3316
9124
23343
6601
16206
23729
23265
17476
26485
13840
17959
19141
13024
9494
527
18098
22255
18523
17308
12855
25951
3219
5525
16984
21050
7732
3700
24336
5509
3283
16987
5513
21674
24703
7034
7974
14104
8195
15131
462
22320
18241
12944
9154
22713
1046
3057
23502
18046
23089
76
14434
5574
9304
20945
26461
10200
17685
17222
20239
11110
10950
7060
5546
285
22417
3384
13469
20292
15431
10839
12471
1676
1636
24040
9825
18391
10722
14746
25456
24896
19120
8768
10858
8957
23225
22069
13693
17245
20985
93
5613
11213
8236
20921
17479
21012
2585
18917
5125
23400
13967
8285
2806
23136
1039
7502
14967
8135
17943
646
6356
9290
13159
16225
23642
17807
10009
10640
26074
14527
24216
18667
1056
948
25115
22259
24241
23515
22195
15466
25750
12201
9791
2156
8335
15046
9096
24166
14089
23255
14340
7994
6430
5597
16550
3028
24145
24857
22344
19573
198
6327
14454
6463
4674
8009
5625
9149
17909
15476
15366
14336
16875
15130
10597
26613
8771
9746
2097
6409
7423
24509
6531
19105
15208
8309
8862
2070
2031
2976
4941
20256
14389
22578
3185
1189
21432
18549
11205
10884
7543
683
17954
12708
24099
22222
25896
1003
3939
16576
16246
18732
10979
19309
15022
16571
24483
2015
21572
23410
2100
3269
19171
1097
3226
12693
18289
19094
8888
857
18435
24683
26314
7790
24721
1947
14130
20752
26546
25047
5386
4605
18181
16193
12494
23708
9310
3186
23056
10730
17327
25548
3705
13259
694
922
14253
4821
17254
21700
20667
12692
215
6763
21831
10567
14107
4305
26640
13351
17235
20092
10392
20358
11651
16238
3856
18867
19158
1141
21260
7089
5211
2910
16957
3981
23702
3841
13201
21326
17087
12075
12508
15163
132
6528
2764
1726
20742
9664
10619
4053
13017
12086
23891
22380
2019
20485
16685
20829
12232
9561
13643
12727
5082
19748
24512
7350
18128
4412
17641
23234
24153
10121
7893
14936
4104
23569
7302
7504
22384
6821
2063
9798
6574
16439
1574
6333
1839
4390
12248
13984
1753
11362
22175
20804
8989
23778
1577
16893
24325
3951
2397
16292
10310
3338
1244
11140
11941
4764
369
24805
11916
17371
6676
7138
15083
852
16555
2605
1985
2799
17165
1118
7493
18967
5792
20757
4489
23217
24075
25234
5696
11218
9758
20367
26092
4000
23966
21901
17769
11867
5034
7220
16449
3716
14897
5011
19949
24100
17805
16912
21187
4858
4354
23445
20465
21923
17815
25370
1759
7478
2957
23954
1869
10364
18846
7828
20037
7561
15062
519
11266
6570
21816
22115
17625
14690
22147
12871
20689
3719
8222
4206
20547
5324
20357
4466
1243
17804
8073
1932
9330
23484
17768
10810
4897
22129
22461
11505
8244
21945
19791
10949
15934
21249
8250
22938
21625
21667
26576
15878
22404
7723
10565
11792
3498
3231
9730
2059
5521
22220
12859
21479
12535
7454
25218
24797
8414
25550
1269
24181
9329
25691
16073
9708
2831
25701
22699
17507
19332
1725
4228
3322
6576
588
19608
1786
15957
23547
14324
7036
13890
4547
12658
9177
16027
20053
6651
11884
3410
12258
17998
18807
6850
15393
9817
21929
23876
22338
17744
13535
13664
22565
10958
20088
1620
8448
20376
13316
24349
26059
16713
18608
26184
7123
15016
7324
2527
16101
17391
8122
3630
17933
11932
23978
19034
5838
13
424
10488
9659
6947
20740
22882
2748
13244
20102
23623
11701
25095
4289
18970
10218
25193
22782
8421
2536
9241
7749
