10646
35100
47624
3186
52344
6667
5436
47166
39728
18676
41743
4865
15089
41017
22435
24359
6648
11151
48552
47253
43289
17007
14119
48823
6180
37619
44291
14817
52439
40248
36470
13995
50387
39104
1066
7742
1749
25755
30676
41249
9912
34417
33617
5728
14667
42627
25455
17067
46297
43201
26942
8063
16205
48887
41601
21016
49495
48950
4536
35027
20200
38983
50019
7165
30213
21756
39779
13668
42640
12268
14606
12825
23482
7029
27634
51257
41639
5796
48064
27359
52476
8870
21522
23272
795
1914
31788
52360
9995
34647
50719
13405
50410
30242
6762
37064
27110
36463
9827
32101
43410
34076
33504
13297
3748
32626
6002
24209
50813
1353
47610
41348
43473
39500
17263
28813
19869
42252
23429
19799
40517
9195
38220
37866
34211
43235
40370
3669
29267
12231
25265
51221
19857
23578
7955
29019
22846
33081
33002
1120
34471
6420
5359
16122
31797
7931
19633
53572
10267
34422
16900
38336
33502
21915
10847
27912
29526
21421
23253
10826
11829
1693
47245
13595
10519
2547
50302
33194
13094
49200
19144
36112
36548
10199
7006
42333
36717
1080
31824
13630
6442
33589
15236
2442
17159
30563
7831
18746
25690
15167
39780
48347
8998
41555
49106
21388
23555
41015
46799
38289
35465
51345
36001
12295
7668
34599
45576
140
13823
39435
8896
994
49292
13865
22025
50902
2458
5818
6523
18133
45294
9832
39191
41415
18153
28887
15131
38423
17708
43652
2580
5939
17113
27969
52469
33774
43826
17476
32760
53314
15283
52726
46688
7133
30928
11943
12005
50776
20584
3653
32375
34189
6968
570
22216
25644
35858
43832
17339
31502
48229
25924
29868
4812
52211
26285
30128
6320
6599
33524
7302
32080
49246
19661
53904
36329
46224
36554
13948
15128
12676
19767
46986
52353
38922
7661
5387
6010
13945
40972
50660
42185
20240
17533
38909
38561
492
29561
6185
2022
9768
17130
23589
48919
16718
11639
11482
18211
23834
49846
44379
31259
18389
47475
6711
42600
5647
6746
31233
47434
53111
36445
24347
43281
43274
10448
22592
10284
1629
33897
39306
23720
41367
40580
31749
1817
40552
42021
1350
18357
46292
22360
1102
6776
24530
39765
20129
10861
30585
43078
49905
13177
11259
47399
48711
24554
15060
12096
39733
52879
47542
37107
13958
3073
35989
33785
52148
38172
12130
53912
29048
23485
7028
47224
24978
12161
52356
45188
29589
24980
21906
13496
1465
45774
15896
31636
21418
22897
45793
3593
2548
45916
45505
24946
11793
28317
21834
33134
33327
33511
12053
50567
12515
53931
46959
10438
42839
10500
51624
43428
11716
51594
15857
27523
35961
37578
437
21494
29673
16665
41547
33372
51604
46692
32730
40410
46656
52646
31813
28010
46969
11874
2916
49687
18602
51005
45892
