412091
137397
449537
415998
112099
67151
417906
347446
115844
32388
517176
121881
21208
147355
345862
80925
255523
525255
195379
198586
467065
162021
27633
116115
150619
324862
447001
245670
332858
430947
16929
154225
528263
293494
152539
134696
171413
49141
378216
527727
511231
165121
351437
433151
94011
382835
459877
264731
147953
381379
463847
317497
332494
358603
491581
229941
178328
237497
346810
503015
213296
427746
289262
358227
383554
253946
202964
447162
503901
322146
278905
147211
411111
356075
254643
319153
463239
179814
381925
156209
481245
154430
162385
442182
297437
5139
263566
260996
507580
486133
116045
360748
118118
356965
44000
336359
298580
484965
420348
362471
415533
11412
61503
185659
51312
213210
426821
401351
109295
486249
304717
55232
282461
65062
439343
252879
36903
242702
406360
274819
129935
435888
290432
338177
454913
235750
534365
190287
215880
62663
444497
280981
78139
505117
90853
32064
210357
290271
254276
300262
167887
186826
123241
115739
394555
322773
467616
158769
387659
373043
293474
232024
296431
114645
509519
184947
334777
9253
218495
460115
644
201607
383915
311092
427636
103098
251607
526573
317910
154490
224315
352323
95267
362196
324548
46395
363247
412877
88178
3872
118629
416844
415371
534783
230778
336547
98278
73477
163012
171849
335966
233193
47668
433182
446660
390490
409899
383878
47016
474930
396593
363485
368860
170348
190967
50896
165516
371696
313638
109245
89816
11488
372378
73056
327940
55267
458259
530119
108920
325302
367159
485084
51015
526436
214849
190648
293651
471663
386191
199335
501857
293723
346364
124994
478703
517426
439190
34634
296419
130963
120540
121418
213450
247029
81155
44185
182298
90736
17810
364666
523491
112486
210778
236583
460203
384381
42037
65898
282297
257065
312454
325162
485259
444998
488817
136994
266543
242556
169346
180759
215063
227181
277061
445450
304406
225313
292353
323187
317240
502755
324028
58624
16221
86
52988
346594
484532
201890
426975
163680
50491
389761
222466
12202
453287
530776
65765
456634
141694
469958
234556
513268
240421
207239
230561
404375
147901
40494
518123
309470
110247
465340
308832
136942
521302
393820
482049
503405
472555
218125
399666
347429
411032
94455
152835
189372
97319
83375
392450
480043
446308
415723
426009
200535
297262
13528
320072
260960
472335
115474
342217
200122
328953
258470
417245
275232
201763
226680
206590
213477
287874
381553
509252
237166
349880
519515
270448
26832
423163
362775
317023
356015
31424
421545
347948
458099
196523
310748
33603
32956
336617
95895
318364
235687
430782
343003
91412
36130
298223
507984
36171
330583
135286
179416
524027
183
230057
182976
361822
260212
184998
168193
65940
114012
277552
355932
201213
288031
219989
150939
130500
140931
510464
398522
223979
415585
256464
448588
320181
265630
112693
373140
122610
420423
332416
489565
288191
148906
198680
515962
28164
315783
463908
320744
399741
247102
213428
394522
327920
198420
416298
101036
364122
159952
118041
156444
307519
410401
184278
100101
162782
341249
10334
400003
189969
212923
129347
56039
4496
159029
55121
268156
35663
353515
81371
323421
182640
18940
69321
505131
291756
525088
200183
437781
49788
48067
236277
470664
44664
43011
25567
160521
390028
480138
272099
159459
182766
339513
44593
112033
142227
169788
275432
456120
272372
390229
439725
237432
515130
497343
195555
496471
497489
62326
69766
120712
174943
528476
310699
237137
263399
426155
143449
49048
477472
33179
126878
150842
107493
73556
372043
270912
305634
443746
369233
157469
141202
344965
444632
489921
276558
67014
503927
150621
478484
25086
153273
70966
474385
41059
335808
151048
464885
36051
232235
433626
4269
185869
534965
425356
3480
318436
314859
286387
180847
14862
27070
408717
246577
534868
456790
487340
261273
290788
387077
166996
5278
144488
451212
437961
352279
255062
465257
314384
291811
201069
331573
36146
163423
442008
465902
515845
211405
216740
242247
487086
356032
155297
151837
65670
203524
381129
335326
195174
135278
50970
169866
433575
343140
163617
307635
189562
151774
330861
318632
235591
526745
105943
354465
310282
68281
342268
426472
4428
512550
24741
517641
324804
330392
428156
408366
411963
70502
8349
394558
396483
112475
107442
467535
202570
239509
439641
2633
475611
198739
295653
321003
113842
21498
78289
71239
347550
276964
248390
510312
326197
375729
25105
394977
498858
505627
433522
536048
470924
158595
329710
227505
3187
112129
275282
299591
230884
439670
19916
353707
478048
465387
171087
152412
60908
520595
532645
517152
135585
173697
490202
75505
87334
510014
358776
323379
429076
403574
247907
21322
218369
351884
111379
385308
136455
527062
196662
208363
229509
2827
501011
263049
248468
462530
58525
392407
484831
315412
519883
221794
313947
200693
36362
130483
61815
512957
173418
106201
178840
181295
445932
511342
10643
142850
258275
137371
489993
522818
500011
294727
176811
113732
232591
366164
344157
463222
53613
272690
381066
140797
88834
58346
322751
327007
246054
137367
199123
15025
9419
109873
374559
235768
105508
307203
156695
290613
33056
134760
198510
474788
495904
158726
253138
395593
371331
367835
82047
454321
185056
530758
430318
132136
208105
119493
374357
533670
384718
424510
393076
348945
299404
189926
367358
313251
139642
363077
282609
423781
353068
72289
339896
517103
48506
57180
527406
397659
396486
425200
257620
224647
479859
232679
27703
127031
8785
202295
402077
110466
179344
143
378197
115279
289413
355423
81781
100057
427090
122932
10032
513934
181260
7738
505827
305638
401126
291869
44203
497858
9698
170802
348412
200231
35092
392556
298147
478027
286750
192362
8538
409018
472731
289745
531070
53394
290341
69495
87348
359208
285155
142751
275729
188736
28652
24011
499287
215108
390380
55887
526671
511596
235392
162524
47667
378702
72104
408687
154791
28211
535345
425613
173863
241216
8394
489332
310545
99959
318663
358238
451185
297000
442902
325536
194038
13658
379975
325166
323064
399060
176438
252655
195621
160838
15221
348392
222838
100686
274832
230081
85275
521004
241881
443661
109219
74930
47510
118593
500329
173861
107977
282978
242408
22168
268653
123644
39270
518400
494825
137734
461341
461378
159019
155308
351602
31806
215733
530761
200385
58375
368286
264920
68941
415191
448565
297908
338020
472677
241587
363502
92852
269404
241072
445203
166804
267662
533528
207337
257744
306598
258964
307740
110073
287934
63791
92658
294985
81928
270890
157460
418219
203445
92758
222861
129326
170972
430224
451931
63165
325345
148913
262036
405372
332319
496478
276743
75166
510808
354573
426170
205300
406132
151096
409387
516606
70088
189519
38898
32200
39040
475525
423308
55668
439577
531091
163556
494391
83838
378040
339394
306161
325930
307824
529543
263154
65722
236393
298248
275780
233435
398342
39994
415766
456987
275381
165747
117073
220288
352254
91754
303454
116871
48232
255551
99969
449574
141580
39751
369588
130221
419149
334438
482924
343567
467928
330417
348450
154552
200723
75234
92242
56121
411471
262729
394910
444612
3875
409618
180708
181712
461714
314316
405707
114816
473338
267700
433662
47339
342445
262989
446674
505311
439234
18938
498926
477450
285404
101918
185379
196618
28554
294421
425050
85520
499001
437921
405705
521605
518217
316553
38972
215610
168072
263268
250034
343721
433081
346154
430005
307673
178415
518756
255559
332790
474946
427187
44703
73398
489800
468493
249268
170126
429178
74932
477902
230265
309263
44267
185575
417858
466969
520260
326832
288327
470914
170242
462156
439785
49210
398927
341373
129374
46145
136355
1856
97363
44804
201308
67170
259822
434168
323881
33214
120621
180730
361246
438660
306898
519535
140265
3782
328240
97222
442701
323801
13467
380202
25967
26234
427788
219080
111361
464536
352784
203173
69438
223277
27334
120044
243093
185677
305678
212509
407935
32922
505288
203433
294652
54185
311400
173049
243887
357822
212900
408365
70091
476567
482935
205527
352967
347860
131570
245864
132498
2540
43297
445239
84686
306148
75145
359186
286922
67813
401099
358481
483948
173301
256931
517642
21314
482095
242750
253133
447581
186143
48570
287582
9761
53402
318510
465345
121438
480507
295693
294419
366553
420546
347175
85115
190525
335123
112709
9684
107037
213621
452702
414777
174692
81898
440806
312853
352441
265601
465834
120939
399627
323086
335862
179085
495826
13787
312385
91224
111610
40135
197375
146921
133292
397372
333956
434636
59701
30300
427141
23319
87081
142871
229962
64757
524690
34001
421753
36941
323469
161607
109501
401237
114110
321330
523103
377105
64589
472812
321060
195408
188274
236770
182891
101941
343174
487940
495522
156581
172017
21858
255708
379772
324933
269055
374088
433105
484007
455557
156082
429284
209728
173221
145638
16787
444318
336036
91433
36753
325776
404592
149068
146935
431150
318392
57871
417814
378154
167472
55769
328756
527294
170849
71477
198542
279549
316759
273780
247127
425986
350901
231527
364548
533632
478868
423384
159679
212044
15276
212590
137814
500323
12384
127605
165163
379038
182024
252995
489763
198343
208237
253631
508707
170335
222933
501916
499515
124783
4502
439034
277051
430562
411523
45471
166954
45688
97405
82983
68818
59531
461570
85856
429648
151536
25710
523908
213004
381196
136580
276792
489075
51570
498754
347248
399206
9021
343538
448889
169524
350416
450556
456572
182802
228609
461217
360924
392232
64111
52049
190300
203905
248815
51938
34970
180317
417326
370036
171689
529561
189088
316439
212127
102218
310177
173043
229958
288771
89092
416842
349208
433310
498499
10882
173914
437191
82752
280232
334526
171088
450660
13586
466224
210631
419553
106362
149229
240737
384194
190145
139124
115077
424542
242036
408500
290878
522435
428031
416229
283048
202796
376851
63617
295037
535655
419650
393377
180868
136776
149610
525546
125053
118301
124304
258306
63787
211397
200078
119391
16585
3903
180697
472205
453131
283507
396358
103996
14688
399595
487580
487907
223973
191357
271397
532493
337139
163061
526519
325320
428681
393161
18897
5516
196430
411659
5696
432641
437986
287150
165531
318848
523475
520894
499092
35016
378050
170037
322811
448409
104597
6331
399920
288382
240500
55584
338261
49445
50823
76400
280491
494795
375694
290750
282319
351130
270282
341411
509475
390674
217670
302829
476665
459053
375837
437369
191033
253650
202087
221242
312486
53621
197581
71930
516522
322567
447875
128963
53649
377245
462784
236119
246135
360735
207725
522608
40940
488796
528070
531077
466652
280235
304987
437720
170424
79673
414606
181326
364844
496355
467855
64207
316822
427406
333315
184746
388553
535462
237764
227030
154310
523260
348421
509792
19427
386966
56499
119349
322707
135778
259052
50142
332608
19207
147304
223249
437526
436553
61383
479659
466509
390710
57083
248139
321430
526627
405081
526459
136578
33729
494966
202171
328051
200150
378825
50921
235260
389476
310409
245841
7003
94917
279640
29462
336203
140891
225823
249722
214679
191801
450157
6356
24100
319183
338480
103170
510006
130144
449717
308931
358128
131059
86337
97953
134558
508690
146548
441796
429195
191562
121806
227530
300540
118915
338709
344796
19422
257816
123157
339878
242753
113561
452444
432643
418938
255973
58588
270008
220922
237522
47573
402432
360586
97582
183844
471393
517068
131676
85704
303600
20102
33794
160931
68397
254234
498945
189231
194693
52685
434959
303996
195615
465506
194451
455929
244359
8984
38697
148887
14227
213925
414266
534887
190580
525115
532257
470631
180712
535391
97611
236135
509204
255579
477566
120493
13287
486297
103544
137888
386252
160219
502979
526566
341280
414582
214862
36943
494318
333618
140890
450664
135292
406172
479515
464121
120857
179956
452518
246355
327285
461589
192204
290529
280259
489622
128231
509174
88830
310345
204220
13228
70588
277896
161445
260020
290919
405600
49789
206171
295795
130855
102402
485708
56653
198416
124171
44213
346121
271885
502956
295902
196217
202013
36878
420488
375686
518266
74962
83025
430305
456277
430763
428983
297312
230077
268527
314522
522039
257362
18864
291914
473955
238196
248508
138090
85220
24363
71580
418150
485829
67178
367255
328271
501918
8419
504143
187103
363197
302852
213343
505641
181648
105973
138371
196171
200945
29265
434803
182308
146799
154119
265833
109507
514990
515621
142800
107463
398813
173560
154200
520730
309818
206040
479518
426595
513505
93951
47673
146502
48010
408786
219652
146586
321782
193497
148615
416519
418349
134927
370955
92725
296192
384829
116582
474406
509238
484844
218511
122959
156620
253350
4718
421995
300230
142017
518234
36920
371484
223283
135673
184463
280958
339710
257905
224879
519094
240620
313354
111112
394224
378341
357709
451840
254555
33959
133104
269818
425281
158733
126512
290929
127726
39683
155524
2506
484152
524561
134396
300105
311900
412585
132673
131637
169885
362774
30760
231084
363650
223580
465011
108687
217448
525380
444883
105619
504296
402995
460102
502704
385611
297111
464950
448230
122649
423052
329164
482341
309598
461225
95300
189270
184360
428807
502628
28101
296825
67840
246992
341325
25656
299562
274662
37099
405979
501664
160915
439364
326448
453192
54509
464676
34852
179979
3664
196920
334112
374617
359657
403403
22781
506309
216886
457694
511745
423477
69053
465719
503780
16609
221882
205718
482762
392949
277472
267900
494322
213281
159494
103108
492957
176387
374628
32258
446866
435994
72952
412208
39248
108905
460658
48839
232909
442393
350920
3000
324461
119439
441508
157595
263215
75583
294929
354289
194660
378007
156918
500819
437648
202505
340588
489408
402119
159357
84945
9498
532518
420471
231975
18686
57922
120567
445144
479760
271235
24709
17695
534761
330820
257995
226556
192705
515788
83949
55847
213575
459911
51776
196419
370748
419798
524606
515695
49518
425650
243422
313542
191855
128621
132508
71383
497456
265318
317914
84857
44043
324941
347329
227238
535204
37765
207548
500991
156934
516111
310700
250036
401955
438671
427288
499949
381677
249089
127518
170294
478084
442674
415360
472701
394892
437909
455958
503869
119615
13954
80971
460837
447433
519208
426017
10097
431601
36805
286489
319203
206267
327979
458629
29211
486498
156903
326442
238468
209116
372736
524343
191160
351173
162427
174037
424190
177939
152805
148654
319663
166691
167254
251127
377123
373805
225438
56100
155396
154821
492576
22091
139376
437892
44351
21347
333886
250557
269607
324174
86333
516994
9585
338214
244638
170391
452401
403612
99406
520422
377733
23923
29669
414233
243128
535235
488494
162065
306125
270558
418642
112919
428753
411347
280412
165251
503732
334499
465536
263247
331680
253186
12539
449020
444478
65802
382009
119893
101415
498123
371417
357879
126355
249795
166624
278653
129457
339714
497878
463962
470471
364582
360690
194812
337201
484191
317151
286415
203316
287662
232631
504001
511692
