353
34627
5404
8915
39004
13101
12921
27031
35313
36766
18504
19953
18650
31069
32931
25944
37783
3609
27581
629
29357
7476
17484
9387
8968
27097
16338
15575
20049
24651
11969
35375
7339
13512
7982
14191
6862
36970
12572
25707
40736
36636
20152
14673
38508
18767
28954
10746
24550
17358
27420
16277
40317
40731
20878
26905
7036
39070
35259
37311
21777
16812
27055
36368
9511
2879
6754
12473
39167
9512
22027
16085
18080
20671
27704
23272
38629
28018
40641
28950
36333
36515
18510
23103
19236
20713
26577
18029
9101
10626
33379
13763
28222
37897
37034
40018
26639
3260
39969
18333
5721
25486
28153
38342
2205
1536
25303
14798
33101
15150
7693
35987
16676
22754
27294
28404
36006
15789
28076
24459
27770
37011
24672
23978
33986
31057
1253
8588
40011
31036
2986
9075
38187
40673
15395
11374
37801
9745
33821
35196
16881
6088
1494
21148
9714
2757
16458
12485
25150
12729
10962
24003
4791
13694
9496
16245
28335
10923
20669
14030
29059
28758
40337
6398
33424
20335
12095
37014
25325
20663
36739
27354
10492
15562
17409
1479
39896
35961
18901
5782
13109
14749
20572
37183
31977
31711
34923
977
12744
9237
14226
7017
37150
35079
21855
14560
20172
16759
39287
35030
13962
40728
37683
6039
16543
24305
27676
28475
16065
39153
27780
10246
15878
10256
25243
19647
10548
25728
16610
27110
15191
22809
894
32963
17327
6003
36009
22515
35382
14305
34758
26878
11720
19093
22187
17851
35571
15550
26004
8229
18558
30508
36860
535
25877
27617
31788
4236
37030
4821
18239
3653
30314
20505
31266
15195
39755
14683
30271
16754
15043
30111
30632
18430
6592
3819
31373
22497
37939
35877
4219
25507
19118
36764
37504
38584
6404
23169
5204
14943
39021
20154
28878
2923
9154
3685
13807
31390
24005
34512
14398
16750
11048
9158
38441
26041
39256
25691
15273
27697
26986
7779
18377
15927
13133
5273
39888
11926
18908
18743
13853
36357
9164
8086
30077
35572
39181
9948
8043
5897
10218
22313
20208
1555
15657
17257
14763
1739
26687
3855
