25117
21261
41806
8654
5763
17937
40884
11050
50323
9179
26797
51119
13468
38566
39093
22575
2000
37387
47908
22901
43446
7311
27953
43071
53953
14441
17811
42847
14621
13675
38518
45719
13854
45086
28655
15518
11379
9953
17166
4259
24829
21141
5831
42072
24629
37369
32625
9964
221
46359
51192
10212
25028
19811
4812
31302
3848
17735
4527
35339
4666
17561
25414
39434
39089
22720
6751
35
5649
48460
806
45914
37263
16967
42431
28317
40088
46728
3176
9202
52882
3480
45024
24947
28242
506
46994
2885
3673
256
31208
20062
28194
5849
7114
43689
32788
43315
37846
19000
53413
3863
31552
4570
32515
47008
49345
39643
42365
22599
47002
15868
42352
16637
13212
53108
34558
2516
44434
45582
13364
30021
41966
40577
78
29542
4025
29538
47589
33438
13334
20608
48606
5555
4804
27055
27973
21638
30416
7705
44375
39750
48040
4342
29920
39250
10541
24312
39620
145
14423
16191
18582
25380
25141
17632
7392
22696
14165
22835
38155
51789
29644
16431
26091
48259
23310
11411
28627
10494
41003
29706
40407
28509
15037
52536
3716
6968
52808
17550
50736
40733
20810
21801
8230
18468
5347
6676
41992
5113
5721
20279
6369
15443
30880
14787
45243
1523
11488
15361
1346
6999
6301
18840
36064
6877
8974
34390
34797
14973
42670
7092
40955
17990
6925
23816
31900
664
20410
12117
35482
36121
23778
20728
47956
41536
27376
25211
15262
29044
40110
28172
13522
30729
2993
8100
7903
32642
29361
19140
53412
45239
28100
27686
13743
9617
37525
12782
11738
43824
2160
22904
35886
45300
38202
1619
38337
45052
39345
40418
28961
9439
49898
51550
47653
23369
23584
6812
29663
47584
14914
18373
18598
14654
375
25342
4050
23860
2909
2811
31679
10995
46473
1967
18146
23038
49548
33476
20523
25389
16516
48261
9580
30501
26420
23527
32856
40457
29268
42085
51960
31750
35628
51408
6801
11307
22967
53348
7079
32074
41879
24542
53869
5095
41102
30001
15675
18823
18955
26101
4962
9057
13535
51278
44817
2808
28422
41355
28728
42816
22215
49975
24120
3346
18455
15603
16758
9255
18593
35256
11278
33837
49084
15079
10780
47710
21859
5369
15340
37083
30686
11064
12806
9207
39858
17037
36478
12024
1057
15427
49959
32894
19626
53441
5607
41805
52736
51874
28414
19251
5016
315
27283
41847
21405
18217
17813
10570
17444
24906
11156
12313
46842
44553
48400
34277
44416
28673
37437
47060
11070
24432
42203
44245
44756
1133
42320
22752
30843
6313
4692
40979
9502
29850
47752
9157
30978
50529
14374
47286
16252
20078
51191
16475
34998
21668
16518
17041
13578
955
37739
1438
17410
13069
24155
10859
45886
15739
43278
21389
13465
40068
13898
22735
48153
20659
51067
19741
46912
27128
45943
25071
37509
22666
19948
24123
11407
20805
12993
46875
38069
38480
8911
38702
39085
35016
18944
23579
19007
1608
8123
41171
44488
50977
7941
4690
38032
47378
16789
47996
7029
34337
15117
43339
14590
25095
33559
51318
529
34373
1783
30339
38189
2045
47536
50063
21393
30631
50979
37106
21533
7442
46057
31118
31051
43835
33068
3275
35740
16865
50268
13599
36576
23668
12530
41295
42503
41198
47389
31241
43167
41243
51503
17994
18767
4769
7672
39765
31317
44539
22686
19119
30060
42008
17009
33918
19353
22978
11881
14800
46118
49763
13348
44917
24662
16312
25897
48418
18437
23172
15357
27859
88
36918
15886
45649
13975
26191
35612
17987
4961
19566
37392
691
42231
19371
33300
35408
49162
53187
1136
24301
41518
21514
50634
29156
25318
1729
81
2137
42077
21599
41367
48838
16501
18591
12189
24530
46069
22977
22806
25688
22222
7671
44295
5492
16261
46354
23351
46357
29640
790
11649
20894
47471
2953
13263
52367
15977
18953
10576
13888
27304
41446
51809
53977
22376
6016
32186
34207
6680
50583
1109
12883
52075
18781
53605
15347
27464
13897
11345
34547
5339
44123
6458
45180
6004
47680
2569
44088
10022
17970
7880
7184
28176
25757
10716
9437
33047
22308
20034
3282
42724
21619
48890
23296
9607
38848
28940
53210
21561
39754
11317
49153
12887
34202
50187
49476
13494
30057
12406
19993
6942
48653
17844
52837
53387
11054
45604
47791
38625
35353
24378
40519
26081
8642
42862
5400
27625
34780
1291
34011
26636
30812
19658
53737
33176
51976
3528
24001
8556
23869
11357
19498
3554
6563
25716
31986
34629
46566
33239
22917
1896
3847
50005
46716
8489
19844
19294
41404
37701
43225
10454
48151
52418
54008
48323
26056
37210
40710
35240
9726
16444
48907
16175
21738
44965
20057
49574
8632
24502
13587
36055
47142
24671
2750
23199
28240
42672
33697
11864
39981
36667
35512
19250
29954
46348
7401
29894
38713
49062
48752
31742
20140
5843
2403
45334
50720
39719
4386
12237
16517
32975
6162
33353
37316
9480
42094
11461
35027
48223
39875
36352
39799
12063
31899
34827
48047
35055
14542
24107
27015
18959
18815
7484
11020
50603
35850
41288
39186
18386
26100
13972
43667
26988
34039
40688
6748
27185
41065
51216
52467
1130
39171
20273
41439
9736
6268
22513
20926
23739
31367
35025
46847
7781
35261
46470
39259
19875
51158
27357
46262
25379
27705
15682
45156
51335
30519
1518
18362
24936
46260
28903
24218
43538
21377
5960
8915
1688
46089
16778
17391
51528
47854
17714
16127
43460
19427
25811
4922
38862
12544
30022
25658
9546
51707
49269
38228
42456
49750
2441
20525
8931
6283
44803
26047
9080
9069
46115
9694
18153
33555
42721
3175
26630
33720
12819
8589
28919
52566
44555
1522
53141
29211
17177
46395
16464
23995
22475
11812
53125
47294
4768
25756
48140
9530
7554
2169
6234
49166
2006
27543
5918
2934
5423
47034
37691
53448
39728
19460
21621
7703
14130
36754
7974
37765
12641
14
38374
34335
38522
9402
8395
1907
17789
27756
22103
42786
42347
8134
16084
21718
23924
28120
27992
39734
2673
8779
94
44333
45597
20211
15216
37931
14874
2371
46041
36179
8315
19886
20077
25958
50905
33178
11925
49213
33191
10784
28405
24525
12920
18928
51505
29972
43972
10574
27083
9516
20890
18130
4771
25712
22935
14941
41506
13145
14108
42974
51904
11316
11087
28487
26861
43140
20782
25964
33369
9376
39626
18852
5725
616
18669
32706
48336
32491
5362
11733
47880
27469
27719
38736
33828
446
52969
1083
19355
41984
26473
3337
14231
52440
7430
44922
40284
3646
11425
1708
8794
11215
3089
47362
22004
21675
22316
40166
35321
43855
7855
7461
49895
29935
26849
15553
13715
28553
1442
37622
16065
23950
43868
31225
27193
37223
28745
30793
23368
17497
21728
20322
45933
47104
35997
44176
25061
34572
45215
9948
21297
17457
15895
43773
53797
31273
10942
3960
19911
44272
73
5500
40622
10344
19159
7208
49276
13793
33634
48537
34051
11108
18554
1818
45314
22119
24897
14189
53267
51281
11271
33225
44797
18889
41473
20131
20603
28426
49053
17526
16848
25537
13962
32346
32878
42903
52958
3436
37137
50074
44170
16280
10821
21174
51866
8348
4426
51616
31776
753
11247
3077
51694
50266
43598
48918
12094
31243
16847
49362
27612
35774
12252
33305
38098
8725
25132
13521
44514
51054
23061
3097
35070
53377
42091
29182
34706
46724
7673
47360
4662
46192
38364
17141
19663
29281
10342
5198
39563
42772
31808
10181
29385
39544
49544
40607
25188
17278
6614
39026
1000
5162
15240
37457
5406
47623
6463
8792
9350
13684
30595
22826
41726
7892
24394
22203
5599
43199
12719
46959
32355
35966
27569
23901
16303
42850
14994
30167
13627
38769
1162
45760
43568
28159
16955
29788
14429
24642
27398
42316
25449
6828
45618
4985
45739
36389
36921
19205
3877
14255
45536
24049
49653
51981
48069
45979
18374
32012
2658
37305
15144
42950
44943
39256
43624
37198
48938
7358
30195
28413
3200
47088
13323
5769
24503
28214
44316
16599
40193
26663
45972
50014
25836
9802
53082
2849
22358
9676
13867
37851
31199
6018
29697
48349
28463
53880
9081
22578
26136
24593
25675
6466
49206
25262
20190
7692
16598
6236
13173
30236
16011
34036
19975
52330
3784
37232
24293
9562
52777
6915
49677
14968
20061
42062
30997
2921
19765
24304
31732
46904
5017
30284
50428
16855
45652
5927
14611
21024
41196
51390
5615
38073
49130
39220
10630
27646
41814
5774
31405
53284
32717
37012
21770
18413
31043
43490
5682
41100
37774
22191
1046
43179
48806
42737
38923
18703
31212
38523
42970
54001
31373
20129
19167
13732
38135
42926
37703
25434
33926
30720
14280
493
28412
19236
38844
5309
24493
18800
30120
15455
31456
8910
30806
5704
24093
10612
38865
12897
19029
45
31782
48854
36664
37342
4616
16166
10562
41556
14315
9467
20297
21547
10308
2321
34951
45249
49145
52225
11338
52618
22458
36437
22896
14247
38425
26736
48123
23948
33492
34143
15293
49562
7920
5189
52581
27041
45036
5675
17392
18736
33445
12059
37790
27894
457
16430
38772
43760
24424
22396
1298
11871
23286
52983
404
11228
38509
46019
33374
24219
5746
32265
16514
34892
21865
15488
2170
37202
764
48267
35446
27893
38359
19359
6329
23273
51315
52889
12704
13118
36108
26675
31981
31193
26912
18859
42675
40602
42823
1662
53276
45371
28910
1169
48931
52685
7057
23875
23359
30667
33765
30344
52066
52795
26297
29924
44821
42049
13134
24520
5847
35549
5165
49433
1021
16593
8776
14257
31344
30072
1176
14798
4912
36589
38543
36397
37713
38239
29829
38728
39984
19078
4789
27848
14998
2008
6752
23315
30432
35743
33398
42715
28951
19592
24912
3561
47430
51468
39864
84
48720
20063
29306
3190
33275
18475
39598
28278
24781
31347
8746
14427
12586
39937
39883
49231
26006
39647
8035
2724
4093
5472
47734
5233
53335
10801
28456
18375
9820
22808
6287
14742
22817
7011
46795
163
48622
14675
44402
1781
37159
30590
11210
34349
27446
39576
32335
8187
8064
1825
9130
4392
13991
48133
6785
9396
29133
42319
29566
18757
25810
49923
29233
15507
573
46765
4819
1865
9662
45922
2844
16526
49363
1750
20101
43953
29824
18036
33001
43144
3382
4108
34330
20060
25515
25128
2992
39890
15475
2391
18886
50774
45034
22085
36888
17292
30091
35970
21313
14156
2120
619
34460
2702
33935
2591
37200
38723
50474
30117
18626
4861
30567
51946
5415
4267
2480
26633
28992
33763
18565
30778
45707
1809
30471
18327
8173
13473
51435
45504
51785
3428
21961
7203
28279
18698
32479
22399
23062
41652
15700
46945
43295
16005
25297
50921
12120
12754
42422
25642
25917
43345
53520
15359
42825
44232
15831
6870
20216
2857
46941
10726
13700
40674
46275
3755
43347
43147
2884
9638
19742
30696
1792
20423
23410
12620
24722
44196
17577
22847
26291
35434
7074
23568
27157
52675
49396
24568
6903
32284
52175
1694
11334
49602
39899
52009
26725
50635
12431
49170
39165
26302
39071
15702
35571
40641
44609
26562
7396
40954
29488
19789
21483
51541
5323
31584
50493
40968
4676
22755
15969
11996
25907
18187
34029
26515
20895
48939
23938
28862
8174
21893
38967
30918
19046
32909
29061
10993
51310
28400
37781
46270
20911
46861
27016
12006
34963
23124
31290
52734
48138
42870
36646
52259
2164
32680
24505
2049
44698
15719
47037
6267
31616
43193
33934
114
28935
2449
5999
45153
46222
3919
30896
26792
37122
40615
2605
17731
38647
4333
3652
35528
9900
23730
25752
26992
1644
21264
50935
34152
33330
15856
33103
44793
18347
19262
38044
48480
46968
17247
39920
27070
20330
38598
7194
21431
30666
43081
48875
245
50769
11934
35313
52731
25015
43387
51166
746
12401
2626
3574
44561
31427
15130
43043
16585
3610
6275
17277
44685
31804
29747
52707
4044
132
6852
729
51913
42097
53687
41704
28801
47011
39413
10478
15082
8978
10517
5863
28318
53966
19368
32621
36481
38622
7493
24468
15568
4178
38951
9881
21660
42587
18489
7938
9351
52903
36941
53500
50896
1576
4317
22876
36418
51717
8989
5389
43423
51417
41493
27746
8608
14027
44120
21642
49113
30898
41007
40618
2891
48162
2777
22456
43544
22280
20606
9831
1167
32098
5527
42334
22171
37236
32004
53632
38404
30372
33786
49768
10083
22118
44684
42257
16545
15522
33157
17626
51031
34672
53043
36977
48827
18791
44286
53925
41009
53024
23722
6
18470
18779
26406
3225
28335
47639
22189
9611
37700
6531
26493
29224
27280
45995
29301
26537
27116
42035
1023
42201
49657
41869
8090
2617
54006
18109
1838
952
17657
4626
51056
24416
34382
38123
28657
39732
46413
696
8270
47559
24291
10929
8443
40860
2757
5187
49211
50354
41882
1366
33909
33256
38182
10313
49721
21171
41044
29649
52744
4785
46723
23399
40026
44957
50068
49257
18805
11326
388
18765
37
2806
9447
53060
14069
13614
1951
19640
16163
24016
13969
53265
11945
25568
42705
28899
16077
40253
33497
25694
9386
11835
50079
21294
34265
35844
808
51760
39503
12536
45882
4270
43790
35157
27597
7279
24085
31823
19935
49349
42437
50941
5297
43382
16682
1561
47370
49304
39139
9347
39676
21546
45297
52477
41567
12383
15317
33428
14962
38984
29055
47365
38892
52524
1862
30330
52967
49960
11072
44334
25763
2252
38484
48329
48885
11888
32609
11205
19390
23735
5628
816
41981
26808
8341
45246
5962
724
30705
10257
23552
8365
53633
23224
9409
38117
24825
30115
49591
33121
8304
7563
14532
326
11462
19139
16899
11260
3845
49255
19699
45981
24812
48612
39492
1429
52914
10438
53643
47799
23344
44748
17211
52407
27816
2907
50078
2796
31520
20032
49961
17688
37696
18770
1020
34475
40903
26777
33714
4251
40854
4427
51199
6596
10712
3657
5399
47607
23988
30157
179
51251
42275
46737
24399
22076
27165
40370
52087
444
28557
10275
17948
2183
47957
42638
33299
13161
9108
4689
