94734
209441
281911
45971
165645
315783
302284
526
230285
515766
217267
329419
312533
410257
179739
58125
434640
434567
330626
73279
305560
480880
405711
364923
49915
495187
459106
340830
409153
374011
424121
54119
173422
133713
375737
409892
15753
280939
444160
308821
23913
283368
264301
10591
132984
176750
140051
404733
523014
185341
320078
296661
99525
332131
133438
371189
144422
128646
44122
159846
109600
240231
123234
147111
129214
169242
421357
369436
519877
8440
62506
282828
306871
340941
227456
91421
438712
498178
207894
419898
22832
188976
493969
237295
327176
84364
255889
377930
110535
220495
316593
331955
284508
449078
28970
254924
430357
203045
309520
523604
206987
16863
450453
367998
530826
140322
178096
128289
384114
305352
207659
335593
420195
95523
411733
479895
159644
79438
113676
12085
167076
4035
130740
238201
242720
276679
468694
528189
478145
494866
30406
328550
347041
439128
67702
6669
401731
498158
186732
192122
443172
229467
304325
39455
79580
121282
90616
122162
237706
362189
410208
57659
379130
228250
46763
261628
59167
189989
534981
120994
262530
396883
293669
297122
222702
264670
40983
365765
11821
21216
245829
13979
166779
380692
240432
42912
497193
270021
125671
88030
382204
227366
304174
83536
242511
426499
51906
184025
397249
258616
466365
223864
262011
492998
472114
419037
422533
19664
120359
262887
529447
472308
329304
498485
195247
473513
247049
76004
22179
441840
437643
320020
195053
370094
140182
533987
117253
376191
206506
352896
358841
340015
154717
504848
126807
496967
203847
495531
528892
171876
403394
434626
291718
439942
240887
180617
5824
376508
405477
193126
483600
80613
332954
519024
292110
287761
3648
501618
187779
255566
76649
241637
24720
315926
286252
127120
18782
56430
478367
381304
73668
387343
263678
351551
328517
32695
293355
181901
239691
100948
466010
211582
407204
483410
534383
482147
397276
528606
84088
374518
284861
367180
310285
170696
120186
152550
184493
509671
492529
418113
278300
391129
9704
375597
5047
48079
318243
179
406640
53314
282239
447583
444612
466842
154243
522578
295948
298646
307334
90572
116271
306432
153690
341113
244819
291694
154789
386524
472617
140517
199277
340820
328978
511270
35255
19462
61934
471377
284024
413535
415217
69390
275457
278565
176100
323896
70567
365148
295362
77440
381610
79941
217297
27241
436602
446505
359198
7271
182407
465148
399338
77376
120091
22429
265826
339569
336632
344231
22585
400001
192608
424009
21391
305309
529502
273364
441129
132923
194227
111172
200814
365005
470669
260477
17953
280187
61189
164843
359736
321137
515647
429835
487522
93329
96550
471425
520641
60811
111987
417626
172951
170844
195341
528423
226296
504819
162770
268323
778
512003
418285
459899
461398
186767
288297
221170
428741
515792
451239
501031
529797
445732
111562
235034
169293
504206
489848
472275
156047
92903
114090
40967
343283
426066
294807
324190
447167
339451
478284
507966
97233
115263
159958
258146
523023
467844
214659
265520
129553
275201
417724
446642
395634
212988
407306
451391
392476
498217
216315
368628
513277
98050
174013
389676
401549
91956
406241
4947
228766
293308
321162
139697
224716
394383
387858
378740
137018
361745
463330
400328
182523
333858
25677
214175
513636
428694
199700
180875
462465
153413
249839
317400
59691
336785
386563
179244
437893
204718
301892
500766
478903
350846
143395
242481
126875
508703
102322
268426
15382
319973
161201
413044
463317
404788
332170
343303
167837
33263
402394
184725
347031
219155
108956
512939
373397
300090
293233
395585
348468
116388
402119
301125
269638
158119
137460
9631
220295
18377
289189
216782
217342
73276
214908
68679
443805
464263
41421
343595
393106
486071
370245
288155
529027
238355
428240
308622
277434
48039
138172
402635
304605
521165
476067
217838
42380
100070
212797
156147
343549
77103
484872
376800
32824
495981
445096
266245
106801
37106
318357
121668
320114
437923
145922
518900
398395
368727
69225
369693
452780
365232
185422
367632
129677
197351
344569
372480
127777
228014
132231
462301
424085
212544
238557
188905
446860
466990
372661
259013
337728
526909
319816
488706
98203
520223
521877
38854
172994
428711
163084
4728
148748
289165
375189
123192
274252
170588
172892
232784
129712
378269
328116
524405
43145
42414
496158
186456
205892
439404
303177
209343
118884
213543
283719
362872
201504
377899
456695
344916
111829
391878
219914
57703
77619
348726
128868
534477
470059
162908
518685
21095
271412
312543
119920
250608
390947
256356
72467
231023
373886
493506
528484
52980
254289
397861
381111
526120
390051
228889
387774
433123
301393
103192
327149
16153
532663
93342
148209
18791
320878
290183
105903
123717
162628
228967
478395
3310
127704
231337
54753
392074
518071
511944
487415
280208
534549
174695
158849
145373
19902
148695
303094
411577
318153
224066
300569
529088
151531
19274
17154
490162
282982
391385
2612
532235
257639
205621
441670
291079
507625
76271
302091
241511
465515
289046
174825
179681
514182
166891
297483
45496
215550
528821
108064
513503
516661
385644
268758
521036
54107
13689
532059
192854
362171
225314
406215
393820
263823
390370
135693
138096
658
238022
102702
490719
180171
441115
142161
62853
291514
71626
122092
432467
420513
51608
81529
380189
477322
134746
168599
428760
298096
489722
67106
89474
484119
448849
180217
494894
327104
33762
47064
266034
459947
34942
219064
462155
301645
288091
307626
458455
517399
527725
334057
302728
357043
16176
488775
162569
501219
16966
231843
316456
350792
43453
51697
187003
199567
330589
34357
30271
158093
357764
488927
69365
322828
354815
532720
88557
465167
124427
121909
173291
521477
93267
12928
345169
131068
123126
273700
471728
55538
79079
397497
85129
337367
158198
98916
233766
131630
215872
358976
120427
495589
407892
523560
345572
183070
292641
28508
444136
7929
338965
153954
153763
332759
361322
314710
397155
150697
304304
140639
265369
300428
494378
190429
534931
534038
157035
121
26157
489109
494191
450714
35556
200576
201865
245385
332975
106978
15287
52482
186250
413400
492775
193901
31642
51828
410191
109440
157899
354947
214598
352810
237066
231676
454179
203867
268258
193942
184618
214696
459542
43635
535331
505378
276410
27200
364533
116943
245693
364934
108000
256048
36958
428054
350314
374363
229371
289470
476674
245518
525584
407373
321185
301913
181575
325966
55461
432676
329951
357506
437749
250789
218273
239510
264120
504091
296113
472963
7176
361379
338731
121698
11978
271113
220797
441226
496118
329395
307146
193868
338359
288542
438872
207731
345645
110906
142903
341763
464993
284547
500369
394893
480762
414947
528202
233490
367085
144068
80174
370924
56299
476543
83191
115527
372680
526404
192478
275174
346637
400919
114245
227339
350138
430211
282801
84851
37327
7899
154249
62998
333001
514519
491975
170706
140468
6448
322845
354585
152272
31412
222997
95815
530456
240841
469953
423052
142370
28004
390992
156298
220164
392982
450093
281158
91812
402908
383739
38846
21558
230235
507450
429764
355056
463700
523681
403175
527487
237663
453759
276080
168418
276010
217469
266083
130511
63184
96299
439647
285918
187965
196994
257658
179239
295665
445619
508536
166128
51059
375313
39110
4604
112341
80796
64216
473262
263283
528418
235386
167154
440393
294842
106747
56754
296158
438960
26331
274533
146048
449669
206209
507499
147370
266628
105870
535599
208776
197911
383813
101552
532713
291327
130865
307306
23567
329674
44229
482793
131575
247517
516549
354187
247744
73405
448300
398848
500268
35983
251709
102033
160743
314423
4101
219342
513668
239498
212179
390813
169585
57489
330759
46933
312729
267392
318220
182887
443607
215045
195229
501570
2581
236232
484837
239624
68241
6228
354992
481558
95055
307837
143695
160397
913
102907
42985
390310
379129
426366
32161
86342
276813
520160
526714
282033
473838
55295
89462
242013
481686
130843
44926
83582
512787
19389
512899
37186
290995
370543
364712
211642
192572
182457
8447
485396
533719
500222
435281
358022
460810
314009
491040
82153
382931
35149
210732
96264
161832
52470
462568
203910
402353
16053
237345
408696
97664
144069
19500
533671
428973
152998
199799
85471
394253
470821
362547
213767
464033
292795
416280
278280
302812
85085
397872
122191
74431
184834
166238
60183
102399
523285
431324
451829
139884
158967
517088
360483
387742
299892
218295
260221
431024
81790
532938
160028
86339
374000
10922
359643
176906
246509
462881
473779
272267
229480
234132
66967
473914
208391
36204
155247
362431
145560
306835
296214
474521
528235
96624
194430
301653
57010
266496
445941
127859
433790
416864
352572
316937
46874
498432
180481
444852
414009
494794
422758
435773
265660
230530
352334
32412
381879
304989
22801
256488
48141
365183
506145
391872
162794
411438
414095
473212
44126
253210
505543
301738
221091
90379
448905
434753
499239
464029
443317
319543
276791
111305
212069
529398
56361
130762
88323
313616
3979
284611
369834
233754
245599
22081
235591
361008
421963
33984
166953
330641
218232
414676
31974
306129
231061
238111
513100
302106
221646
225908
88469
114362
243392
16072
105517
531670
24059
320432
211925
116707
102775
475202
79505
297879
378523
191942
458907
196896
212991
160495
134234
454042
164865
58439
73693
497896
25491
21399
260143
196823
486077
357493
449955
482743
267076
352383
206491
438758
56168
39604
402087
423030
258605
136948
521541
222120
158545
148819
38661
156996
221231
35519
112298
418082
502305
71659
334735
1411
522145
384340
237260
26772
424831
231415
366668
427206
336877
406198
454406
323580
174390
257630
340803
268917
80818
363172
202230
105830
446451
292096
193631
95250
123382
406145
341234
206663
400431
208226
243802
204888
118207
476258
358835
40396
420099
97325
316904
479315
83918
29016
503025
350101
91819
407542
119483
471970
343670
43139
520488
469923
329037
302555
333442
122336
157905
192054
272478
516602
393883
521751
318923
381420
481973
169821
64308
33908
115301
520565
292555
86065
222498
499720
228190
335042
199741
135008
337207
121696
482320
475913
263355
260825
517074
267462
380994
312417
345361
403203
331800
152577
47597
157198
215996
21087
4998
222651
462603
327600
351925
155472
515379
400243
503681
255795
315019
18609
448286
127432
457224
228137
487389
226889
123249
201788
306669
347572
402025
30972
467931
208830
271794
262895
410026
470844
111789
148871
362177
176326
52010
513120
382219
185971
438056
34638
121847
287297
101169
242900
190285
29531
212599
492421
255457
347468
51589
320658
505432
51522
386808
176440
465768
298546
210388
390186
252864
520852
8119
44942
150187
381734
349588
140754
223355
461593
30840
496010
223615
76811
120873
419535
495115
140043
171832
231414
351975
335215
318331
349787
209665
418728
384257
128212
297634
169393
402205
3541
358432
35023
429358
361487
336161
303707
255187
393180
186189
124565
451675
373664
121858
330946
494949
4174
472802
276490
487581
240026
497506
66073
88533
518285
448044
273834
43156
174242
285716
458783
395016
304787
516211
284574
515634
147775
453881
105894
214964
193161
312896
363980
19421
24263
422908
262116
163876
244463
206866
317680
189403
529905
502407
315581
180060
505137
562
508005
298635
343952
237686
407198
284722
34643
135141
39236
419676
457573
290091
151608
81369
224353
412908
51361
146796
302234
38634
301130
464521
525500
137751
197581
116919
521747
119454
4988
57636
99849
240637
524902
349079
177051
185628
25552
20922
117846
92857
282733
397733
337066
97905
397366
507091
47027
386081
513345
366456
322213
305345
306935
172526
49459
245573
188843
371272
324938
345366
27647
531188
286566
181849
76225
280469
400425
421232
487915
244447
260367
19801
480991
210515
460174
272866
140309
25888
513153
267588
490470
104436
183403
233015
349735
316615
2646
456976
139669
353325
28980
19792
428695
284931
118767
286998
502675
389144
163034
162194
460670
369697
118754
301888
124603
504077
239401
77494
315804
204696
487972
367201
253738
417995
191153
534510
200728
16665
132700
365213
124032
513715
470311
406146
100069
121672
148676
319376
446406
171730
150241
160406
118573
509046
429759
290932
386130
64930
457138
401044
424952
202198
289892
81888
10889
309476
486124
33180
246784
99668
157064
115697
257596
170265
405467
441972
50065
206293
297488
356581
394803
72509
178116
85992
516101
411969
530531
7202
217060
245848
169537
421915
129490
67953
47805
369363
230318
338812
36256
304145
518417
222762
147980
265706
190696
251117
453728
157779
111129
373288
376343
496026
484800
475364
89271
228176
67871
3812
342611
271439
21193
149461
493953
465072
349354
440955
368406
84673
298243
531881
157173
475091
160700
190500
309441
94215
121748
396620
131794
533652
462348
174545
275020
302924
132937
282827
58822
171734
107079
16645
417434
102940
157921
312911
119376
413791
101346
312947
10958
316613
415290
196282
324575
476607
312443
125208
377564
126722
249650
495313
486540
510656
297294
500839
256793
310528
190079
198751
405699
398815
235005
205791
281973
380700
62863
476356
478450
27899
178407
66125
429168
409049
398586
111957
106537
71387
326079
126565
114618
12268
174052
506457
8613
153830
123861
219913
499973
249237
442375
144556
63020
292361
312083
533333
483814
304019
384329
503030
526147
49193
15299
487652
502877
205499
2065
26975
244719
75265
406132
533662
92343
77277
367911
366540
378776
182773
439531
59273
378528
160129
249175
440993
300456
482508
160375
72179
250013
59480
85277
174885
495791
397950
143427
355374
1462
417836
179476
128882
463479
192454
353690
97246
238714
402508
301221
95429
189080
171187
42330
122103
430263
355705
25073
219416
169852
149483
349199
35710
315838
485738
58217
368298
348516
349163
253163
518124
251297
253488
90746
317481
201084
418233
211263
294362
429143
418666
453001
251528
340885
501055
24021
381861
395220
288041
397768
273529
325534
140418
469083
175710
27901
366875
447856
432384
64240
47990
291008
293004
518921
501944
179422
358817
15782
296800
419291
250568
409538
263895
349578
341393
388595
308671
221984
218294
7077
312854
32332
467046
414452
319457
19818
82303
28945
360735
25278
234362
264640
341692
257515
172415
111919
399568
156773
234874
385234
243858
147154
486954
272550
304389
117369
299099
429373
515478
199050
294386
20254
158378
449066
184171
73260
155699
24849
295286
375260
314117
320483
75512
31169
490850
474294
2471
89946
248007
303983
182166
289529
196557
297581
460495
305078
408643
392572
508162
530385
85420
336371
270959
482559
203003
428989
280200
116808
389755
404656
143890
165717
489575
215509
214282
39796
103239
435718
306314
288871
223916
97077
38609
167556
152019
344994
492684
253521
393800
143493
82585
38716
359006
89432
126222
441389
229326
217681
386186
87231
427228
270765
425130
187386
385651
157292
314553
314738
122605
103394
40648
506954
461488
510102
271148
138908
480297
137390
314993
205752
417138
227961
112127
497150
494690
310233
385197
522858
136088
365466
451236
369413
279628
419784
296613
55535
325920
53843
126027
127265
190134
350397
285413
528450
310859
317399
88031
170052
406497
126333
63115
103844
476596
472240
341068
199660
459217
166212
485764
215399
261231
205609
312004
202763
43394
24813
255984
459578
533631
356700
122636
487252
264371
197542
115696
236299
385253
137547
98165
151879
117744
357457
86319
276386
501895
199409
356734
350627
290709
415517
371484
493445
69839
157060
213651
518706
162386
354641
474860
64284
412860
214461
217599
108216
447513
415520
27424
120923
432050
468315
354806
318544
62104
202345
18163
295642
316347
257104
30445
115078
224116
292918
384111
440185
456337
31419
99625
4316
439344
397167
150478
272020
213107
130043
293909
177897
147771
239658
254153
250851
142920
237628
223769
396583
205308
239281
257930
300006
409293
339637
317830
407868
529899
8096
527245
491825
445502
448904
364675
85416
88237
334351
192366
295499
208013
511606
529934
25546
88298
243041
330606
480353
338707
244935
464354
175459
254199
96525
97606
235690
38063
366747
504050
263725
439011
364999
366206
484599
51951
57714
145062
149908
68906
478246
123244
143235
217892
41746
328617
354230
356760
349832
39227
411341
317995
306862
124009
32939
397558
408161
177898
283083
92670
500425
257108
64703
245900
237137
135991
57889
119574
30987
201240
1192
454537
18382
222928
404845
519881
38639
71509
52329
187530
341629
178073
493522
515082
384454
476345
336025
59405
104932
508729
206683
304387
107119
128510
349957
230556
132863
517158
455185
295823
27803
164602
437907
113944
262421
141706
211304
334257
124548
260232
23756
310506
172218
500114
488217
51465
286845
451960
350144
119460
342792
381849
189940
172890
282321
477484
107609
534974
49445
174297
261637
463708
124231
314429
68440
127768
295399
259131
343386
497438
309055
455115
232356
347159
408509
253021
193311
340477
348650
427945
149258
415998
516798
51390
269942
305675
142560
493071
388109
313766
425081
223037
25784
145272
215522
301207
292683
368598
455142
504164
123835
77789
287318
287603
533109
64232
280597
388329
79882
61054
104802
503133
303425
277893
191358
97569
259521
339337
169458
282423
433993
445772
4566
159882
134393
510566
308511
15307
435483
446455
517955
184562
428560
225089
239719
413428
505691
118580
473841
481617
217357
147016
353047
330735
275830
283493
93202
503404
69
472858
218877
332450
105068
49237
411762
531073
299339
301035
377214
285973
115205
104619
173550
267038
339918
93579
22476
167174
52708
438817
530482
310342
30442
313288
128952
280945
76989
202735
319548
329960
529571
428763
517866
305824
388429
272937
437046
327461
455393
349869
429935
157662
295497
310018
402632
291156
303232
284578
68103
24174
490445
348478
265273
161736
11657
71696
236440
22515
343037
386987
490111
336373
432614
65604
213006
307020
386242
214785
373283
133219
416733
84167
46977
247792
367698
312744
24546
338431
187850
209732
61896
94006
401775
119438
489796
366791
3626
257378
394245
275074
94441
409981
415740
236034
480992
164577
486600
144451
303726
467750
395287
136429
516677
348963
16607
368787
125463
325876
125533
266546
229884
434041
242507
283422
266896
369273
388028
56846
143291
24347
267751
313744
151248
88098
518357
267254
88129
411723
519154
287936
371830
461182
384827
203379
197157
482230
456778
291321
179613
374988
170692
395726
226641
534233
271975
207809
147419
273285
425405
325458
348190
35657
116785
501533
534736
324931
343508
524982
5014
55173
75342
488751
151969
269135
266418
121485
369014
468618
4007
356752
96116
383348
81051
147314
21779
496918
349170
407018
417688
20002
415942
220348
95505
56712
212259
195419
437040
429786
314733
17277
292382
176959
185707
363307
72263
177951
95977
113313
125183
126580
96947
383725
483290
483660
442050
532931
162269
389042
36024
473634
108017
425556
449629
122724
30166
124524
273509
343147
182916
472027
377403
312728
56065
92504
347151
518602
502815
327330
144867
46124
527847
234818
368930
281005
40755
440001
534849
332553
421398
142558
490695
105495
407385
101965
215263
387631
118793
336808
16186
528415
170592
281653
530623
17065
65857
528800
304693
484886
168271
188063
443929
32843
230984
226930
272799
387400
415861
267320
516683
498844
358157
253391
275579
443813
529744
473345
312952
363089
440613
192167
506940
311369
505207
68269
162557
494594
119979
469869
51954
323296
123744
95933
298678
218349
238330
7437
33174
242556
129403
62564
45685
502889
293034
360600
207413
318030
397440
13793
473910
336547
495912
372513
205389
366677
62274
372613
407333
260183
308403
79883
477555
231957
214318
382978
445428
149536
354600
197995
13374
8480
310154
486923
186070
163057
522827
275932
296451
360863
328619
105886
288608
44486
78465
482931
257338
403470
115858
334708
261384
355567
122614
300972
305618
307206
180190
5757
360390
61827
160275
151431
56419
382877
273461
458373
249629
476211
258646
516835
111277
163526
64967
478887
290975
467043
279733
184577
396119
32478
15293
143657
170231
446049
506955
161901
78676
340685
230774
83131
195361
216616
271236
186793
80698
317084
94464
441162
461918
168814
205674
272154
79024
214790
373696
318240
185601
393310
25860
303767
243028
103511
27642
120068
85758
432648
455084
482821
50253
294480
392422
259601
499596
381770
12825
306705
473004
322194
44307
457932
67563
67827
443555
442573
387219
11086
143504
378381
429466
231353
19216
412494
197820
49668
409102
195337
175246
483788
413962
328175
368986
31492
368944
503796
250475
195934
490005
364614
6973
88208
215456
157133
429146
236332
156049
364731
53546
494965
426767
242911
494104
80297
534660
445790
275021
91707
501802
304078
385826
139564
383552
535385
265709
176927
345060
335706
471064
132580
170253
220831
132179
108125
29863
134093
35555
89447
295122
503853
242505
338995
490682
329127
334179
438182
512932
118260
280625
324916
6047
288580
508681
377517
193451
314855
27505
530227
332773
186789
360292
356843
434563
48984
384978
493946
420871
437458
89247
447222
271778
260136
162272
372723
474235
90756
26284
73495
516921
442047
168349
343654
97957
386878
484091
208583
400462
362562
152466
234443
312588
213238
192314
116892
314029
114930
109929
130234
393409
203611
52528
101098
142256
266191
426291
351332
209286
253346
376368
21989
307835
373449
180390
119854
431316
455498
175318
361416
144418
453289
289174
291384
345930
208353
513610
492262
526871
470594
60244
103601
290951
54546
12706
103398
435061
117939
302550
481085
285219
252633
465201
120042
205558
32872
90031
118139
283056
9342
223049
399133
224284
324680
260880
344355
180989
187754
340574
523267
455503
45311
13159
520841
509073
491102
6123
402164
406133
177625
435337
259358
502541
134552
203057
4211
86456
221261
452264
371033
107734
221403
46548
395878
107591
193618
346131
360253
346927
218162
266809
336940
37244
273277
402496
481925
117070
262238
107738
188376
74078
131749
404540
439728
252204
109295
214135
336050
190758
309056
120688
61614
225703
467319
247289
387588
10810
421009
241391
503486
187152
72284
285676
449432
431950
309874
487408
290144
45682
287202
363824
430061
324346
273690
11817
475034
56758
483737
29717
28527
24034
210031
242277
528523
346434
321459
425739
188004
62608
390195
115143
491415
96115
286113
419351
68587
186856
245908
416484
233588
359280
267843
172789
223209
223320
139270
344389
192450
429705
411828
177159
508367
138910
455
491905
249536
349302
181178
292524
167168
74173
280436
106914
19775
187101
286780
331513
264490
479270
155499
74265
79674
269904
93777
507843
1542
438131
218706
519819
2364
5845
378714
155497
438344
493708
159534
464541
463474
376707
53747
331565
250730
122428
447551
261837
143046
211543
65968
49486
508387
84664
457865
6004
399084
486417
394189
337483
229022
385713
367770
93728
501780
145775
324799
65972
234378
392397
408130
307678
4113
240479
373148
159166
446317
133187
486057
180115
535476
324546
230192
161119
383038
167342
222447
157906
470011
389931
451289
281714
428279
298484
454885
454099
140981
298072
134065
21463
2892
49079
335997
201580
119606
345617
485232
94940
391624
195811
71089
156801
81172
343098
374264
121549
406104
266828
486396
470092
69210
43934
320453
527752
352463
385829
521566
280883
241586
242605
361748
72277
218106
159903
287863
31929
526657
271251
433629
88325
278335
86070
532818
373627
436766
8761
77918
342691
469059
261979
152696
142394
102933
251411
462811
474380
27571
15631
4500
208049
357305
131363
85520
163114
209559
260662
455770
136532
212610
192616
530612
206941
430564
320731
233259
437010
504868
422795
392981
179289
147987
258435
80754
15302
179507
182264
447400
430569
405118
221327
233214
61315
206921
83521
40988
532697
503985
162191
483572
198047
507696
535451
227622
217634
177279
509047
34397
16673
80863
162313
515176
335317
164375
368626
273114
297444
486147
403114
408826
13726
437364
33234
89936
353723
261317
244261
202061
234039
472437
93493
268604
403159
19512
431806
83365
364006
156840
87415
203631
120011
338535
410422
410948
209123
239152
324222
223347
516161
97484
307027
343512
439546
475934
249019
374688
33490
286823
318601
417871
91510
431594
63939
169591
42317
112039
113588
75795
103999
270112
329465
47907
251730
143384
433706
321301
214047
440942
410650
377997
236373
115716
87504
240228
265888
320927
336663
523109
442934
496319
350715
20383
455603
224003
184971
494871
154487
462382
189996
279941
149900
96732
202098
334922
205972
366253
397929
257151
493038
453843
179680
11210
344855
9206
145627
394724
357630
467665
114609
438336
64122
24262
436912
371261
492269
471288
140492
447205
399792
379400
112208
530077
316633
87402
444885
456906
156981
332447
104992
93940
418476
170286
436296
412144
65723
63931
104343
260298
35067
416004
96432
290520
35770
335212
321495
464705
18440
269405
401437
142369
87357
73305
503897
110051
517638
325682
189275
275137
511579
166628
114312
345403
89699
271306
243015
489660
195769
231936
233362
241994
521505
387141
343300
133480
495012
85776
350531
50090
500011
316738
203865
500440
359291
435131
119361
220198
94444
256643
253799
42328
531334
518668
400086
32434
479304
163435
395643
319693
512693
475775
224721
152562
52297
259858
340594
313179
504980
399491
436067
169466
284666
365020
428021
338529
280311
8996
199054
102700
1738
95957
23066
165020
529673
3239
329678
9602
198210
464536
187362
422011
230292
469416
169375
102682
137256
385297
107830
287266
435037
26559
475408
387430
428514
50417
11380
176465
364751
435155
104439
27210
151874
190612
163199
179601
440792
390951
510892
528010
137415
90023
115945
173928
356619
309142
366659
179152
259506
78300
419710
448046
214399
323898
59743
16014
302471
261110
484637
414523
317194
294703
59781
255640
83196
20124
219002
291416
57506
294259
406232
495944
31833
219855
20848
73156
182552
419183
269721
216070
141351
152161
214071
33185
471170
306482
442739
126360
159250
483617
283949
371155
111585
283451
367123
483485
175014
361817
100938
295622
525592
263163
14225
505485
222848
92738
363098
49222
20303
168178
253698
413843
160170
409682
490554
311918
334189
28370
138177
498122
372298
14244
145515
123649
274002
79240
535366
348088
47629
55656
345082
104546
14897
48403
86231
245889
19536
53646
204156
57400
102825
186092
281344
313977
465305
183697
39685
165066
73380
471670
273467
525719
327961
348798
337824
36069
529064
529895
327345
302372
304584
220945
235782
85069
428813
430412
249701
57276
358879
312180
512639
217132
252096
233029
450950
480327
204882
498726
347115
280550
106812
87169
29398
504746
363581
339388
362723
115774
107764
413782
174342
142022
217482
517046
277157
517435
246383
157481
356049
240020
470194
448090
468518
149088
25283
316136
219811
201673
245652
117763
307448
486099
328833
271970
456648
301225
305723
258403
410595
114568
35347
140143
397405
101652
15431
85170
115826
53791
30896
255870
417268
81029
389037
6206
146070
72613
277586
423542
60071
257611
302076
86089
286406
165720
88769
382990
214277
153840
290215
293984
287258
281689
5478
139813
410477
321471
131082
71447
309330
426365
237346
258272
437013
325486
164888
187880
24172
443904
278272
318989
383092
4508
154524
105443
18612
204947
124406
168757
334345
532853
264886
101611
42816
525153
51463
343649
296872
270627
166631
9601
15105
246789
197490
514952
307033
149325
324225
277478
377892
313274
44066
102341
402438
459520
505531
397857
257292
148281
462487
365393
455682
312438
169016
25381
497295
501772
408842
97939
181222
150868
353405
320501
90617
50862
110244
483323
20789
3588
62977
438534
65822
499711
390567
158379
360377
213619
250243
6881
295463
488473
185013
202177
191467
177798
472690
135221
395065
461501
52649
229469
378380
251579
56376
234710
100494
492875
530468
37224
306818
160405
257035
139901
527304
244167
173834
101007
8252
5334
465230
288089
138710
58817
101411
271497
260839
14228
17497
346231
207470
420549
110619
435650
528359
397944
261212
435516
62712
332211
511156
166565
466502
293287
452963
503988
135719
239171
51700
375077
284166
359804
298317
499099
465039
498328
56682
468149
138296
436961
56311
257013
506404
177575
528810
309624
312601
58292
304775
189369
68546
78357
310192
412364
227362
256499
294862
311499
203607
240310
269680
14330
132650
403489
141446
357881
483529
224367
337710
68653
103663
145542
515177
230328
113576
43319
118012
509889
74238
207819
379935
277769
317074
120375
91603
387477
299337
252694
165272
9382
92684
8005
532277
80695
202616
181807
163791
363206
24312
183591
274860
8126
398612
408670
501957
40852
438231
427264
91800
392292
120223
145274
489502
187972
309828
6557
241504
390847
385516
341879
475520
492733
79088
152965
134231
199827
54640
21067
219147
2633
490483
492822
45466
114254
486768
68933
163251
273259
455561
21412
161366
345505
6024
296122
80351
196647
241981
105655
195183
401894
61196
443257
521274
262168
73522
137330
325644
14310
480054
379336
191976
111977
519534
524072
255018
275655
51751
52518
90520
423829
272660
18204
50651
262824
383646
255564
35331
423826
156352
291364
301164
171101
458265
167090
455865
402597
393128
364791
168602
85331
211276
129880
306569
303705
228462
366075
178532
390071
386871
131263
345662
97798
342540
253373
320197
285770
183293
523652
145744
10690
501492
3266
299557
160462
506994
262553
424856
300863
208585
144518
372308
318415
223245
332922
182753
292432
320105
131579
306971
81707
175353
264025
395103
7657
351973
255810
147715
232085
222162
501972
504461
343741
284196
446434
479053
433317
274150
518451
10004
128875
348966
135779
59791
444067
12073
290779
24674
400026
136634
112188
331113
214056
454678
535083
60609
300852
8622
409505
438054
98764
404234
9260
338497
304305
321129
233589
328058
339271
467639
293846
244267
157736
488693
462110
147610
214309
145433
295648
524996
350483
376798
55104
344567
189307
131499
492516
259804
134285
233578
426816
493731
317101
192258
195059
52893
183078
168477
374292
355816
111533
467851
338623
