27349
37435
20305
34673
1759
18278
12513
25628
38096
14665
1328
19407
34522
37795
26208
1813
6650
9290
15210
29697
17267
12527
12556
4879
17541
20420
23812
14841
19513
12804
10914
12790
4306
4859
40526
6560
30744
37745
35949
9417
18014
21927
21773
4508
11131
8470
11581
11680
31432
36018
21229
947
29623
24463
2697
12947
14632
24809
14055
1346
34732
18911
36053
25513
11551
18506
31528
32528
12393
12744
1268
26893
33166
37996
10657
19506
31883
10547
19732
39615
7701
11255
24594
15526
38974
4782
21030
29766
32041
33216
39416
19983
39800
38539
33770
2780
1431
12309
24557
33268
16889
27491
570
40073
15364
20050
3553
8061
25723
8953
27535
1563
20043
13325
29683
39410
32771
155
21273
32515
12861
35930
13257
28872
26427
30556
35835
17651
19279
28014
32183
40696
880
32158
14583
9177
4242
35043
38153
10782
14255
40797
28446
568
29927
35385
33075
7179
2029
5065
15953
18831
4368
21322
83
16827
8615
17488
38386
26737
34558
34222
18319
2074
29159
1744
8146
40698
11669
14311
22913
20792
34711
26375
35588
20364
38281
39294
20990
40742
9803
26982
37836
14646
3850
4259
4783
24726
26070
2021
8584
12950
4821
23951
13518
34293
27157
9687
36284
11694
39923
5584
18170
5898
18830
7806
24028
34302
15312
31482
18235
14737
627
40754
12451
14715
14501
4715
30851
38429
15483
32519
36438
4952
37585
39602
15135
30658
13287
14018
2584
40411
20483
31198
4340
3529
27454
30764
40116
22923
3623
9591
5229
35721
9534
7173
24551
6450
31129
25479
16448
16051
17413
32708
6943
3515
24036
31963
26753
21282
29861
39964
35430
6073
35866
23779
24724
290
37783
21930
101
15971
17715
15525
4885
19094
28122
19697
26553
37808
5142
11524
33593
13170
40681
38989
26894
23095
14376
40496
26889
7142
4379
32991
27961
22102
16715
29712
35582
35966
5348
25712
30853
1822
25057
17936
19762
33756
16723
7915
18813
33201
13527
3968
19308
14164
19650
35537
6777
38943
2524
34836
397
6502
34459
783
13341
4795
8264
30994
