13928
8076
16830
12157
11270
16120
21584
6683
18252
23884
10787
22943
8625
6252
25946
7957
13057
24734
13200
14420
20051
5807
17597
7965
663
5954
12151
26337
15029
16768
20599
4253
22390
25005
10910
12603
2110
5435
11890
7837
15212
13914
11840
9031
16561
2791
21866
5052
23164
9944
12316
19556
3523
3293
25195
7760
9713
4707
24718
15028
21812
10112
19969
10850
7363
7846
7507
26580
4044
16765
21325
24955
15674
6582
2568
15452
5236
15099
4639
11929
830
12981
3405
6598
18047
23132
24257
7766
26132
22945
6968
2672
5523
16727
2895
9042
24411
10131
13691
14580
26610
8536
17584
17754
17851
161
5245
10230
16972
19052
23583
23972
22014
13143
7237
19879
25835
9107
18338
6315
8437
2981
6550
16586
1899
4657
17798
6126
17039
17110
24514
23420
5135
17886
4581
7841
12214
10892
2279
1856
10334
23096
14788
11820
3739
11851
6206
10724
25787
24417
22935
24769
1898
1186
7757
25013
2923
16204
18236
24387
1286
21065
17277
20679
12173
10033
7390
24881
4014
24938
14369
4222
23054
21437
7268
11648
16407
20949
2427
13210
1594
297
468
5559
24359
20375
18681
6133
21568
15056
15240
8924
25433
3749
22337
2649
21982
20776
12666
8604
6096
20328
2821
19371
14318
6726
22328
202
14076
25042
14642
10089
6750
3369
6218
24551
18822
21889
10997
993
21139
8360
14397
5053
7864
16983
22599
25648
1070
16917
18225
13698
4123
8029
23606
20210
15088
9371
17392
2412
17473
18394
23647
19335
11752
20209
553
6335
24104
19733
11601
21010
8007
17892
13397
24085
9761
15428
18429
16778
20663
14887
2641
23194
17704
498
10749
5851
21649
6370
11346
9848
12002
9279
22723
16235
17962
18269
4256
6197
10147
15309
12815
10115
1583
26253
11423
25572
8602
792
23463
17303
12393
13367
21865
11973
16833
9596
12377
19344
21201
19233
17281
20710
26589
19927
12822
12720
5069
25103
23619
12439
5783
25512
9416
4367
25258
12520
26369
11575
9983
17780
17599
19670
21717
14151
22214
15325
15118
14579
6871
5888
15794
5351
7520
4106
8385
10647
17034
26099
9079
589
11750
6151
12902
9271
19728
18267
18908
11035
8392
13573
16994
15382
4988
20569
10204
22123
9118
18796
14414
14271
22207
11487
13451
17354
5912
26645
16902
15355
19475
6616
16840
8718
21754
20780
12599
24477
10436
7901
26454
16156
16905
5843
7669
23998
18202
21692
25659
8612
18029
15066
8581
26607
18699
24189
23767
5808
8627
22396
9805
9725
26072
6480
8294
11512
2486
22209
16214
2749
923
10428
6498
3969
4758
851
23310
9135
890
23858
5094
124
14290
12814
8075
16319
17420
23906
25676
18804
14624
21016
3382
11072
2909
19400
1858
23927
13827
18401
20081
15740
14258
8047
480
5700
24686
20581
26198
3139
13463
25519
2648
17142
3091
10359
11479
1161
20904
15141
7396
15381
24670
17956
2254
22532
13705
11594
224
1230
19283
16835
6867
16070
12527
10231
15127
1331
3464
12524
8976
9777
13912
21629
17582
11571
1848
4262
9503
6465
24079
15944
14515
20472
5394
17628
11430
25351
15561
22020
3217
20606
14300
6623
22736
5994
11919
14426
8808
25926
24600
9098
3240
16013
11898
20306
10506
8024
11746
13267
23889
465
26003
16491
8721
20424
13448
24621
20260
18729
23544
24391
21458
19577
13264
3825
17471
5213
3142
11378
3954
20463
16568
14987
22850
23098
13429
8666
5989
2358
5768
3199
11839
1420
13370
10778
17877
1150
2922
4343
11894
11353
24183
18314
12586
4251
11629
12738
26091
23944
19848
3907
2861
5019
15328
24339
5427
23501
12886
21953
14096
3198
25459
19866
24735
14714
13674
4280
20635
18526
3233
1748
26389
15866
11928
15940
20899
22831
19057
26224
3392
12297
1176
8948
1142
6670
4916
2682
17328
20873
7058
982
4272
26578
15135
15487
44
7219
4447
24746
17272
18680
4754
19419
3417
5226
1424
26651
25703
26187
7726
18915
6857
19471
25152
13109
13637
15875
22454
557
11785
3092
15271
18525
20531
18164
15742
25716
26443
8172
12536
22099
20266
2459
5393
20978
25064
15997
17166
4306
2293
13947
22366
1895
19350
25722
11478
10560
603
3996
23113
2502
12338
6595
5278
2856
2590
25318
26051
11251
16596
15668
4844
17964
17049
4196
15767
9917
3398
11531
1147
23757
3744
22958
16715
7246
23750
2231
13921
20498
3430
24495
19820
7174
19410
12514
21224
18793
24951
7056
23178
11772
22631
876
11807
15949
742
17480
14578
19341
4848
16162
7800
22373
19967
2402
8441
293
25134
4398
17557
18175
17789
8229
4150
18402
20495
12915
19544
3385
11716
25720
19830
13608
2924
708
10646
3591
14121
2247
4642
20989
4872
11265
7907
19396
25773
1739
15365
1989
6349
2496
9087
11614
15987
20693
3879
14358
3239
21504
16879
6081
3884
5822
5263
16478
13926
5560
26532
17537
11344
26262
20713
12384
15914
16688
16762
25897
24759
16325
17359
16344
16940
14919
8165
17091
10317
14988
8140
4195
22287
16299
18824
17904
135
6994
16066
25224
17197
25287
7376
17340
15263
25753
186
12110
23709
10443
9102
895
10705
12400
17426
6594
25884
4884
2332
23636
21583
16572
13808
182
13342
8074
10377
24370
21098
7159
26410
12841
12374
26469
3706
1861
26237
9211
11119
25734
12361
12243
20207
15672
20636
13325
20855
2563
22799
749
3812
17771
23233
2267
7024
17756
13675
1160
12023
14794
19769
23337
936
1091
19343
7387
9621
6865
24420
23814
5974
11658
2525
13490
15091
8711
1004
20183
195
25411
25992
143
7006
25620
2756
4097
4975
13528
13582
225
2616
19759
24869
13486
25822
13721
664
9540
6524
26211
4210
25979
18948
18168
25956
7854
1187
12440
21642
1841
23835
12910
21543
22732
2420
6901
11610
3959
23517
11626
6972
20657
20966
26519
7308
8853
8217
26124
3136
15963
26125
2592
21851
7522
10002
20588
14693
13670
14752
5050
26582
11403
26298
12139
21074
21484
19834
25710
14561
19079
25678
22550
16125
3022
16253
15744
3873
23653
24909
26030
26161
22937
26309
26034
24936
5549
15827
300
12335
25217
13088
461
14811
9637
19352
24379
4866
8837
16383
5780
7411
3649
23451
23065
16889
23809
14309
20365
12463
16678
21462
21182
18471
18288
21123
8562
10282
15931
12839
7570
19924
8559
15061
1533
14951
25562
22753
16773
2679
2933
25815
3326
23965
12975
24558
19127
10617
18430
18229
23958
7776
5185
7937
25713
21705
6313
1779
25178
3507
6793
6552
4218
9377
3154
19428
4996
782
14884
23904
6926
24513
3395
4533
7039
14347
20468
12039
7551
24761
12038
5545
13373
15782
13851
7785
7494
2090
4033
3149
8190
1383
17030
17594
11579
7228
3394
226
1259
18426
24456
10761
17438
6639
20536
18881
24790
14860
18179
18102
13161
399
12842
877
3480
4665
24042
14672
6314
9581
21653
14688
19775
21631
25608
8428
12114
25965
1611
9807
11074
13940
12567
4548
10302
22318
9402
11166
17678
15665
10937
9970
2289
2800
2896
5652
13195
25269
22993
22629
7269
26090
19904
16806
26543
25784
5107
359
17221
7323
17387
25199
24825
24351
3095
504
22108
15955
4083
3742
16818
6953
12896
23659
13202
13094
11437
14147
2410
6217
15117
12158
17697
15288
5023
1277
10815
23342
7594
25063
23907
380
21675
15165
18799
12873
24045
7380
573
24119
5601
16470
13927
1390
22411
10620
25137
16574
18577
26636
12705
6663
355
23856
18776
9498
4138
5860
7238
23077
12914
2032
20020
7973
18787
21097
21388
6329
2061
6121
23039
1720
11400
24375
14737
19747
12749
1456
26130
3961
18668
11997
21518
8445
6431
7455
2567
17722
25539
4944
25682
7629
6599
12466
17717
2810
18954
26131
4644
8022
3793
26053
16494
19189
25030
23752
25197
4828
15563
13258
15438
26521
6060
22294
15374
20821
12810
15965
6053
23475
18546
2677
14277
17849
17381
12675
24713
116
7354
10096
1751
1101
18494
15909
12355
6583
8513
6243
10088
10873
14943
14695
7777
20079
24137
13077
13877
3348
417
13870
15310
23785
22161
22394
22415
19454
6745
23553
22656
21281
25223
17522
24616
15634
6494
12441
8826
22889
8034
21491
12560
15854
11708
1454
21686
10354
13954
672
21170
2468
10748
17761
14177
12992
18723
22196
13394
11086
5669
12203
18312
8351
1075
11523
17867
3992
19346
26612
2149
10744
20457
23156
2310
3910
7166
21919
9914
20068
22694
4943
8651
8030
19379
18679
12898
1996
16226
11134
18441
9705
17076
18658
15154
9808
13968
17560
3041
4780
15622
671
21463
21159
11758
136
10967
17115
4862
3191
15996
23840
6963
18479
21586
9662
18551
14766
21790
7028
7338
4634
8789
4513
7175
4190
5875
4079
21857
20926
26005
16832
3011
19844
20988
13089
768
25932
1062
14056
25624
24076
9298
23897
16305
6342
20490
23989
13423
15905
25327
8804
6055
994
7405
21798
15090
24811
16751
14762
9687
8364
5315
21988
4346
15780
17021
3670
25344
13557
233
8997
18194
8996
16828
20181
8548
5442
18405
19003
8529
22796
22554
5169
24783
1782
18188
23830
2819
10572
491
8313
21411
4647
1077
438
25557
1865
12306
12970
11249
12055
21044
26055
4326
8154
840
23199
7131
3246
14185
10070
9054
22081
1609
1418
26540
9136
20428
23494
19534
7822
25544
332
5115
3580
19405
12615
17675
8713
11054
22601
22076
16560
10385
16304
18919
9018
6721
9059
20653
13050
131
20469
15305
22219
12462
1464
22973
26301
10352
10966
6212
8829
25052
19522
25589
1355
24709
17898
16844
4231
1103
20925
20034
10683
11373
25751
230
11647
11137
4551
19455
20852
17942
19589
12762
9946
13630
13822
17258
15284
2968
9608
14008
26252
19575
12504
3610
13175
1401
1216
20402
20895
18634
7226
21916
12640
21604
5441
23292
11984
21446
26134
3975
22094
19807
25330
5589
5673
8505
9536
23289
13185
17640
10532
17833
8995
9902
11769
16483
23490
19571
7791
25651
22954
15582
907
14194
11446
18736
2490
20680
8482
22705
18590
6191
3680
12794
5884
5009
4678
2725
13388
21712
9931
9255
242
6401
6146
14485
8234
11674
14796
1862
20374
2773
24323
9013
22580
21706
23635
25871
2573
612
10335
817
22927
25949
6004
6148
17059
25211
3733
17747
22070
22778
22244
8476
14206
26247
24248
24570
14506
6644
21238
1863
15847
5307
18731
1962
1813
18661
7429
6367
2552
18424
20856
3542
13030
1337
13331
4271
14302
6796
7971
16227
5638
15564
18892
10407
9986
17062
22587
17914
18248
8196
1229
20530
5049
23796
1515
23090
2722
15031
2824
23340
5857
11058
7114
19902
2556
1561
22392
15746
2367
14427
13913
2497
1333
22447
23878
1560
8295
24476
19211
19367
9947
6031
17135
14159
20019
11405
20134
2779
19435
4067
15067
4757
13056
13362
25776
16702
19130
21537
16601
5284
3772
22211
18965
1399
3835
18201
4960
26477
958
7119
19869
12719
720
3205
19467
25977
18023
6776
10269
5401
1563
8343
5122
8606
4834
22201
14667
17458
13753
16374
9635
9232
12476
16207
19768
1450
10968
3380
21001
25702
12098
1228
3345
6461
1936
9105
4692
18612
6013
19829
19157
7714
25170
20199
11465
1604
13305
3305
13395
19635
5741
18508
7448
16189
2785
21113
15148
3547
13931
10642
16566
3682
14189
4495
2273
15519
21389
7951
400
4297
584
17047
21338
9210
1666
26446
8931
8618
12541
11636
3428
15490
19380
5799
12826
8237
22552
392
14856
13653
6390
3792
23710
9217
3196
12830
15454
20450
2429
19700
8113
12595
16714
190
910
20646
21606
3854
26360
17193
18087
23229
901
23116
18412
16680
10526
8767
1382
21622
21129
1499
12071
37
4776
18004
9000
16030
2147
4410
4208
17379
7287
8010
24034
10576
24588
2438
16152
23821
8355
4249
6239
4804
1238
17642
8716
23099
8523
9336
16135
14906
22095
4278
23618
17847
22004
15341
19640
404
11055
205
22295
2659
12901
22664
20116
17825
10931
1742
17656
2365
13579
4254
11587
24849
14594
7440
2336
18730
1614
8876
22537
7927
2955
7623
11438
19280
17337
25365
22210
8224
15633
2579
17684
11289
9035
11153
492
18012
25119
15716
622
11725
14721
24569
3362
3592
11252
5988
23115
16618
24534
4417
3575
10725
9407
11709
20607
15423
10804
1093
21103
10855
15771
13233
21011
6980
23011
7948
4743
23105
10209
25611
9774
6422
26395
12879
23352
16190
11869
11392
15370
26527
4388
23356
17078
2789
276
13625
10438
11552
14764
14376
13178
17513
16592
21371
5273
11174
14383
3840
22830
4902
16947
20789
7544
17501
9311
5636
9818
5987
20777
23568
11685
6444
16402
20869
18153
13820
9297
3470
6502
21443
26179
15991
3784
23348
7991
24830
23976
12924
3534
23538
20920
12207
22819
6369
9037
24052
16338
3860
25169
24465
11410
23523
15704
23875
2788
5949
7375
595
12189
4529
26292
10114
22135
16689
26569
6535
14825
10386
7463
5580
2005
22130
2597
12585
15805
3195
4230
13415
2958
5457
7351
13785
1435
8194
106
2043
7892
1772
4375
22662
10057
15739
9779
15925
4980
3349
19229
18975
22082
15864
6638
7097
25492
13287
2129
12751
409
19354
12421
4987
15286
25598
21977
16712
3513
19196
25475
17894
26509
2454
18656
5476
249
1617
21922
21934
18420
12711
16092
14776
4497
22877
20231
5527
809
1773
21082
10135
16545
15530
12526
18689
7091
16627
22892
2138
7992
6669
902
18503
22234
22483
259
17418
19404
7829
18431
12608
22221
13221
10957
16666
5184
19711
14671
23621
3847
13958
12919
2918
1907
14713
19085
14792
1746
24593
1449
15249
24937
4300
23158
6945
21654
20996
18022
3467
16142
21914
7889
14723
26040
13509
8774
14872
18844
22019
6512
23632
12120
20213
375
16426
9665
20161
19923
866
23571
3823
5325
4199
10262
4386
7997
17361
14838
24793
23512
20440
12185
18112
19045
14208
8186
7885
19777
11127
25313
26449
1306
18859
25791
25001
15855
20927
14538
19459
10792
15146
7385
21036
17322
8847
18755
7023
22323
19560
17201
8490
25810
5395
2007
25180
2670
763
7849
20405
21310
23373
8696
26231
10042
14282
8758
25619
23423
24308
24256
6150
20412
11591
10639
4127
16829
26236
15956
17152
13932
14699
24244
12454
10412
1798
2790
2625
8158
17879
14791
140
22726
20539
20414
9691
4761
14728
878
25633
22895
5130
16927
20779
10312
4282
1200
26235
10299
14802
15320
2299
17953
9483
6774
10604
13492
8415
24142
8251
14822
12390
13144
17274
12913
1870
16091
21688
23615
12001
1199
5134
12029
4347
23711
18377
3291
25564
1671
20122
21200
25277
19736
10766
1906
22279
1837
16710
23357
13436
10874
4570
8722
13375
22596
452
25072
14895
16098
6688
25124
10202
9904
16791
4741
687
13657
5209
22581
8746
20799
14834
20271
3722
5029
14393
26194
19111
6877
19358
17080
2662
21341
23847
1223
15656
19089
8058
19794
6832
6125
8622
6870
8791
1573
9894
651
18043
11583
14742
7158
20765
8524
24041
11641
20976
25435
12481
26507
9004
3174
12077
26213
16442
12688
26504
8137
2703
6256
1668
8735
12482
13537
24243
22920
24211
13690
12984
26222
25069
6533
22562
13980
17972
17466
5487
19231
11188
5986
23974
16361
1640
19789
18841
24821
22229
25051
24106
2256
5232
525
2208
16324
24126
2742
3093
9086
12052
8304
15116
13204
17970
22805
12680
16826
21235
10288
8963
26491
12437
11009
17598
453
8764
15265
22783
16429
4407
12271
1600
12543
7470
21033
13904
19540
12843
2553
18155
25037
12817
3655
18256
16380
12252
301
17442
82
7491
9208
12344
413
4458
3261
22774
26322
25660
12645
10336
7816
10769
1214
17977
12547
23208
9065
14615
23230
4649
5037
9830
19620
21478
14814
10020
7134
22942
18466
3503
1731
15521
15404
12664
981
2075
2243
9815
9756
12006
13390
20634
8341
12920
19825
18354
12488
25717
8828
23701
15792
16424
17701
21268
23846
24023
7737
822
18284
13929
5207
18906
24311
17094
11223
5605
25772
21680
86
11776
24630
21580
1122
15721
5102
5413
13863
6161
7960
5809
9653
26472
13027
17784
1336
11163
15774
6231
13224
6842
19222
7556
15335
2999
11024
25109
23790
5133
15094
11457
20404
1031
19607
16265
23424
2263
2048
19006
23196
18141
16475
18949
3450
3894
15745
19049
10394
3230
731
3724
7408
18522
17109
1893
2565
20392
20283
3049
8336
2331
20846
7063
26013
8489
2939
16147
9964
4561
9477
26342
19931
15344
7871
6132
19511
17477
25600
23493
9496
14607
8674
7745
12020
8109
8550
12490
9795
6637
18839
26277
20352
1041
24836
25337
19529
3320
12868
23543
2950
5551
23781
6649
7626
15999
17414
21837
3619
1633
6297
19982
5887
23957
24066
24228
8844
5820
24723
12656
4600
5420
9282
5316
8245
1438
5026
15200
8307
795
16934
26026
18955
12164
2879
6620
8848
14799
3595
21124
24397
8480
18444
24498
1209
10030
25274
12093
23929
6473
22914
20240
279
5544
6057
21942
10856
791
9391
9700
19388
3632
4095
12790
8894
8139
15398
9346
21361
5623
10685
7932
26089
3412
4768
8181
8694
15571
4484
12092
2989
5376
11345
21946
10066
17369
22080
14926
17037
18601
17174
7248
783
8972
22343
1205
9072
6008
14140
20295
5602
20152
2175
15282
4201
5421
14063
16045
17440
25481
20184
25514
245
8021
21628
9039
12261
26524
21847
22572
4279
10378
22178
11454
1446
20317
2369
10599
20929
2322
11318
10100
22836
23851
3548
21459
24926
8409
19586
8788
5944
12761
7689
7568
7422
4805
15747
19694
21364
11979
12665
24421
711
25298
12571
1836
21051
1888
24150
24110
16343
38
22398
733
12323
23533
8400
11080
10161
1119
19457
13165
25963
22273
3774
1903
10292
20655
21147
9156
14846
2433
17073
21435
7827
1705
5424
25118
17654
24020
3618
9550
12414
19441
7416
5179
12690
5490
9068
4021
6340
20637
19296
14522
24687
25168
17763
22053
20792
3295
10805
18334
24860
21004
12288
20737
12447
12723
62
25741
14933
20238
18107
7011
10939
4479
5287
7365
16078
25019
21305
12472
14106
3429
3132
10865
15986
11278
9117
25634
10557
13635
17792
17074
2555
26346
26590
1921
20429
6949
11269
22414
20621
8603
3134
16161
2140
18574
15534
11449
8653
16087
6440
24846
15399
2452
7821
7712
8872
22750
12178
26307
12549
14111
14339
14833
10373
24766
19872
22486
980
9599
25310
10393
12895
11413
14930
11367
18106
13996
1528
8656
6849
12161
5175
18512
311
24197
15819
3355
12565
18119
7751
11472
2300
10681
11576
2528
20042
12083
18305
7200
3150
16946
12341
2646
13145
24191
8726
19369
23804
26398
10575
509
23491
11835
12525
13284
13193
20099
22720
16749
7179
11802
10659
19530
10511
23937
6627
18113
21334
24205
21669
23753
24669
16382
17887
6232
7061
18587
9352
16082
16262
11749
11275
17225
18342
5784
17052
25832
282
8594
423
24070
22179
13540
9213
8790
23870
11756
2271
9474
18124
14445
8093
20297
14952
9952
22378
22489
21954
16221
4517
4103
9390
3499
3413
13412
11719
9909
12303
12558
2351
19002
12231
4774
9667
21216
3958
4157
20554
13407
6381
10227
14668
11816
17167
23349
13743
8567
3501
7356
2431
23675
5979
15970
22858
9719
18821
11365
17104
9716
8361
2630
2919
9048
26648
3264
7291
24666
7437
7165
10520
25441
26530
20487
1654
10918
10087
19682
3167
15773
11123
10734
3712
8419
1743
3530
1135
6109
396
21974
10254
21904
5547
17631
3148
8857
5524
5610
12700
21834
23761
21925
6124
4691
13260
13209
1795
19321
6451
20754
15304
21561
8085
23716
20626
8386
5984
12237
18416
21788
4860
12103
5502
23953
5186
1173
12435
11584
24151
22306
24144
14687
10793
2636
812
148
20830
20651
3455
16697
21354
20698
9733
23044
4957
23744
3090
20373
22152
20796
18237
1558
24714
26135
9810
3947
15675
17664
19983
8836
2727
5259
22665
2465
14570
9512
24362
3777
24096
16894
1538
582
3979
11439
10134
18837
15781
20527
7142
13071
19139
16506
14480
14074
26535
10980
22730
3491
9563
18345
14105
24284
20047
20625
21896
11088
22078
1078
7457
23434
7989
12916
8412
1566
2000
20062
13481
20139
15895
14946
10137
7095
24905
19356
14174
20249
6532
16112
12287
15517
8554
20431
1787
24883
13215
16061
10276
13333
6592
3915
20962
8041
18630
19610
12962
18330
22865
14508
3085
22446
23780
26618
6178
20627
22866
1901
21416
23150
24245
13633
3067
1379
16234
13070
13179
2150
16988
14844
13184
12739
16681
19360
6755
11514
11855
19043
17312
24393
6147
2044
6748
16454
19020
17314
307
19193
18449
15759
14674
25759
1999
18922
10593
10891
21231
16495
9370
14749
12443
1099
6848
4566
11290
6268
3701
15569
1131
16630
11643
12570
6134
23455
26316
13453
21860
15535
18027
15429
7631
10291
13266
8731
12730
5260
15256
3843
14424
9062
14001
22194
8108
26251
23318
24377
19947
10653
3590
11118
23311
24974
8138
10795
7087
7775
10346
26560
10319
26267
25582
1691
3564
13602
2778
21275
15080
24801
4340
19073
484
9014
17306
10627
18644
15523
23605
15748
1367
2390
4217
19204
16761
3287
17407
21734
25736
2162
4455
3869
8249
19778
3172
3042
21701
9050
542
7104
17624
7460
18932
17627
21558
8218
13190
25029
14484
12600
3397
1750
2606
21673
67
19389
23052
679
14237
10782
24048
8851
20974
15422
23582
7852
19762
25827
19599
6224
23049
3201
543
4464
18504
16412
632
8064
1240
3868
14989
10266
530
12750
1531
5392
4394
11383
5140
3982
8143
22494
20707
10524
15873
24528
12936
2714
11691
15300
25488
23658
15508
5368
7771
17093
20991
19374
14095
25830
3786
7073
15719
15703
6557
2394
24457
4592
21527
14689
13080
16926
6173
770
12396
23967
19140
17826
7840
6553
15115
12964
17262
8056
23159
2439
9562
21298
24543
15654
17691
23166
20232
26185
9757
1634
24730
4766
18573
23518
25997
5283
9681
20279
23694
3694
22365
13345
4630
181
11873
3497
2274
17820
13662
19112
6587
17138
21120
17013
7512
8720
14344
21345
23624
4666
23476
13117
8914
535
18778
17051
16037
2846
1972
22386
6087
6214
4259
10960
24259
3895
18611
15556
7182
18709
7647
1157
10519
23060
22963
8403
22803
6508
21099
18244
7993
13577
18480
14634
26368
14017
9965
24724
21610
18097
22206
4234
26381
6709
10159
3313
19032
11659
14772
13887
3089
16532
11227
23564
18214
357
11712
17208
1953
13256
8151
8811
21774
13728
18193
2028
10435
23567
17994
2222
13348
13720
23557
19164
7898
13517
12976
5534
14917
15544
4784
20643
4273
3817
18756
12109
23579
1585
8805
16466
21489
19918
25668
7592
20534
9175
21111
10192
3948
7995
25878
16063
2966
22779
12528
15977
21672
18819
5076
12498
17929
23591
5391
2157
1195
11652
9267
17154
23002
22949
11886
13869
14093
18476
611
3806
17348
19426
25255
3901
18615
7102
22734
7096
8981
21810
15729
8512
15108
9889
13811
5384
24210
6973
25729
24488
1826
15888
13083
22764
4535
16005
15606
16913
24923
12363
8532
18325
24261
6930
2873
22321
10308
10074
20950
18041
18455
22086
9104
2586
10014
8114
12766
21056
627
10844
16400
22876
24880
24726
6887
19545
12669
13793
2237
9585
15587
23245
4125
19195
12809
16252
6648
7178
11513
24485
13025
11670
4970
15308
1469
23492
13376
8188
26041
24876
21716
26103
7098
7599
15538
1882
19772
9169
11229
2034
1992
19770
16698
17565
3031
16588
7428
21814
10173
443
26070
25328
21782
2378
20718
18063
4735
19795
764
10614
875
23277
7640
19463
7998
14396
738
4424
25458
3642
9522
26214
8555
1776
16624
15228
24921
22469
21958
24221
25438
19716
13253
729
8089
18199
4553
2186
24398
12649
5676
6273
2383
6904
2627
21476
11592
7235
20644
12965
24751
8659
24003
23473
11703
4564
13126
19290
17930
18585
19055
10244
9752
378
19906
14314
1940
25873
23562
15972
2265
25383
17467
24689
16302
1784
11246
25033
23770
21300
26409
9257
1342
19591
22696
20060
4110
24080
9957
20912
20049
23453
21272
11540
8951
24748
18502
8429
21868
4663
8506
26493
8402
24866
15833
21801
3308
21304
15190
12614
23510
14375
10531
13701
3720
20881
23677
2446
17812
5398
6139
8325
12216
16512
2312
20245
7869
510
4738
1550
1068
180
8930
18944
11942
17818
17156
10120
18392
4512
17725
20668
17191
1534
20455
9236
16291
7260
21679
18649
23207
10954
20406
5893
24071
21722
7895
3024
18081
16010
7008
5012
13850
13774
26383
13834
23243
9544
9933
12291
1496
14026
4835
16349
3076
24141
11121
18733
13199
16668
21340
22702
11672
12068
24253
26633
8491
713
10382
16580
11936
30
21633
1791
19563
13735
10340
7673
569
7484
21867
6642
1897
1796
20294
24112
24675
7858
14274
2014
20771
8184
9699
14867
8342
19259
14486
16971
8877
8305
13220
21590
20697
24698
18099
5146
858
22558
14524
24928
9521
25661
8242
22585
18157
22570
17461
24930
23784
7753
8443
3424
22462
4366
13756
7890
8987
9516
22813
9704
13570
25944
17441
5488
6024
14366
918
18065
14328
13935
2905
25531
19154
13153
13268
24954
13317
3301
8422
16673
9706
326
20058
20623
3866
14500
20671
6359
13888
937
7218
281
1324
22057
9814
14568
11349
4881
24171
14925
19246
26320
26168
25395
4825
868
25796
19710
21969
19487
13086
20106
25849
7369
24627
18085
18092
14806
18715
23857
1771
22512
2513
9131
24824
17068
14014
20867
18811
11544
24132
11033
8091
24917
26544
14700
164
6521
19293
17455
17419
13285
13222
14025
19330
7409
26306
24944
2781
21267
25038
7342
20535
10083
16985
21671
324
20589
15253
6403
21205
436
20422
21378
6703
23552
22264
23771
12778
22548
15685
2381
7101
1808
11471
64
15021
1732
9793
6295
16208
17544
1565
10036
16486
1669
12200
17607
19037
23639
596
22524
4509
18969
2158
10270
14869
13248
9021
5766
17653
25497
19464
16880
20828
6435
906
7931
16687
25491
17040
21792
24586
21521
16185
16647
6801
1052
22289
4416
7403
4622
12387
3007
9462
25010
286
9686
22017
17702
22546
3137
22682
13767
570
8945
19673
18617
26490
16667
2309
5658
14927
9134
15337
8160
16613
4225
5313
12405
23398
22724
23460
18055
14100
641
16151
26340
11819
13129
8776
24898
14110
6855
20418
26350
12366
4813
9938
2366
12577
22054
20889
4118
5742
16898
17687
10615
23742
25166
14957
24019
949
15728
10582
25781
234
15207
21190
18698
1373
5358
8198
18275
26114
9642
15657
9548
3531
14938
6931
6176
10868
26258
7214
17562
23248
68
11870
13604
15100
22754
14083
8153
9685
26585
5752
21184
23686
17160
21186
20685
5840
19751
24249
20441
12713
18595
16594
23941
580
19787
2935
4461
5477
8508
2251
8946
20474
11420
1873
22482
16499
23249
26480
24875
14227
20274
10324
25126
4753
1851
26296
11993
24949
24768
16771
59
15611
16848
5634
17305
10596
2232
22106
15797
21871
10095
4695
13609
5298
19253
9443
6920
23617
17503
9747
20553
3307
24685
3147
16174
20154
16384
11829
15246
575
4917
15504
12477
24390
8777
8883
10486
275
16738
23347
10301
3053
25306
9842
14558
19753
22998
879
20567
9242
1329
8923
7744
24946
9977
12745
18942
8539
20484
14477
2752
1202
22983
11963
19385
9449
7146
16440
24044
7905
15333
194
22977
2822
4806
21793
13419
2480
20605
14719
9678
6653
16919
2639
4252
6890
12305
623
19041
24929
22619
14986
61
23806
24572
1292
10876
15946
15413
12630
15294
12616
14961
2544
5293
3350
9424
2262
2166
18929
9420
19149
11230
8907
20078
9823
24864
1713
17899
171
16118
347
15277
14710
20647
8221
20683
2295
10295
9305
2119
17786
17547
21579
11496
20369
19828
5165
25148
25964
10403
19123
8860
15353
531
16595
8558
23372
1055
10466
16890
19318
1657
17567
6737
26488
5151
9619
1926
15167
10374
25278
11515
9110
6321
10679
26023
6754
16781
25506
5596
17668
14378
17975
15921
2432
10331
1570
17509
23285
20069
22064
26548
21599
1890
6770
24190
25503
17901
22992
22120
8812
9447
6640
21070
154
7690
8495
1312
12771
13681
14235
19988
18657
8954
1788
20613
23256
12554
20959
17505
13010
3490
8692
3486
1301
9146
10882
23879
17589
9307
25378
7684
908
8469
23258
8958
25903
22936
25022
5066
17278
1394
1087
3244
26619
8781
4931
15688
24333
21372
1752
3025
3832
4682
9083
17938
24368
20155
11260
24493
14939
5764
22647
18497
20807
5874
21068
10396
6619
21412
10934
1587
15287
14850
6398
5862
3604
16181
14703
9010
9559
1180
20003
10158
21567
22710
11827
13614
21247
4460
15255
18548
11553
13029
17633
18648
3182
18641
21297
25953
12084
11027
16448
16853
1904
20758
3222
3101
4162
19264
8449
24786
26173
14182
19363
12376
15867
24520
13187
9646
8660
12983
16239
26420
24744
21582
4187
21448
7124
20071
2921
4144
26071
2906
2741
3360
13138
16488
9703
10709
18901
23649
251
6561
5328
13975
13596
8947
4490
10297
14841
1284
2305
26049
18816
13004
10211
19514
18706
5554
20312
13332
14214
20083
11908
9863
24425
4524
1357
1770
22315
5048
16199
19871
24971
15555
393
20827
5510
23667
19456
8913
8362
6323
26133
6169
11920
10991
9067
17253
25974
16563
19695
16895
13054
2359
18598
10019
7172
22511
6875
17296
3973
5356
19219
25755
18654
19437
7622
6355
23119
2154
25279
16996
14918
15707
23945
16367
11005
8870
21541
19513
23831
23673
3805
10413
11342
6437
9161
3133
1988
11731
13092
19524
24911
17107
2036
23948
16865
4545
26196
13255
24960
18209
5335
22766
20433
2675
21415
21894
20941
18150
23828
16108
14499
18645
14905
17003
497
9480
22183
10626
4247
11958
17056
18912
12451
7473
8531
13299
668
9651
8282
1123
2546
13813
5776
5908
7990
11924
17532
11297
15435
12467
6674
13884
23134
1658
22843
10128
18768
22171
11236
14016
15196
3957
2085
13960
9767
17708
23600
13788
5740
3819
14893
7539
5120
19302
17433
5635
17300
18878
319
952
23779
22438
4559
9284
11461
1758
25430
18037
12348
6412
26341
15074
6808
24475
15897
19064
21836
25073
10530
24983
19504
4372
16127
4752
17870
5364
23067
20131
19063
9166
21144
7067
10463
3328
24517
10675
3207
11925
14431
25923
21488
13227
16872
25848
11171
11440
9464
3952
7848
2674
24731
13607
23359
7148
6235
1328
22136
18048
14609
4526
11076
16041
2566
9610
22466
5223
1006
11208
14371
4914
24332
15612
2205
13389
6441
17946
7152
9968
15885
4499
2511
21620
22455
7708
22419
10201
21695
4515
3358
13346
2529
3488
26379
16514
23020
15692
8350
4892
8466
2547
18400
5817
8858
3160
16564
8425
2623
1250
12380
13547
13386
3779
10348
25210
4760
14816
16023
16432
18506
9632
3875
2794
13251
16493
14544
12639
20076
21650
5924
10644
8993
12876
13511
8284
6484
8961
653
20101
24138
20140
2971
22167
8453
22746
19075
21482
8846
2917
8123
354
22583
18432
13461
11452
14367
7563
4865
20741
20838
20955
21350
8865
14915
25762
7724
23009
25432
10232
11804
24022
24716
2792
4992
19033
4263
2817
4967
12642
4577
21213
26033
15075
5347
4983
24120
6254
26080
12659
5020
4433
16763
24061
12519
14123
4211
13754
24916
16633
21058
20732
8397
23691
15605
12502
23979
12329
19531
18484
18605
2193
1918
11565
8698
24395
25679
16289
4007
6803
11152
6678
21315
7328
25931
25993
17620
14368
13186
18307
8472
17402
26257
600
2780
16924
24753
18618
12129
4597
26376
5649
23486
26276
5059
23121
8436
2264
21998
20350
21095
1544
24778
17410
23438
26189
23242
1332
15691
21764
12562
12532
7451
12046
22818
17608
22431
18745
16539
7391
4539
10069
23637
20883
10753
732
12848
12709
21226
7485
4842
9748
14638
3842
7906
19046
24289
18637
6712
24510
823
6883
10390
10915
18011
12922
13950
12553
16004
4381
107
7519
14994
24739
21539
9547
17238
7637
15731
6233
24997
25149
746
17638
22173
24816
4978
1971
17210
22381
24506
5964
22848
18989
11554
5281
8410
12980
13871
16845
15706
22916
6267
4651
18510
496
9108
20277
18410
23541
6102
25898
8253
10826
8638
16915
15992
14537
2519
12644
3600
5055
12878
1171
18786
9927
18035
585
9077
4485
9879
22851
8937
5318
13751
18836
14549
16109
25672
17082
3780
3858
9342
20767
16540
20346
945
17179
17689
24803
11432
2577
19023
10026
1693
10476
23885
25718
3106
6749
10223
21287
2181
20592
7633
9839
2411
24655
14881
11293
18238
16852
16961
18864
1968
6731
9723
11136
1291
25108
8394
2010
26250
7100
1762
11305
21047
17276
12748
23980
17368
4429
20176
13713
24505
25845
7035
16846
13151
22119
3211
9162
7867
12429
3070
19497
15868
16233
11797
7920
16542
16643
546
2385
8367
24134
14329
4877
21013
12254
24831
10505
26570
13198
4816
14912
5629
7559
22747
21322
8060
1030
14322
7963
5188
11714
2033
1662
11366
11419
2064
5194
15464
3612
17065
3375
7700
14156
20519
12412
4717
175
26471
10170
15764
12683
15816
13806
6667
22781
2220
9019
11320
3568
6773
20119
10293
1653
25740
344
1767
11007
23604
17171
18565
21057
23392
1263
9919
25819
19397
8752
21534
715
18777
23147
1113
10533
562
3540
21329
14978
21639
5897
978
4788
17719
12041
18692
11255
16392
12552
1619
26082
25899
14497
4772
18329
4169
2001
23865
18404
1879
12517
9661
17484
7313
16433
19826
18516
8905
13578
10732
8067
23931
22370
19326
15233
25320
25286
6104
26520
11319
309
23772
23524
17351
16104
9636
23251
10973
1448
23301
3714
5772
19110
25909
4554
2645
12875
18485
3574
11644
10207
16035
5062
12388
18270
2564
2375
2112
8855
7917
9997
1447
21846
9490
7929
25699
7492
18446
24108
15392
22062
21136
10099
13923
4493
11397
25950
20150
20596
11389
21644
5503
24418
2169
2854
8303
12415
11991
24903
3978
4322
24452
3751
5167
20525
22376
6990
5422
20675
2774
26456
5522
19952
19004
3296
4329
2234
25774
21002
4314
11738
10376
25639
17799
20541
3949
21752
10473
968
9142
9385
22090
13406
13300
8131
26644
24953
21724
24165
12136
9090
20670
10916
19016
11598
24617
22800
10091
23210
26244
21887
11654
9499
20809
16611
11511
22187
23123
14002
23431
4973
8048
23611
25563
5156
1443
25089
25121
1480
20570
9074
25555
3937
19292
19555
9921
8796
16364
17431
16734
9428
14035
6710
1034
17259
25733
5182
26105
7883
14778
21617
13115
15270
1854
15539
1179
299
5111
4598
15093
20720
358
17765
11322
11308
10959
25020
710
21192
13641
21966
22594
17294
3764
23231
12932
12218
21890
24403
5044
2925
13849
20782
11303
16069
10001
13695
22035
10490
11375
7662
16916
24969
4139
11313
4584
7452
8885
21116
14757
19009
18897
22904
18845
9583
10558
7715
8682
4626
7606
12899
2141
9475
4990
11620
24301
9160
2701
1625
25402
2487
14560
16662
7099
20891
8669
10402
18369
9099
8599
8211
6824
19744
9711
19
16813
2151
8709
8134
20526
18833
21104
19903
7394
19596
7529
16857
6278
19761
9702
26077
8465
3170
14643
3638
6675
680
8001
5306
20586
956
18582
1225
19720
2089
15400
10608
12634
3280
4573
13176
23394
3080
5660
18521
3439
15018
21211
4232
1632
1523
25533
5018
22808
1970
20409
7510
18118
6916
23128
20661
7315
7819
3966
6099
7671
10580
16327
5877
97
7476
21809
13841
19666
11800
9468
17367
21978
22924
7432
2892
9331
20111
4075
26280
633
22932
15209
7947
22716
16435
16231
1290
2415
11739
15825
2342
23058
3788
10498
16058
14021
295
16614
4618
5628
1639
888
21544
26518
26392
13097
24720
26495
12125
4824
801
20010
23706
1058
5003
17609
7054
26076
5929
5606
5607
1117
19468
6274
12792
20413
12406
1684
6752
8417
16756
13323
4926
17044
5285
9064
21313
26096
25654
4706
22488
5180
8632
9317
13405
18152
4775
1349
17486
4476
20326
18591
4921
865
25221
2644
1019
11105
22439
15269
2132
17710
18457
2077
21968
19408
18974
11379
19216
6912
13020
11871
9103
16211
25056
16017
7052
6175
20437
7053
5337
12654
17585
17648
21562
6954
20041
6958
14551
15412
2238
8258
25788
12783
22885
13658
5815
272
14136
25476
11445
5363
15307
10555
6391
11664
17194
18240
23422
11384
14363
9328
19263
3432
21659
15023
17745
22625
15311
7681
22157
26465
4124
8522
17331
4954
21519
16401
6001
12905
3083
7818
20669
16914
16430
7062
24224
10502
9355
8749
14286
15468
4385
10189
16250
2093
13347
23749
13374
25580
14985
8349
12945
23447
21574
13072
10678
13393
20826
16621
19106
2145
10300
23241
22635
12411
22149
7367
14531
23871
23068
14518
2206
2082
1120
346
17760
3206
10450
20859
14739
22814
14854
15862
11837
544
6221
7130
15234
12073
3224
6673
18310
18482
10236
5812
13142
19766
7565
20160
9253
22755
17223
17147
5568
12755
3653
17192
8675
11891
13278
9034
7912
25505
16015
6418
20915
3651
5667
12833
21206
2878
25034
4578
22681
24296
14976
11228
16276
7425
20
13118
16398
13459
10320
21805
10956
5715
26087
7826
25681
23418
13315
2282
19992
20964
25299
3998
13900
1543
9832
22561
5898
24419
4976
8382
19946
6083
21405
15160
576
3877
10311
4486
22793
14419
343
3130
23625
594
3050
3808
22085
9415
10803
11559
5181
1850
7904
5926
13957
16736
13891
10525
12245
1185
6967
18304
15424
16230
18499
25116
1409
872
3249
21900
24426
20268
12828
13257
6784
14166
12333
4011
17085
17846
9203
17252
321
3561
1126
16080
11299
26424
13857
13805
26444
26625
12580
6360
11524
13074
4603
3656
616
16298
25408
24874
6181
19425
3347
12059
25483
20087
7282
7066
22226
20660
17985
10953
4800
14603
2614
4344
7768
7003
5754
6122
9176
23374
9400
5118
10043
18925
13815
3673
18808
14920
13795
5006
15394
16533
17236
13839
13973
20348
15648
6130
19137
4673
1136
17058
25444
19399
19688
25006
20386
36
8106
22741
17506
14370
13576
3248
21079
4062
20372
12885
1045
3376
23681
8081
6738
10838
4541
2721
5205
25883
7247
2836
18120
15500
4516
16043
26242
10304
18817
7845
13230
24161
22349
7878
3963
20512
9441
8634
12735
15547
20833
3235
18478
2893
10767
8247
13902
14416
23669
21859
15512
10775
15275
19950
25096
20600
11650
6098
526
26526
18062
5963
16423
26623
5291
947
23991
8727
5733
23182
6914
14523
15899
12578
2413
5113
19622
21947
21520
1152
17114
14233
3519
20719
13357
25380
24877
20446
18378
11329
9649
20872
13101
2442
11842
9537
7739
25050
12065
21087
17175
22839
14220
15791
19800
23787
9556
23662
6845
26432
8578
3643
19217
18104
18335
2345
17002
24314
26621
24095
24238
113
5402
23379
11002
22286
21061
1881
6815
17572
9597
11563
13694
19327
8223
23000
12427
7621
120
20801
5899
3818
15289
938
21174
12496
24386
20362
5045
19948
19804
4710
18883
21838
12455
989
7984
8527
11456
14453
11938
15145
3054
5710
20902
13425
7809
26273
24924
18415
4177
5464
26037
2488
3359
21072
22180
20024
5633
25190
15974
9426
17205
20313
11833
26272
18176
13985
1849
24554
20008
17153
14415
511
19390
10179
25179
16990
25032
21997
24004
4442
3390
9119
7546
3250
5950
22114
3177
9629
6982
21449
992
22970
25003
20193
20262
1872
18368
23172
4797
24942
24430
22303
16272
10117
26159
11627
12979
1129
24785
10130
6523
19036
19651
11609
16055
11102
24406
13001
13668
6377
26396
4836
22018
1388
9274
5878
7659
6420
1775
16411
23599
14381
16420
15479
18008
10000
15659
3702
14753
25602
16877
18532
25015
25870
4590
5497
24304
14160
23415
4615
13485
3925
9877
2770
21844
25719
9069
5481
15143
20499
15865
11335
22030
18407
17360
19643
14629
23298
21089
3626
4959
20456
11503
19133
4656
23053
4111
6486
13930
1588
11427
3391
18399
23026
15509
446
24352
2352
24546
14207
21369
129
17123
20401
24354
22522
19984
17007
14813
9469
7285
25715
23404
21731
14627
4712
17571
22326
10296
16824
11337
26022
7701
17311
12356
2171
20630
3183
25485
20755
24980
15101
24294
23261
8226
14219
17855
16968
5289
19813
14803
11996
5123
25439
20528
20272
17680
18309
20447
19008
7587
11905
10437
25189
3157
16870
5504
19182
10448
3489
14157
5002
3098
15596
4336
5670
21991
18716
20178
18163
481
10654
25833
9299
185
12991
81
13656
8323
6783
1526
9258
14588
15857
23730
24962
14127
7946
21662
26255
5763
17077
3569
16307
3945
24363
10774
5339
22042
24193
24202
1042
8498
24494
6571
8576
24680
13270
23474
22875
22360
983
3734
18785
22485
1530
11045
8809
21728
20363
18675
22230
23378
5399
1151
9143
25225
1109
24913
10786
21429
1490
7803
5454
14566
19395
17558
2669
9655
1168
21473
8510
19749
13983
2532
2851
25783
991
17916
5031
24503
20142
5465
8635
12542
17514
3971
11656
21197
1158
621
12175
24217
20180
24360
14696
19963
698
22961
3962
3141
19490
3906
14022
635
8597
6487
11377
25735
3066
523
11473
17112
23643
25920
18829
25522
24380
92
20212
26158
10886
22000
13181
20061
11075
12268
14804
364
3257
10108
10143
24978
18771
26140
19114
14993
14283
1395
16692
13039
20965
15002
3251
10660
6049
19433
1352
20508
20618
23860
14732
1719
14940
15597
15775
24922
22405
14406
15698
10936
23627
25542
7624
17320
16807
8004
24845
22274
26011
14613
14582
23799
21469
3331
12211
6119
1698
12042
11150
10573
18561
17116
12051
8228
26311
3368
24634
5588
2498
22832
22955
23774
940
2384
15658
21250
19719
20878
15180
15259
21351
17991
17828
5911
14436
10306
18052
13783
22402
26476
13474
19249
23939
5081
11818
15784
3014
13458
22823
26329
22718
10003
18144
5781
1546
8596
19972
24861
4792
11475
4645
4293
18173
13729
25018
12062
11161
23603
9489
24907
22881
16179
19557
14303
25205
2303
2287
794
17014
13100
25
21808
8231
10076
20426
11380
17980
23323
21784
18684
8468
15642
14070
23111
15450
14722
12999
17131
7392
26218
12381
21228
13081
11755
11737
15396
5089
25403
5859
15178
12296
12088
25644
24695
26345
11634
16979
11060
16321
19162
12325
8486
348
1371
1814
22472
16610
260
3407
21392
16128
24451
7967
25692
20097
20812
14637
24583
20593
1754
4520
9892
19192
12530
20400
6719
10888
10199
19210
18382
25445
8233
6204
11332
1124
24001
14911
18387
17341
22442
15241
13530
2474
22525
14577
22067
17472
8020
22228
14657
4283
6942
965
13866
17989
3849
14000
4580
6106
10514
9150
11781
11323
12982
21915
18870
10084
1501
16237
6336
2330
2248
7683
3437
26121
20749
17283
10217
12229
25707
12251
24350
23055
2194
9347
18943
10092
10267
2196
3377
394
80
12637
5341
25220
4708
13731
25496
16923
19450
9092
4856
22684
5767
2122
5762
17952
25888
18700
20715
15983
10049
11340
4536
11261
9454
26004
7234
13464
14733
13306
16755
24029
23269
3741
17146
3767
20919
10843
23717
16920
2016
24437
11500
2700
18178
20281
5583
1020
23186
4120
8577
24706
6245
23903
19763
24098
14487
17570
25185
13296
14504
717
18774
10673
24381
25868
11372
7754
23109
22481
26457
2943
7646
11743
9459
14088
22946
9097
25837
14465
13496
15718
5433
1711
23561
16694
1505
24460
17464
4791
9908
25945
26408
12074
22213
2160
2888
14125
1522
11468
25398
6689
23862
21019
24807
3401
2228
4362
23101
22860
25846
12253
22477
3725
23371
3353
20753
23382
25929
16085
13334
18091
24309
6309
4180
17746
14567
9728
22784
8613
5095
23153
21827
2395
24389
12134
10999
25520
10568
3107
11374
22164
21564
7538
7656
3745
540
6751
26246
21382
10284
23309
7515
5292
23104
2198
1247
22995
2076
24436
15331
20270
2869
7698
9692
7340
17981
25629
4432
4531
21263
5825
20875
4930
13634
17629
4751
14990
8334
6063
19841
11824
22777
5400
11682
7109
12597
13371
13136
13191
780
9506
8882
16986
17896
20324
4859
8499
19702
16579
3539
22056
1317
24620
14646
11144
7017
18206
33
24574
17623
16182
23833
6490
15486
18321
25858
4319
12813
6447
6917
1790
6778
1170
7382
13164
5456
1271
26271
8832
20768
12470
13898
18010
2852
12832
14275
26574
23306
15829
9289
25913
10215
19142
20284
6713
16059
23676
22642
24262
24155
23946
25987
17029
12318
2302
52
25526
7068
2192
12606
24501
5672
9212
8043
18122
10854
16951
20013
20850
9650
7076
684
1377
99
19021
19176
22628
10040
19313
3588
1555
24303
8306
11907
23165
24118
967
9318
9824
1047
2217
9771
9960
24945
25775
24871
505
8049
24122
24982
16332
19068
16887
5219
22413
408
3221
21573
11187
482
11684
11164
3660
25859
3950
268
4919
13067
14234
18828
2464
1914
24172
23025
2346
8573
9133
25664
13293
20542
22400
420
25547
15804
2320
13401
7506
21071
20957
4101
11856
11845
6020
7027
9395
3309
4152
22397
5448
6581
1965
434
16116
2477
7795
23481
20583
9435
4833
19570
22812
25036
9396
1304
19429
7009
16679
4028
6995
22896
8916
15103
11814
20343
12601
16864
11247
18651
264
7364
14441
22418
14793
20831
1495
3703
7645
3336
17163
6758
12744
19788
19461
18571
2665
20248
1389
7865
8649
17659
6520
19422
232
4072
5665
2428
18826
8609
17020
15809
13213
23246
15755
9962
8230
22556
8473
14472
5043
7976
12521
6000
4915
3035
13237
10785
13640
21256
4006
11327
25346
7161
16559
8896
19482
19658
24364
17982
10425
7685
17444
14405
7377
8880
11476
4670
14213
14525
8968
11285
951
7958
14647
3371
5220
2379
12900
12446
15453
24738
4733
12806
1959
16881
1138
4133
18454
19362
15389
6817
15617
5237
22651
10928
9859
23129
5032
13598
22974
23213
15958
19526
12188
4049
14251
23171
3851
3202
10982
14507
9358
6192
23296
23696
14944
25872
8678
12264
22944
12095
11354
209
17488
6271
10164
15879
292
13536
20545
8145
6074
6840
12563
10504
10098
11348
17698
19026
13295
2990
13613
10923
8259
7019
26434
23656
21776
23114
10598
20048
4317
10256
9158
19213
9934
2009
1005
11687
24401
23023
16314
20914
16054
606
3500
516
1102
5518
5569
21769
24904
9614
10064
24484
6286
779
25785
18517
435
18646
23428
3461
4352
21014
26393
12124
4043
5096
21291
6548
11788
4245
19893
20128
17601
17776
2681
3942
1289
1384
2732
4601
24796
2333
8493
24912
13447
21255
26502
4935
16261
22296
8311
15322
6831
16709
3933
24607
26617
24492
17280
13574
20580
7434
24694
14717
14725
18184
9860
16883
7407
3166
8110
15011
25528
8442
7400
25743
14904
8737
11220
7549
6928
10700
3527
24140
24131
22941
22879
8358
13003
20067
4159
12085
26378
13502
7047
21146
26325
5411
11569
8983
20032
23803
19935
25451
20202
18997
22880
13661
643
16031
11764
8992
21383
19303
26221
11499
4339
12408
6624
5631
6964
18300
14501
24017
8797
8037
14075
9332
6736
17199
3676
5910
13479
23091
24320
23899
19528
5369
18827
26522
13132
24625
7395
11972
7048
6838
5996
18115
7450
21324
2842
1387
11549
4638
19107
17716
4619
4284
31
23421
22827
17352
21614
7632
22408
21118
6604
12382
10433
22332
19605
1145
1764
19436
11506
25147
20059
12972
3060
5854
10847
532
12404
20986
13128
21608
23556
7921
24129
303
2017
11693
10258
3750
7163
12746
26239
21406
13302
11930
26452
12818
7740
631
22100
21386
10870
14784
20394
3686
15193
12849
10351
4571
21949
19915
361
20853
3294
26122
18411
16704
979
25684
18140
9996
219
350
18078
23010
25434
11995
18299
20261
1493
13368
4204
15359
9542
10587
14680
17024
7326
19919
4745
17781
15817
10483
16205
2531
14404
16886
9093
16270
2823
3729
19619
4167
7016
9167
17500
4435
23236
12339
24124
21076
5467
1344
26065
9393
1165
8017
22225
15954
18001
22451
2849
6906
6425
13314
15126
7879
19542
19177
3292
17435
14239
6028
15761
21225
14112
9314
9020
13007
3797
14413
21108
15968
22767
12107
472
4128
3015
8770
12834
426
8920
411
765
5995
17613
8866
9028
4883
15566
22262
16967
7147
26417
19740
7088
11244
6907
16569
7554
11780
4874
10353
2690
4349
25874
19353
17490
25482
11854
19703
14418
24168
16722
17454
14562
16389
24343
21130
11211
18498
14009
12726
8998
25449
18463
4148
16075
16093
15362
1928
10972
25251
17060
3562
7580
23313
14256
21987
18697
12465
15387
13359
19276
4502
7933
25737
430
14556
26067
23964
8291
20132
9394
14272
13015
15295
13034
4018
11518
18278
6137
11463
12492
25104
10780
16052
20259
9922
20997
14678
22333
3258
20980
26093
21773
1325
421
13422
1984
19832
6911
24347
14118
9697
2168
26155
4662
20884
11043
15296
12619
7108
12676
17499
5482
20066
23722
7170
23631
6892
1576
9639
6636
13087
24843
22740
7979
19939
15916
825
8574
9605
4025
22821
2813
6043
14648
8050
15168
15
23300
17124
17132
6475
23674
24220
19315
6666
6979
25176
9137
3715
12890
15378
16509
22458
12598
17540
2327
18322
8434
2103
17936
5374
26402
8200
18086
985
17099
14126
15765
17182
22988
14273
10777
14547
21077
12281
14780
9883
4652
7575
17485
17128
6603
16787
21181
25643
22188
13824
3794
24345
17976
19758
5330
4078
20228
14526
14360
9828
6579
21785
17632
6113
3333
6529
3298
25798
7360
16965
13428
3082
14745
7605
15420
6597
14337
1194
3740
5017
5449
18056
15449
9263
752
16935
15699
10456
20762
15758
5078
15017
4669
12118
19932
11590
9880
18652
724
23890
1902
12939
2013
15129
24729
8667
25405
17854
8220
3279
25850
17
10238
9974
3685
11727
16982
13775
3581
13152
24623
9906
13344
1934
15302
19238
24353
23558
15047
10790
9472
23280
11680
14610
15651
7413
5187
1504
25014
18626
8637
23827
2373
17729
1838
9528
6976
22029
23088
12013
14981
25081
24970
14874
24413
1397
24910
22043
24918
15363
811
24948
8560
11222
8356
24073
11221
7608
10612
23734
1127
16724
4171
15655
7145
5054
8281
15598
14585
13835
22224
16107
2599
5253
18357
25614
11018
24605
24424
9032
23327
23059
1339
2985
7300
13424
20620
10637
17346
16425
24265
19995
2183
4849
2840
3256
8911
6219
4434
8084
22407
10765
15952
7065
16406
10819
2283
987
6029
870
23902
5404
14200
19022
24806
12931
17775
10175
9874
4498
191
10371
4731
6589
3663
7482
1951
14476
10739
18602
24062
22952
13764
23141
6635
9448
26150
26492
18294
2236
19067
8683
16599
5927
25763
22833
19585
25638
13472
20448
16616
2642
14517
14408
15628
5556
7891
19774
21630
19117
21600
649
7788
12712
21920
21807
1236
9652
24358
3551
2972
6284
12192
18308
11148
9789
3984
1346
14971
3304
14268
7789
26529
10650
3826
17811
6052
23083
1018
14199
24644
24214
8072
8929
18080
6372
22185
1460
15042
12064
21048
17993
19977
3898
1071
6226
4908
17388
17676
23726
3814
963
21508
22573
18481
8178
834
23737
2463
17184
13548
12647
12957
9785
429
24799
20104
13896
15800
19579
24733
24814
17910
25616
11900
24162
1977
1710
13060
22140
19920
20995
18058
19655
17289
16720
19424
6138
2153
10149
5300
2834
14659
24667
12101
1465
21203
20473
11673
12987
6567
5661
17172
23414
16975
17948
248
924
16717
21548
5257
10213
3940
11753
24676
15053
9572
9191
5168
15673
19503
7581
5729
19533
10395
6277
5883
20234
3351
17839
6363
7188
25184
2521
12024
15001
12872
6874
6046
4015
1245
2886
9735
20518
7884
4583
16952
512
26609
7149
829
16510
5321
15911
13113
17966
21877
3775
25200
20548
863
25379
15694
16447
20910
1840
5024
26512
25425
6091
21897
7530
7665
12301
24728
999
2285
11717
4448
21303
22976
25754
24219
7687
21598
25982
4030
4470
13875
13632
11826
17739
7106
20233
1231
17590
12968
14616
10400
25053
4188
10943
17429
1877
19452
21880
8201
10721
22216
25894
11974
4591
1128
26317
3521
10071
14865
20035
4594
25171
25155
9869
2074
8431
17008
6643
5662
16175
21381
5557
18492
9361
22853
17803
19215
2808
637
18986
10952
23219
13714
5567
24975
15071
18956
4350
16284
5230
25592
17830
21691
26533
486
15884
21670
3075
23732
15632
102
2317
26287
14078
6891
11385
13854
15947
12314
15615
9261
26494
18857
16516
2653
16115
16801
10370
5575
25161
20200
21640
8054
13862
14587
19590
16487
3667
24030
11234
19172
24468
4912
8629
16706
10423
9022
19145
363
9742
3005
13773
21830
16462
8765
5276
15332
3399
14365
18720
5933
19462
21426
14747
13174
77
17256
5030
18568
7743
7661
16129
18742
10388
14960
847
11603
5241
14013
16557
16725
19509
1695
21357
21374
6066
23707
4074
14541
22884
21106
6526
20984
5079
1727
15754
4023
26006
1506
23993
21940
7797
8859
12448
26514
22939
17015
13585
1356
18474
17606
22444
5085
6856
912
9237
217
10047
5336
23961
24887
13446
3300
771
7080
1130
10590
495
19061
18143
4045
4579
6184
20461
10772
10474
6455
18159
6940
12277
3485
13378
8665
3152
25588
17326
16038
9890
12240
7636
10541
10610
20316
1569
235
16094
26411
5930
9857
17875
4318
5858
26172
1680
9507
23395
20759
10840
21955
11999
16333
22654
21787
24409
5619
2021
5370
6294
24111
18261
7301
3010
5648
5486
13765
15614
11935
6760
24077
20085
8379
3608
7634
12579
19098
12574
10025
25453
1802
24037
24827
8467
8639
5275
10528
2101
6720
10695
25232
8396
20057
4404
8598
12236
19028
21802
11806
25356
11158
13491
8380
24855
22363
25421
6041
17240
12511
7257
8168
7197
6034
23267
16938
14204
379
17621
4357
9751
12137
13400
25696
6386
7638
14138
21613
8086
8310
17646
11369
8626
16963
13068
16485
13075
23152
6462
9769
15462
11612
15261
5882
11376
20787
25985
2759
25862
11585
18211
58
21778
10933
13769
26205
20587
13312
13061
5430
26620
1800
