2713
12942
16703
32930
16889
43951
19087
44207
9071
1593
29681
25692
21524
44298
21295
38942
34593
7021
9749
20447
52034
51241
40910
31481
33293
20901
4954
49642
48959
16267
53566
25324
5802
45921
27015
44140
41178
1843
14237
41846
8687
36355
45998
176
52270
45462
50229
26994
28619
28015
52058
19670
50351
10888
20200
22416
46458
20181
10576
19759
5963
52017
49154
6164
40507
29856
18617
53899
16438
20491
11100
32699
39953
18602
30052
48007
15691
14768
6464
52136
23134
36221
31642
24507
10431
49774
9294
7738
11805
47443
43805
20273
8244
50374
1858
9379
41589
24943
33584
7686
7376
48563
241
34893
158
11169
224
19883
4294
42307
39391
28502
31123
24617
33047
38728
4532
42677
36140
4335
41359
42632
45309
31154
28140
53567
8885
4383
7484
32559
3369
15826
30405
515
1626
21870
45957
48598
48684
21305
16498
8402
22111
16310
53752
10387
34880
51992
33334
30748
44887
20105
41587
8521
32225
17981
43763
37184
29217
18769
7152
36231
17436
42000
14715
49818
46339
28324
10536
41009
14231
52457
48335
58
23333
37776
1073
38586
23671
12023
23133
537
47450
27343
15759
23063
10522
26623
38808
39690
53762
30560
34676
20860
11397
53678
21810
48896
35408
25005
47827
33993
47906
675
34082
39569
52062
20306
48152
40426
25515
25340
37530
52666
23227
11574
8868
31787
8845
34814
41277
19542
22991
4056
3305
22516
4232
16502
26863
27323
27965
32796
3296
2851
20475
38194
8548
53251
8123
12954
31360
7995
23674
51909
15483
15470
45061
17376
41602
35021
18245
48306
19309
11248
18006
36017
41472
47315
43674
20814
40351
2759
27144
42895
48727
25344
13514
19475
52291
21009
2745
1982
27405
52072
38073
53488
4000
30418
31390
35740
19234
14847
14217
735
4986
14085
8190
52596
15330
1360
28102
43558
22963
25749
46121
42105
23436
38721
20218
38894
8676
40628
51362
9921
3993
53812
21754
34456
13469
37884
18637
20312
21346
5690
46382
50972
32501
20308
938
46067
14208
18929
20852
2739
15789
37198
48432
29538
26408
37682
5134
46105
2711
40863
33780
48087
30595
38976
44322
11972
35582
11925
14567
123
35291
45682
131
49102
38982
25293
9182
24355
7228
4953
30132
19814
31196
3007
36245
45883
28967
2884
22911
22340
32524
19597
7812
35505
50287
30725
52195
2023
31358
9767
19311
47323
13743
17462
47876
16296
16768
30757
9467
10248
22513
602
31263
16911
10312
4293
19070
42853
42678
50553
504
14784
47852
24869
22771
4480
51598
51370
24428
47407
17084
9780
8727
30307
22164
21733
1496
30973
26469
12557
41527
38860
46654
28973
28866
13159
5143
10041
27007
13023
22087
39875
38514
13115
31772
42422
30085
12499
38457
52770
33683
7893
24680
