38967
30918
19046
32909
29061
10993
51310
28400
37781
46270
20911
46861
27016
12006
34963
23124
31290
52734
48138
42870
36646
52259
2164
32680
24505
2049
44698
15719
47037
6267
31616
43193
33934
114
28935
2449
5999
45153
46222
3919
30896
26792
37122
40615
2605
17731
38647
4333
3652
35528
9900
23730
25752
26992
1644
21264
50935
34152
33330
15856
33103
44793
18347
19262
38044
48480
46968
17247
39920
27070
20330
38598
7194
21431
30666
43081
48875
245
50769
11934
35313
52731
25015
43387
51166
746
12401
2626
3574
44561
31427
15130
43043
16585
3610
6275
17277
44685
31804
29747
52707
4044
132
6852
729
51913
42097
53687
41704
28801
47011
39413
10478
15082
8978
10517
5863
28318
53966
19368
32621
36481
38622
7493
24468
15568
4178
38951
9881
21660
42587
18489
7938
9351
52903
36941
53500
50896
1576
4317
22876
36418
51717
8989
5389
43423
51417
41493
27746
8608
14027
44120
21642
49113
30898
41007
40618
2891
48162
2777
22456
43544
22280
20606
9831
1167
32098
5527
42334
22171
37236
32004
53632
38404
30372
33786
49768
10083
22118
44684
42257
16545
15522
33157
17626
51031
34672
53043
36977
48827
18791
44286
53925
41009
53024
23722
6
18470
18779
26406
3225
28335
47639
22189
9611
37700
6531
26493
29224
27280
45995
29301
26537
27116
42035
1023
42201
49657
41869
8090
2617
54006
18109
1838
952
17657
4626
51056
24416
34382
38123
28657
39732
46413
696
8270
47559
24291
10929
8443
40860
2757
5187
49211
50354
41882
1366
33909
33256
38182
10313
49721
21171
41044
29649
52744
4785
46723
23399
40026
44957
50068
49257
18805
11326
388
18765
37
2806
9447
53060
14069
13614
1951
19640
16163
24016
13969
53265
11945
25568
42705
28899
16077
40253
33497
25694
9386
11835
50079
21294
34265
35844
808
51760
39503
12536
45882
4270
43790
35157
27597
7279
24085
31823
19935
49349
42437
50941
5297
43382
16682
1561
47370
49304
39139
9347
39676
21546
45297
52477
41567
12383
15317
33428
14962
38984
29055
47365
38892
52524
1862
30330
52967
49960
11072
44334
25763
2252
38484
48329
48885
11888
32609
11205
19390
23735
5628
816
41981
26808
8341
45246
5962
724
30705
10257
23552
8365
53633
23224
9409
38117
24825
30115
49591
33121
8304
7563
14532
326
11462
19139
16899
11260
3845
49255
19699
45981
24812
48612
39492
1429
52914
10438
53643
47799
23344
44748
17211
52407
27816
2907
50078
2796
31520
20032
49961
17688
37696
18770
1020
34475
40903
26777
33714
4251
40854
4427
51199
6596
10712
3657
5399
47607
23988
30157
179
51251
42275
46737
24399
22076
27165
40370
52087
444
28557
10275
17948
2183
47957
42638
33299
13161
9108
4689
