63790
23530
42166
63243
2548
88207
86732
5658
52610
94957
58939
32547
60901
39968
173
91825
32250
89443
95210
17125
28205
87440
41495
61606
54010
31176
8504
4052
71939
9276
83358
85367
38131
8526
53981
39581
14686
6803
63329
13401
31920
68886
4649
26443
2248
81132
24650
14135
30353
54843
97437
50887
86891
97075
67485
8125
66121
71317
75144
35958
52120
91303
70578
77747
54810
25732
95522
13652
41718
46311
22648
38308
86715
64596
30634
93694
73870
67665
83100
47589
53320
90479
59317
48142
10724
34504
81757
5737
71882
46552
4147
3647
47159
97074
46328
83461
45125
75397
8976
5061
70451
23576
82281
47743
44208
46955
2722
62427
76923
59659
63788
65033
97172
35755
79930
40769
28925
58829
15361
46738
83942
27871
79917
29921
31130
60441
28139
31594
84128
3637
42220
98219
29593
8300
58853
46876
19693
35800
63654
96405
29969
21875
94513
61311
23682
20309
3337
12512
7705
79439
26328
25935
83410
39378
69908
36538
86037
93225
10985
4187
23674
83280
43489
72225
22892
96594
76014
18593
77304
87575
10443
47535
60951
92288
30294
85319
36532
38102
44511
1115
34495
49237
19428
94928
93350
17744
73473
57638
20383
94456
33204
94031
54555
5361
49159
79767
18245
60792
95425
90686
89615
3151
24051
67259
66348
16159
89654
34209
62014
85347
62910
87174
10969
88136
24697
19598
51975
4614
77016
83467
28268
55219
54488
93598
15259
76292
46137
45495
33082
75185
54346
78683
20829
4009
1706
2208
11438
27817
14122
54306
89706
97051
47738
55618
56389
40481
53216
43701
87818
35957
327
68773
29382
14854
89065
33892
67956
57313
22209
95872
75724
31395
28226
13373
17062
96816
44599
22511
19638
79747
63314
37695
65321
4410
2738
31517
21897
46015
49406
95941
61850
97066
942
12619
89681
6926
73438
63379
55167
58262
48248
61405
40817
96585
87969
1039
12029
5111
48252
17434
85136
41047
27011
75997
25711
27582
6272
20248
93192
36171
34002
51048
4503
27679
39916
6403
85856
51409
98253
27774
80689
33289
37078
66694
61656
59965
80693
74721
3600
18242
90286
23142
73781
71909
36114
83607
7351
70832
32002
96259
42601
27031
14591
63180
74299
65554
84750
81458
75418
74735
38237
76620
29032
32790
77535
70725
25192
19475
44568
49553
14833
87345
6735
41683
73076
73425
9781
70161
73056
67860
58623
33855
75982
89106
5030
71647
74462
7473
76072
86575
37453
55466
7625
7675
10981
26808
47931
26780
4403
77916
28095
82612
93008
91597
5270
97777
10285
38481
22254
95118
90783
71227
69530
30009
35600
57973
40770
96174
19877
53452
54798
48507
91032
58911
68527
79172
45587
71092
40835
65664
13332
56256
8544
36973
76237
37579
4526
40885
49807
34012
51485
72484
18323
21703
38217
9827
78593
44358
53298
21922
76223
5605
42341
33148
83901
26763
49634
97186
31181
26601
9450
62847
69625
20144
77368
75381
48044
55183
66687
40308
26445
62767
40687
20875
73129
65359
18779
5139
48256
44612
5630
88959
70942
28471
64676
86947
46636
45016
89805
73194
2091
92795
17280
19149
19915
91501
28416
16520
72088
86571
12114
34072
42524
67895
25462
89453
56258
69904
77760
48936
73868
69791
16077
94114
55721
2227
22416
60564
9455
29532
30554
82299
74488
8291
53494
36389
24063
17876
91275
12573
65509
60791
684
42967
84397
35304
20915
80756
13887
57512
93503
41146
74591
80279
234
12529
53455
32234
65356
97785
9204
23658
42004
5748
92960
97246
28661
63591
290
15180
94699
83141
30873
24503
94828
41490
84677
77007
48981
68418
55921
89739
55949
57415
15287
56799
74592
3510
93336
92749
10197
95126
18307
41091
83024
22431
82196
26424
25237
29763
77616
85674
13553
49262
72680
71499
39362
34996
63944
88
3200
95409
46085
42523
94481
16323
72700
44118
52739
29886
72868
4682
29413
75690
4929
86369
88404
32795
83469
31883
6646
31508
69734
26307
96708
9989
14266
28758
42811
78372
88398
5260
45835
82973
71504
6291
92720
31123
61780
95235
61242
30156
22300
76036
28206
72243
33076
47178
83932
46842
29605
57946
33683
82499
9280
80283
58406
58628
39022
12697
35774
50774
50407
15834
31364
75440
10412
12888
7554
92066
45281
8392
17630
33709
31125
36756
43483
36529
88819
87270
25545
81732
11950
33940
57823
13439
40761
76828
24203
17161
47768
19114
51215
30755
20550
23511
86932
82712
81221
29165
60693
11152
95650
83432
53626
81828
5697
38135
28061
73210
22951
875
15037
60515
83830
18962
4367
39113
43906
31236
91244
13341
97683
71637
86235
13637
78880
43712
72697
23128
64698
18488
57980
84271
76786
92630
9762
18379
75172
21992
35423
84581
6949
23270
30130
37440
87918
40961
94858
83447
25383
96170
97849
82096
84115
77040
56113
63398
12144
98156
97455
63067
44545
75370
64012
87226
93941
5789
41305
73984
91838
48176
66355
8709
43059
5951
24902
93820
67290
73002
51328
55679
96313
52779
12246
39533
7996
45204
96547
22928
81802
21131
39070
94826
93802
63802
25567
57835
33712
1296
11594
17101
69464
66186
6540
77918
