1
9
14
15
23
34
47
58
69
73
86
87
93
103
104
113
116
117
120
122
142
146
154
157
158
159
166
168
171
176
179
183
190
197
202
204
211
219
220
224
225
229
230
233
234
239
240
241
243
246
247
248
250
251
253
254
255
256
257
258
259
260
262
263
264
265
266
267
272
273
275
287
292
301
311
313
315
318
323
329
336
351
352
360
363
366
376
388
394
408
415
416
434
435
437
438
478
495
498
505
511
526
529
542
545
556
559
561
562
565
584
586
592
601
606
607
610
611
612
613
615
616
618
619
630
634
648
649
655
657
658
661
662
665
666
667
668
669
670
671
672
673
677
678
679
680
682
685
686
687
688
689
690
691
700
708
722
735
746
757
758
766
772
773
774
779
786
794
796
798
800
801
809
834
836
837
844
845
847
848
849
850
852
853
854
855
859
862
863
866
867
869
870
871
874
875
876
877
878
879
880
881
886
897
899
901
904
905
916
920
921
922
924
926
927
936
938
940
941
943
966
970
981
984
986
989
990
992
994
995
996
999
1000
1004
1005
1006
1008
1009
1010
1011
1012
1013
1014
1015
1016
1020
1021
1022
1023
1024
1025
1026
1027
1029
1030
1031
1032
1033
1034
1035
1036
1037
1038
1039
1040
1042
1043
1044
1045
1046
1047
1048
1049
1051
1052
1053
1054
1055
1056
1057
1058
1060
1061
1062
1063
1064
1067
1068
1069
1070
1071
1073
1074
1075
1077
1080
1082
1084
1086
1087
1088
1089
1091
1092
1093
1094
1096
1097
1098
1099
1100
1101
1102
1103
1104
1105
1106
1107
1108
1109
1110
1111
1112
1113
1114
1120
1124
1127
1133
1138
1150
1151
1168
1174
1191
1196
1209
1213
1216
1220
1221
1233
1236
1241
1242
1244
1245
1246
1247
1248
1275
1286
1288
1297
1304
1305
1307
1308
1309
1318
1323
1324
1338
1347
1355
1357
1359
1363
1369
1370
1371
1382
1389
1392
1393
1403
1407
1414
1422
1426
1436
1437
1441
1442
1443
1444
1445
1446
1454
1463
1467
1488
1503
1517
1518
1528
1530
1554
1559
1560
1563
1584
1591
1597
1631
1632
1634
1642
1661
1667
1671
1674
1676
1680
1682
1688
1704
1707
1716
1719
1721
1736
1741
1743
1749
1750
1751
1761
1763
1765
1766
1775
1778
1782
1783
1785
1787
1788
1790
1792
1794
1795
1796
1798
1799
1805
1806
1809
1813
1818
1821
1822
1823
1827
1830
1832
1833
1834
1842
1845
1846
1849
1851
1852
1857
1858
1859
1865
1871
1878
1879
1891
1899
1900
1901
1904
1913
1915
1916
1918
1919
1920
1922
1923
1924
1925
1928
1929
1934
1940
1941
1946
1947
1952
1953
1954
1955
1956
1957
1958
1959
1960
1964
1967
1969
1974
1977
1978
1979
1980
1981
1983
1984
1985
1986
1988
1989
1990
1991
1992
1993
1994
1995
1996
1997
1998
1999
2001
2002
2003
2004
2007
2009
2010
2011
2012
2013
2014
2020
2031
2032
2036
2040
2047
2069
2082
2083
2098
2111
2114
2122
2143
2144
2145
2158
2161
2178
2179
2180
2183
2184
2189
2196
2203
2213
2214
2215
2231
2243
2246
2247
2256
2260
2265
2271
2273
2279
2280
2282
2311
2312
2316
2317
2335
2349
2350
2354
2358
2361
2374
2375
2384
2387
2390
2391
2393
2395
2396
2397
2399
2401
2404
2405
2408
2424
2425
2435
2442
2469
2471
2472
2495
2498
2515
2517
2525
2532
2546
2549
2554
2555
2557
2564
2566
2567
2572
2582
2596
2603
2604
2606
2607
2608
2609
2610
2612
2619
2629
2630
2638
2647
2648
2664
2665
2670
2671
2680
2689
2697
2698
2703
2712
2725
2729
2741
2742
2752
2753
2756
2758
2759
2760
2777
2789
2793
2811
2814
2817
2820
2821
2824
2826
2832
2841
2847
2854
2855
2860
2869
2886
2887
2888
2891
2901
2912
2914
2916
2917
2918
2920
2929
2931
2932
2956
2958
2961
2963
2968
2972
2974
2983
2984
2989
2990
2996
3006
3010
3011
3017
3018
3020
3023
3044
3046
3047
3048
3054
3059
3070
3073
3074
3081
3082
3086
3088
3093
3096
3103
3109
3120
3122
3128
3135
3138
3139
3141
3147
3149
3154
3156
3157
3158
3159
3161
3162
3163
3164
3165
3166
3168
3169
3173
3174
3175
3176
3178
3179
3180
3181
3182
3183
3184
3185
3187
3188
3189
3194
3198
3204
3210
3229
3233
3236
3237
3238
3247
3249
3253
3258
3263
3285
3290
3291
3302
3303
3306
3308
3309
3319
3336
3341
3353
3355
3356
3362
3363
3370
3372
3378
3379
3380
3383
3387
3391
3401
3406
3407
3424
3433
3438
3440
3443
3445
3461
3463
3473
3489
3494
3507
3508
3509
3510
3515
3517
3518
3520
3529
3531
3538
3550
3551
3552
3558
3559
3569
3574
3575
3580
3581
3587
3588
3598
3599
3607
3608
3612
3618
3631
3637
3645
3649
3657
3658
3663
3665
3669
3686
3691
3692
3701
3703
3704
3705
3709
3710
3718
3719
3720
3730
3733
3737
3742
3743
3744
3745
3746
3747
3763
3773
3774
3781
3784
3785
3806
3807
3810
3817
3822
3823
3826
3833
3834
3835
3836
3837
3840
3842
3843
3844
3845
3846
3847
3848
3850
3851
3852
3853
3854
3855
3860
3861
3862
3863
3864
3865
3866
3869
3870
3871
3872
3873
3875
3876
3877
3878
3879
3880
3881
3882
3883
3885
3888
3907
3909
3910
3917
3918
3930
3937
3951
3957
3966
3970
3972
3974
3977
3978
3979
3980
3982
3983
3984
3985
3988
3990
3991
3997
3998
4023
4024
4032
4040
4041
4042
4046
4048
4051
4052
4054
4067
4072
4073
4074
4075
4076
4077
4082
4097
4112
4117
4118
4129
4135
4145
4158
4159
4173
4180
4181
4193
4194
4196
4197
4205
4211
4223
4227
4231
4234
4235
4239
4250
4251
4254
4263
4264
4270
4271
4280
4288
4292
4304
4307
4308
4309
4310
4316
4320
4321
4322
4324
4326
4328
4329
4331
4332
4334
4335
4337
4338
4340
4341
4344
4345
4346
4349
4350
4351
4352
4353
4355
4356
4357
4358
4359
4361
4366
4369
4389
4390
4397
4411
4412
4413
4417
4418
4420
4427
4428
4429
4437
4446
4458
4463
4464
4465
4468
4473
4474
4475
4476
4479
4480
4481
4482
4483
4496
4500
4501
4503
4509
4510
4511
4514
4525
4529
4536
4537
4540
4542
4546
4547
4548
4550
4551
4552
4564
4569
4573
4574
4578
4580
4581
4582
4588
4595
4596
4597
4602
4611
4612
4613
4616
4617
4618
4621
4622
4627
4630
4636
4638
4640
4641
4647
4655
4664
4667
4669
4681
4684
4694
4695
4700
4701
4706
4707
4734
4735
4738
4739
4740
4752
4756
4757
4766
4767
4774
4775
4789
4793
4799
4813
4815
4823
4828
4829
4835
4843
4852
4853
4855
4858
4859
4866
4868
4871
4872
4887
4902
4906
4921
4922
4927
4928
4930
4931
4948
4949
4953
4954
4955
4961
4963
4971
4972
4977
4982
4983
4985
4986
4988
4992
5001
5005
5006
5011
5012
5013
5015
5016
5018
5019
5024
5031
5036
5037
5038
5040
5055
5073
5075
5081
5085
5086
5089
5104
5117
5123
5124
5131
5134
5149
5150
5153
5163
5186
5206
5207
5210
5211
5212
5215
5216
5217
5218
5220
5221
5222
5223
5224
5225
5226
5227
5228
5229
5230
5231
5232
5233
5234
5237
5238
5239
5240
5241
5243
5244
5247
5249
5250
5251
5252
5253
5254
5255
5256
5257
5258
5259
5260
5261
5262
5266
5267
5268
5269
5270
5273
5274
5275
5276
5278
5279
5280
5284
5285
5286
5287
5288
5289
5292
5294
5296
5297
5298
5299
5300
5301
5302
5304
5305
5306
5307
5308
5310
5311
5312
5314
5315
5316
5320
5321
5326
5327
5328
5329
5330
5331
5332
5333
5334
5335
5336
5337
5338
5339
5340
5341
5342
5343
5345
5347
5348
5349
5351
5352
5353
5354
5356
5357
5358
5359
5360
5361
5362
5366
5367
5368
5369
5370
5371
5373
5374
5375
5376
5377
5378
5379
5380
5381
5382
5383
5384
5385
5386
5387
5388
5389
5391
5392
5393
5395
5396
5397
5398
5399
5400
5401
5402
5403
5404
5405
5406
5407
5408
5411
5412
5413
5414
5415
5416
5417
5418
5421
5422
5423
5424
5425
5430
5431
5432
5433
5434
5435
5438
5439
5440
5441
5442
5443
5444
5445
5448
5451
5453
5454
5455
5457
5459
5460
5461
5462
5467
5468
5469
5474
5479
5480
5485
5492
5502
5508
5528
5529
5532
5542
5543
5551
5559
5577
5587
5593
5600
5604
5606
5609
5618
5631
5645
5646
5651
5657
5659
5665
5669
5671
5674
5675
5682
5688
5689
5691
5710
5712
5713
5714
5719
5737
5742
5746
5747
5752
5753
5767
5768
5772
5776
5777
5791
5795
5810
5813
5826
5828
5834
5840
5844
5847
5849
5858
5861
5862
5868
5872
5893
5894
5900
5907
5911
5932
5934
5954
5970
5971
5982
5988
5989
6008
6010
6013
6018
6022
6032
6033
6039
6040
6041
6047
6056
6057
6058
6073
6074
6075
6079
6080
6081
6082
6085
6111
6119
6160
6167
6171
6184
6185
6193
6194
6200
6213
6222
6232
6266
6276
6277
6280
6283
6284
6285
6286
6289
6290
6299
6308
6313
6314
6315
6318
6321
6322
6323
6324
6328
6335
6336
6339
6346
6357
6359
6363
6369
6370
6372
6376
6377
6378
6386
6387
6389
6390
6397
6399
6404
6405
6406
6407
6411
6412
6422
6423
6426
6431
6432
6433
6437
6438
6439
6448
6449
6470
6485
6486
6487
6498
6501
6502
6503
6504
6514
6515
6527
6535
6542
6553
6554
6560
6561
6577
6578
6579
6582
6583
6587
6600
6618
6619
6621
6622
6623
6624
6625
6627
6628
6630
6631
6632
6633
6634
6635
6637
6638
6639
6640
6641
6642
6643
6644
6645
6646
6650
6651
6652
6653
6654
6655
6656
6657
6658
6659
6660
6661
6664
6665
6666
6667
6669
6670
6671
6673
6674
6675
6676
6677
6678
6681
6682
6683
6684
6685
6687
6688
6689
6690
6691
6692
6693
6694
6696
6697
6698
6699
6703
6704
6705
6706
6708
6709
6710
6711
6712
6713
6714
6715
6716
6717
6718
6719
6720
6721
6722
6723
6724
6725
6726
6727
6728
6729
6730
6731
6732
6733
6734
6735
6736
6737
6738
6739
6746
6747
6748
6749
6750
6751
6752
6753
6754
6755
6756
6757
6758
6759
6760
6761
6762
6763
6764
6765
6766
6767
6768
6769
6770
6771
6772
6778
6779
6780
6781
6782
6783
6784
6785
6788
6789
6790
6791
6792
6793
6796
6797
6798
6799
6800
6801
6805
6806
6807
6808
6809
6810
6811
6812
6814
6815
6816
6817
6818
6819
6820
6823
6825
6826
6827
6828
6829
6831
6832
6833
6834
6835
6837
6838
6839
6844
6846
6848
6853
6854
6862
6872
6873
6876
6877
6890
6895
6896
6899
6904
6914
6920
6925
6929
6930
6934
6938
6939
6944
6948
6951
6956
6958
6959
6970
6979
6988
6989
6990
6996
6997
7009
7012
7013
7014
7021
7026
7039
7042
7043
7058
7064
7065
7076
7083
7084
7086
7091
7109
7115
7116
7118
7121
7123
7124
7125
7126
7127
7128
7129
7130
7131
7132
7133
7134
7135
7136
7137
7138
7139
7142
7143
7144
7145
7146
7147
7149
7151
7152
7153
7154
7155
7158
7159
7160
7161
7162
7163
7164
7165
7167
7168
7171
7172
7173
7174
7175
7177
7178
7179
7180
7183
7184
7185
7187
7191
7192
7193
7194
7195
7196
7197
7198
7199
7200
7201
7203
7204
7206
7207
7208
7209
7210
7212
7213
7217
7218
7219
7220
7222
7223
7233
7236
7237
7240
7246
7249
7250
7260
7268
7269
7285
7286
7292
7293
7295
7302
7307
7316
7319
7321
7323
7326
7327
7328
7329
7330
7331
7332
7333
7334
7335
7336
7337
7338
7340
7341
7342
7343
7344
7352
7353
7354
7355
7356
7357
7358
7359
7361
7362
7363
7364
7365
7366
7367
7368
7369
7370
7371
7372
7373
7375
7376
7379
7380
7381
7382
7384
7385
7386
7387
7388
7389
7390
7391
7393
7395
7396
7397
7399
7400
7402
7403
7404
7405
7406
7407
7408
7409
7410
7411
7412
7413
7416
7417
7418
7419
7420
7421
7439
7444
7447
7448
7463
7472
7473
7483
7485
7486
7487
7498
7499
7502
7524
7533
7536
7537
7541
7556
7561
7579
7583
7613
7622
7623
7624
7625
7628
7629
7633
7637
7643
7644
7656
7662
7675
7681
7682
7687
7690
7695
7702
7724
7725
7726
7737
7742
7744
7745
7761
7762
7768
7781
7786
7788
7790
7798
7799
7800
7801
7802
7804
7805
7806
7807
7808
7809
7810
7811
7812
7813
7814
7815
7816
7817
7818
7820
7822
7823
7824
7825
7826
7827
7828
7829
7830
7831
7832
7835
7836
7837
7838
7839
7841
7842
7845
7846
7847
7848
7849
7850
7851
7852
7853
7854
7857
7858
7859
7860
7861
7862
7863
7864
7865
7866
7867
7877
7884
7885
7889
7893
7894
7905
7906
7907
7937
7947
7949
7951
7952
7954
7956
7958
7959
7960
7961
7962
7963
7964
7965
7969
7970
7971
7972
7973
7974
7975
7976
7977
7978
7979
7980
7981
7982
7983
7984
7985
7986
7987
7988
7989
7990
7991
7992
7993
7994
7995
7996
7997
7998
7999
8001
8002
8003
8004
8005
8006
8009
8010
8011
8012
8013
8016
8018
8019
8020
8021
8022
8023
8024
8025
8026
8027
8029
8031
8039
8047
8048
8051
8052
8059
8067
8078
8081
8086
8087
8088
8089
8092
8098
8100
8102
8104
8110
8113
8118
8123
8126
8134
8136
8138
8140
8142
8143
8149
8158
8165
8166
8168
8170
8174
8175
8176
8177
8179
8183
8184
8192
8194
8196
8199
8207
8215
8223
8225
8226
8230
8233
8242
8251
8256
8262
8264
8273
8287
8299
8313
8314
8319
8323
8324
8325
8326
8327
8328
8330
8331
8332
8353
8359
8360
8363
8365
8366
8379
8382
8388
8389
8400
8403
8407
8413
8418
8421
8422
8428
8431
8435
8439
8447
8449
8450
8463
8468
8474
8490
8492
8494
8501
8502
8503
8504
8505
8519
8523
8546
8564
8571
8581
8598
8609
8612
8617
8618
8631
8638
8643
8645
8652
8654
8655
8656
8657
8659
8660
8661
8662
8663
8664
8665
8666
8667
8669
8671
8672
8673
8674
8677
8680
8695
8696
8699
8709
8718
8729
8744
8746
8753
8756
8757
8774
8785
8794
8795
8803
8806
8816
8819
8836
8844
8849
8854
8855
8856
8857
8865
8877
8880
8881
8882
8886
8889
8890
8891
8895
8897
8898
8899
8900
8902
8903
8905
8906
8907
8908
8909
8911
8912
8916
8918
8919
8921
8924
8926
8927
8928
8937
8938
8944
8945
8963
8966
8973
8977
8994
8998
8999
9003
9015
9016
9017
9064
9068
9074
9075
9076
9078
9079
9080
9081
9082
9084
9088
9089
9090
9092
9097
9100
9105
9120
9121
9122
9127
9128
9132
9135
9138
9142
9146
9149
9153
9154
9155
9156
9157
9158
9159
9160
9161
9163
9164
9165
9166
9167
9168
9169
9186
9195
9207
9208
9209
9212
9213
9240
9242
9243
9258
9259
9278
9279
9280
9283
9284
9291
9292
9293
9295
9303
9312
9313
9315
9319
9323
9336
9350
9354
9358
9359
9363
9371
9375
9383
9388
9390
9398
9399
9403
9418
9435
9438
9439
9448
9449
9456
9457
9467
9470
9476
9477
9478
9479
9484
9488
9495
9503
9504
9518
9519
9520
9521
9522
9523
9533
9537
9551
9554
9562
9566
9567
9574
9575
9577
9580
9581
9582
9583
9589
9592
9593
9596
9616
9619
9621
9636
9637
9652
9653
9654
9655
9656
9661
9669
9670
9679
9680
9681
9710
9717
9718
9723
9734
9737
9740
9742
9743
9756
9763
9764
9765
9766
9769
9778
9788
9793
9794
9795
9796
9808
9813
9814
9818
9826
9837
9856
9857
9862
9870
9881
9889
9890
9891
9895
9899
9903
9910
9929
9930
9935
9951
9965
9966
9968
9969
9970
9984
10005
10010
10011
10012
10014
10023
10031
10032
10033
10042
10045
10046
10074
10086
10098
10103
10107
10113
10119
10132
10133
10134
10160
10164
10172
10179
10180
10188
10202
10213
10214
10215
10219
10228
10229
10234
10237
10238
10240
10250
10252
10256
10271
10272
10276
10285
10289
10292
10304
10307
10308
10309
10310
10311
10312
10313
10314
10315
10316
10317
10318
10322
10323
10325
10326
10327
10329
10330
10331
10332
10333
10334
10335
10336
10337
10341
10342
10343
10346
10347
10360
10361
10370
10371
10375
10376
10377
10378
10379
10380
10382
10386
10387
10388
10389
10393
10394
10395
10396
10444
10445
10449
10453
10459
10461
10462
10463
10475
10476
10478
10479
10480
10482
10483
10485
10486
10487
10490
10493
10494
10495
10496
10497
10498
10501
10503
10504
10505
10506
10507
10508
10509
10510
10511
10512
10515
10517
10518
10519
10520
10521
10522
10523
10524
10525
10526
10527
10528
10529
10531
10532
10533
10534
10535
10536
10539
10545
10551
10554
10555
10561
10566
10567
10574
10578
10580
10583
10593
10603
10604
10617
10683
10702
10705
10712
10724
10726
10729
10733
10734
10736
10747
10748
10751
10758
10759
10763
10766
10767
10770
10772
10777
10778
10780
10785
10799
10800
10801
10802
10810
10811
10812
10815
10832
10833
10842
10843
10844
10854
10867
10882
10886
10896
10897
10910
10913
10914
10920
10921
10922
10929
10930
10931
10932
10934
10937
10939
10941
10943
10945
10946
10947
10948
10951
10953
10954
10955
10956
10957
10958
10959
10960
10961
10962
10963
10964
10965
10966
10967
10968
10969
10970
10972
10973
10974
10975
10976
10977
10979
10980
10981
10984
11018
11035
11049
11057
11073
11076
11088
11090
11097
11099
11102
11107
11108
11118
11120
11125
11133
11134
11136
11137
11139
11140
11147
11155
11159
11161
11162
11166
11168
11173
11174
11185
11186
11191
11200
11207
11208
11211
11213
11216
11226
11227
11232
11246
11272
11278
11292
11293
11309
11310
11311
11325
11339
11343
11350
11356
11357
11372
11378
11379
11384
11388
11391
11401
11413
11414
11415
11416
11430
11431
11440
11441
11450
11452
11459
11463
11464
11473
11476
11484
11486
11487
11494
11495
11498
11499
11518
11526
11534
11551
11562
11570
11571
11572
11579
11580
11594
11601
11604
11620
11632
11635
11642
11645
11646
11663
11664
11671
11682
11683
11688
11689
11692
11695
11696
11697
11698
11699
11714
11715
11719
11720
11742
11743
11744
11750
11751
11752
11759
11760
11761
11768
11769
11771
11772
11783
11786
11809
11816
11817
11821
11822
11827
11835
11848
11849
11850
11855
11856
11862
11866
11867
11868
11869
11871
11876
11882
11883
11884
11890
11891
11892
11893
11894
11907
11912
11913
11917
11931
11932
11936
11937
11941
11942
11948
11949
11951
11959
11960
11992
12004
12016
12018
12025
12026
12034
12039
12047
12050
12062
12076
12077
12078
12079
12080
12095
12096
12106
12113
12137
12144
12145
12164
12179
12180
12184
12186
12193
12196
12205
12216
12223
12245
12248
12265
12276
12277
12278
12283
12284
12285
12292
12311
12324
12337
12349
12350
12355
12358
12382
12406
12407
12408
12412
12413
12433
12440
12450
12460
12461
12465
12471
12476
12480
12482
12483
12484
12487
12490
12491
12492
12493
12494
12495
12496
12497
12498
12499
12500
12502
12503
12505
12506
12507
12510
12511
12513
12514
12515
12516
12517
12518
12519
12520
12521
12522
12523
12526
12527
12530
12531
12533
12535
12537
12539
12543
12546
12547
12548
12549
12550
12551
12552
12553
12555
12556
12571
12572
12585
12586
12587
12597
12600
12608
12609
12612
12623
12624
12625
12626
12649
12650
12651
12652
12653
12670
12673
12687
12692
12695
12696
12701
12703
12705
12710
12721
12722
12727
12734
12745
12747
12763
12765
12793
12804
12805
12806
12809
12819
12821
12825
12830
12831
12832
12835
12846
12847
12852
12859
12864
12865
12867
12868
12870
12877
12878
12882
12885
12902
12903
12918
12923
12924
12928
12930
12931
12934
12957
12958
12959
12976
12977
12978
12979
12984
12992
12993
12997
13002
13006
13007
13008
13025
13036
13041
13051
13056
13070
13076
13085
13086
13087
13088
13100
13105
13106
13110
13111
13115
13129
13142
13143
13144
13145
13146
13148
13149
13150
13151
13152
13154
13155
13156
13157
13158
13163
13164
13166
13167
13168
13171
13174
13175
13176
13177
13179
13180
13182
13183
13185
13187
13188
13193
13202
13214
13215
13229
13230
13236
13237
13240
13269
13279
13283
13300
13301
13321
13322
13323
13330
13332
13335
13338
13340
13354
13355
13356
13361
13373
13383
13384
13390
13391
13408
13417
13424
13425
13426
13430
13438
13457
13462
13466
13477
13489
13495
13498
13499
13501
13502
13505
13515
13520
13527
13528
13532
13545
13554
13559
13560
13567
13569
13577
13578
13586
13587
13589
13592
13595
13600
13601
13603
13612
13613
13616
13617
13618
13628
13629
13632
13634
13636
13642
13643
13648
13651
13652
13655
13657
13664
13670
13671
13678
13681
13682
13683
13684
13691
13693
13694
13696
13710
13711
13714
13717
13733
13734
13735
13738
13743
13744
13746
13750
13751
13752
13755
13760
13761
13762
13763
13764
13765
13766
13767
13768
13769
13770
13772
13773
13774
13776
13777
13778
13779
13780
13781
13782
13783
13784
13785
13786
13788
13789
13790
13791
13792
13793
13794
13795
13796
13797
13798
13799
13800
13801
13802
13803
13804
13805
13806
13807
13809
13811
13812
13813
13814
13815
13816
13817
13818
13819
13820
13823
13824
13825
13826
13827
13828
13829
13830
13834
13835
13836
13837
13838
13839
13840
13841
13842
13843
13844
13846
13847
13848
13849
13850
13851
13852
13853
13854
13855
13856
13857
13858
13859
13860
13861
13862
13863
13864
13866
13867
13868
13869
13870
13871
13872
13873
13875
13877
13878
13879
13884
13885
13886
13887
13888
13889
13890
13899
13909
13910
13915
13916
13922
13924
13927
13964
13965
13966
13967
13968
13969
13981
13993
13994
14012
14013
14016
14020
14025
14028
14030
14054
14057
14065
14067
14083
14084
14085
14090
14094
14095
14098
14101
14106
14107
14108
14109
14110
14112
14113
14114
14115
14116
14117
14119
14120
14121
14123
14124
14125
14127
14128
14129
14130
14131
14132
14133
14134
14135
14137
14138
14140
14141
14142
14143
14144
14145
14156
14160
14170
14174
14177
14178
14193
14194
14195
14196
14198
14199
14200
14201
14202
14203
14204
14206
14207
14209
14210
14211
14212
14213
14214
14215
14217
14218
14220
14221
14222
14240
14241
14242
14252
14257
14268
14269
14276
14277
14278
14279
14281
14295
14298
14333
14335
14343
14348
14351
14352
14353
14355
14356
14357
14360
14363
14364
14365
14366
14367
14368
14369
14370
14371
14373
14374
14377
14382
14387
14389
14396
14397
14405
14406
14408
14415
14425
14426
14432
14441
14443
14452
14453
14456
14457
14458
14459
14460
14464
14465
14466
14467
14469
14470
14478
14482
14488
14489
14490
14492
14493
14494
14498
14499
14500
14502
14503
14504
14521
14523
14524
14526
14540
14549
14552
14553
14556
14557
14568
14569
14574
14577
14583
14584
14587
14588
14600
14601
14602
14604
14605
14606
14624
14638
14639
14640
14641
14650
14669
14675
14680
14681
14682
14683
14684
14686
14687
14688
14689
14690
14691
14692
14693
14695
14696
14697
14699
14701
14702
14703
14704
14708
14734
14735
14744
14753
14754
14765
14767
14770
14771
14772
14791
14792
14793
14810
14811
14815
14818
14826
14827
14829
14830
14835
14846
14847
14859
14872
14878
14879
14883
14884
14885
14892
14894
14895
14899
14900
14901
14902
14903
14904
14906
14907
14908
14910
14911
14912
14913
14915
14916
14917
14918
14922
14923
14924
14925
14926
14928
14932
14933
14934
14935
14936
14937
14938
14939
14940
14941
14942
14944
14945
14946
14947
14948
14949
14950
14952
14953
14954
14955
14956
14957
14958
14959
14961
14962
14963
14965
14967
14971
14972
14974
14975
14976
14977
14978
14979
14980
14983
14984
14985
14987
14988
14989
14990
14991
14992
14994
14995
14999
15000
15001
15003
15004
15005
15006
15007
15008
15009
15010
15013
15014
15015
15016
15017
15018
15019
15020
15021
15022
15023
15024
15025
15026
15027
15028
15029
15030
15031
15032
15035
15036
15037
15038
15039
15040
15041
15042
15043
15044
15045
15046
15047
15048
15049
15050
15051
15052
15053
15054
15055
15056
15057
15058
15060
15061
15062
15063
15064
15065
15066
15067
15068
15069
15071
15072
15073
15074
15075
15076
15077
15078
15079
15083
15084
15085
15086
15088
15089
15090
15091
15092
15093
15097
15098
15099
15100
15101
15102
15104
15105
15106
15107
15108
15109
15110
15112
15113
15115
15116
15117
15121
15122
15123
15124
15125
15126
15128
15130
15131
15133
15134
15137
15138
15139
15140
15141
15142
15143
15144
15145
15146
15147
15148
15149
15150
15151
15152
15154
15157
15158
15159
15160
15161
15162
15163
15164
15165
15167
15168
15169
15170
15172
15173
15175
15178
15179
15180
15181
15183
15184
15185
15186
15187
15188
15189
15190
15191
15192
15193
15194
15195
15196
15197
15200
15202
15203
15204
15207
15208
15209
15210
15211
15212
15213
15214
15215
15216
15217
15218
15221
15222
15223
15224
15225
15226
15227
15228
15229
15230
15231
15232
15233
15235
15236
15237
15238
15239
15240
15241
15242
15246
15247
15248
15249
15250
15251
15252
15253
15254
15255
15256
15257
15258
15259
15262
15263
15264
15265
15266
15269
15270
15271
15272
15273
15274
15276
15277
15278
15279
15281
15285
15286
15290
15291
15292
15294
15295
15300
15301
15302
15303
15304
15305
15306
15307
15308
15309
15310
15314
15315
15316
15319
15322
15323
15324
15325
15326
15327
15328
15329
15330
15331
15332
15333
15334
15335
15336
15337
15338
15340
15342
15344
15345
15346
15347
15348
15349
15350
15351
15352
15353
15354
15355
15356
15358
15359
15361
15362
15364
15365
15366
15367
15371
15372
15375
15376
15378
15379
15381
15384
15385
15386
15387
15389
15390
15392
15393
15394
15395
15396
15397
15399
15400
15401
15402
15403
15404
15405
15406
15407
15408
15411
15413
15414
15415
15416
15420
15421
15423
15424
15425
15427
15428
15429
15430
15431
15432
15439
15440
15441
15442
15443
15444
15445
15446
15447
15448
15449
15450
15452
15453
15454
15455
15456
15457
15459
15460
15461
15462
15463
15464
15465
15482
15490
15499
15508
15514
15516
15530
15543
15544
15546
15548
15549
15550
15558
15559
15560
15562
15584
15587
15591
15592
15614
15615
15623
15635
15638
15648
15655
15664
15667
15673
15684
15685
15686
15687
15688
15689
15691
15692
15693
15694
15699
15700
15701
15702
15705
15707
15708
15709
15711
15715
15716
15717
15718
15720
15721
15723
15725
15726
15730
15731
15732
15733
15734
15735
15736
15737
15739
15740
15741
15742
15745
15746
15749
15751
15752
15753
15754
15755
15756
15757
15759
15760
15761
15763
15764
15765
15766
15769
15771
15772
15773
15774
15775
15776
15778
15779
15781
15782
15783
15784
15785
15786
15788
15789
15790
15791
15792
15793
15797
15798
15799
15800
15801
15802
15803
15804
15805
15806
15807
15808
15809
15811
15812
15814
15815
15816
15820
15821
15822
15825
15826
15827
15828
15829
15830
15831
15832
15833
15834
15835
15837
15838
15843
15846
15847
15848
15849
15851
15852
15853
15854
15856
15857
15858
15861
15863
15866
15868
15871
15872
15874
15875
15876
15877
15878
15879
15880
15881
15882
15883
15884
15886
15887
15888
15892
15893
15898
15899
15904
15910
15926
15931
15932
15940
15941
15951
15961
15994
15995
15996
16004
16011
16012
16016
16021
16038
16039
16040
16045
16055
16063
16084
16085
16089
16111
16117
16121
16128
16134
16143
16144
16151
16155
16160
16163
16164
16165
16166
16167
16168
16171
16172
16176
16177
16178
16179
16182
16183
16184
16185
16186
16187
16193
16195
16197
16198
16199
16203
16205
16207
16208
16209
16210
16212
16215
16216
16217
16218
16219
16220
16223
16224
16225
16226
16227
16228
16229
16232
16233
16236
16237
16238
16239
16240
16243
16244
16245
16246
16247
16248
16249
16250
16252
16255
16256
16257
16258
16259
16260
16261
16265
16266
16269
16270
16271
16272
16273
16274
16277
16278
16279
16280
16281
16282
16283
16284
16285
16286
16291
16293
16297
16307
16308
16317
16321
16336
16344
16345
16351
16352
16364
16368
16373
16377
16381
16383
16384
16385
16386
16387
16388
16389
16390
16392
16393
16394
16395
16396
16400
16401
16402
16403
16404
16405
16409
16411
16414
16418
16419
16420
16422
16425
16427
16448
16456
16458
16466
16468
16469
16491
16493
16503
16505
16508
16519
16520
16526
16527
16538
16540
16550
16554
16555
16556
16564
16574
16577
16582
16586
16593
16595
16604
16605
16639
16640
16644
16645
16647
16648
16649
16654
16655
16658
16661
16666
16668
16669
16670
16672
16675
16676
16677
16687
16688
16689
16747
16750
16752
16790
16791
16794
16800
16804
16815
16817
16818
16819
16820
16821
16822
16824
16827
16828
16831
16832
16833
16834
16835
16836
16838
16844
16845
16847
16855
16859
16861
16882
16883
16885
16889
16891
16892
16893
16896
16897
16898
16899
16900
16901
16902
16903
16906
16909
16910
16911
16912
16913
16915
16918
16920
16921
16922
16923
16925
16926
16927
16931
16932
16933
16934
16935
16936
16937
16939
16940
16941
16942
16943
16945
16946
16948
16949
16950
16952
16957
16958
16960
16961
16967
16968
16970
16971
16977
16981
16993
16994
16996
16998
17001
17002
17003
17011
17016
17018
17020
17029
17035
17036
17038
17044
17045
17046
17047
17048
17062
17066
17068
17069
17075
17083
17084
17086
17091
17092
17093
17098
17101
17111
17112
17113
17114
17117
17119
17125
17131
17132
17133
17134
17135
17136
17137
17138
17139
17142
17143
17144
17145
17147
17148
17151
17152
17158
17161
17171
17184
17217
17223
17224
17239
17240
17241
17248
17253
17254
17255
17258
17269
17275
17276
17313
17324
17325
17326
17327
17347
17357
17366
17370
17376
17378
17379
17389
17390
17391
17395
17396
17397
17398
17406
17426
17427
17431
17432
17435
17436
17437
17438
17440
17443
17449
17457
17458
17463
17464
17478
17479
17480
17485
17486
17488
17490
17499
17502
17503
17504
17509
17510
17511
17512
17513
17514
17524
17527
17529
17530
17537
17538
17539
17545
17546
17566
17567
17581
17596
17597
17618
17619
17620
17634
17635
17638
17646
17647
17648
17650
17651
17652
17653
17655
17656
17658
17661
17663
17664
17665
17666
17668
17670
17671
17672
17673
17674
17675
17676
17677
17678
17679
17680
17681
17682
17684
17685
17686
17689
17691
17694
17695
17696
17697
17698
17699
17700
17701
17702
17703
17704
17705
17706
17710
17711
17712
17713
17714
17715
17716
17717
17718
17719
17720
17721
17722
17723
17724
17725
17727
17729
17730
17731
17732
17734
17735
17744
17745
17746
17747
17753
17759
17773
17774
17775
17779
17780
17783
17784
17785
17788
17804
17805
17808
17809
17814
17823
17824
17825
17833
17834
17840
17841
17843
17855
17856
17860
17861
17890
17896
17897
17904
17909
17910
17920
17921
17949
17950
17951
17952
17956
17957
17958
17963
17967
17968
17978
17984
17986
17994
17999
18001
18018
18036
18037
18038
18039
18050
18051
18061
18077
18082
18103
18118
18119
18149
18153
18154
18155
18165
18173
18175
18186
18191
18192
18196
18209
18212
18213
18214
18217
18222
18224
18226
18227
18228
18229
18230
18231
18234
18235
18236
18237
18238
18239
18240
18241
18242
18243
18244
18245
18254
18255
18256
18257
18258
18259
18260
18261
18262
18265
18266
18270
18273
18274
18275
18276
18277
18278
18279
18280
18282
18283
18284
18285
18286
18287
18288
18289
18294
18295
18296
18297
18298
18299
18300
18301
18302
18303
18304
18305
18306
18307
18308
18309
18310
18311
18312
18313
18314
18315
18316
18317
18324
18325
18328
18329
18330
18331
18332
18333
18334
18335
18336
18337
18338
18339
18340
18341
18342
18343
18344
18349
18350
18351
18353
18354
18358
18359
18360
18361
18362
18363
18367
18369
18381
18383
18389
18390
18391
18401
18402
18403
18404
18405
18406
18417
18420
18422
18430
18431
18433
18438
18450
18466
18473
18474
18475
18476
18477
18478
18479
18493
18494
18495
18499
18500
18517
18527
18528
18529
18557
18558
18560
18561
18583
18592
18593
18594
18616
18617
18626
18627
18653
18654
18656
18665
18666
18685
18701
18708
18721
18744
18745
18749
18753
18766
18767
18768
18769
18770
18771
18772
18773
18774
18775
18776
18777
18778
18780
18781
18784
18785
18786
18787
18788
18789
18790
18793
18797
18798
18799
18801
18807
18823
18824
18825
18844
18845
18851
18868
18872
18873
18874
18875
18888
18890
18911
18912
18914
18916
18917
18930
18931
18941
18947
18956
18958
18973
18974
18976
18982
18984
18987
19004
19012
19015
19026
19027
19036
19040
19041
19054
19055
19057
19058
19059
19060
19064
19065
19066
19067
19071
19072
19073
19076
19077
19078
19079
19080
19081
19082
19083
19084
19087
19088
19089
19090
19091
19092
19093
19094
19095
19097
19099
19101
19102
19103
19104
19105
19107
19110
19111
19112
19113
19114
19115
19116
19117
19118
19120
19121
19122
19123
19125
19127
19128
19129
19130
19131
19132
19133
19134
19136
19137
19138
19139
19141
19146
19147
19148
19149
19150
19151
19152
19153
19162
19177
19187
19194
19200
19206
19209
19216
19221
19225
19226
19231
19232
19233
19238
19246
19249
19254
19258
19259
19260
19275
19278
19279
19286
19293
19296
19297
19305
19309
19314
19319
19326
19327
19340
19348
19366
19369
19385
19388
19396
19405
19410
19419
19420
19425
19467
19470
19479
19484
19493
19497
19508
19511
19513
19514
19515
19516
19517
19518
19519
19520
19521
19525
19526
19528
19529
19530
19531
19532
19533
19534
19535
19536
19538
19539
19543
19544
19545
19550
19551
19553
19567
19570
19582
19596
19597
19606
19607
19617
19618
19622
19623
19625
19642
19648
19650
19654
19663
19665
19666
19672
19673
19686
19687
19692
19693
19694
19695
19701
19711
19713
19714
19718
19738
19739
19740
19741
19750
19761
19762
19764
19768
19787
19789
19809
19816
19817
19822
19833
19834
19848
19853
19858
19860
19877
19879
19880
19881
19886
19912
19915
19916
19917
19930
19936
19941
19944
19948
19949
19950
19951
19952
19953
19954
19957
19958
19959
19960
19961
19963
19964
19965
19968
19969
19970
19971
19972
19976
19977
19978
19980
19983
19984
19985
19986
19991
19992
20004
20018
20026
20031
20035
20040
20041
20043
20045
20050
20061
20062
20071
20072
20074
20075
20076
20077
20078
20079
20080
20081
20082
20083
20084
20091
20108
20123
20131
20142
20168
20169
20191
20197
20198
20199
20200
20206
20207
20208
20215
20223
20228
20240
20249
20251
20264
20265
20266
20268
20289
20290
20292
20293
20294
20296
20306
20321
20323
20324
20337
20346
20350
20355
20357
20366
20370
20383
20385
20397
20401
20430
20431
20444
20445
20446
20447
20458
20463
20471
20486
20490
20493
20497
20498
20502
20504
20508
20509
20522
20535
20540
20544
20551
20560
20561
20565
20567
20577
20578
20591
20596
20597
20601
20602
20611
20617
20618
20619
20623
20624
20630
20631
20637
20638
20639
20647
20648
20651
20652
20653
20659
20660
20665
20673
20682
20683
20684
20685
20692
20693
20700
20701
20702
20703
20705
20706
20707
20708
20710
20711
20712
20713
20714
20715
20719
20720
20721
20723
20724
20725
20726
20729
20730
20732
20733
20734
20735
20736
20739
20740
20741
20742
20743
20744
20745
20746
20747
20748
20749
20750
20751
20754
20756
20758
20759
20760
20761
20762
20763
20767
20768
20769
20770
20771
20772
20773
20775
20776
20777
20778
20779
20780
20781
20785
20786
20787
20788
20789
20790
20791
20792
20793
20794
20795
20797
20801
20802
20803
20804
20805
20806
20807
20808
20809
20810
20811
20812
20813
20814
20815
20816
20817
20818
20819
20820
20821
20822
20823
20826
20827
20829
20834
20841
20843
20848
20856
20868
20869
20874
20877
20878
20885
20888
20890
20894
20908
20909
20910
20940
20942
20983
20987
21033
21045
21050
21051
21061
21111
21118
21122
21141
21145
21148
21153
21156
21157
21163
21165
21170
21179
21196
21197
21198
21199
21201
21210
21211
21212
21214
21224
21225
21229
21274
21281
21282
21288
21298
21299
21308
21312
21315
21316
21319
21325
21330
21332
21335
21337
21342
21353
21355
21356
21357
21369
21370
21373
21374
21375
21376
21389
21392
21398
21399
21400
21401
21402
21407
21417
21421
21427
21428
21438
21441
21442
21448
21471
21474
21476
21478
21486
21489
21490
21495
21496
21497
21506
21512
21515
21516
21521
21525
21527
21551
21554
21562
21567
21569
21576
21577
21578
21579
21580
21583
21584
21586
21587
21588
21589
21590
21591
21595
21596
21597
21599
21601
21603
21604
21605
21610
21611
21612
21613
21614
21617
21618
21620
21622
21633
21643
21644
21645
21649
21651
21657
21658
21664
21667
21668
21678
21679
21685
21686
21696
21703
21706
21708
21712
21714
21716
21717
21730
21742
21759
21767
21768
21769
21785
21795
21799
21812
21822
21826
21830
21831
21832
21838
21839
21840
21841
21842
21843
21844
21845
21846
21847
21848
21849
21850
21851
21853
21855
21856
21857
21859
21860
21863
21865
21866
21867
21868
21869
21870
21871
21874
21881
21894
21899
21929
21930
21936
21942
21943
21958
21962
21966
21967
21969
21978
21979
21992
21998
21999
22002
22012
22014
22017
22021
22026
22027
22043
22046
22063
22064
22065
22066
22067
22068
22069
22070
22071
22072
22073
22074
22075
22076
22077
22078
22079
22080
22081
22082
22083
22085
22087
22089
22090
22091
22094
22095
22096
22097
22098
22099
22102
22103
22104
22105
22106
22107
22115
22116
22117
22118
22119
22120
22121
22122
22123
22126
22127
22128
22129
22130
22131
22132
22133
22134
22137
22138
22139
22140
22141
22144
22145
22146
22147
22148
22152
22153
22154
22155
22156
22158
22159
22160
22161
22162
22163
22164
22165
22166
22167
22172
22177
22178
22179
22180
22181
22182
22183
22184
22185
22186
22188
22190
22197
22202
22204
22205
22206
22208
22211
22215
22219
22222
22225
22240
22241
22243
22245
22251
22253
22255
22256
22258
22266
22271
22274
22275
22276
22278
22280
22281
22282
22286
22291
22292
22293
22294
22295
22297
22298
22299
22300
22301
22302
22303
22304
22306
22307
22308
22309
22310
22311
22312
22313
22315
22316
22317
22318
22319
22320
22324
22329
22339
22343
22353
22358
22359
22360
22361
22366
22372
22373
22374
22387
22388
22392
22397
22400
22405
22408
22409
22410
22416
22425
22430
22431
22435
22440
22441
22452
22453
22454
22455
22461
22466
22471
22475
22490
22491
22494
22495
22498
22499
22505
22516
22517
22528
22543
22554
22563
22564
22565
22567
22569
22576
22577
22578
22580
22587
22602
22605
22614
22616
22617
22622
22631
22632
22635
22636
22637
22638
22639
22640
22641
22642
22643
22644
22645
22647
22648
22649
22650
22653
22655
22656
22657
22658
22659
22660
22661
22662
22663
22664
22665
22666
22668
22669
22670
22671
22672
22673
22674
22678
22681
22682
22685
22686
22687
22688
22691
22692
22693
22694
22695
22697
22698
22699
22702
22704
22705
22707
22708
22709
22710
22711
22715
22716
22717
22718
22719
22720
22721
22723
22724
22725
22731
22734
22738
22739
22740
22746
22750
22757
22763
22764
22770
22782
22783
22816
22819
22820
22833
22834
22836
22843
22849
22850
22854
22857
22864
22875
22876
22885
22886
22887
22890
22898
22899
22901
22902
22909
22910
22911
22912
22913
22914
22915
22916
22917
22918
22920
22921
22923
22924
22925
22926
22927
22931
22932
22935
22936
22937
22938
22939
22940
22941
22942
22943
22944
22945
22947
22949
22950
22952
22953
22954
22955
22956
22960
22961
22962
22963
22964
22965
22966
22970
22971
22972
22973
22974
22975
22976
22977
22978
22980
22981
22982
22983
22985
22986
22987
22988
22989
22992
22993
22994
22998
22999
23000
23001
23002
23003
23004
23005
23006
23008
23015
23016
23019
23020
23027
23028
23030
23031
23032
23045
23049
23057
23062
23063
23064
23066
23067
23068
23073
23074
23078
23079
23080
23081
23082
23083
23092
23093
23108
23109
23120
23124
23125
23126
23127
23128
23130
23131
23146
23149
23167
23175
23180
23181
23182
23188
23191
23212
23214
23239
23244
23260
23261
23263
23271
23273
23278
23280
23290
23292
23294
23295
23297
23298
23299
23301
23302
23303
23304
23305
23306
23307
23308
23309
23314
23315
23316
23317
23318
23321
23322
23323
23324
23325
23326
23329
23330
23331
23332
23334
23336
23340
23341
23342
23343
23344
23345
23346
23347
23348
23349
23350
23351
23352
23354
23355
23356
23357
23358
23359
23360
23362
23363
23364
23365
23368
23369
23370
23371
23372
23373
23374
23375
23378
23379
23380
23382
23384
23385
23386
23387
23390
23391
23392
23393
23394
23395
23396
23397
23398
23399
23400
23401
23402
23403
23404
23405
23410
23412
23413
23414
23415
23416
23417
23418
23419
23421
23424
23427
23428
23429
23430
23431
23433
23436
23437
23438
23439
23440
23441
23444
23447
23448
23449
23450
23451
23452
23453
23454
23455
23458
23459
23460
23461
23463
23467
23468
23469
23470
23472
23473
23474
23476
23477
23485
23486
23508
23510
23515
23522
23524
23544
23546
23547
23549
23551
23553
23554
23557
23559
23560
23561
23563
23564
23566
23567
23568
23570
23574
23575
23576
23577
23578
23579
23580
23581
23586
23594
23596
23606
23609
23615
23620
23625
23631
23632
23636
23639
23649
23656
23663
23674
23683
23685
23689
23699
23700
23704
23721
23727
23736
23737
23738
23739
23742
23747
23749
23755
23756
23757
23758
23759
23761
23762
23763
23765
23766
23775
23779
23780
23784
23785
23786
23789
23814
23815
23816
23817
23818
23819
23822
23823
23828
23829
23830
23831
23835
23844
23845
23846
23851
23852
23857
23861
23862
23863
23864
23866
23868
23869
23870
23871
23872
23873
23874
23875
23876
23877
23878
23879
23880
23882
23883
23884
23885
23886
23887
23890
23891
23894
23897
23898
23900
23901
23902
23906
23907
23908
23909
23910
23911
23912
23913
23915
23916
23917
23918
23919
23920
23921
23922
23923
23924
23925
23926
23927
23928
23929
23932
23933
23934
23935
23937
23939
23940
23942
23944
23945
23946
23947
23948
23949
23950
23951
23952
23953
23954
23961
23964
23965
23972
23988
23989
24000
24002
24011
24015
24016
24017
24018
24019
24023
24024
24025
24027
24028
24029
24030
24031
24032
24033
24034
24035
24036
24037
24038
24039
24040
24041
24042
24043
24044
24045
24048
24049
24050
24051
24052
24053
24054
24055
24056
24057
24058
24059
24062
24063
24064
24067
24068
24069
24070
24071
24072
24073
24074
24079
24080
24081
24082
24083
24084
24086
24087
24088
24089
24090
24091
24092
24093
24094
24095
24096
24098
24099
24100
24101
24103
24104
24105
24106
24109
24110
24115
24116
24117
24120
24121
24122
24123
24124
24125
24126
24127
24128
24129
24130
24133
24135
24150
24151
24159
24160
24168
24177
24183
24184
24186
24187
24190
24193
24202
24207
24208
24211
24216
24217
24224
24234
24239
24241
24244
24245
24260
24262
24263
24264
24266
24269
24274
24279
24286
24297
24306
24338
24343
24344
24345
24347
24356
24367
24368
24379
24393
24394
24405
24406
24413
24430
24441
24451
24452
24460
24461
24462
24467
24471
24488
24493
24497
24506
24507
24520
24525
24530
24531
24545
24546
24547
24549
24553
24566
24567
24572
24585
24590
24593
24595
24621
24622
24624
24627
24636
24637
24641
24659
24670
24673
24681
24686
24687
24703
24704
24706
24707
24708
24709
24718
24730
24735
24746
24749
24750
24751
24752
24754
24755
24756
24757
24760
24761
24762
24763
24764
24768
24771
24772
24773
24774
24777
24778
24779
24783
24786
24789
24794
24796
24805
24819
24820
24821
24822
24828
24832
24841
24842
24845
24856
24858
24862
24869
24884
24887
24895
24897
24898
24899
24901
24903
24904
24905
24906
24910
24911
24912
24913
24915
24916
24917
24918
24919
24920
24923
24924
24930
24931
24932
24939
24946
24947
24948
24951
24952
24953
24959
24960
24961
24967
24968
24969
24970
24971
24987
24989
24996
24998
24999
25001
25002
25005
25006
25018
25021
25022
25028
25037
25038
25041
25048
25049
25057
25059
25060
25068
25070
25080
25081
25085
25099
25100
25101
25105
25106
25107
25108
25109
25116
25124
25126
25130
25131
25132
25143
25144
25161
25162
25163
25175
25179
25184
25188
25206
25207
25216
25225
25227
25237
25238
25244
25245
25246
25252
25260
25261
25269
25277
25278
25279
25291
25306
25313
25314
25324
25335
25337
25348
25353
25360
25369
25370
25371
25372
25376
25378
25379
25380
25382
25384
25385
25387
25391
25392
25393
25394
25395
25396
25397
25398
25399
25400
25402
25403
25404
25406
25407
25408
25409
25410
25411
25412
25413
25414
25415
25416
25417
25418
25419
25420
25421
25422
25423
25424
25425
25428
25429
25431
25435
25436
25437
25440
25441
25443
25444
25445
25447
25448
25449
25450
25451
25452
25453
25454
25457
25458
25459
25460
25461
25462
25463
25464
25465
25466
25467
25470
25471
25472
25473
25474
25477
25478
25481
25482
25483
25484
25485
25486
25487
25488
25489
25490
25491
25492
25493
25494
25496
25500
25501
25502
25504
25507
25510
25511
25512
25513
25514
25516
25517
25518
25519
25520
25521
25522
25525
25526
25527
25528
25529
25530
25531
25533
25534
25537
25538
25539
25540
25541
25542
25543
25544
25545
25546
25547
25548
25549
25550
25551
25552
25553
25554
25556
25557
25561
25562
25563
25566
25567
25569
25570
25572
25573
25574
25575
25578
25579
25580
25582
25585
25586
25587
25588
25589
25590
25591
25592
25593
25594
25595
25596
25597
25598
25599
25600
25602
25603
25604
25605
25608
25609
25612
25613
25614
25615
25619
25620
25621
25622
25623
25625
25627
25628
25629
25630
25631
25632
25633
25634
25635
25636
25637
25638
25639
25640
25641
25642
25644
25645
25646
25647
25648
25651
25652
25668
25669
25677
25679
25680
25689
25696
25711
25715
25728
25740
25745
25752
25759
25760
25770
25771
25804
25808
25816
25832
25839
25861
25862
25863
25864
25885
25886
25889
25890
25891
25892
25893
25903
25907
25917
25934
25966
25972
25977
25979
26005
26006
26007
26011
26024
26028
26049
26066
26067
26070
26073
26079
26080
26081
26084
26086
26089
26091
26092
26093
26094
26095
26097
26098
26099
26101
26105
26108
26109
26111
26112
26123
26124
26129
26150
26156
26160
26164
26171
26174
26175
26176
26206
26207
26219
26220
26225
26228
26229
26230
26233
26238
26244
26251
26255
26270
26289
26301
26305
26321
26334
26346
26348
26364
26378
26379
26388
26396
26401
26402
26403
26406
26407
26408
26409
26410
26411
26412
26413
26414
26415
26417
26418
26419
26420
26422
26423
26448
26449
26454
26455
26461
26480
26484
26497
26498
26499
26500
26508
26509
26510
26513
26518
26532
26541
26542
26543
26550
26551
26552
26553
26566
26574
26575
26576
26584
26593
26594
26596
26599
26615
26617
26620
26621
26622
26627
26630
26643
26649
