2472
42616
10163
26284
22965
83816
55680
45239
26724
81053
24470
2544
49865
17656
75381
91761
27525
45877
34616
61783
57387
20904
32801
53159
7405
91791
68248
41223
69046
68077
66528
24036
96610
84819
81638
11819
51280
26000
80079
37790
84351
90417
49943
92067
5019
13637
95072
90594
51884
73639
35532
75292
14041
82405
34888
44413
55031
46659
47862
69259
47421
55640
58785
17483
1172
40464
79561
4880
68066
43561
69655
44931
65962
13737
25643
31271
77735
3283
82433
13852
40532
35346
998
42903
67867
22068
29402
20869
3597
80487
43167
32130
79496
49000
56979
70534
85724
57816
97575
56403
48714
12192
69147
71741
18009
83033
8765
45724
40328
16986
3503
93347
9294
30649
79332
15977
38127
90237
48642
2229
36444
28510
90936
73253
48308
6757
96427
73438
20315
27741
77595
97130
75707
70814
79068
82548
70702
28400
5075
40251
68608
6766
86015
15071
58919
71791
71652
47809
22127
85286
24380
72301
7005
30031
70974
45560
64720
53491
1311
19646
27817
69629
79901
66682
79498
97826
56242
45904
65233
74941
90732
86636
40562
93775
97981
45180
25056
47241
65393
21842
64235
93055
58246
91981
80496
19116
75847
44912
66591
8289
15588
38357
56570
37806
77367
36830
81854
9191
23197
81075
23321
12408
5168
61016
77849
72747
72693
94196
87990
16093
15722
89580
8398
15799
62556
35665
98157
97193
80771
59931
67741
39137
59134
53170
69803
76005
86607
14340
52220
66646
34713
17347
27959
79231
69955
62361
33691
97034
4244
34483
11529
91626
60335
10870
48784
96272
87171
72745
2194
13066
25580
70419
34824
17247
81305
58646
81780
71578
43214
77510
67677
13799
69365
51085
81712
89174
37384
52528
40171
41326
39744
35212
53689
75633
69166
55307
72474
54423
33416
89954
93660
50964
3266
12946
3621
62593
54455
22253
18888
70852
91696
30980
63897
55686
34347
35620
27126
80756
78187
84952
46437
7003
4987
37534
91923
73480
34416
76241
16536
62064
95779
91242
93931
78515
49893
70033
44167
37443
48278
25760
33958
71088
96215
94526
13667
89774
1736
85433
53271
87702
1663
61260
41448
33332
38307
49822
21014
47601
85396
42164
10883
27819
69857
63788
73586
13403
55900
16202
3712
32418
30834
58976
33429
10982
46434
44913
32597
33014
42561
74137
12690
76093
36093
51817
7360
18926
46947
1785
22837
43438
14862
20687
14558
8478
80786
82066
72916
11480
50121
20125
59434
56117
59217
49399
89046
50907
12327
84341
76362
90175
22248
38614
49706
84472
1070
69236
85550
91312
32746
79451
8395
52270
64632
31318
67074
88169
68371
50788
97602
40542
12575
91334
44735
97446
31368
36592
91573
86917
60514
25687
11375
92217
91822
211
60281
57785
65666
29436
63544
29756
93158
34317
66929
93379
97409
26327
4016
56082
3260
4066
74694
96922
87036
86734
85711
54389
26521
286
22100
27785
39306
95784
6623
5932
44499
88372
84019
9006
3734
53750
96161
64133
30823
28134
56067
84450
6521
24771
15433
16622
52648
73444
21448
25317
31495
16582
51895
79100
69171
6753
80546
89816
54578
3972
93355
53611
40484
94182
59922
35327
36223
22893
40208
49063
64300
82564
12955
60440
24735
69799
62026
29808
52119
50191
82551
63099
6497
94389
48551
68201
54917
21290
44340
96528
80707
93321
19166
79026
34902
59880
38482
11021
6128
24906
3691
83713
5008
36807
66945
47923
47544
25196
20762
78837
74716
91480
42339
18464
92091
981
52520
1781
11934
34842
79738
87220
39887
78589
89487
37552
67323
93412
15046
88536
68991
29434
26333
55572
91375
36243
54163
18794
56350
11407
70043
96762
43573
56545
58025
27987
63448
32979
87634
3471
12341
86509
25593
93768
55119
36176
73926
58015
32348
617
65365
5662
7516
80953
3319
93890
84928
56404
63219
89558
13423
89436
30731
1264
92125
70693
16306
48632
66716
70716
27431
23037
90349
55451
85864
14859
62568
50941
51657
43811
81786
2201
24046
4970
1964
76253
32495
53059
50244
79628
96595
54326
50764
70378
29229
6478
61514
92361
39248
90702
50705
26710
78703
80257
88112
79487
89111
18944
86825
70659
81733
17223
93649
93684
91097
5208
38285
33786
61064
47032
13796
62818
62993
85553
6224
2968
69463
43289
77041
22105
33528
21757
14512
11241
79949
30316
89765
96289
37343
56902
13232
86639
51453
32502
38960
15316
24807
40204
69342
88349
47877
78399
58531
69032
77449
50918
13885
84121
83372
61987
63989
83063
77253
25889
66884
95645
96734
35582
10367
11204
89240
47040
11401
10516
13948
70336
57737
66048
18872
58526
32683
41875
81990
87032
72633
38483
669
16240
74305
37386
60974
11729
16011
58224
71458
91475
80445
43676
78333
2941
80288
39779
12475
6967
43983
80264
48036
26659
40178
77300
84832
30379
77804
81036
20903
27061
84507
38425
51907
26201
72242
97394
10363
84905
63423
78553
68501
83971
38034
69860
37446
84716
7707
4292
15161
90097
36528
3585
2134
94330
76697
85593
36430
7593
6789
65203
44872
1348
49024
54571
55580
15412
95183
41291
7855
84849
83360
3230
94401
10712
30310
14700
16634
38563
19317
29314
66812
11463
37986
82991
4274
12743
29662
18220
66797
9963
44558
65400
53313
78323
94133
40111
31932
63007
13323
73202
97665
35910
63808
92153
40487
43262
46206
98136
88358
25861
48221
90734
9340
30192
62053
18857
73193
14230
10921
20432
62500
25365
52685
80106
61740
92579
18429
55392
96805
17530
45325
76116
7345
8854
67855
67743
94169
58864
31163
54468
68208
60096
9226
96282
14630
38296
94793
57504
8709
56821
71519
41423
54995
23645
17831
54220
7024
2662
313
7944
14250
23798
56288
27226
66308
20484
19971
88329
62036
92802
90799
81083
26089
55297
31894
38112
17467
93596
42645
4677
61536
63331
28135
15055
95036
85764
27095
27251
88449
28743
53153
51157
23689
38438
85068
60129
57018
32336
30729
21148
91818
61058
73207
83702
56689
43690
62005
87930
5211
15511
87652
23963
16698
51023
66010
63780
5968
11153
58129
95599
69897
14485
17360
60126
96174
9401
17561
13702
30899
75357
90766
87568
62354
79530
12131
35929
22704
95220
74338
4239
62366
81246
52021
78683
3078
8947
78672
82691
71121
28164
85770
24258
33839
74666
76426
94842
28859
34603
43177
90157
8203
19132
10097
6276
9264
52327
57317
23048
7735
51250
25611
10524
56855
84759
58290
78247
20420
52889
3802
53297
40855
67185
82143
80926
95154
77387
26469
40089
34772
35525
95687
23073
2228
92601
14672
45246
19569
55645
3193
69457
77969
16635
88825
1737
87175
70840
92241
97848
56442
48029
18647
43735
84085
14455
18832
21211
68673
53543
64256
62739
3412
53272
97709
28516
84891
82462
60660
31345
90252
26810
13041
83013
59614
71162
57237
92831
13986
78114
58159
20767
90361
40386
77237
29085
14778
26802
60604
46979
75488
21244
4937
14388
76682
64521
66988
95430
14127
69313
11080
37988
78840
68249
25399
42730
55858
8205
10242
78438
89421
59402
68434
67995
22676
26541
73501
59377
22955
97681
355
55194
22350
26970
14297
28863
68448
90151
79477
70330
898
63332
58964
46818
61673
89811
75891
40130
80397
51499
83544
87639
97286
35743
23977
86768
32184
21221
18935
84416
56942
94763
30144
48135
12410
17257
42851
87231
48055
81137
46331
61226
94326
39461
98232
77986
45209
1965
24312
50155
6400
9359
85031
90864
49096
41575
50438
77725
60385
31209
56103
81105
36926
44955
55138
62908
31633
21003
79391
30986
13610
5562
43208
84946
47485
85685
39754
35060
81207
62082
84776
7190
25291
49174
77845
47055
13322
18502
47072
54829
83806
90339
61651
44934
39768
32257
63230
75579
71963
27352
72506
75647
95051
33551
39910
62313
33575
82495
36275
96381
7528
60714
87397
13396
41140
75683
13662
56709
96873
44092
80078
86893
18005
93118
25958
37563
23173
34707
57793
17458
12099
91009
86148
61033
21675
19410
94819
7819
33091
93434
39091
67961
59181
26306
9952
46464
39163
21756
4977
75848
1668
69647
1152
11366
36600
40568
67815
20508
54295
63404
77754
61001
69308
42106
91796
45423
92899
35937
18314
26311
57280
57830
91747
91902
83807
8512
29480
77793
4858
93298
50872
84
58007
53150
34138
46417
17829
46794
40571
48627
70365
76755
22150
97847
93986
86798
61649
27611
19303
39084
8111
4152
34012
40901
8904
54727
35915
37605
79346
63098
34866
82656
65733
71968
54564
14308
3477
19937
5337
49296
352
38883
30680
18230
45132
3958
31607
96973
35550
10299
65374
91729
19499
31825
40462
37460
67297
88542
5725
85095
65166
47538
17402
49781
42827
65775
46597
21261
61817
37102
22215
12097
85638
44792
20240
12821
22283
3916
15375
7705
41865
78328
24609
12402
26369
71645
90480
857
41698
4439
36643
91868
90042
66665
52430
33450
90663
5507
65361
91213
5938
95512
48461
89413
64919
93842
32834
84255
21299
77590
41506
39246
69488
34240
56461
59720
27888
61077
90611
45261
62798
85427
66027
66855
27543
49418
62165
27985
26101
97214
36806
39730
21375
35990
18828
1356
70749
87564
32287
9202
14701
93286
890
14178
33253
48138
56841
29413
88441
44601
51136
58069
50221
81926
62830
82499
44058
54188
36248
12416
1927
36450
9671
9786
34299
2241
39002
63581
69848
12145
72228
33171
97225
84240
91707
31391
19570
7187
92645
33950
12509
2146
9999
46563
91438
19992
66036
89057
67563
5006
29098
81859
57904
22378
41226
78216
23638
15566
31214
9317
52792
10514
96386
77782
78059
20620
94419
3509
30628
81227
32680
71529
95905
37549
7958
62448
71942
76943
5158
43096
20653
16002
15982
31521
45630
20423
68805
66562
54748
28716
29149
66543
23877
49638
83222
47065
68109
57806
27778
51919
1828
48591
65443
23768
91313
47988
3250
91879
13933
30402
56271
44202
44584
19029
80428
4652
61126
96860
45436
62923
62268
9996
25805
43007
55165
17164
85915
12261
65231
19675
95712
58740
13630
6876
51805
35697
94533
28208
37772
87263
51337
41276
58689
82810
26534
55366
39844
15334
94034
83048
55804
12665
24174
62208
21569
738
14345
27257
29221
24399
66574
72104
26038
15763
52447
20165
42691
33510
7884
7844
78597
12385
96992
25506
60079
69074
70014
54792
26846
21607
91519
82672
55974
88761
63693
30461
794
77464
7521
25860
72801
40905
1035
37789
60318
32234
48786
2012
57499
56416
49256
21883
56691
30809
89635
77299
57690
83402
36264
69193
60034
13697
15233
69683
60463
60001
72219
41560
75879
21157
39676
18200
284
94216
91744
55064
20505
56529
53663
66838
57621
19576
35260
63679
22667
61471
8676
50685
49367
11635
4794
7429
62729
78954
8067
26400
90273
21621
30382
97010
22722
56645
74614
57306
96283
20448
66216
81321
89566
20676
37145
47132
95735
55761
19097
35573
75036
65498
12792
30098
97517
32852
57103
44915
17720
1340
47291
65748
50128
49672
28600
95074
79670
66458
66590
32618
23999
70229
84378
89379
72938
82687
71933
60553
12763
67907
70758
65376
18528
12058
81133
4327
28305
36484
55557
28245
48890
90393
50383
47050
42978
97217
28919
28253
66469
14481
15752
82606
39507
51
16453
4358
27175
91516
61847
81846
96401
6991
47892
65708
46638
36787
52272
16788
50125
77443
37433
80645
49392
87537
16042
95697
78354
74395
14845
60029
90757
90119
30712
35894
69949
28878
61986
97358
673
74197
42868
77060
20039
81723
53912
17396
43111
44708
93843
60536
90526
39169
25125
43347
33476
74083
5114
49484
56376
9041
6158
59917
69003
9216
54247
39968
71994
98051
14138
31497
63570
263
45608
29353
96310
72469
50055
52734
63358
25462
4522
95097
47428
86733
35086
34497
69045
73865
17940
97997
94138
21798
72967
59561
63366
2329
64713
14903
71827
56983
46250
20652
55107
56842
46746
53280
55587
36302
91943
56941
55341
23039
41006
400
64162
91209
43046
42229
31887
22188
31181
37281
43674
36925
18085
40536
31313
11881
68649
50299
59264
70781
66907
750
81721
27255
77556
31480
9989
7491
7598
36388
68198
83685
72717
26820
16547
45797
26297
70973
86103
31502
54680
44362
50291
6821
76570
79225
36749
72488
31927
38489
87282
92088
49451
29955
41491
11336
73647
50609
59336
79596
29023
87331
95928
75427
28687
80081
27451
22670
8230
32485
15247
94778
60045
28676
3532
83290
39421
85676
84787
69387
16820
31131
30306
87543
62904
58090
38763
4644
36206
47361
51761
87648
52266
56247
55706
38982
79469
55252
15295
60354
52847
97251
63895
8898
45581
64514
12582
30929
33351
66877
75415
62388
74125
63325
53835
92264
45075
15021
79123
80990
89098
38318
36593
41847
59066
16525
14564
5761
52325
83336
12896
72642
37376
6853
59116
19504
71536
28936
3398
3552
74152
75961
41217
28043
95884
19095
76644
90414
8141
41664
60626
29359
82260
52479
55952
92598
16043
21301
20860
84659
86698
78040
47034
6702
21800
38263
12589
75059
18970
96979
42358
83061
19882
76126
96295
46289
27861
19205
46792
38608
54125
16760
65667
22325
8536
51447
50824
98223
50577
40625
43146
43955
72454
38214
85868
22454
85230
78746
13596
10203
1109
42778
85032
81907
31591
50132
88045
7406
41551
83404
13117
33123
9513
19069
12404
4946
94064
2177
67307
82285
20497
69855
38521
70447
93079
31983
31340
28328
57297
1485
27715
22259
33275
15614
52086
53563
82890
51999
17391
8996
61648
15262
70158
59944
11606
35609
80819
90953
8872
84677
6384
89155
12567
91866
52051
74665
35732
33131
77628
95816
58735
52433
68050
74377
62891
9756
51481
86603
30841
18706
69425
66088
76675
91710
60493
1997
26156
44809
46986
79535
71163
58337
47804
69228
77189
25202
33985
35615
33681
81146
52323
79098
74114
47718
41907
27482
17260
96409
4302
83579
47816
33758
56863
59930
85076
8977
58580
65004
25373
87116
95702
91083
17754
64896
53294
91452
25054
57275
15725
73209
23392
81938
5977
57822
52948
18801
293
58833
98008
19892
29692
93872
58953
70056
15855
55757
68679
64436
7586
59611
84615
67002
92024
4577
4886
24831
40850
58767
80979
72632
19817
40417
43546
75372
16661
81666
22890
56556
30621
21935
4113
48855
57502
84129
30499
55488
87293
83031
58816
21551
24382
29651
35124
36406
21464
33857
70342
97576
88453
65654
85917
82510
23640
31290
44494
49292
17273
52802
65922
81875
9937
41296
52010
87443
7297
67459
17482
32386
27479
95650
47949
66144
68429
87521
58151
61550
73026
24674
7651
23382
6970
48832
94017
47163
14616
2276
75835
77799
41932
75196
86886
23185
55240
25699
57116
97135
76578
50168
18742
94711
42610
93600
83275
28210
50603
12683
55717
61357
16305
58534
52588
6492
10760
77481
49843
1517
63970
63027
32120
45144
23140
19736
66109
27500
23922
94399
55498
82963
58829
52227
62265
31933
54954
39770
78692
94612
70090
52171
94634
59875
88299
25473
23598
23145
91565
74998
97785
90544
78568
57843
23152
63708
54667
37338
35879
73056
60856
71694
54124
10310
28559
48243
76579
39394
31478
25552
34670
29850
72770
41017
91841
3222
8077
44973
12944
27915
92300
52692
36151
51664
83539
51996
6104
6253
10052
53930
7133
67289
59923
24424
3346
70464
84976
19933
28777
80971
69000
29205
56234
29437
66132
25503
1628
70832
82846
6332
74567
12021
30906
44222
47183
3999
30551
56914
79448
83064
42767
80478
71697
6137
36180
70066
97018
37494
76591
22923
97635
71473
70246
20014
88532
14486
48668
3305
4214
85392
98213
54642
90183
31266
65111
4569
95892
26855
82401
525
39127
24157
37659
93730
11304
79748
92918
63268
52328
14438
76172
56932
80128
72364
41286
48981
79324
16499
55432
93042
34895
65859
24028
18116
41950
58536
44787
18701
19283
49908
45294
81942
92565
23265
7888
68705
33455
19279
37905
95889
88879
26128
84248
61140
61137
8510
65105
71576
12458
89985
46719
50057
72101
44524
60898
91038
59600
71493
70726
1650
30954
58319
85072
19245
80268
97436
69494
20277
97618
52701
90387
44066
28133
64134
43450
43155
51038
94868
56497
11462
21316
34698
14855
3846
49712
39537
69091
62976
3338
38115
58890
5950
59149
90981
21286
47546
66802
28628
59835
40406
632
31394
35985
77407
8556
85021
51258
29281
28611
90103
22084
71469
52285
86291
29874
73715
78213
96433
78529
21869
90736
18494
43163
58799
65221
18905
63565
73282
62175
39316
64649
49807
97535
54941
9301
61174
64336
38096
88815
32363
12340
68555
54318
12917
92029
82423
19455
62648
90290
76359
48728
2953
66247
26619
757
38289
15407
20855
28663
37977
92185
7247
14807
9234
69073
49562
64818
118
15685
34505
75168
85104
12981
56956
64352
73249
9152
47557
47512
759
9978
44087
68913
82572
37312
83840
74246
13209
78769
85367
88828
19007
58615
63608
55456
23824
26973
84596
93676
26108
73401
78204
55539
86309
36491
43808
36745
73062
63010
23476
14475
60581
18864
85310
54400
74250
36324
18178
66053
3965
36000
29438
26853
50110
82324
50999
81050
75164
8833
40887
20704
46474
86180
70180
9409
47250
49118
9959
91770
44987
51266
12272
33521
82040
4846
330
81529
27994
51927
25534
32466
56164
75916
90952
28683
30188
39113
52265
10327
54175
22874
16923
47046
3839
97624
60551
77436
30206
24059
1730
87418
59120
43717
34540
17583
8817
8712
75344
32170
2620
9684
4552
18238
51531
61734
32488
18079
59468
70657
24285
21270
9555
94128
2688
4350
45817
34588
60277
16273
28780
9536
4268
10290
38182
61103
58430
15846
58186
55593
62892
32117
48801
90186
8037
32555
72984
47569
64136
37075
98202
36230
14086
25135
5482
86548
66156
79821
70801
61445
15827
53858
61255
95178
55337
25489
40108
89269
47654
57249
414
22340
43139
9779
76261
86501
80677
73576
8136
12878
36955
21530
66181
50224
71538
92778
63583
25048
86996
79185
43726
66431
13839
84051
57106
29472
57075
75172
75732
47931
61475
33871
59382
6946
5814
90521
56756
92544
72749
94759
15883
51451
21268
69506
57374
68285
98292
19041
15439
59811
90059
93114
11671
39266
33359
26512
89108
35021
23201
94950
52373
8751
21089
96206
15023
68129
10301
94475
82244
11164
40666
73856
90481
64797
4660
81081
66622
33949
52829
31957
28023
94244
85253
73342
11086
12107
80336
24544
80901
29118
78480
73599
42003
2016
7361
22500
19484
45057
95180
94558
22405
71902
44681
57705
43941
26809
97327
68410
2206
30331
61332
33773
54914
766
68768
73186
66196
69946
48543
61670
42824
42324
33080
16069
52681
93488
12008
47266
16317
63183
60094
44305
3075
40050
15350
36895
70487
32876
76625
52273
56964
62851
68212
36408
35239
53463
4438
63151
96652
42798
61735
63477
17113
88337
23275
44557
43849
37684
31754
9073
46191
78359
66911
37156
71929
9810
30815
82670
74958
63873
69845
65927
93845
85023
44078
80671
21602
6656
63060
67242
15658
97519
65699
95593
27971
39144
76651
64772
76288
18107
23742
50535
52492
79929
11924
28660
15032
56138
22897
98058
90666
10580
21614
53527
39102
52728
57063
20766
89283
34758
72691
73560
67387
9762
13244
86959
7455
50219
2334
29855
28140
96360
41896
15518
74745
93761
96468
24659
32739
70568
27712
82305
72684
54516
15481
43087
3789
76554
91449
75728
68473
93824
56644
37974
59444
62293
19278
54000
27645
5784
54848
67720
11144
1213
35639
10507
802
62994
83565
33185
56695
53894
93838
95316
11147
56430
49649
8421
29190
53852
34564
76046
43001
16397
24481
53324
91201
25600
2231
66959
25302
43427
16254
97648
94607
98131
66116
2422
63471
40199
93411
47219
19552
75183
95851
3096
69317
76390
52150
69283
82252
78296
77175
44218
19755
83997
40535
65131
3202
56281
42032
20008
62446
78206
85362
35025
76655
10977
18269
7301
65920
31532
18549
95795
67122
53181
76024
52898
1080
96430
14448
63548
90267
20984
14089
54004
42581
41542
50503
81489
72397
20924
69260
35997
128
20221
82608
65571
9101
53781
14759
62950
87866
70082
35628
51747
82685
29078
27523
68817
63602
50679
72367
71597
60162
83132
58599
88625
78176
89876
42332
36047
37922
57825
31946
16428
35097
82162
23938
42158
66386
91846
72529
79747
28138
91330
94892
31545
16538
46368
68995
88994
5070
37676
33021
17622
77594
18702
32741
26560
27330
45256
85933
51542
73598
67299
85346
69662
91824
87170
74382
83331
77878
59623
39300
68871
58532
84462
1981
11087
26782
4176
88293
77997
1044
82849
21478
46735
8602
49660
89845
23103
97434
73661
92008
51785
66623
20376
60444
89186
96159
81375
79058
12010
75760
18574
30050
49221
47620
54015
55373
76428
61209
80263
4353
57891
35029
69705
30317
75563
35828
97841
35891
30646
1287
18421
60997
16280
77231
34065
63498
3722
40814
54603
93558
55389
527
52268
12054
39832
19721
32951
16832
66213
54178
51014
30511
77798
41388
55992
91926
74621
76680
81027
57738
7008
79316
91484
24049
5143
11020
68183
8899
57539
67298
28550
17606
3666
97475
21597
11309
11024
58440
57022
80682
83612
50969
22225
30126
69276
66508
24083
35425
51862
90030
81647
16606
15347
90550
63309
2719
73341
65276
63045
3544
53805
61115
23180
58344
18071
48526
1052
28720
59303
91699
25441
6596
28740
28882
32709
22631
15080
36184
53383
65482
97938
29501
94906
92653
66251
18507
96543
56884
30440
23344
12055
35655
75997
58317
93197
32411
43217
59145
16454
50042
35725
26140
94527
92607
5033
21893
44891
79877
50644
2673
39122
95171
89502
92896
48371
34173
98130
30220
79116
38648
44248
94940
85123
55249
48741
71010
83989
92147
61917
85174
70253
75194
86860
53156
5368
71182
38308
69077
81631
20372
66119
40502
76487
97020
18588
53058
2598
27582
71097
24792
70375
87339
3234
58479
83966
68788
68284
28276
87198
49884
28503
83777
13284
7595
26712
21967
54910
74466
58410
14721
46629
9508
78909
37767
67950
18290
25311
43003
19838
77912
64186
21071
53913
42843
1394
10107
80168
23409
11390
47135
83381
96446
11554
25502
23484
43582
44477
31725
17201
51331
13343
58468
79468
77643
52962
57870
46014
65709
53921
36014
54704
47761
9195
25667
34134
81946
81181
54803
66582
987
83736
75641
30859
15606
56140
85012
44814
24811
96625
36412
26171
13424
14737
44764
70468
94223
11965
71993
12049
51416
15863
78167
3534
90506
2306
98169
14268
53842
40953
84963
56460
82426
78347
78799
73910
49487
83148
41124
49955
44635
94590
22136
48033
93982
82808
91136
16865
81861
5444
82892
77150
30642
46639
86503
4110
60046
21400
3720
7056
70196
10975
77168
52179
15931
9154
22840
16399
6512
32837
61197
2395
56253
98250
37095
88688
87299
67300
10633
34140
60699
52761
51865
79760
83109
79820
13617
47035
24709
20804
24401
53745
43410
77260
89375
89818
12949
5349
30142
8999
30776
39009
74086
28585
18629
46968
51442
92347
33216
86654
59113
28979
5707
44805
25207
59158
23354
81881
38261
39450
75480
55919
64229
24178
60627
34529
63598
37289
90874
47364
60982
41082
89531
58941
88568
13391
41854
40146
78989
90845
62447
61179
71686
62474
59184
91845
6712
92114
11765
12639
29340
74038
63220
16292
75839
84435
70400
38356
67035
88995
81863
61015
19773
25661
83240
71298
62644
68737
90593
18171
89257
87054
50335
47564
50759
54359
84953
3794
77851
82925
33820
24817
86255
64184
11223
91429
79692
2960
81999
74667
33614
61724
28351
9403
88188
33716
70589
8494
79578
57143
18981
59380
39800
63399
22508
40123
28027
12156
45165
35892
11756
60599
16947
196
80739
36260
26762
26679
39276
26814
42861
28014
24245
41395
72721
50778
79261
79656
46549
19525
73832
30941
42833
11945
48113
8344
85767
20478
63301
55641
70188
50330
66687
46303
30040
62276
61399
98195
4325
40937
28912
8828
28446
44286
93554
26784
73517
71081
22185
68552
45293
60053
92660
74506
48237
63137
35431
47906
70426
76458
51128
44498
92136
30645
64987
35712
88070
47164
94954
22247
63008
71897
83577
27355
89796
28182
37753
19782
64378
53174
27321
28170
5701
84062
90078
45671
5293
1780
24358
33008
43678
80950
25548
46235
29354
26666
85582
60437
26429
66413
95300
8740
70722
71506
14731
93767
14491
53466
6844
49725
21719
72057
87024
88419
85576
3623
20050
71917
60560
80471
8617
53041
69757
60783
32964
10729
3576
23567
25299
25213
37069
73921
58212
74058
32500
11549
55907
37982
34602
27512
21972
10118
96373
39482
36039
84730
89467
8046
53097
54557
37421
76956
34677
97101
36512
94832
2745
61195
96150
49736
29608
67960
49107
57307
86227
88010
24855
28751
34200
88115
85722
88108
95003
95375
73138
35980
53330
18836
88947
77988
70149
27472
78357
86635
751
3826
68442
48857
60352
69093
42566
95
43785
14915
40853
60470
2868
59020
47217
47522
43050
61845
91048
16041
65490
54934
18802
72800
50404
26293
54473
77430
2703
54471
33386
9642
4398
89448
42437
96545
5261
12511
8160
25487
24270
44015
44036
87298
34000
23142
29123
43719
68190
8278
72618
92240
96556
80729
62241
274
35514
36710
2097
50695
74076
15981
56850
69124
83733
19605
74748
95199
271
44598
89663
57378
39966
60156
4351
38607
39668
56096
59837
21512
27618
89692
80173
21346
19169
17915
95457
10237
23630
8672
66341
42624
18758
85733
47849
60240
17251
83407
42400
97813
34541
58281
95226
36258
90693
40443
61132
65564
16204
68062
87000
57246
52853
68701
55976
60381
87361
65879
80249
17165
22313
66228
6836
15458
62832
43749
86360
75026
65303
33487
40011
43464
