96758
1358
19000
81362
46747
42081
90451
12591
8389
24428
48841
51687
50215
13848
20274
33044
37286
39584
51750
86796
37837
78263
48018
58975
49738
15258
19945
40607
12892
88087
12742
79104
91760
67000
73364
1605
5329
78824
17817
13438
71464
25325
58916
8574
66586
67005
57612
83821
9145
98098
57609
61274
35655
22853
8890
37204
68641
19586
62873
19872
23494
91143
30841
46350
86700
23765
50597
44942
85300
60345
86953
13824
17624
63256
22927
49077
79573
62501
47449
63572
76899
81586
53517
46434
80257
85809
94819
30976
24007
73341
20120
61678
18294
31086
68435
14175
96261
49440
9646
23625
85786
77778
11884
54604
62923
46582
8577
31318
38923
78547
66195
71921
43947
28439
36708
69659
82090
37384
25236
22615
81987
40981
21637
88383
45356
35284
19967
67840
83104
70929
63532
59297
25273
46467
4743
39667
61843
75454
18251
10919
63242
25968
74428
57521
16016
70609
58135
53068
89379
21198
69740
47980
77188
78595
13896
60142
51996
90834
29367
50719
81611
51137
53562
47433
63585
76561
77167
51064
57999
95776
5219
92156
44186
61756
24862
96391
17231
25126
16274
73793
55494
12845
18034
95699
1949
4197
14852
76700
18428
79493
55594
76572
72569
6402
45634
57891
57841
55468
17235
57890
54826
33528
72821
48368
48874
80923
85796
40657
3940
72352
22904
65779
20387
27068
86031
26889
46027
27356
82430
41526
14205
94075
16291
65772
86011
86415
49835
13203
79024
82098
24096
6088
85313
68862
70640
59244
29356
37430
37357
62408
3116
57437
89864
46889
3665
70279
42207
76870
23188
34065
66344
44646
59448
2603
23102
77341
24628
26627
47710
21322
46724
5674
60690
23275
15291
75522
66889
82959
78849
95257
42918
97583
10629
6002
28702
25014
94201
48391
46363
43750
96557
80912
88098
96679
12950
82303
44080
74748
2920
15244
74560
51731
54240
85194
18460
80739
69931
87609
20138
31355
48267
39088
20729
47780
40321
60854
67501
34540
26193
9171
4507
45969
3408
10362
34199
1561
8385
40313
13366
91068
81307
29562
13212
80144
73819
22261
38436
72925
31739
24403
8175
28056
69638
96725
47347
69473
69887
7773
61622
30461
17652
78054
42430
57356
74436
24227
84453
91708
30827
85966
824
51418
8055
59774
19990
8277
35546
72686
38469
76608
47175
61908
80328
85274
94410
27066
46816
23507
22882
29551
85138
87090
89006
31615
82284
58267
75534
28547
72996
84561
50156
8432
12487
3951
5217
3409
76677
97098
8570
33259
90276
84392
47358
69912
39617
56930
13406
63603
85199
89582
87977
56406
63599
34311
12541
31480
27071
24460
18941
50697
14582
67864
16329
16327
24221
49784
48280
93674
43184
87950
4403
27538
57279
83258
66328
37603
6225
82875
25140
38319
63202
88878
60451
863
82444
98102
89128
85383
23340
39252
16237
1493
82732
75861
58476
44225
92561
32941
89247
22109
21814
38819
24553
75573
39119
57201
73549
89307
71241
47974
57524
64436
38975
45312
30472
33970
70521
80057
9866
33629
78962
34819
13328
27638
88978
13706
86172
66310
32384
90399
18525
6765
1233
60351
57877
75226
23067
48920
6878
15997
59289
2900
3171
10367
82535
29308
75231
46702
77913
74621
42274
41623
12249
956
92896
66309
75249
13421
74056
93476
59712
14371
68928
82842
54396
49537
92217
75583
986
49467
77412
4539
25453
75659
31665
85801
79284
63932
54628
95744
23040
25812
6158
9496
85237
34349
77249
72140
25494
82625
67121
27592
40407
73034
26343
68202
83261
45307
80125
68237
71498
60800
47932
3418
1589
98017
2142
62953
56265
58039
83990
63386
57458
40618
61644
89968
71608
45137
36699
93646
67480
95083
74869
36911
73570
24902
41010
62705
91749
40340
63768
97688
890
63763
13123
86111
91345
55598
7233
50408
85589
24359
89162
68290
41575
11483
5791
4316
56099
58695
56325
61223
18414
42847
12458
25406
53879
21534
33159
13632
19575
63605
79770
31275
36010
89698
18579
56935
91534
94483
81757
31071
15864
70445
92091
83786
57528
88439
18973
60829
19777
92052
78633
24252
51924
84957
2674
48398
41939
89308
10100
84510
52607
6937
34850
12563
71175
7641
87211
11773
60773
2862
90299
83454
6138
93277
39491
95126
88133
40261
24547
63154
68004
53585
35087
8177
3356
69512
4900
69242
52419
4869
56447
93685
30528
39966
38053
10560
53800
30829
49843
60333
16812
37610
63519
7226
47697
56485
22256
611
17751
82796
4016
46097
29076
24210
9532
93856
14718
71941
89577
76985
93481
40286
68378
69139
41822
71393
15716
69549
7753
30256
1518
11603
8503
90076
36949
97047
74845
40771
97730
22159
23516
47994
88906
54276
27231
41204
23719
88649
92530
86407
43747
53832
39264
22721
18190
67296
15772
47411
62321
80930
41024
85217
91986
84304
76029
47100
56390
34145
47668
32996
84643
3597
93665
54187
68619
22323
33816
96813
86217
53736
19455
27768
47791
94145
11971
64263
9678
42435
50931
29956
55336
37305
31004
53644
52805
97908
70158
89183
32725
94097
91568
12932
13553
42589
14131
88458
70975
36914
8462
39745
75552
8374
72379
72478
27010
16541
72268
56933
57042
71131
905
9857
72705
75733
1261
85145
92183
65284
90254
19340
74991
27679
75535
52691
34023
13711
27309
48665
59751
88268
33274
36629
56901
25732
45656
86958
45381
90523
24124
45191
42136
76593
48738
93727
96464
78178
81512
24461
74018
57534
14084
16263
57716
6794
70721
59610
76082
39042
83052
22594
84069
64176
91603
51742
13111
51777
91398
69475
16810
18931
95526
50019
29226
34533
28999
32044
40017
39613
25550
50731
62381
77572
60048
35828
62748
93990
15967
27696
23587
43458
41082
14238
97032
6991
51679
34847
60795
90896
21157
54249
64489
52147
63248
44468
5344
45688
76687
87394
35822
86660
89760
92170
83159
69523
24078
48607
33501
51047
87756
41266
70885
71836
28546
9480
65617
10745
30027
35364
73913
91260
2473
49066
63200
609
34518
23981
54483
17095
56969
2096
12288
70332
17947
2389
3526
20531
20047
65667
94591
50388
10443
6021
77376
68098
67602
96311
22493
66242
77127
44929
28928
2847
45392
38364
37968
2033
52871
15022
4140
81867
61902
45334
42816
18154
30396
9495
12012
1426
47073
23699
76590
38356
50527
35759
58726
6342
40578
21773
88029
92835
92462
14776
26994
12558
62105
82635
92103
13071
25762
20777
25704
74942
23296
64133
4319
92441
4148
25263
95892
25559
53141
94585
21885
95754
46564
77762
89201
271
61072
34248
22755
37690
85989
76172
49037
67560
6775
19915
61405
73997
67125
50689
28742
61740
11472
77811
17062
82154
33565
62850
95772
18248
65261
10083
37011
96962
23527
43164
80097
90645
8237
96806
70368
39505
43755
13083
59302
97301
55655
30831
24237
89537
72625
31855
74019
37916
27936
75714
67966
87213
88397
44064
30185
45123
75853
27060
30531
53601
49711
2917
13436
9463
77692
97216
16180
66934
83272
88830
24316
55970
96683
73588
78180
16563
8943
69256
72028
88661
27121
63512
87768
1745
59488
8144
91214
89957
19134
54904
22031
59741
6035
18768
80359
97371
21969
68310
78066
30061
36632
90538
11743
76865
50717
68539
24350
84546
88105
35149
16884
46563
22387
26727
23493
91510
72986
34602
94294
22765
46696
69716
1892
65549
19522
90995
92873
3481
1199
13923
32152
31494
58831
74699
85144
44778
38772
7932
97594
34236
27793
34413
35210
95387
2198
70451
94387
87349
24150
44805
9039
55536
29548
10831
46706
61426
29770
14181
8173
76808
37062
56380
84623
49620
10739
51070
25010
38034
17547
26498
70994
85257
60385
28197
83686
326
18106
25835
68662
6935
56913
43509
90459
39342
60834
84015
56102
92468
88239
72801
12408
63293
85345
20845
17108
62866
40823
70692
80578
78149
72078
4025
22421
83271
26120
96300
78614
84582
78512
3367
28994
22844
70485
25869
70547
65317
79004
35639
7952
46212
47903
72929
35413
29614
80515
34410
32765
79900
68720
70338
43762
10670
31445
87233
95587
7063
55360
90203
66590
2645
49033
71028
47154
53175
23646
4765
11812
55352
45622
45919
32823
25371
14930
46672
44962
15406
11727
43
44215
46995
58761
20220
83979
61881
21640
31354
46549
82529
48855
23896
52264
81162
54957
2734
44689
71984
73156
14355
48821
23521
8248
53238
55596
64027
32328
21022
71305
49580
71724
50941
93209
34450
4146
93797
12659
79176
33458
25827
36118
78957
913
9110
27198
8597
83556
34263
33555
33205
28147
74912
34063
15101
50805
43896
96154
40652
6711
12577
57730
90859
91235
55566
49785
87346
1945
81006
88916
43875
46444
18939
13637
29796
62422
94738
13118
65349
81301
10185
6207
75722
70769
36929
86247
98048
97952
84852
44428
59377
15480
75196
28756
21309
20448
64297
87228
26159
91596
86684
70626
13822
37748
27933
7777
84541
19794
82671
27236
55258
13343
96982
65429
26968
54921
42038
1264
49326
29914
47020
44028
63721
49931
4548
6472
80634
52859
53404
46115
44598
30156
10472
5190
85455
92832
18130
30713
15714
33948
88612
94253
31898
79871
81851
79701
92308
27400
53020
47225
62692
63421
54786
7674
80148
90061
91201
41115
21975
73889
77082
50737
45794
65202
67181
32417
70376
57244
34557
33470
4699
93728
84159
35230
54759
60885
44952
70784
72242
92636
53570
65670
95970
76043
1688
46299
66285
87602
69571
42120
65758
22005
81563
70530
22388
57199
64620
4250
55927
84005
22998
33293
58866
20207
57538
39443
80087
52891
78552
14983
4217
59650
22757
34972
9624
50961
80873
44583
6516
34556
18853
35213
60621
21363
29211
85399
17285
86234
47543
79215
29805
24253
72961
28929
35689
43497
3458
45500
35362
51201
52799
94431
14492
38233
96715
14959
11589
3002
28021
5639
76149
58146
1731
27722
62350
62079
89374
83665
4568
16259
93283
88679
97580
13973
85623
75159
87206
71077
64703
40337
80911
57931
12596
75654
33860
22343
8434
65917
19993
50782
71986
25488
69709
82751
42842
60938
17242
41596
56981
4158
46342
93497
44933
74216
14273
65476
12978
77512
54760
31125
50824
86791
23090
56203
43921
75735
15723
93591
96158
3276
61169
18795
67537
6039
36720
68456
48641
78397
61603
64413
93103
37261
49143
84120
50309
80302
7000
80918
45316
965
77868
22148
7353
68305
9500
66778
28934
97078
89258
86033
21664
69862
40935
52746
58977
56707
88070
65373
7208
29449
83919
80236
58594
35366
34409
41160
54075
92513
2909
6870
2733
68869
23175
53113
92195
51238
43419
39860
1388
30731
47112
6485
70953
8620
17507
58559
77313
10518
3391
70945
30766
89131
50369
33435
57241
89198
83510
67858
34504
7393
33270
26277
42204
46793
92309
81160
95173
76577
58035
50063
89548
72284
69586
77575
98224
48522
14874
93338
12976
50603
21671
88648
70688
39512
54578
43132
73321
43828
96932
38165
13267
33143
64768
18246
76980
89664
79259
12776
36549
7024
19480
62544
92625
44728
94669
68708
80171
89693
66045
61573
7403
94820
54335
15790
80715
82580
11885
79547
80909
36737
83152
58071
77335
57214
17481
95695
7698
30995
73337
70306
3182
28675
76524
58694
14784
56208
72854
91637
83877
40770
1849
45722
63899
649
75003
76541
41502
32387
92564
985
57846
55216
24756
70830
71558
49064
50119
89068
29470
57409
23136
40863
58461
76067
89884
79544
47894
86289
57564
83252
29129
69521
53760
39981
15346
8916
22943
14533
30762
22937
89194
66158
23534
76666
18485
43637
97370
39847
96435
14291
51211
18519
61400
680
50203
87282
69674
92075
8949
30220
41982
39027
64303
48468
7884
34585
16829
2176
68415
54647
2575
72772
35463
59631
5949
47990
36986
15448
32887
88677
66462
95884
9708
53969
51539
34090
36744
83046
56107
95724
74029
67410
24588
92299
74934
26161
30300
88795
80460
86014
93516
46480
89780
34683
95796
39669
37995
42407
78035
29213
70787
12013
16136
66950
27571
21453
8017
21992
11396
60582
84685
83117
5924
15310
65619
72262
62843
63889
83964
37774
70753
32604
81330
68406
43874
69306
49767
27785
70236
82464
41819
74646
23080
61827
75814
97274
38393
50860
81430
67214
11312
73369
17753
26580
75661
80666
22941
4247
53063
79369
48946
94838
794
35333
14883
93799
89386
91027
2977
79537
20505
5548
48017
82250
80670
11961
5690
29645
32655
67576
79510
48252
48074
94406
52293
18731
75865
82254
10666
30062
32359
32391
10469
38853
90309
53853
88090
32669
4161
31185
42696
10758
54861
67320
82695
75190
1239
85603
22505
42179
7373
37029
35662
29955
85241
31070
68707
94756
70326
6952
6744
53513
33094
57695
64177
61
84269
45094
5239
87163
60092
64326
15353
69786
62827
40070
81118
91573
75211
60702
11227
86400
32959
2717
21720
82599
19487
92304
85318
97038
94159
74611
55648
60533
8008
61809
38776
47698
47095
43575
96478
80378
98035
64952
8788
33070
88932
12235
95233
45944
72735
37200
74931
20055
50427
49818
80212
42579
66974
71456
88341
70497
58725
64189
91619
89180
41176
93725
39484
70412
28038
18061
26008
5328
48224
25499
72991
85946
66249
48241
40750
63412
4001
34807
31052
96700
8170
98293
67851
42554
95864
81492
71018
26801
215
54970
63328
59365
84111
48565
80995
61074
86610
67032
79021
66399
86646
52132
13740
57349
628
59639
20525
41069
73851
72317
9244
44054
77290
91052
95509
51901
24396
67564
52350
62717
13887
95303
1793
53425
28553
81104
4811
18577
63800
17122
71919
1562
14296
94754
65111
9876
6856
3068
54296
90508
74654
93548
50168
19589
97823
74185
52537
27494
12184
56479
59457
73354
58797
13985
66335
35825
79082
18643
70825
34041
1319
25292
85633
29489
1436
48787
63133
50141
86534
95152
20171
12407
27628
71837
7295
93841
36511
14385
69499
97854
3592
85171
18935
78385
54598
96618
6638
4626
84767
20230
46966
18592
68286
47671
97895
72241
67465
82641
18789
58052
4899
77053
34468
63930
27562
30752
67120
46504
39817
49928
97082
27819
49813
54708
65470
63239
94992
2145
3147
45779
4119
83718
52557
47453
42241
42791
89330
14704
80337
41035
56258
76752
63348
22807
91771
16110
75052
76566
32636
45653
19608
85915
81335
35646
55124
85186
21558
92997
27869
6240
3774
79997
15651
65475
12061
23230
39096
82661
23158
29825
89218
65350
90633
37510
29239
5677
92112
36621
47711
15134
27244
87862
29628
37079
58939
50672
60477
49690
40736
47725
29691
88662
53963
22805
62260
43963
21281
54350
914
54579
50229
84299
5287
43995
45782
97014
95460
17074
55414
78049
78884
11799
95238
47379
68537
119
29197
22873
20785
43188
86930
9336
70902
51440
45710
80382
65195
69230
5353
36367
2379
11666
80747
20298
14969
29083
5515
17348
4051
72071
65370
61147
45418
87536
67504
68476
34045
84416
91262
67626
93408
38797
38893
7339
3154
6311
35074
74636
51213
35626
23999
41933
23618
31842
35842
32089
61358
88880
70072
62168
80809
84287
11956
61564
58464
32129
69039
78908
77492
11054
76624
43163
59841
40434
53852
45339
85508
47071
75589
29668
94498
57423
57554
94873
46390
61337
34247
44304
2334
1107
36495
73636
86180
20869
38666
37472
34491
61615
41890
26482
67064
91815
59204
33853
973
68639
9925
6456
43718
42171
2616
77274
43570
49214
95544
89412
32875
72227
20827
34984
63234
17733
40259
70551
28638
90672
41720
35268
45734
93792
48401
30981
79399
93068
10358
88813
56176
53731
36990
37611
14888
91653
59107
2558
53013
20794
20792
54029
75668
12761
50730
52083
96347
85828
79308
56772
4436
68225
553
31029
59699
55846
73211
90288
63125
81329
92763
49730
20203
54171
29701
86551
3333
83683
25042
91981
79028
64767
54909
62790
59781
66414
69968
31438
42594
28959
76895
2480
720
55962
91868
44288
22974
81961
25149
1282
30447
40986
67562
70034
9394
4278
315
88386
29493
86331
52134
21429
73206
55500
37522
36456
91920
67083
18844
96232
38088
44183
20290
57590
92785
23706
66747
208
53055
89955
86321
24204
56414
20223
27444
79364
61880
43917
62743
62430
18647
36085
42453
81206
50626
17186
59915
97467
44990
59536
37530
54450
74895
86034
67890
67863
73894
15540
26429
31906
23573
6441
5431
27505
12438
94745
44033
10432
67663
72456
50623
53364
84660
24619
29849
27153
51474
12257
3847
27404
81608
21802
38745
2499
49874
76998
88887
74667
45004
68926
36907
54684
58551
22732
65998
35579
57193
72
87926
34592
75342
70909
86862
63556
64378
8540
86899
84105
35293
84793
95778
53095
64454
44985
6486
13693
8399
76062
88026
24732
13787
38562
61110
44528
16214
10783
37987
17340
11098
37136
38420
72288
3112
23492
56266
68647
85092
23740
83709
26098
63123
51011
24426
12903
16880
86252
12340
94583
30407
91454
84791
51780
80219
28308
21013
11072
38258
25507
39842
49041
66457
11501
70644
67397
5016
97741
91405
60013
66930
44914
20241
1001
55956
26798
89992
93801
56148
62457
12331
95926
84858
62587
33621
29803
97922
43261
68735
76380
5936
4916
27852
50406
53150
50488
80947
60608
40239
76851
86955
40711
54721
58560
28820
69583
30795
26631
33561
67078
13110
51521
86558
18228
57787
97860
33219
47553
66008
17635
91890
8814
26194
72770
31064
26509
70480
35694
86174
50252
59006
62703
20020
88656
66168
16930
97549
88815
49170
44961
90161
30537
89259
55320
11194
89166
19444
77056
20621
45675
31033
78398
78185
87629
89156
93985
41945
25484
6083
34258
58828
23586
53590
13841
83292
91138
15518
60496
6872
96527
44101
36319
24752
95254
8283
13094
78504
78822
9131
76428
39624
85921
46336
85163
91554
19976
7609
37356
77099
48974
78387
46783
91359
56672
96428
41976
36365
53672
44122
92429
82498
63722
9900
68917
60168
23269
447
10715
42990
52155
19518
38309
93318
59424
94318
58724
96690
24037
62211
37296
98180
80063
93618
21530
13178
34456
71812
47039
58919
88444
82750
5848
49772
22784
87809
5057
45914
54210
89860
50534
41859
12665
15011
54278
35814
79713
89135
92196
61578
40289
82036
22121
67475
73593
61810
92544
96577
12620
91893
83905
84219
49038
8867
83107
38566
35998
4691
45150
59574
27969
63790
58510
84072
75644
57461
80134
38318
64762
35173
17391
7161
18762
34094
30503
7704
32238
77662
86092
98033
21268
66719
54875
34484
72145
93818
94077
64332
42248
72572
40230
7895
10184
55048
88548
5562
62129
200
57460
62539
96171
85987
27423
83638
29792
48406
15901
31650
22000
10136
75574
16587
18241
35602
85191
11895
92139
1156
84415
64438
64141
8313
23114
38038
3282
41373
47525
88802
19753
10779
56256
77894
65039
82836
2115
430
74281
46813
27882
26283
62439
78403
51858
56259
30153
26278
62089
16995
68492
24462
40300
31893
9151
24243
18097
41666
89661
70859
19074
88168
83729
84048
63813
90392
71700
34281
17087
55272
34432
41233
45630
29473
5775
28813
55663
3623
87358
71253
52787
38863
25766
37749
69760
69775
36646
56664
22600
59484
29499
34376
20317
15596
81024
96613
25730
92032
43498
32097
67978
94139
93191
34688
38956
81195
44677
88694
87587
35295
11085
26591
27851
50099
87501
68646
82042
9551
77121
32884
30108
1449
24649
5214
83482
38113
96176
4866
27856
95304
65288
86897
97872
12657
5260
66096
14346
24877
17880
41769
90515
1761
12583
64980
79180
86613
23580
59852
8227
94040
94772
72184
35280
52515
17094
44816
27279
9056
46507
81827
72708
55630
39636
30419
84384
77876
48392
95804
86084
79414
3103
67599
86599
81496
55021
85806
73695
69651
68518
70572
12298
25786
53351
63022
5821
78052
94891
37532
85317
68666
83184
28225
50037
7446
77293
78657
88979
10599
68282
39788
35399
69135
28607
55621
52081
85315
97686
11882
57015
8382
73464
92992
73269
7291
73960
80581
13303
91731
17963
69509
13273
98234
45473
57616
73783
84822
19105
47327
34070
58451
228
37065
19704
1965
82173
64560
71838
516
81896
49443
23825
328
41215
32489
55469
72239
16107
30308
65968
68219
45222
63496
81245
24506
79532
66355
89692
55041
16746
66987
32017
28118
89387
58137
63266
85959
45021
83353
14651
25678
95353
74664
39031
2853
53305
25665
70761
97222
83212
97439
12003
70907
14478
22279
73614
42417
11003
88408
10424
11029
48182
55351
77036
38483
26929
17931
84003
490
62288
15847
70724
69165
4560
53906
12793
3487
58527
19084
23998
83824
23299
2919
81156
41434
90329
65540
42036
90939
54464
65181
29070
17665
2959
6645
44733
61614
5845
84478
23088
21236
94863
41183
95940
62471
30559
91812
85248
49421
2028
957
79442
10505
6836
11817
59260
93986
78664
77423
93718
72457
5768
70523
69656
66843
84507
49622
51058
30245
80376
81527
75337
20708
47558
24755
93526
46289
44546
65265
73825
15420
87484
37378
44488
64360
64379
34421
41182
12953
45383
25885
74282
28284
8633
11071
74119
60180
79436
4399
16355
47113
55261
49300
18886
25672
81858
11496
33811
13342
40437
48715
21220
58438
61670
17645
70977
95187
84346
93349
28339
12899
59454
46476
25229
44376
6664
1576
41254
50077
55670
55976
67212
56260
47944
14090
35978
40520
14211
72599
21806
32316
68665
76154
93437
96072
66960
7735
39862
44461
70142
5135
21914
67939
27833
57332
39658
11247
52324
12176
43580
18159
95227
54190
46400
44266
34587
36492
66746
73668
73029
53310
77826
45108
17801
68972
40567
61127
19546
59413
69346
47837
7766
55591
31756
7309
65895
50418
48405
59674
36231
42261
16925
49475
21007
50609
53522
13318
31114
55210
62781
91494
81110
59141
34479
81910
36391
15914
48592
46407
16233
34379
59855
76435
4251
30859
78639
90406
78395
25635
84394
91109
49638
5218
2399
30865
75144
80732
24127
29278
70193
62411
38423
23883
76751
82302
7546
15916
58893
50930
89740
30116
75386
13606
20481
43315
7635
10471
85057
58827
85848
82285
91004
61031
92657
60638
86370
51910
69908
15483
22206
58494
82500
75720
81132
22185
31922
9861
55667
7175
69107
45470
11938
36561
24995
48202
89789
19919
22751
4409
17951
45532
75163
75699
40523
77912
43571
49834
91123
63782
96711
4181
73836
94000
64653
14928
57533
73223
25225
75401
79318
95160
96814
50659
77326
79530
54567
30129
14493
13307
63501
11449
49875
70001
42383
72115
21142
55887
58954
2644
85835
89007
48961
49736
23010
63272
94194
38630
34137
65702
7805
58870
39422
30216
55270
63525
65220
49839
32314
30619
87533
42220
19237
1026
91689
66502
6174
56477
68611
51854
38279
76501
89021
48266
3788
53704
4314
87415
39245
78215
33309
36113
70012
60296
46680
50228
73111
45535
54878
24184
28537
74813
18466
8201
82847
53874
3368
80462
57043
24573
90501
86657
78978
53911
20069
78830
70063
33056
7859
88229
39677
86082
66963
50982
70740
17412
30556
18412
86179
96922
41144
20634
37373
29196
49057
11453
32866
15673
64787
45947
94581
68533
86517
25746
51144
87910
46406
49246
71145
55541
29799
22089
35443
6520
59773
36176
8257
35837
21354
40731
28516
57611
33008
90009
63994
15198
8740
70679
87257
67235
28223
62805
80215
57838
54907
20964
87451
61312
97948
37289
28988
15066
13845
31269
7372
12199
89141
95863
47779
97639
96371
69969
43574
41178
49011
106
55156
39632
82463
78671
76574
8383
89142
26374
69953
84087
27502
59704
31408
24861
95725
815
73716
10586
94383
48075
63376
57405
50995
74601
24118
12131
39335
79062
54449
62481
26026
33976
87115
37955
49157
72995
69794
57361
81511
47316
92699
11768
54031
90818
72382
2403
68113
60094
48928
29837
8748
4633
46427
71880
42334
50387
56392
46325
71501
23181
25198
29383
4043
47490
52313
33861
16704
23616
54371
83836
87239
59047
83614
84518
54987
44222
29581
50932
69068
2939
52970
31677
39214
15039
61002
90891
27753
79519
86813
8715
77310
79786
32773
73972
48030
16821
65907
73690
9565
71677
86175
91622
36356
12673
32616
26592
38340
76880
77945
15257
8369
70678
93901
42050
52762
75721
38099
70191
20145
43823
60902
83153
81002
81321
67445
88466
775
86960
14997
28455
27485
65461
39421
78524
11229
44311
6799
90683
82211
93519
7083
83005
40824
7165
47036
97855
85362
49260
97223
74639
74957
57145
88135
6143
47382
76251
96691
97272
23943
62575
78176
54274
55199
49125
42176
92615
50800
35217
80579
1967
53511
25537
69202
62180
87154
53700
88396
86844
66862
32804
82778
72709
92656
55567
96439
86500
69899
23060
53278
33488
98269
5610
83580
30139
60745
56315
66083
60450
25063
19883
48345
24644
15077
23845
23294
47434
35094
46894
47303
59086
65754
39861
82175
54474
33457
2271
52858
23971
90512
41867
59349
20110
7157
7248
1021
20604
89545
48013
96223
63846
40094
32251
91121
57228
54252
59171
36171
64
90498
39821
76174
26679
43844
71014
27431
39351
19979
50412
15068
56456
6888
65366
58721
62465
72658
94789
26305
156
58700
66732
36536
73667
91750
60836
49648
14103
12268
27129
1257
63604
70540
63398
16524
63808
55544
79687
15278
61694
32491
95618
13124
67628
29511
34969
45815
57597
61178
9311
76095
90686
23956
39241
78291
55900
48287
62640
91039
40831
66477
12016
4096
71471
38177
84658
1770
57580
47400
92841
91602
36034
31036
76878
25523
27826
80005
23504
49452
89174
26260
22652
55573
30451
48914
78479
32315
30968
71376
92284
37696
93415
923
47058
53081
73639
81923
95661
61171
78102
42780
62093
4310
17538
31331
28800
20057
59768
91873
38084
27187
69726
13844
820
4274
96888
42381
33032
33626
38118
51189
33398
35755
54123
95317
32112
33941
65916
36532
97062
41917
16851
76272
20745
28978
53928
54378
97365
92434
11747
35778
8663
82323
45242
83910
85637
94439
52561
31620
47641
57440
12191
83817
55151
51597
74434
74187
69842
15040
96051
96815
73128
63434
52879
28753
77460
6694
81154
94103
73912
1802
45683
34483
10728
13444
31993
37907
31710
98233
71158
68889
42056
85794
52151
13596
57025
34039
27847
23408
55324
88960
80689
93084
49838
49899
39721
85070
55268
88300
48729
67163
30624
58060
60990
35658
58454
11079
80482
44065
97813
29917
85090
87577
35093
30652
82617
49852
83256
22023
18398
9765
73840
84797
47351
32815
4296
48003
32013
78262
7183
12918
72315
6958
88900
41930
75291
28556
94361
44661
64657
6287
66302
68012
96136
23458
12087
77649
2952
19759
70084
13965
60291
90595
9778
15150
39779
2598
36229
1907
14481
53501
35656
91693
21796
94788
86905
9249
63381
89413
47976
52113
71128
82048
84448
54435
71542
39101
29714
89400
42375
54634
17484
66129
43029
37652
77717
74162
74806
18295
32599
75274
23002
90959
34711
20143
1293
74193
76545
64996
63198
46217
2344
96020
22547
42771
78061
82593
21812
56668
30459
15830
55529
23557
98198
8390
92465
95305
75113
41567
83147
80454
60219
25667
162
35008
997
90378
76042
90828
11087
19446
87230
5523
32892
73015
40825
45959
32970
72885
40559
47354
94118
55129
83016
50288
47463
5047
12493
18252
78920
86149
26096
21667
90198
582
79092
41708
31749
43546
95503
19555
90516
19301
95368
82776
35966
81228
38867
91669
196
50480
69250
35330
42993
83157
67157
84100
70543
32128
71577
57742
11592
62807
97040
76701
32117
95883
79368
69385
34337
93127
55923
45251
48803
18092
1776
23165
11601
67041
33379
38402
53184
22199
36305
80973
16990
42410
41484
49501
94172
14774
38933
15352
75177
46347
32418
76546
52781
68256
10466
88245
94372
31311
51134
22036
50817
89448
10036
6863
992
33453
8611
39419
15417
29722
33186
10500
43271
84609
71315
66702
18143
5582
78588
96050
15804
93186
24088
81736
98097
19969
86728
58733
36459
59960
78557
80303
9943
35029
44195
70061
64158
69552
6340
26434
76182
3962
31215
71934
45173
64803
58306
737
93784
86562
91361
74134
23286
80492
17889
68472
71434
49682
26523
2905
24464
46750
73329
33134
38210
72828
12649
79898
80384
78495
35320
84818
34009
20049
19423
65070
60423
72430
34952
64404
14548
27286
80680
89429
77212
50479
82438
1608
96482
24476
78201
53037
65042
61699
88127
525
70650
39082
31315
14303
90597
13704
75341
5254
50453
75320
51841
79578
31328
73126
63295
9424
40223
96399
17496
76037
69581
84353
32528
91673
47904
93080
53765
26021
98175
37046
20764
97759
63433
65857
16652
56012
17910
80877
95740
60123
33320
39625
31945
32213
71483
75008
32180
90386
62887
86184
87544
95899
96143
12652
49642
54890
60548
16303
88631
40446
75590
72647
44185
81841
6619
53932
57940
12529
45054
70458
25035
44078
26682
46247
45890
85395
20691
14923
49906
41370
10331
22872
175
51898
80149
40942
68898
30428
2055
81613
47853
96015
87116
21439
93105
35419
23842
78227
86854
13734
78655
2393
16326
44045
92184
11293
80769
29953
74040
97575
11095
36856
50979
93192
18547
13349
4956
85654
34851
92009
96199
29755
38614
92182
44177
15000
19841
27050
20416
15460
26976
38988
34210
93766
56387
19163
46913
96865
7092
70814
49577
36143
46996
53195
40511
49606
86052
2175
53581
55086
13173
28156
76535
51127
22377
96148
93567
66234
13147
97415
75658
76759
18292
67287
88647
85519
95954
9502
80988
42883
27287
85286
77740
76023
27549
72106
15229
57210
92487
90460
29475
52318
76203
76378
9956
63313
78457
14840
79305
406
55359
76720
62358
29693
53540
65590
61173
79006
14933
94413
23782
28436
46866
10506
75019
79045
20073
38957
57404
76528
7451
85405
41443
2268
14488
41730
73968
24938
73523
17217
54375
71345
48034
57715
72015
79306
7769
40057
38374
20395
37230
11813
61919
21939
80255
26821
65959
92722
37281
24643
6651
14365
73000
67538
96281
56388
68412
3758
50111
42954
56467
87664
16726
74725
31659
41936
5724
88926
70340
87278
94890
53676
74100
38914
59283
59478
57258
74551
3794
22683
91049
1898
38369
83286
17319
14210
87928
38066
21536
693
74803
94021
50386
62596
11235
43323
47650
82771
11965
41211
11144
14399
26899
32565
61953
34714
59572
96553
86169
70635
12889
50002
27669
64344
68089
94994
93578
19014
53863
12799
72327
37027
53453
97292
81444
68000
1132
68413
47076
2129
22638
27935
71104
84330
46489
45221
55278
24283
91541
42878
94057
77049
93087
77552
23111
25752
49
60272
96636
48878
92111
85789
48336
38226
55574
72515
5346
2879
25564
83865
11985
91340
64954
89164
34347
7803
42547
56941
9679
16811
81607
20694
61652
79257
78137
46472
17466
63151
97785
97940
264
46639
57235
38505
60077
47107
63931
73692
29332
8058
90417
71758
4719
20063
10851
50395
13395
65710
90749
15880
59067
9205
43190
6447
91811
44100
66821
45996
65003
2783
57118
37752
90575
33697
66937
92540
97600
35771
46583
25391
59082
37585
49266
51737
94023
28498
91496
63291
96200
24987
8899
5434
89213
80041
58255
62844
97035
36845
68169
79970
69245
78452
89301
81405
71703
64101
24376
70083
59747
33025
74992
34623
72520
17474
74437
70879
52143
67211
28315
95982
95821
80919
62545
71789
55539
61381
98178
33319
18279
42
59640
47474
20471
86296
18980
5212
24886
65421
29174
6623
84830
64483
26777
21216
6601
5824
52409
6223
49898
21592
31873
81569
68467
18686
5790
64481
84799
21490
79356
42531
47707
75333
40081
94762
18265
1627
2235
48634
93417
84580
44549
93680
38139
38740
25015
66063
90449
8260
42279
37126
30130
41675
22999
7495
31557
69717
96641
77222
9921
50097
61061
91651
11733
50889
82832
12585
26124
87339
81566
61438
12093
60101
67904
97251
97610
59651
34777
72443
8003
41222
79780
97468
33761
50389
93492
96355
59786
9526
42221
61716
45219
77185
4193
23949
7352
42405
96310
28062
98045
16596
60697
89350
27043
66575
10264
6976
8048
54338
96243
29113
28701
63740
43894
85337
94101
56766
17320
71469
7899
50348
49601
15725
42503
48012
10901
91415
36214
26284
34802
18200
27728
35014
85179
66049
23394
68025
57176
81323
24143
23425
23119
88651
91911
70512
88315
57620
83330
14338
84372
76990
53387
57352
88896
6657
68264
64461
18974
13539
81251
43829
19849
96877
72072
36649
33426
26295
19465
56484
38250
77172
8466
21706
51596
30157
41763
64369
3780
5827
30030
84090
95072
56132
6018
86507
16239
95686
364
59638
4642
14139
63996
60643
907
70917
13097
67921
8851
81999
59797
73320
87959
12224
37161
51482
64102
79379
60974
22663
75837
50692
77454
32730
51165
46698
28528
88771
80849
9563
61098
32306
89225
55661
74839
78230
41101
78964
57272
59509
40569
96189
43436
4760
88051
89523
6445
72069
72700
3895
88668
41736
56129
2045
58219
65635
68110
25159
57198
46931
25697
92473
80034
50222
49184
39174
6662
50015
85346
65892
24625
89646
38269
91301
72803
40614
64301
86326
58608
61613
39272
42781
54424
17432
85197
5176
86360
62454
10376
30040
70805
84033
55545
55152
47357
82879
58282
1571
27237
82777
57183
8104
1932
81493
50925
26895
69066
14615
80020
64530
24778
19924
36329
40945
56172
67029
10683
11522
64210
94830
12828
44164
96046
22221
34803
21016
38521
90469
20787
73941
76125
97243
31233
49493
30926
31996
19218
59155
65934
20928
40370
86090
21355
26574
85580
6734
61255
65254
24681
71738
64610
82003
34726
2204
2163
35932
63841
42059
95791
19317
57494
74616
61896
30007
89445
94759
96019
84118
66169
81462
52388
635
59591
49299
35168
12276
89494
96272
49930
64469
93177
56745
91643
5230
56267
7746
64365
8733
97167
40087
10843
41618
85312
13263
35265
19532
84361
72716
40288
6970
23526
80725
92426
80377
72404
16898
55171
35017
89536
73050
66398
37226
93906
6788
42371
10563
23905
94327
60819
84584
356
51235
31220
98046
95410
33806
35393
51566
58651
12202
86377
80824
36174
13090
53544
40816
76802
76549
95867
75762
15162
19440
7993
57667
79845
54246
38433
47127
72694
65206
38599
45534
7237
89031
7636
29507
6931
86329
1000
28807
59845
55507
90998
87466
95726
31174
34599
812
93940
64557
64358
23691
36007
90086
73380
79444
84924
69144
94329
15696
60742
85659
91692
44385
50300
50230
48710
66694
49444
9648
94996
18603
77545
66560
91425
19110
57551
90393
38178
80945
16594
96010
75100
10725
47350
57998
16591
67435
37320
3316
40695
72450
57022
91571
1788
77648
34667
4374
37964
2053
811
59661
42592
55875
14260
95137
11525
17994
18925
27169
25616
5130
16555
88633
63674
66860
15655
80180
14541
16616
72206
34181
6512
81173
2250
5759
15108
61112
64522
80403
58211
44790
9450
38176
83474
38278
25315
49933
34589
72056
66116
52241
40982
97345
46910
76669
93364
73517
74861
41031
66704
58743
13658
50003
75942
43129
69688
1416
88891
79316
72758
77462
21339
17589
78415
39985
29851
62420
78628
12590
14445
70663
25192
8010
83714
5300
43794
84060
19950
77272
3995
17546
50274
16972
67758
28442
43199
75290
92692
1914
56455
58597
76538
61288
8765
3304
33307
4706
62299
918
63909
2501
83733
72356
27990
53010
54889
1658
41268
23762
89863
14020
29765
90504
76096
67318
55623
51744
19219
72580
66009
33615
26060
64050
54949
93716
59636
4156
14305
48973
50481
42342
92185
75303
16289
10838
34741
24676
69626
81860
74555
78080
45529
73769
13452
55116
96621
21047
11414
90450
53422
76625
56377
44793
17366
3204
27965
93891
95096
76048
1584
48514
56957
83303
98177
17689
32086
80254
591
62200
78725
60009
31455
97767
58284
30987
71229
73463
96721
6713
88146
34804
83590
23940
42324
64879
40061
44529
52963
84910
54262
17353
59649
18319
76155
52708
26740
17286
27586
89904
12849
55063
10131
58449
21183
1646
82119
71757
31685
58436
45167
90032
50666
72182
97752
3372
4294
3575
75055
94362
19206
94440
80457
87470
91753
7539
87655
76261
79132
39790
89368
1451
71952
27943
55942
44725
71341
69942
71490
55073
3277
81541
13381
19132
46904
62968
79153
94701
30845
3848
1897
85224
75267
33208
27635
23469
49864
59098
54565
71692
42831
35445
2240
69748
27012
29982
77839
81043
26646
93706
6687
76934
6259
43342
3649
8214
73620
75005
20051
84548
11770
79413
46964
39840
80012
9361
69591
30721
50996
95399
4484
80213
1917
92568
44388
44277
49324
10296
40251
7191
87334
5459
95658
86219
94106
1821
66366
79321
12555
29694
86282
41328
85031
22317
19127
25671
24598
39043
30211
62188
8031
27023
84481
81237
3945
74574
73648
77301
61299
37478
73688
66471
41582
80331
28428
47656
44240
51688
74660
49940
52848
63913
94378
76169
76088
336
43633
92177
42319
47844
2060
45412
94644
8006
75108
80206
90997
18233
79099
53875
20048
76423
95802
85146
44425
58664
6321
54984
69494
