19276
22778
9342
23974
12974
9353
20579
17045
1805
11064
13388
18431
16531
24297
3964
9203
13446
1182
17080
2739
2989
25920
1255
16885
16691
21067
1729
25891
3581
22725
22443
10030
1203
14194
12089
13706
9083
23261
11408
4443
17146
365
9430
10168
15920
11167
22939
12093
23945
11267
19662
17569
5436
810
18773
6497
1374
21813
2194
2305
17372
5329
22494
8630
1007
10423
6517
6369
21772
22719
363
15362
23540
6662
1977
24389
6238
9245
24192
2285
26608
24101
9699
5799
4016
3378
15205
10628
18735
7400
12828
19298
2383
11755
12069
809
7367
15091
11657
17759
4752
11095
7381
2359
20142
12015
25186
637
2108
18484
19033
5655
16296
6396
5718
6696
4731
9229
17399
9436
4067
2174
25386
1966
9861
23219
26310
17164
14994
6628
8853
219
13667
4655
1443
24424
23941
13758
1987
11763
26003
5615
5694
8880
10681
23358
2198
19766
323
18002
4862
2045
13363
11777
13154
21178
4996
17720
19083
21613
13716
9692
3309
26493
19626
7547
4472
5363
3167
9793
10175
1333
12296
25627
11847
7640
12649
3670
18564
1029
13471
17809
23902
4543
19245
22694
3405
20844
5519
23874
3578
7399
4094
879
15844
7590
15426
5802
19369
14585
21548
21276
1883
19497
2112
13496
16794
20169
16773
10378
20400
18529
26386
21918
18063
11450
21368
3394
18546
21790
11143
22229
13960
2193
11698
2562
1205
13930
6749
6323
25088
23707
15668
15587
23865
2657
20545
1817
9818
19510
22413
19280
7071
1125
5395
429
3518
2368
1539
4619
18869
14515
22904
7108
11936
4562
18219
4931
6272
6949
13355
22402
23374
866
1988
10581
19079
9455
17854
18980
8220
6395
7239
3706
18300
15274
3520
10534
15970
8674
14199
10154
161
15344
9645
8298
5578
23709
2250
25394
15199
26121
3351
2588
16359
18237
5952
17920
17217
20293
24217
8758
22065
25096
2834
13120
15848
13965
4929
2703
1225
1340
26068
3300
3046
25361
6775
22869
23970
25438
26568
15625
2705
15185
8174
19987
5540
13084
21010
26558
24641
22032
21836
13373
454
16908
3221
21319
785
2391
6636
12503
13489
22875
18036
631
16162
11907
16330
9166
24296
1588
4713
359
22433
2248
6168
23405
7275
25879
13741
22357
5733
8736
20946
16497
17206
14666
25554
4654
17093
12814
1507
24329
15313
15357
21964
6505
17483
10325
19575
19030
25551
9043
17630
20824
6365
21039
24843
19837
4291
21202
10309
18215
15734
6106
24826
9618
670
17261
20909
8925
24523
23310
23193
8012
22993
9827
22016
17417
22093
16151
22296
17727
9531
15397
8585
19774
1463
23766
11372
13324
20303
7759
25170
20966
4864
9953
19716
13007
13832
19669
9773
20991
1829
14942
19772
18711
25834
20111
718
3382
7472
8282
14262
2
16900
1363
10399
13665
3066
8451
18983
2907
25250
11173
7214
15038
15730
1686
8341
12797
14788
8976
20588
5213
24517
13765
10415
1090
7095
642
7636
2878
3134
25128
10596
21911
25544
19389
19902
5682
11383
26336
4384
4344
4581
16197
6644
25820
25119
2493
15564
20001
24258
2520
12601
2478
9628
15370
25557
9622
10924
23792
5857
14457
7318
15865
19372
25257
17656
25132
12490
3222
941
5496
20530
16578
12745
20684
10255
11782
13224
25607
6480
22570
18361
26280
16958
22684
14151
4183
14868
19577
24795
20893
4521
20000
4062
9300
14541
3125
13529
19955
13830
14870
10801
19513
17602
23467
18723
14447
22472
23183
11853
6182
22906
11743
11086
6791
26306
438
0
11620
4594
15165
26259
11555
14393
6368
21026
15924
24907
22581
2794
21144
25804
20868
2697
23588
24137
16801
26214
26627
10978
25825
4688
12213
11094
22720
26484
6331
26442
14959
15006
25890
19523
443
24244
10519
21902
21768
17723
16808
3982
12340
17436
11749
17260
4844
17024
21733
5322
4435
13520
16690
3796
22028
1351
11445
10929
25956
8991
2334
16664
10400
22514
18306
4653
1352
24005
26465
17029
14162
6161
14567
20307
25174
16735
5705
17561
20805
7432
1770
26329
9064
15514
6429
14975
24849
10187
12012
14634
22399
22857
26616
6093
9058
26369
19543
5914
14315
15688
14635
13709
10826
2114
20227
8468
10227
26297
25145
7010
477
18108
6049
3301
3930
26072
1487
3136
4977
5137
14470
22400
1505
11745
13418
25423
16772
20388
16807
22074
9629
4553
18948
4149
3624
24784
12759
15976
7054
24111
4776
22051
20214
11471
10588
3121
20607
20381
18365
13825
2008
15302
17058
2648
26316
15240
15829
7202
16343
18403
21835
10274
2078
18777
23254
12053
9684
21272
2960
5564
14683
5350
9567
26644
25415
24270
1394
21356
25895
15996
22864
18881
16433
1281
20010
17269
22532
9723
12073
655
17405
11491
24673
23181
13817
12912
12832
9638
15972
10048
14163
12675
25233
12852
4110
4644
23877
24680
15439
13114
13679
20333
8179
7588
8112
12127
12468
17857
13223
12856
11353
25833
13780
2119
20151
19941
1034
20335
24363
753
17421
16448
21570
14727
15739
21456
5397
10972
17582
13029
21890
18792
12578
14774
24472
4539
9283
19965
143
12323
8847
4330
17948
16346
25601
20803
21460
21391
21656
5382
572
3348
26055
9721
16551
6774
8950
5817
21049
24709
24359
20041
2310
25929
20262
4609
2331
9523
5667
6303
25146
18386
19877
22043
21599
2282
4523
6198
13183
9352
6714
10141
14183
3514
18639
21318
12335
11607
6612
16743
19684
4298
15288
5359
10229
17077
5091
15923
5855
24947
24235
9761
25771
5877
6098
2168
8832
2745
16704
4930
12072
13974
7991
4476
19750
20279
21720
7281
25009
19053
4218
14423
13776
14867
23218
10578
4851
3501
22488
14642
21173
11631
24012
21162
5411
722
24390
21223
9681
2160
12416
23230
15789
1319
12282
25791
24421
11929
4246
605
19880
3233
12211
25061
12720
16838
12610
4258
22544
8311
9781
12778
21101
13263
8756
10865
14566
13141
10059
1552
2620
15558
2020
2130
23561
5053
15423
9180
5853
7619
14365
14252
25657
5774
19135
19327
3144
8215
12903
18645
263
6883
14775
26538
15260
7997
4398
24750
23382
7082
3021
9780
26587
3845
20551
4910
18600
24934
24956
10342
5078
18039
911
24352
18275
6634
9326
21874
3208
4722
11226
11449
8356
21960
12587
7229
10557
17956
24266
11849
11540
19644
15482
24016
15761
8400
3075
4615
26389
11114
17064
20788
16665
491
3010
19775
20561
23492
7052
12141
17053
12216
8380
10777
11134
24000
2442
26146
19354
442
24770
20842
6964
17312
18429
394
770
6476
8040
22290
4030
13813
16533
6018
23544
10177
992
26235
1078
12680
10813
19062
2385
14737
19683
25135
1868
15847
12968
26355
2184
24020
22463
1967
6709
11799
13951
1781
15286
20971
6144
15921
24206
853
1313
14019
20775
25279
8234
23460
8065
10907
17465
20401
1023
23742
23541
401
23638
1334
9812
18633
26545
10848
18829
19291
9067
13128
17416
449
16304
11390
22120
8777
4240
6358
17188
13641
9550
20825
18417
23403
22535
3533
18816
1933
2948
6235
18031
25224
18416
22335
6394
20933
566
10580
22654
24824
24348
3973
7299
25347
2215
6688
17434
12648
7795
19295
17198
6818
24626
25215
7927
20215
17292
2069
22416
22114
2602
5068
5954
15542
19651
10107
1768
22079
17419
26373
13333
12037
23666
20035
13153
14652
13046
14590
18406
16098
19557
9013
7684
1959
17158
1754
13729
26034
1185
8530
22029
16369
21637
11798
1061
8263
24498
21048
22193
13913
22624
1223
16733
17150
22957
18496
2249
13648
16115
5520
24163
12356
25460
10183
25263
19582
5600
5088
11982
1633
25166
2538
13901
20373
16475
11733
13618
2995
20491
25840
5603
20316
21568
5870
20194
20637
23058
2461
6282
16130
14943
226
9842
5333
3643
8776
8627
19832
22060
1955
17676
2833
5464
18001
21865
15885
22419
8524
11582
3540
10902
20647
16933
4123
4598
7781
11968
8493
19128
2819
17228
26503
24608
17467
1749
3207
14824
3024
9722
12781
23216
1631
37
21930
5281
336
16993
15662
6880
15839
12077
7496
17984
20349
26350
11649
648
15207
12633
4351
2501
376
19229
15818
24078
5129
18270
20026
9258
20084
6669
25481
15305
16050
11454
2967
4374
10410
16272
10501
13425
8945
14958
12447
13367
7615
9190
22627
25622
19409
3466
20560
15727
14630
806
2621
6615
14916
23322
25338
1071
2900
1971
7898
22629
13365
15906
4592
8904
4382
25120
22838
25678
15503
18157
77
7206
7764
3882
24747
7791
4526
21340
22724
10051
9868
4800
11767
16625
20603
21673
2623
6359
10492
3150
16841
13517
16250
8946
23455
20085
7209
13375
21332
18593
19696
24210
542
13209
10615
5725
2497
12444
619
8224
13161
7252
14286
15170
5552
6894
20334
3668
1049
18502
25111
7637
14479
3853
10664
17686
7234
316
24008
16128
16105
13149
16569
2189
20919
24922
4139
22089
20696
21423
14850
24467
8681
19796
25629
6631
1473
18298
2480
12418
2336
13087
9119
19621
9079
15807
5979
10262
12189
15504
22216
20177
5354
4813
14804
18662
14256
8434
23184
6740
6825
11456
26523
18953
1146
8803
18630
22914
5922
14723
8874
3901
5782
7293
18822
17429
20655
11870
4700
4928
23478
24860
26368
22734
6337
5936
15509
3850
15593
9693
25536
17025
15866
8266
24305
9032
18506
14370
12256
14123
12734
620
8757
12153
24393
3867
8665
17538
7018
18418
7918
12407
7230
20550
24061
2125
16104
17374
2182
8064
15222
3091
24063
25692
17051
5071
9099
1467
6674
650
2895
11194
25114
16871
3168
1230
8528
10250
7530
307
5318
297
19943
2796
2491
21392
20614
19512
6081
21578
24261
24378
13827
22266
136
8508
26148
5599
17034
24624
13236
6932
11302
17090
24713
653
9893
8001
23454
22965
6588
18870
17511
8461
13625
21350
4103
24404
1712
15946
3733
13728
10591
7726
2830
19414
12730
1593
7713
26518
23998
5130
2749
7065
22303
1587
14884
6271
21801
26076
3171
17499
12586
11810
5523
15655
25859
19975
16040
22795
26488
13164
8983
25962
7462
6319
4758
6492
20013
7409
21057
13563
25634
26295
1199
1740
12346
6571
9364
2952
836
484
18198
12381
10831
8835
2675
837
22054
20916
22155
3490
1874
808
20277
18986
5670
20630
21587
4468
15356
17963
6788
3182
17887
21784
8017
18173
3805
22287
19915
22540
20441
8138
25658
207
25574
4848
600
24998
19778
20478
12596
9820
24846
3547
9847
6248
12084
23398
15569
16917
11652
19780
7424
3314
12533
2816
26258
4806
18640
10088
14138
5118
23984
11252
16177
25707
13610
21832
3657
3783
22275
25883
13955
25125
6507
15680
7471
12043
4943
1698
22606
7211
11546
2053
9563
10362
6404
16645
1402
25339
21708
24353
9767
8905
15628
6613
19425
14171
8082
16391
25577
4029
24503
11453
19119
18557
1508
26535
18836
7005
20527
15602
25787
3159
2560
6451
24707
596
8550
12707
8510
885
7093
13010
15483
21233
7079
13550
20042
2136
20706
688
23961
197
9321
5772
8924
6777
10382
3100
7799
13442
23568
16708
6828
1438
19751
15351
14242
7152
12923
4890
18118
24255
21449
3198
6473
16788
14924
18799
13230
19000
1412
25894
20571
12705
20677
18699
15677
25369
1888
6166
5044
23913
15988
16252
12661
11434
13416
3978
5435
3227
14349
13314
10299
12870
210
3549
20408
12389
21401
10270
21206
11501
20324
11889
1145
3205
12657
9401
12142
12951
12176
20093
801
3371
13699
9028
16584
24764
14701
16020
4810
10959
16914
9932
19257
19315
17346
10651
10682
20651
26418
21140
15045
9345
8213
14784
25869
13136
24194
7122
12712
8981
14478
14134
15650
23277
1896
6060
19015
22309
7572
18315
7015
15287
21345
8654
9475
19921
5335
6300
661
21648
15621
18097
6995
4711
13527
7705
8256
2161
14597
23514
25087
10804
21585
12965
6242
21315
25517
20040
19392
4682
4738
14248
16023
2360
15592
10115
19601
21953
4131
20866
21108
25822
26648
24758
14410
2009
16275
23249
19313
10071
5511
11887
18079
9397
15735
6244
4541
2603
4031
6444
23376
24520
1128
14588
1055
22779
12821
6519
3816
16058
18322
9164
13162
15663
13473
23156
23441
6549
7712
19691
12184
12872
19779
12915
4623
18766
3587
4636
6761
5981
9348
18700
16474
6246
4994
14512
24487
8718
13670
17689
2736
15160
16785
8894
25513
8252
4099
8869
12218
733
17638
2735
18906
25934
22407
3105
24856
25813
1530
6138
24364
2337
3421
1585
23386
16946
11971
7741
8379
3945
22306
3934
23008
23665
18492
15841
25812
6043
20069
12135
21781
432
2743
6069
21170
1325
12544
4066
5113
3511
1517
1929
12178
7053
9414
25473
15058
17869
15897
15991
24697
12904
7913
18503
24910
5641
6000
68
22414
8292
20171
22118
515
430
7645
3949
18626
23069
7328
13401
11758
9964
21285
16517
6838
11989
6421
12197
7823
18932
8158
7086
24850
24295
20794
25801
2299
23430
5786
5643
22846
23200
24143
26320
11335
11689
8994
9000
10457
25926
9214
20132
9557
21251
20203
2610
3386
23424
13078
17516
5892
26062
15911
17594
7745
15282
19905
19753
21447
17115
10
17590
5180
22924
5438
19283
15154
24921
4069
24816
7977
4421
2728
25007
9605
26303
11642
8088
9985
5933
23949
9998
6598
18687
7841
26626
21295
26187
5982
10659
3130
6147
9978
8724
2584
17673
499
21905
19037
4333
15265
16183
8221
10241
25509
18394
22997
12151
15536
25511
5505
7810
22960
6573
25448
9195
22687
17761
13088
12862
18179
9207
15947
12654
14381
14838
