373
302
178
423
50
358
395
256
484
330
439
83
391
126
315
140
408
205
81
470
280
487
476
453
24
82
150
449
157
145
124
213
188
102
243
189
134
362
422
59
230
231
193
314
272
64
388
164
312
185
303
51
174
421
462
1
325
207
336
14
471
361
262
12
172
413
328
117
393
95
466
254
348
383
431
500
499
142
3
493
418
283
139
415
498
27
342
26
343
159
61
269
429
371
91
226
248
400
351
56
93
210
125
381
192
105
247
441
496
16
92
333
401
240
94
455
483
477
440
74
386
451
115
299
54
267
69
258
235
274
266
9
111
378
263
62
130
454
227
425
196
468
120
167
479
485
239
447
255
60
75
356
311
347
4
187
63
238
349
143
36
448
11
306
220
407
146
461
290
446
149
332
360
369
8
22
129
469
40
492
211
488
322
109
44
215
195
379
354
287
273
175
434
292
246
452
65
152
326
206
389
474
106
288
320
289
199
151
160
331
101
340
6
219
433
359
228
169
375
70
176
353
417
119
463
398
71
456
113
53
495
442
367
296
87
250
368
271
45
72
472
285
98
222
286
301
268
264
432
153
307
475
31
33
363
309
244
293
237
168
179
411
323
84
190
385
233
317
23
217
41
341
319
5
338
30
96
123
459
394
7
232
147
316
161
478
67
438
419
490
284
198
382
344
21
277
310
58
39
329
32
260
482
480
103
73
77
435
245
300
377
201
110
282
390
112
279
365
225
420
180
133
97
46
191
221
194
494
339
137
15
49
19
104
200
327
426
257
357
345
158
116
13
214
186
294
304
0
163
216
203
25
297
135
20
224
234
305
406
136
424
491
79
355
2
481
218
416
252
100
68
89
242
403
204
17
392
208
436
473
127
261
281
80
37
399
249
396
166
181
229
202
209
48
324
376
177
138
402
410
450
