451236
369413
279628
419784
296613
55535
325920
53843
126027
127265
190134
350397
285413
528450
310859
317399
88031
170052
406497
126333
63115
103844
476596
472240
341068
199660
459217
166212
485764
215399
261231
205609
312004
202763
43394
24813
255984
459578
533631
356700
122636
487252
264371
197542
115696
236299
385253
137547
98165
151879
117744
357457
86319
276386
501895
199409
356734
350627
290709
415517
371484
493445
69839
157060
213651
518706
162386
354641
474860
64284
412860
214461
217599
108216
447513
415520
27424
120923
432050
468315
354806
318544
62104
202345
18163
295642
316347
257104
30445
115078
224116
292918
384111
440185
456337
31419
99625
4316
439344
397167
150478
272020
213107
130043
293909
177897
147771
239658
254153
250851
142920
237628
223769
396583
205308
239281
257930
300006
409293
339637
317830
407868
529899
8096
527245
491825
445502
448904
364675
85416
88237
334351
192366
295499
208013
511606
529934
25546
88298
243041
330606
480353
338707
244935
464354
175459
254199
96525
97606
235690
38063
366747
504050
263725
439011
364999
366206
484599
51951
57714
145062
149908
68906
478246
123244
143235
217892
41746
328617
354230
356760
349832
39227
411341
317995
306862
124009
32939
397558
408161
177898
283083
92670
500425
257108
64703
245900
237137
135991
57889
119574
30987
201240
1192
454537
18382
222928
404845
519881
38639
71509
52329
187530
341629
178073
493522
515082
384454
476345
336025
59405
104932
508729
206683
304387
107119
128510
349957
230556
132863
517158
455185
295823
27803
164602
437907
113944
262421
141706
211304
334257
124548
260232
23756
310506
172218
500114
488217
51465
286845
451960
350144
119460
342792
381849
189940
172890
282321
477484
107609
534974
49445
174297
261637
463708
124231
314429
68440
127768
295399
259131
343386
497438
309055
455115
232356
347159
408509
253021
193311
340477
348650
427945
149258
415998
516798
51390
269942
305675
142560
493071
388109
313766
425081
223037
25784
145272
215522
301207
292683
368598
455142
504164
123835
77789
287318
287603
533109
64232
280597
388329
79882
61054
104802
503133
303425
277893
191358
97569
259521
339337
169458
282423
433993
445772
4566
159882
134393
510566
308511
15307
435483
446455
517955
184562
428560
225089
239719
413428
505691
118580
473841
481617
217357
147016
353047
330735
275830
283493
93202
503404
69
472858
218877
332450
105068
49237
411762
531073
299339
301035
377214
285973
115205
104619
173550
267038
339918
93579
22476
167174
52708
438817
530482
310342
30442
313288
128952
280945
76989
202735
319548
329960
529571
428763
517866
305824
388429
272937
437046
327461
455393
349869
429935
157662
295497
310018
402632
291156
303232
284578
68103
24174
490445
348478
265273
161736
11657
71696
236440
22515
343037
386987
490111
336373
432614
65604
213006
307020
386242
214785
373283
133219
416733
84167
46977
247792
367698
312744
24546
338431
187850
209732
61896
94006
401775
119438
489796
366791
3626
257378
394245
275074
94441
409981
415740
236034
480992
164577
486600
144451
303726
467750
395287
136429
516677
348963
16607
368787
125463
325876
125533
266546
229884
434041
242507
283422
266896
369273
388028
56846
143291
24347
267751
313744
151248
88098
518357
267254
88129
411723
519154
287936
371830
461182
384827
203379
197157
482230
456778
291321
179613
374988
170692
395726
226641
534233
271975
207809
147419
273285
425405
325458
348190
35657
116785
501533
534736
324931
343508
524982
5014
55173
75342
488751
151969
269135
266418
121485
369014
468618
4007
356752
96116
383348
81051
147314
21779
496918
349170
407018
417688
20002
415942
220348
95505
56712
212259
195419
437040
429786
314733
17277
292382
176959
185707
363307
72263
177951
95977
113313
125183
126580
96947
383725
483290
483660
442050
532931
162269
389042
36024
473634
108017
425556
449629
122724
30166
124524
273509
343147
182916
472027
377403
312728
56065
92504
347151
518602
502815
327330
144867
46124
527847
234818
368930
281005
40755
440001
534849
332553
421398
142558
490695
105495
407385
101965
215263
387631
118793
336808
16186
528415
170592
281653
530623
17065
65857
528800
304693
484886
168271
188063
443929
32843
230984
226930
272799
387400
415861
267320
516683
498844
358157
253391
275579
443813
529744
473345
312952
363089
440613
192167
506940
311369
505207
68269
162557
494594
119979
469869
51954
323296
123744
95933
298678
218349
238330
7437
33174
242556
129403
62564
45685
502889
293034
360600
207413
318030
397440
13793
473910
336547
495912
372513
205389
366677
62274
372613
407333
260183
308403
79883
477555
231957
214318
382978
445428
149536
354600
197995
13374
8480
310154
486923
186070
163057
522827
275932
296451
360863
328619
105886
288608
44486
78465
482931
257338
403470
115858
334708
261384
355567
122614
300972
305618
307206
180190
5757
360390
61827
160275
151431
56419
382877
273461
458373
249629
476211
258646
516835
111277
163526
64967
478887
290975
467043
279733
184577
396119
32478
15293
143657
170231
446049
506955
161901
78676
340685
230774
83131
195361
216616
271236
186793
80698
317084
94464
441162
461918
168814
205674
272154
79024
214790
373696
318240
185601
393310
25860
303767
243028
103511
27642
120068
85758
432648
455084
482821
50253
294480
392422
259601
499596
381770
12825
306705
473004
322194
44307
457932
67563
67827
443555
442573
387219
11086
143504
378381
429466
231353
19216
412494
197820
49668
409102
195337
175246
483788
413962
328175
368986
31492
368944
503796
250475
195934
490005
364614
6973
88208
215456
157133
429146
236332
156049
364731
53546
494965
426767
242911
494104
80297
534660
445790
275021
91707
501802
304078
385826
139564
383552
535385
265709
176927
345060
335706
471064
132580
170253
220831
132179
108125
29863
134093
35555
89447
295122
503853
242505
338995
490682
329127
334179
438182
512932
118260
280625
324916
6047
288580
508681
377517
193451
314855
27505
530227
332773
186789
360292
356843
434563
48984
384978
493946
420871
437458
89247
447222
271778
260136
162272
372723
474235
90756
26284
73495
516921
442047
168349
343654
97957
386878
484091
208583
400462
362562
152466
234443
312588
213238
192314
116892
314029
114930
109929
130234
393409
203611
52528
101098
142256
266191
426291
351332
209286
253346
376368
21989
307835
373449
180390
119854
431316
455498
175318
361416
144418
453289
289174
291384
345930
208353
513610
492262
526871
470594
60244
103601
290951
54546
12706
103398
435061
117939
302550
481085
285219
252633
465201
120042
205558
32872
90031
118139
283056
9342
223049
399133
224284
324680
260880
344355
180989
187754
340574
523267
455503
45311
13159
520841
509073
491102
6123
402164
406133
177625
435337
259358
502541
134552
203057
4211
86456
221261
452264
371033
107734
221403
46548
395878
107591
193618
346131
360253
346927
218162
266809
336940
37244
273277
402496
481925
117070
262238
107738
188376
74078
131749
404540
439728
252204
109295
214135
336050
190758
309056
120688
61614
225703
467319
247289
387588
10810
421009
241391
503486
187152
72284
285676
449432
431950
309874
487408
290144
45682
287202
363824
430061
324346
273690
11817
475034
56758
483737
29717
28527
24034
210031
242277
528523
346434
321459
425739
188004
62608
390195
115143
491415
96115
286113
419351
68587
186856
245908
416484
233588
359280
267843
172789
223209
223320
139270
344389
192450
429705
411828
177159
508367
138910
455
491905
249536
349302
181178
292524
167168
74173
280436
106914
19775
187101
286780
331513
264490
479270
155499
74265
79674
269904
93777
507843
1542
438131
218706
519819
2364
5845
378714
155497
438344
493708
159534
464541
463474
376707
53747
331565
250730
122428
447551
261837
143046
211543
65968
49486
508387
84664
457865
6004
399084
486417
394189
337483
229022
385713
367770
93728
501780
145775
324799
65972
234378
392397
408130
307678
4113
240479
373148
159166
446317
133187
486057
180115
535476
324546
230192
161119
383038
167342
222447
157906
470011
389931
451289
281714
428279
298484
454885
454099
140981
298072
134065
21463
2892
49079
335997
201580
119606
345617
485232
94940
391624
195811
71089
156801
81172
343098
374264
121549
406104
266828
486396
470092
69210
43934
320453
527752
352463
385829
521566
280883
241586
242605
361748
72277
218106
159903
287863
31929
526657
271251
433629
88325
278335
86070
532818
373627
436766
8761
77918
342691
469059
261979
152696
142394
102933
251411
462811
474380
27571
15631
4500
208049
357305
131363
85520
163114
209559
260662
455770
136532
212610
192616
530612
206941
430564
320731
233259
437010
504868
422795
392981
179289
147987
258435
80754
15302
179507
182264
447400
430569
405118
221327
233214
61315
206921
83521
40988
532697
503985
162191
483572
198047
507696
535451
227622
217634
177279
509047
34397
16673
80863
162313
515176
335317
164375
368626
273114
297444
486147
403114
408826
13726
437364
33234
89936
353723
261317
244261
202061
234039
472437
93493
268604
403159
19512
431806
83365
364006
156840
87415
203631
120011
338535
410422
410948
209123
239152
324222
223347
516161
97484
307027
343512
439546
475934
249019
374688
33490
286823
318601
417871
91510
431594
63939
169591
42317
112039
113588
75795
103999
270112
329465
47907
251730
143384
433706
321301
214047
440942
410650
377997
236373
115716
87504
240228
265888
320927
336663
523109
442934
496319
350715
20383
455603
224003
184971
494871
154487
462382
189996
279941
149900
96732
202098
334922
205972
366253
397929
257151
493038
453843
179680
11210
344855
9206
145627
394724
357630
467665
114609
438336
64122
24262
436912
371261
492269
471288
140492
447205
399792
379400
112208
530077
316633
87402
444885
456906
156981
332447
104992
93940
418476
170286
436296
412144
65723
63931
104343
260298
35067
416004
96432
290520
35770
335212
321495
464705
18440
269405
401437
142369
87357
73305
503897
110051
517638
325682
189275
275137
511579
166628
114312
345403
89699
271306
243015
489660
195769
231936
233362
241994
521505
387141
343300
133480
495012
85776
350531
50090
500011
316738
203865
500440
359291
435131
119361
220198
94444
256643
253799
42328
531334
518668
400086
32434
479304
163435
395643
319693
512693
475775
224721
152562
52297
259858
340594
313179
504980
399491
436067
169466
284666
365020
428021
338529
280311
8996
199054
102700
1738
95957
23066
165020
529673
3239
329678
9602
198210
464536
187362
422011
230292
469416
169375
102682
137256
385297
107830
287266
435037
26559
475408
387430
428514
50417
11380
176465
364751
435155
104439
27210
151874
190612
163199
179601
440792
390951
510892
528010
137415
90023
115945
173928
356619
309142
366659
179152
259506
78300
419710
448046
214399
323898
59743
16014
302471
261110
484637
414523
317194
294703
59781
255640
83196
20124
219002
291416
57506
294259
406232
495944
31833
219855
20848
73156
182552
419183
269721
216070
141351
152161
214071
33185
471170
306482
442739
126360
159250
483617
283949
371155
111585
283451
367123
483485
175014
361817
100938
295622
525592
263163
14225
505485
222848
92738
363098
49222
20303
168178
253698
413843
160170
409682
490554
311918
334189
28370
138177
498122
372298
14244
145515
123649
274002
79240
535366
348088
47629
55656
345082
104546
14897
48403
86231
245889
19536
53646
204156
57400
102825
186092
281344
313977
465305
183697
39685
165066
73380
471670
273467
525719
327961
348798
337824
36069
529064
529895
327345
302372
304584
220945
235782
85069
428813
430412
249701
57276
358879
312180
512639
217132
252096
233029
450950
480327
204882
498726
347115
280550
106812
87169
29398
504746
363581
339388
362723
115774
107764
413782
174342
142022
217482
517046
277157
517435
246383
157481
356049
240020
470194
448090
468518
149088
25283
316136
219811
201673
245652
117763
307448
486099
328833
271970
456648
301225
305723
258403
410595
114568
35347
140143
397405
101652
15431
85170
115826
53791
30896
255870
417268
81029
389037
6206
146070
72613
277586
423542
60071
257611
302076
86089
286406
165720
88769
382990
214277
153840
290215
293984
287258
281689
5478
139813
410477
321471
131082
71447
309330
426365
237346
258272
437013
325486
164888
187880
24172
443904
278272
318989
383092
4508
154524
105443
18612
204947
124406
168757
334345
532853
264886
101611
42816
525153
51463
343649
296872
270627
166631
9601
15105
246789
197490
514952
307033
149325
324225
277478
377892
313274
44066
102341
402438
459520
505531
397857
257292
148281
462487
365393
455682
312438
169016
25381
497295
501772
408842
97939
181222
150868
353405
320501
90617
50862
110244
483323
20789
3588
62977
438534
65822
499711
390567
158379
360377
213619
250243
6881
295463
488473
185013
202177
191467
177798
472690
135221
395065
461501
52649
229469
378380
251579
56376
234710
100494
492875
530468
37224
306818
160405
257035
139901
527304
244167
173834
101007
8252
5334
465230
288089
138710
58817
101411
271497
260839
14228
17497
346231
207470
420549
110619
435650
528359
397944
261212
435516
62712
332211
511156
166565
466502
293287
452963
503988
135719
239171
51700
375077
284166
359804
298317
499099
465039
498328
56682
468149
138296
436961
56311
257013
506404
177575
528810
309624
312601
58292
304775
189369
68546
78357
310192
412364
227362
256499
294862
311499
203607
240310
269680
14330
132650
403489
141446
357881
483529
224367
337710
68653
103663
145542
515177
230328
113576
43319
118012
509889
74238
207819
379935
277769
317074
120375
91603
387477
299337
252694
165272
9382
92684
8005
532277
80695
202616
181807
163791
363206
24312
183591
274860
8126
398612
408670
501957
40852
438231
427264
91800
392292
120223
145274
489502
187972
309828
6557
241504
390847
385516
341879
475520
492733
79088
152965
134231
199827
54640
21067
219147
2633
490483
492822
45466
114254
486768
68933
163251
273259
455561
21412
161366
345505
6024
296122
80351
196647
241981
105655
195183
401894
61196
443257
521274
262168
73522
137330
325644
14310
480054
379336
191976
111977
519534
524072
255018
275655
51751
52518
90520
423829
272660
18204
50651
262824
383646
255564
35331
423826
156352
291364
301164
171101
458265
167090
455865
402597
393128
364791
168602
85331
211276
129880
306569
303705
228462
366075
178532
390071
386871
131263
345662
97798
342540
253373
320197
285770
183293
523652
145744
10690
501492
3266
299557
160462
506994
262553
424856
300863
208585
144518
372308
318415
223245
332922
182753
292432
320105
131579
306971
81707
175353
264025
395103
7657
351973
255810
147715
232085
222162
501972
504461
343741
284196
446434
479053
433317
274150
518451
10004
128875
348966
135779
59791
444067
12073
290779
24674
400026
136634
112188
331113
214056
454678
535083
60609
300852
8622
409505
438054
98764
404234
9260
338497
304305
321129
233589
328058
339271
467639
293846
244267
157736
488693
462110
147610
214309
145433
295648
524996
350483
376798
55104
344567
189307
131499
492516
259804
134285
233578
426816
493731
317101
192258
195059
52893
183078
168477
374292
355816
111533
467851
338623
